filename,xmin,xmax,ymin,ymax,xcentre,ycentre,w,h
11gUbGlva52ohWdflmiG=7xNmxuwRJf.jpg,464,943,493,569,703.5,531.0,479,76
11vx3ZS7ehiBrhcVweQrUFVvq62qX3iT.jpg,282,907,491,582,594.5,536.5,625,91
12kv=98gObhKtQsIIuwY3Q4WMCzkTW9E.jpg,277,838,486,566,557.5,526.0,561,80
12MvaNI5QRi2O3tRGJqb_c4zorHQPSx.jpg,350,1059,526,626,704.5,576.0,709,100
12oIvCFW4eLX5=b2tYPFNSBw4m9teDS.jpg,243,820,468,556,531.5,512.0,577,88
13Dp2pjD4ByNqO3XL6ZulVHX=pr5ytb.jpg,367,866,453,533,616.5,493.0,499,80
13fGgSR=OwtpZdaMtlOhQFct1ipuGZ8.jpg,344,878,469,543,611.0,506.0,534,74
13fv9Vo5tB7nessvTOZJ9fXG7BxX.jpg,315,777,457,523,546.0,490.0,462,66
13XOuK=avl589qZauvt5ZrE5OZ5smxF.jpg,257,782,457,533,519.5,495.0,525,76
146Rp5wXN1EKru29txC2EFJ9=O2BfZQ.jpg,495,980,476,552,737.5,514.0,485,76
14sw5nS76EZlkGZTvySzmNQ8U7EhsB.jpg,480,901,418,506,690.5,462.0,421,88
158euGpwKpNO_dwyfVCFF4G_RxFCFiQ.jpg,259,1042,547,662,650.5,604.5,783,115
15akW73QDxoD7=HsjHkgWKqT=xeDyiMo.jpg,374,831,420,486,602.5,453.0,457,66
15lsVd9RNIkLQc6nuLI13pzb2gdyNjYg.jpg,432,844,415,478,638.0,446.5,412,63
16JBeRQIXL4jBDXo8BqEVfWQC9mY8u8e.jpg,436,839,423,489,637.5,456.0,403,66
1716yKWZUj9rbvoxdYB=5HBEEX6ZDXX.jpg,341,870,465,549,605.5,507.0,529,84
17=N=UE24ude71_JquzlsExW5_ZSy.jpg,401,795,414,476,598.0,445.0,394,62
17iFWM5XsqaG2744nfd78msIF7BmZwE.jpg,466,886,420,501,676.0,460.5,420,81
17LMmWP4KQznIqJLCC5H_fWQS_FDWo.jpg,308,787,441,512,547.5,476.5,479,71
17Rzh_VJBVn1jMFUoWgP13OUWTM_GaT3.jpg,274,776,432,512,525.0,472.0,502,80
18ChTWcMWjvl441PVilYJ5HbSsdzHx.jpg,433,826,408,473,629.5,440.5,393,65
18HI=mqT9BScWKwOtQ52Y64XxfNzJV=K.jpg,377,790,422,488,583.5,455.0,413,66
18O7a_rIxYEsHD9=ZMzeHSYDquNRjO.jpg,338,825,453,525,581.5,489.0,487,72
194EsSnJesHBL7v3Fn5EfqhaHr1fxn=.jpg,353,942,484,582,647.5,533.0,589,98
1=6P__fsM8uZjaKbBps_oWXFUqX13RgQ.jpg,342,746,442,515,544.0,478.5,404,73
1=EUg5jegr2FgQPUL=PfVI6zkEEJr8.jpg,450,783,482,545,616.5,513.5,333,63
1=hbaVDMb4HBsUE3G1NsjsTcEyV81s5.jpg,449,856,416,483,652.5,449.5,407,67
1=XUFgMHYhPGey1bWnT2sN4pJWQf6Dr.jpg,364,704,484,546,534.0,515.0,340,62
1=yaZt=Ept85COf7Mi6CUTINmBdUwBDo.jpg,316,874,468,543,595.0,505.5,558,75
1aLu2nzhl3m1Tg4w6nlUkWH5j97S8Gqk.jpg,442,917,459,530,679.5,494.5,475,71
1amrZ4HsaualUk=OyRnCnmNMG=avZfcS.jpg,383,839,435,510,611.0,472.5,456,75
1arywTBT9BqbJogh9JK=vPzUL6jFMy1.jpg,479,807,477,538,643.0,507.5,328,61
1aVxfF1SloGNv9x6XWiCjEbRi4_FG.jpg,399,936,462,545,667.5,503.5,537,83
1b8yL=GWkaVis9UJuvOekYkjuHmd7=.jpg,258,781,462,540,519.5,501.0,523,78
1BBeLLyZvs_cy3x1L7jZIC6GsRIX3.jpg,282,776,447,522,529.0,484.5,494,75
1BCflkmrNXj=DnWoV8lWWSTIYhGZJya.jpg,496,771,419,475,633.5,447.0,275,56
1BENQGFxgu9_4l3bsS=63C1YcWSdtPf.jpg,402,819,449,518,610.5,483.5,417,69
1bu1BxBgvf6OdzjkhBtO_xlfhwoOUfbX.jpg,392,884,461,536,638.0,498.5,492,75
1BVngRbgQfQm7UxT=YLclEGNarzmzq.jpg,314,749,419,512,531.5,465.5,435,93
1bWBuYKaiRtNgXegQILSlSedy7=Ebcf.jpg,407,847,424,497,627.0,460.5,440,73
1c2xdVJp8KQxJRC7FwCQi76njMiCNJe.jpg,332,762,419,481,547.0,450.0,430,62
1c9l7D71n2_qOwcEdcuZZ1srHqPgFs5s.jpg,418,774,448,516,596.0,482.0,356,68
1CCuyiibCZwISPdbxGbCL_zTmthrBiSm.jpg,444,949,446,526,696.5,486.0,505,80
1CMX9oH3YoQqKKxEtE_NXRZVDUqoPfX.jpg,333,745,413,475,539.0,444.0,412,62
1cNisz56LmZpzl411DcyNcEOYI4kiFY.jpg,302,753,424,491,527.5,457.5,451,67
1CRJuFd3eyestaYZ7DloTWluHDeeJN.jpg,363,770,450,513,566.5,481.5,407,63
1CTCNg1McVUbEbn5WItoHIvfLxMwoMQT.jpg,388,928,501,580,658.0,540.5,540,79
1CWk=HNVxWsY=BHuYRRGIwHQXq7eU=U.jpg,431,714,452,507,572.5,479.5,283,55
1CxW7thIvOgDMr1Kwlm6aNa41kXK=.jpg,403,795,417,480,599.0,448.5,392,63
1D6Tzcvcem8qBH9zwuXWatJYQcFz6td.jpg,337,878,511,588,607.5,549.5,541,77
1Deh4yWzuMJJ2aJRmd_tLlUlslqPDaBz.jpg,416,788,450,522,602.0,486.0,372,72
1dOshHsR3jT_1=G6VSpTEH=lHmFPDTi.jpg,435,716,431,485,575.5,458.0,281,54
1DSmLt=lqU3fWRFnKMrmJYIlHD8lz_X.jpg,115,590,539,619,352.5,579.0,475,80
1DsPgkeg9MV_81PxZOd4y9NcBsWT.jpg,426,720,456,513,573.0,484.5,294,57
1dZqju1Nl2FvwyuL=SvKYF_QnNC6McGP.jpg,441,718,420,478,579.5,449.0,277,58
1DzQRjwQuqpTiyisXRyKJha7hMHHY2E.jpg,208,710,435,507,459.0,471.0,502,72
1ed7mlNRi3nLUjv9g_2gV8TgCekczFGg.jpg,204,696,489,565,450.0,527.0,492,76
1eUREnpfyMSTkLetfxYQ1XXvwIDL6ZW.jpg,320,746,428,495,533.0,461.5,426,67
1Evljs7twFTJLeWadZfSC5QMpzsfLGD.jpg,416,840,455,523,628.0,489.0,424,68
1F2MYZpawKG1VNsBx3R7YpyxRvUJ67.jpg,356,889,455,536,622.5,495.5,533,81
1f6lYSS6WNVwzSLXBtXe1gliTpV_bVt.jpg,382,889,460,538,635.5,499.0,507,78
1f9rVQC3ctThWEC3U6y7xUvpqsTYjg.jpg,412,825,421,489,618.5,455.0,413,68
1FaQtpvpYbWPx3Q31K_ILORnBRN.jpg,486,902,441,525,694.0,483.0,416,84
1FdQbHylTZqFu=Qht5OT3LvUjhfrf_jl.jpg,440,828,415,479,634.0,447.0,388,64
1fephex8qayWIqhqfSvjezRqzcN2Xy.jpg,413,870,429,502,641.5,465.5,457,73
1FeWqKDsXN5KlmU3knurwjVt_P1o3yNt.jpg,388,924,506,586,656.0,546.0,536,80
1Fik_gFXuqYo6reFx_nmY9CLeNajMEN.jpg,386,791,417,496,588.5,456.5,405,79
1fYCoxUqYBtT4sjnS1_Fhtilisq6=f.jpg,417,900,426,504,658.5,465.0,483,78
1fYEL2Ukd84pkZGJ4REz9Q5vWT=a2RTQ.jpg,417,955,456,539,686.0,497.5,538,83
1FzhwJBufmWMggecDRrONGh4OhCdO.jpg,471,747,443,497,609.0,470.0,276,54
1FZjVCTmCSZcjKZ71erCR4i2TJFxtiTy.jpg,413,716,451,511,564.5,481.0,303,60
1f_JWMBEb49znTjJS3YzVKw7M7=e=TO.jpg,420,836,421,493,628.0,457.0,416,72
1g7HHP3tBY9Fey77y8TjKhiMiNYhWOTt.jpg,377,837,434,505,607.0,469.5,460,71
1Gc7d2xVF9P3RieGZeNMmG=clsJOie8.jpg,502,909,426,488,705.5,457.0,407,62
1GF9Yv=lE2_maZF_ZRKnMwe3lkTWj.jpg,318,805,453,526,561.5,489.5,487,73
1glXgSVtOMuPQ=IyYHPsR9qj64myqQf.jpg,319,861,505,583,590.0,544.0,542,78
1Go6JtunWRZQRpPVjBgZzcUtPVpefDlH.jpg,492,771,444,498,631.5,471.0,279,54
1GPyMZbdyi7PuJD1Qv8uUM56T9Bo3cx.jpg,400,822,431,495,611.0,463.0,422,64
1Gw3L5oxn1CefWirN9lJOYdgvxOy8=a.jpg,476,970,470,545,723.0,507.5,494,75
1GWEp4I8ci5awhf3Ge8=7WI=uVS53ZC.jpg,201,717,479,559,459.0,519.0,516,80
1G_3gqlvmEB9EZ8ZcCpgeN9BODqhyb7w.jpg,446,849,443,510,647.5,476.5,403,67
1HcPqpjiIMOCVviRxjDgbRu2ENiOaMC.jpg,438,865,459,528,651.5,493.5,427,69
1Heb9q7bKtnTDm__a3q2l8j7tsrlKPmz.jpg,456,850,437,512,653.0,474.5,394,75
1hEQfRZGebPgiCRPkpWJgBkz4y2df.jpg,383,861,472,543,622.0,507.5,478,71
1hkfzSbLQ4O8SnnsfXpyLDOxdccz2eTr.jpg,443,897,457,526,670.0,491.5,454,69
1hzfeCL9cTgpT1ifaHjc94VtD9G3aH.jpg,402,847,434,507,624.5,470.5,445,73
1Ide1EInV4RKEZy62slzofqcL8nPgEZY.jpg,437,874,429,497,655.5,463.0,437,68
1IgE8EwMDLVjgv2ewdSdLg65D=OtXB.jpg,433,835,411,478,634.0,444.5,402,67
1ilTmhVzvlSZSk7uLEGIvCFrftn36C.jpg,382,663,425,478,522.5,451.5,281,53
1IpFFs36JGy3TgI1v47X21OKYzn7XH2N.jpg,406,906,472,544,656.0,508.0,500,72
1iRehwXedGxYiCwVOV5Z5MhtPV_fa=Pk.jpg,439,882,434,501,660.5,467.5,443,67
1iVDEeoTnn9u6dHDTicM8lrD=S42R.jpg,335,883,499,580,609.0,539.5,548,81
1iW8ZKojfpgB42nuRgpkw3P5BQpFLs.jpg,438,871,437,503,654.5,470.0,433,66
1iWalfn5jte4SB97qbfGcbHJS6yx2IEN.jpg,363,863,468,541,613.0,504.5,500,73
1iZIaj5kK==IH8_VP9TY_Y4BMRXdEuO.jpg,442,880,436,501,661.0,468.5,438,65
1iZitUfzFhcwFCOHXzyXCcsYWJX9rkR.jpg,320,1083,533,671,701.5,602.0,763,138
1JdHQqkGdf=svzbBvru=qCsJLVYgG4TL.jpg,365,768,413,475,566.5,444.0,403,62
1JEhRa7qON98TonyN8O41GEhQF68wkDt.jpg,372,821,423,499,596.5,461.0,449,76
1jgo875yGZBYW8_3VxJYLGxBJli4tF.jpg,343,651,426,490,497.0,458.0,308,64
1jHSrrmbzue=eHIzFpov3vRaY7vikud.jpg,428,798,503,572,613.0,537.5,370,69
1k2VhvPBKWkWtkHsZK85Ud2yEjVOVSoU.jpg,474,901,423,490,687.5,456.5,427,67
1kgxxLuvSlryMGiFFOUrsVH9G4i9snX7.jpg,428,835,417,483,631.5,450.0,407,66
1kinaUnFomdjI4HF3ku1VEn875n=BUu.jpg,379,812,418,481,595.5,449.5,433,63
1Kipzam3LedLMJhcBmV9PReu57XQE9JP.jpg,345,835,440,535,590.0,487.5,490,95
1kJ4sWUS4=7YW_V26_kynfPqaofZwIl.jpg,478,754,440,493,616.0,466.5,276,53
1KRMM1ryeY_3TcmCbqI_j9SH7Ki6JEB.jpg,419,880,432,505,649.5,468.5,461,73
1KrP1dDXaL_U1iPY4hmFvFKzCX_VXkp.jpg,259,796,488,564,527.5,526.0,537,76
1Kw4Xc=tMx6c1uXbYVaCrUhjP9tssSTv.jpg,339,883,516,588,611.0,552.0,544,72
1K_BW1YonXVzrk1xOm3jYLsuDx4IQMm.jpg,477,742,424,475,609.5,449.5,265,51
1l6WWV8eGVL342v=tBvuDnMEEIrs8K6.jpg,465,759,437,491,612.0,464.0,294,54
1la8Fbh5Nw47dg_8rZGQ3cF7v2zop_.jpg,452,920,437,510,686.0,473.5,468,73
1lBb4c9Djla=8=EmniJ2BFc1nSYZDWP.jpg,295,790,470,547,542.5,508.5,495,77
1lgBDtr_mSYVuGhYW9DIUugfHxIrrju.jpg,462,806,480,544,634.0,512.0,344,64
1lihUOow37=9nDn3FuVOamuGf1XfU.jpg,443,903,461,534,673.0,497.5,460,73
1LQi1BY8CHsuhsTfIZhncOTl6jx9CwQ.jpg,362,762,494,560,562.0,527.0,400,66
1mEUIPmqE767wSkaqnfBXExwwMPL3e.jpg,349,748,416,480,548.5,448.0,399,64
1mGbtEjfBEZD9yK1k7YKUGQMQsVpsN9o.jpg,426,962,493,574,694.0,533.5,536,81
1mi9YxlKEQZOYPQbbxitKJ81TDCLEyod.jpg,352,669,447,507,510.5,477.0,317,60
1mJ7TkBsJF=XtNZHkQCccEJS5epWkFxu.jpg,412,734,436,499,573.0,467.5,322,63
1mKJ2VlbnpQOw1Po6ofcKxhb5H7mGXF.jpg,380,819,420,484,599.5,452.0,439,64
1MYhYzT2a9HUmYeGEu2jTh_1h2oGiYG.jpg,415,938,453,555,676.5,504.0,523,102
1mzW3KG3nYYBQdLYYpQaKRr6TUzBC36.jpg,443,872,444,516,657.5,480.0,429,72
1N4vzRGG=6U2EycqtxY2TNeerI35MpQ8.jpg,367,767,453,530,567.0,491.5,400,77
1N7Kmv4hWzi9jmH6YsRHo3vQdnzPlNg.jpg,421,773,492,556,597.0,524.0,352,64
1nGByoN1JY5TEDeQbT6LNMZWBTvDFHB.jpg,441,750,462,520,595.5,491.0,309,58
1NHZnQ_ysGTXnK=kbY5gSuTbbXm_q6e_.jpg,284,815,460,543,549.5,501.5,531,83
1NLtMVjPUScQpOQMtWZb5OXX3_NWox4.jpg,344,851,440,513,597.5,476.5,507,73
1nMYPhdYlNabipQ41xSKqhMZVHXHGZ3.jpg,440,898,434,503,669.0,468.5,458,69
1NPYwbFdxSLG_jdm_8C3_HORKkwL1_.jpg,337,742,446,515,539.5,480.5,405,69
1NR4d_SJ44vwH_TlVfXXrup=_nv6FyCh.jpg,328,865,478,567,596.5,522.5,537,89
1NrN82XMIMud33mygMVlgyqrS6vQTD9.jpg,336,863,455,534,599.5,494.5,527,79
1OCwmfrZibUmDpTihO3n97hXIf=qBnXI.jpg,387,818,422,491,602.5,456.5,431,69
1odxmoYnQf2yxsupKe3juvo1LVVzC3.jpg,262,967,509,632,614.5,570.5,705,123
1OhPZoHLb9tbgtWQ6uIQ3h6YVgwmTwE.jpg,496,926,455,524,711.0,489.5,430,69
1OZP6vRoZh8y5gf3KNpUluLHNZ4hMxN.jpg,507,959,461,532,733.0,496.5,452,71
1P6nHC2vRRltfGw3Q94Car9S=N56l8Xd.jpg,305,822,494,576,563.5,535.0,517,82
1pOi1gyq1nRB_=HixbUBK3irGFGLfjB.jpg,402,819,430,498,610.5,464.0,417,68
1PQY=cFI8Ixr5IzkDoIppgKRBdHuu6p.jpg,359,846,443,519,602.5,481.0,487,76
1PRdtqsRq1vtFQ2oDSOWao7JsCQHYuc.jpg,400,874,433,520,637.0,476.5,474,87
1pVpKnwcwpEOvB=bMKkdBWiFm_JKrf.jpg,371,944,515,597,657.5,556.0,573,82
1PvvRjkwHhwBqgBlvz7s75QvJu7FP.jpg,352,760,448,517,556.0,482.5,408,69
1Pyhf7zYk1jN_hy=19v=hq=TKdmuqL.jpg,402,827,416,480,614.5,448.0,425,64
1q8o=oOGqmRNtXyEQLUW1=HJyB8rDNI.jpg,361,1046,521,618,703.5,569.5,685,97
1QHIEdpOmpzKi4Y67SRX8Fp87fRIuJwx.jpg,430,858,425,500,644.0,462.5,428,75
1qMSRkHHgS9sMFO7=_2=2axskgasviG.jpg,471,944,469,545,707.5,507.0,473,76
1QTlLeNn1VHVQTL3wSbQedDSBNZ5Spn.jpg,424,829,410,472,626.5,441.0,405,62
1QwIuceYJ5LK2l=d6PKM7YGFpKrYYBGi.jpg,415,841,414,478,628.0,446.0,426,64
1QYDUehzy=I3B61TB54gzaFfri25t5Y.jpg,364,885,457,533,624.5,495.0,521,76
1rDIt3EKNw81N1GXt=RZkYg7dyCwXGq7.jpg,418,900,436,525,659.0,480.5,482,89
1rInEjdGXLOaZOHJI4T_Trwb_ZYLlzJn.jpg,304,792,439,515,548.0,477.0,488,76
1RndF6imOUsBeHNqyHk_YcG1hbv6ZNvg.jpg,427,841,424,490,634.0,457.0,414,66
1RQkEBPWx24OefC3Hs4uKQU6r8rY=Xs.jpg,446,882,427,496,664.0,461.5,436,69
1RyhL3mcOkiEZhe6R5kwC5l54KmjdP.jpg,457,790,480,545,623.5,512.5,333,65
1sbLyHnbrwOHLX7ECwc6x2moq9NfE1BS.jpg,407,914,453,531,660.5,492.0,507,78
1sBXflY9cwkdxudz9cR1SbT8tJbumYcu.jpg,229,785,461,565,507.0,513.0,556,104
1sF1Q17ja=YZEaWQ9bnR=uiI1XxN.jpg,360,793,435,499,576.5,467.0,433,64
1sPFOgeM_PFVaB6KjR9G7PWsl4oIE5Qh.jpg,376,886,487,566,631.0,526.5,510,79
1SX6V6gdw8Giz24v3CMdVmjSnLIULdx.jpg,316,812,476,551,564.0,513.5,496,75
1sXtIIuRNi6Eon8QZt=J1ZoSp1yg21.jpg,432,1042,522,623,737.0,572.5,610,101
1SXZQwNqXVguPyOPNWNSHe_EN7dIrHP.jpg,459,817,483,553,638.0,518.0,358,70
1T1S7LUwivPYyqldxgwK2vcJUjflRqV.jpg,488,801,469,528,644.5,498.5,313,59
1trIS_l3bV2z2o=YxciM5msWNLDUaX3K.jpg,453,910,457,534,681.5,495.5,457,77
1TSrX9rZKtcgzJImxmWfDX3X91qs=Qd.jpg,415,953,458,539,684.0,498.5,538,81
1tvOfE6mWXEZG8xm2qC1V8e3cQ_PNErR.jpg,414,875,435,509,644.5,472.0,461,74
1tYSTCeL96b_hpg=I4uLilb=T3tv9lcu.jpg,403,835,425,497,619.0,461.0,432,72
1TZq6tEM8sB3m=DffKcVkeGxLycTBvu.jpg,412,932,453,553,672.0,503.0,520,100
1uFabaBttFmy_lr7qWUDdJMo8jHfjd_Z.jpg,400,883,440,534,641.5,487.0,483,94
1uheboNpIVoFffCPlZnlFPmZTXzyY7ux.jpg,402,805,419,482,603.5,450.5,403,63
1UNDpGtR_llgcZsC5kYaNqGnish7_Z.jpg,446,954,493,568,700.0,530.5,508,75
1v5_=T2IIt3tP3oP9HPkUlOV85uwHy.jpg,446,896,436,503,671.0,469.5,450,67
1veyctS9xW2l15KGB3NvPyG5QCVg9zbB.jpg,297,889,463,561,593.0,512.0,592,98
1VIPDawDtwW55w37OQIFXe4CIKWBMG5.jpg,433,937,487,566,685.0,526.5,504,79
1vlISF_xClbzMKbTzNiVUh2HHnyHhjK.jpg,376,719,435,501,547.5,468.0,343,66
1vlmttCzK31TdHO3Wyk6HVa2eDgpNeXq.jpg,378,951,466,572,664.5,519.0,573,106
1VmOBqYY3rd57Lj3zz5DokoD55_M32H.jpg,480,748,420,472,614.0,446.0,268,52
1vMqNtdsPZ7DYSCcaeMzrtjfVrfMYbKb.jpg,569,795,337,418,682.0,377.5,226,81
1vQuiOYh3cf6nrk_3IGmMjmwphC=CLpI.jpg,280,774,445,522,527.0,483.5,494,77
1VTki3m=ohSCm122ZjvXdtrG7Hg599.jpg,210,1090,504,645,650.0,574.5,880,141
1VWR1awC1BgiBEKBkD1Lc9oKiZORj4x.jpg,474,788,415,474,631.0,444.5,314,59
1w24X8TOlmjK2PxT8_9OkhXtKSjis2fj.jpg,432,707,419,476,569.5,447.5,275,57
1W7uaLpbI1No2aG3R4Lk7WRwh1ql_Oo3.jpg,291,808,448,538,549.5,493.0,517,90
1wFSvuFIoybF1tck=DDsmF1r4vpj3E.jpg,432,711,429,482,571.5,455.5,279,53
1WGG5_DLtLREX389=4Lfv28TMpZbteR.jpg,459,902,431,498,680.5,464.5,443,67
1whlmvIrN1cg9yMCn6ZBVIKOSk9WKaM.jpg,361,940,517,603,650.5,560.0,579,86
1Ws25iKWhfhW3_FoXXlp35OnjHHjdEy.jpg,433,819,414,479,626.0,446.5,386,65
1WSarS2OFhUz3iLEJ8cPG_q4QN=p289.jpg,355,743,414,485,549.0,449.5,388,71
1wuzlFy6siq7iRq5d9a99rBYfNpN38Hp.jpg,469,855,413,478,662.0,445.5,386,65
1x2Ced6wmJyGTafIoB6=gWdja96Voy9.jpg,553,870,435,493,711.5,464.0,317,58
1XOIqBZ4ULLkYr4jSToh6t35kjUGg.jpg,459,957,453,531,708.0,492.0,498,78
1y2ZLCb1BKoYncBXNQijcdqT667JYrj5.jpg,435,765,474,535,600.0,504.5,330,61
1YMkojTX2jZmk=BBwBbe=PHEeYHvE.jpg,450,906,434,506,678.0,470.0,456,72
1Yq=UC6sScmbiqHzilSGmjSfzYnYuZp.jpg,409,888,443,537,648.5,490.0,479,94
1YsXcvRxpYqPncbuOVVthLfQJw2WtX2.jpg,495,778,445,502,636.5,473.5,283,57
1yT4OvUx1F2EdpR1Z6LF9tl2S7YMXn.jpg,457,996,456,540,726.5,498.0,539,84
1YXgdHKS5p97EwP75wl95HckBZLIb1v.jpg,374,813,454,525,593.5,489.5,439,71
1y_XaPOIZobzdtLcWh5PnQhim16sghX.jpg,390,965,466,582,677.5,524.0,575,116
1z2SdKtx5b1ioHEu_vszr2Nf_pofXac.jpg,336,867,456,538,601.5,497.0,531,82
1Z7YB_6WnCnPpwUGtRo4aguQo97K9Yq.jpg,326,797,443,517,561.5,480.0,471,74
1ZBT94fLZFEqEZQkKDcvH9m7XnqVIg.jpg,438,887,463,531,662.5,497.0,449,68
1zclQ2VB34TvRUDPkTgvgmHOIVrUix.jpg,408,891,427,501,649.5,464.0,483,74
1zHQuyJsm88lKsKgJLZZPluCLXd_qN.jpg,409,883,433,507,646.0,470.0,474,74
1zXkBdTClHppSKFWhUgJgpon6NUUUh.jpg,381,792,447,517,586.5,482.0,411,70
1zZf77xlUkYW1FicOXTFDHFnCgWOUdy5.jpg,349,874,464,541,611.5,502.5,525,77
1_JVPJYDJKgcshUz5SWEIHhKIup9dHU.jpg,357,865,462,534,611.0,498.0,508,72
1_uBWU35eIIOYzIEOSzD1oEsWXIWpb.jpg,386,922,441,525,654.0,483.0,536,84
1_w7Xex2JHPmSL_FMQXehHPndfe9RW.jpg,344,1076,458,579,710.0,518.5,732,121
218EmovoFNwgGlbL142yQlmlv6BM6tot.jpg,483,914,417,490,698.5,453.5,431,73
21FcnckfL6DoV9wuPHzIFgaC45EJVh_.jpg,338,853,452,528,595.5,490.0,515,76
21YLnjkVOCR=ooL6zQJLSf8HGnjfZyF.jpg,346,832,440,539,589.0,489.5,486,99
22GqWDiVvbmCZYatOTiY8rgbYIXmVRO.jpg,386,738,436,502,562.0,469.0,352,66
22keSYUV9bsD6H95RHt4RtsunrR2yxR.jpg,417,821,436,496,619.0,466.0,404,60
23=GJS9YgSwpZk31SO6HbySgzbzP6_7J.jpg,379,620,467,515,499.5,491.0,241,48
246HFlWFa_dzh4k17wtEsYe3=JPy8IH.jpg,327,869,462,546,598.0,504.0,542,84
24xY_dj1iO8kJZ2xTDWoBiq=usGY_r8d.jpg,390,882,478,552,636.0,515.0,492,74
255qy=JJxP=aM54TNoQleegDO53XZgf.jpg,428,870,449,514,649.0,481.5,442,65
258Wf9_SF41DfwjXQU33w4eBtlpYX=H.jpg,316,815,483,561,565.5,522.0,499,78
25Llt=plD5zRERwyCNRXjvzz5KtDnJ.jpg,391,835,433,510,613.0,471.5,444,77
26DExzhxx=Z7swmFJKs=YC3ZZVYPPVvm.jpg,411,855,432,499,633.0,465.5,444,67
26DIzRoZyyclzWT=_VUcpWbvL8BWG6Yw.jpg,396,938,458,543,667.0,500.5,542,85
26WnLwwxMT_vMZLab4DPB7hB4eczPEc.jpg,383,867,477,549,625.0,513.0,484,72
271QpXGwnft9NmwVlhnjtf9FGjxp1po.jpg,440,956,468,552,698.0,510.0,516,84
27LMUl6e2E_=guFhm2szrmBshuupK.jpg,314,760,431,501,537.0,466.0,446,70
282CalMvthmClX=5OTmmQ5Mwbus5Za.jpg,430,910,449,522,670.0,485.5,480,73
2894Ukm8iQLkXaIy2LXTwrS8f_RH.jpg,415,748,472,531,581.5,501.5,333,59
28=xMWvLbLMUW2z5vCaTOm=PBpCdMvu.jpg,461,871,416,483,666.0,449.5,410,67
28n9tSqwMWwTDpzJg54z6Rn63EwmC.jpg,398,934,500,579,666.0,539.5,536,79
28T6OsWnbi7qwfocTKBburVlJuDBttN.jpg,120,842,533,633,481.0,583.0,722,100
29BzipCQo15Oig4uOfPdJVYRkGnWYm.jpg,334,766,418,481,550.0,449.5,432,63
29MR16pMzwMDQ4Xpsw36Tb4QRrrrdnr.jpg,399,815,416,479,607.0,447.5,416,63
29vN27E6Kros1bfGuetrsMzsGWQrS4nD.jpg,522,798,440,495,660.0,467.5,276,55
2=q2yLUdwOW2a4xZxDgB8UNVhVTiEmC.jpg,408,930,496,577,669.0,536.5,522,81
2=yMn1=_WO9k1B2=wO3naWIcc713C91q.jpg,392,855,434,508,623.5,471.0,463,74
2=z3pb5yqxJitEtkBP=4ibWFfiDW7.jpg,452,908,466,542,680.0,504.0,456,76
2=zXErvljua=y8Qmdulk7vBalfCqnLGx.jpg,358,772,413,473,565.0,443.0,414,60
2a5xiQqnGnRdncHDyiNNCJdyVn4pLPP.jpg,456,737,426,481,596.5,453.5,281,55
2aBvVTNMW3=Og2xjRkk8N9jwtYVnMGV.jpg,434,896,427,497,665.0,462.0,462,70
2acu1SxQEm1D5GO1e=GtZziJ7gh_3Wy.jpg,301,962,468,578,631.5,523.0,661,110
2agJZm4dqy=fsqfV7fhYruv_WDuZmUeS.jpg,368,827,428,494,597.5,461.0,459,66
2aibGYJvtK=nyZYqKodNqhKGekU=Yqc.jpg,311,868,475,556,589.5,515.5,557,81
2aq4ythha6_rbaSWGFkBPcEVxf7YblDj.jpg,413,708,451,508,560.5,479.5,295,57
2aSJF_lhWrTWy=w85O4C9FOTS36msWfs.jpg,455,952,438,523,703.5,480.5,497,85
2ay=yUkrrPTS3SqZu1B2J7dJHcbV7.jpg,361,842,475,550,601.5,512.5,481,75
2azGz3vnteGx2sM68Iqr5on8oBLSH.jpg,356,866,451,556,611.0,503.5,510,105
2B5FoRdUISriKGeROdFVQ5JdbQ5EwiY2.jpg,303,775,430,508,539.0,469.0,472,78
2b6m6RJ6epPx7itnRz=KV7NK3u2PQbM.jpg,446,841,417,482,643.5,449.5,395,65
2b9irWZxamr_iPzMeR9Uckz_XoFvH9.jpg,230,630,449,517,430.0,483.0,400,68
2bDyc4Lw2RZkkGxo_YyEFZz=38OObP4P.jpg,399,941,452,560,670.0,506.0,542,108
2BiuV9Fwk1e5WIUg_fnqVfgBuWg_1Ic.jpg,470,899,420,497,684.5,458.5,429,77
2BO6vN_pHUxdhROuzSRS986Iva=2LCH.jpg,443,825,436,503,634.0,469.5,382,67
2BPftMo6YwaySeYVRix59FSm_eDSVp2.jpg,418,844,454,522,631.0,488.0,426,68
2BwZS9rvsBfMv=Hq3Bgswj_oFZdwghho.jpg,370,973,511,596,671.5,553.5,603,85
2bXiR5e4TjuXifu=3RVd4SF3XukBj7Rd.jpg,335,755,426,489,545.0,457.5,420,63
2c2YkZXf414wYQVuKYaC7gToYrWtc5a=.jpg,475,867,415,481,671.0,448.0,392,66
2c=wrkkoXJXiv2PB7iVI_oZUf1dwNshr.jpg,419,901,479,554,660.0,516.5,482,75
2ccbRu1gKiK5LmmlCCZhuH=ieN6GCDaF.jpg,337,858,445,541,597.5,493.0,521,96
2CD9R6amJH8UcM4LyGPvW94Whtu4JWq.jpg,354,798,418,502,576.0,460.0,444,84
2cDg8v9oXlKdwCJHf=9YCyuBypNKHTY.jpg,371,883,457,529,627.0,493.0,512,72
2cET_y1kPOQPUD48g9_hXfiV1Nu4v8.jpg,432,850,413,489,641.0,451.0,418,76
2CeUlhTB9gT7g7BM4yyofNM4LNudw3Mm.jpg,451,773,462,524,612.0,493.0,322,62
2ChL9WiuZUfBiZTok5JnQ=M7_THN.jpg,456,774,431,495,615.0,463.0,318,64
2cIykXP2je7ro4d3KcgD4nKmnZYk4fa.jpg,423,881,426,494,652.0,460.0,458,68
2cMSw3G2KY5KqTpX2Mzga1k7vCh8S66.jpg,379,922,507,586,650.5,546.5,543,79
2COLCKXTIM55xUngV4q2npvK7dXBRkE.jpg,375,867,450,521,621.0,485.5,492,71
2cr7xNfN2zTlakYnNllb2XXrz8xw2l=I.jpg,375,815,422,486,595.0,454.0,440,64
2CsULRmlxUGImNIemsyk8RO6oOfeTweB.jpg,352,837,446,522,594.5,484.0,485,76
2cT_U1NLFUSntmkKSEex5FeF4tWQ71SZ.jpg,433,864,432,498,648.5,465.0,431,66
2CUSmir8CEZHDMUoaKjxHeWGrFBp8BM.jpg,99,845,523,636,472.0,579.5,746,113
2cV6HLy1LTul5DGNr9GXaMnRVVQEWI1.jpg,303,765,438,510,534.0,474.0,462,72
2CzZaksd2F4hK6jaXJ1PtHp6lOe1H.jpg,382,812,417,480,597.0,448.5,430,63
2d4zOSbchOPPJaVZq477bQzgcbH=VNRB.jpg,388,842,422,490,615.0,456.0,454,68
2d5GhQHGDpCv=zCU89ZmL1fVH2I5Q63.jpg,454,864,417,484,659.0,450.5,410,67
2dcD=jQhvDgcghCw4vvRxuH4oyb=Ud.jpg,425,718,449,508,571.5,478.5,293,59
2DJO92cuezluigFtCJza6_5axDGGu3H1.jpg,262,825,456,536,543.5,496.0,563,80
2DkC7TK3wnSYnmNXQ5jhqbWnUMtt=Reh.jpg,329,662,439,503,495.5,471.0,333,64
2dkiBn36Fg5ze_7egVfSuZtxumuJOb.jpg,450,870,421,490,660.0,455.5,420,69
2dp7Fwh5ojLqMBzbPNROj8ft8O9lHwR.jpg,454,886,459,526,670.0,492.5,432,67
2dpG1KFIKRjJSTrElFKRwrX392B=h8d.jpg,343,656,430,491,499.5,460.5,313,61
2dSxS981nOnNtRZnIT=q_BQ4WfQjiI_m.jpg,385,821,421,506,603.0,463.5,436,85
2DT6Sva5JJhvBF_ImVkiaN3HdDMoBia.jpg,420,798,509,578,609.0,543.5,378,69
2dUygCBXBdrc58N_7BG82ZqWBmdsRu.jpg,392,838,419,500,615.0,459.5,446,81
2F2Q=yYPe7Vy6nya=3roHUVYJ==Hp.jpg,329,766,426,506,547.5,466.0,437,80
2FcUxYjQlu7kMIUjNQf7ggKX3DubftPO.jpg,327,749,423,492,538.0,457.5,422,69
2FgYPK3fC9tV94J5afr=2g5f=El_S9.jpg,429,934,487,564,681.5,525.5,505,77
2FlL3kLaGcHXDHYtNhQZHFl4eo754Q2V.jpg,367,830,442,520,598.5,481.0,463,78
2G2Xccf_rD8mxU9HBWG1viNO7l_KlQK.jpg,374,927,510,590,650.5,550.0,553,80
2ghUwtppR3GVtdMYu6jD5eyuRD3RNqP.jpg,262,829,467,551,545.5,509.0,567,84
2glPwCEdgz8Pert4s4KPVa=BXBqeDfzw.jpg,157,532,548,623,344.5,585.5,375,75
2GVoDX=TH8FdydZ6qrnJvS1WSR9JVksC.jpg,406,850,456,525,628.0,490.5,444,69
2GWBSnrv3EGXhrCgK_hrILk4nUaV2zL.jpg,389,926,455,536,657.5,495.5,537,81
2h2Uf6CgLisT7EbbqOku6SJdQXF4yi2.jpg,305,787,480,548,546.0,514.0,482,68
2H6f_3tkpOT5w6Ksb2UH5zNpG5jr5TR.jpg,397,705,437,497,551.0,467.0,308,60
2HEc57JM1NC9PsefI9_MgTjtjZRqLFB.jpg,370,836,437,525,603.0,481.0,466,88
2hgIdsdiNfTHQot=gu77xJ6j1jRlvdkO.jpg,424,880,426,498,652.0,462.0,456,72
2HHRKjzjVEerWPgsdXsMTbXGl55IdzJ.jpg,318,647,445,511,482.5,478.0,329,66
2hPOu3N4OnicFDmFusyW=dyVk7vj=pS.jpg,293,788,487,560,540.5,523.5,495,73
2HQ3MnV65XgNfMFO9Q=o75_e_9jBcOO.jpg,359,770,452,518,564.5,485.0,411,66
2huR_gpcU5BHvl6stfMofawe2GrDbW.jpg,377,876,440,517,626.5,478.5,499,77
2hVcFkPG8k228JMXlJ1P2BJk2ta5S8H.jpg,339,854,450,542,596.5,496.0,515,92
2IambQ=IvR27WBG1l4ZxPZ8YBdsoL=t.jpg,502,831,470,533,666.5,501.5,329,63
2iBveXs89nEh7gd862oJjtnpeO5ttdh.jpg,426,872,461,535,649.0,498.0,446,74
2IciIib4nJJ3Sj3ihJsnPyHnXlGP8Yty.jpg,464,772,446,502,618.0,474.0,308,56
2iV4K52L9IuDNEOKXXkk3R3vExyd9V.jpg,363,896,497,574,629.5,535.5,533,77
2IWJuSZl55PMtZFoy1ydwFT_kahWM8i2.jpg,433,940,434,510,686.5,472.0,507,76
2jC9NoCM=rxCBECat56TOd3mTsgVmpF.jpg,457,992,490,578,724.5,534.0,535,88
2jLBBOE9zECwvbPkZKJ=6fx1KrP1Pw.jpg,426,938,445,526,682.0,485.5,512,81
2jLOJPSrBQj9XZP3SgmYitxeaM_MbD2t.jpg,311,748,421,487,529.5,454.0,437,66
2jMIhyhXKur2v5K_yii1SRYWE77CK.jpg,414,984,517,604,699.0,560.5,570,87
2JSl8i9Q86TB2CzHZ6afoPSQ=YcQNo.jpg,355,982,494,583,668.5,538.5,627,89
2Jt7c48uxKIEPIrJQW9ZmI_=pB9Cv5.jpg,404,817,412,475,610.5,443.5,413,63
2JtDXqkpmocdFjaand47fdMKjtXInmV5.jpg,349,746,417,479,547.5,448.0,397,62
2k3mQ_lxj65vC5inlSv7CSxrzR2dohS5.jpg,397,871,445,519,634.0,482.0,474,74
2ka5YKSQMQ98FT67a_ffuRigO2DdCGv.jpg,351,797,434,513,574.0,473.5,446,79
2KGc=ctgMXZftxH4D1xgVSS=7O6mbWi.jpg,410,836,426,493,623.0,459.5,426,67
2KGE7GMKR2GWLlLEaChBwbpBVwsYML.jpg,275,830,464,569,552.5,516.5,555,105
2KhxSzFBOonituZdK5wk4rxKqid6aQ8.jpg,442,926,461,535,684.0,498.0,484,74
2klnSYbz4L_oiOsFEB8MQBOKHiRpaDS.jpg,370,924,464,561,647.0,512.5,554,97
2KN5ZYmNj5pP6N4N=j4sELTmiRfMCNOM.jpg,329,833,439,542,581.0,490.5,504,103
2koKB5nn6vTpgfjfdnRi17dxFmFXO3l.jpg,407,941,460,552,674.0,506.0,534,92
2komFSwUhSGs7t4a=pWH6XIGBXwNV9tY.jpg,370,823,423,490,596.5,456.5,453,67
2kW9HPSP_WkgLrwa1mprFVO4IC51uwk.jpg,219,1008,538,668,613.5,603.0,789,130
2KWtzKXGQRGUIDLtEFb8t1YcUeor13I.jpg,521,893,465,539,707.0,502.0,372,74
2KyGSoJU6HsuBZgkkxM=r7FyZl5ofBT.jpg,366,874,444,544,620.0,494.0,508,100
2L1q4YR7zf8lWnihg5d2TUWFxYaql4o.jpg,405,838,423,492,621.5,457.5,433,69
2LJSnOeiffQrNXO_ywpDn74kLcd5n2Cv.jpg,395,868,474,547,631.5,510.5,473,73
2LLFPB_N_BmG9P7Oaf4IhjGPteXVZs.jpg,275,857,409,518,566.0,463.5,582,109
2LLsxbZPVTQ2grHqSMc5blZHvbXhiZ.jpg,402,932,506,586,667.0,546.0,530,80
2LYtvzznknWOsi9jRgy_NL1ks6QfGT9_.jpg,374,820,422,489,597.0,455.5,446,67
2M4hPjlS7mf4J=eqG7vwr6R64WVP1g.jpg,417,838,415,477,627.5,446.0,421,62
2M5Yz7G9ymvVjDvoFSVhO9_xidijPj.jpg,346,866,451,527,606.0,489.0,520,76
2mhYEsVUzCoX2hjxfNw4yjHHwGmPpl.jpg,240,739,459,532,489.5,495.5,499,73
2MjOv8XBRK59KdicP4YI84G9izIYifEX.jpg,277,798,484,563,537.5,523.5,521,79
2mk6j_twywPtH_cMHfdCO3LSO6bscMna.jpg,419,917,450,554,668.0,502.0,498,104
2MLmsvHUXP5N__e7uPMvXiuP6ciTO6I.jpg,407,842,418,483,624.5,450.5,435,65
2MRotdUB51EGEdUB2llQXHmZpmudjnZk.jpg,328,746,420,487,537.0,453.5,418,67
2N6xNBtS72jpn=KJ7Z7Fix_a4QFVUOoM.jpg,418,703,429,484,560.5,456.5,285,55
2NdYyjSCjMGTMYpQw7ZCY2X7wU28f=5.jpg,489,984,482,562,736.5,522.0,495,80
2NqFa6=r_Yp6J85ojUWNFdj_G4KGRk.jpg,465,775,471,528,620.0,499.5,310,57
2nrx1tWefK5nSMTl_dwHcJQxwIWiYD6_.jpg,391,777,415,479,584.0,447.0,386,64
2nuTLC7ocKYlYHB1fO6UgcgKJu_YSw76.jpg,411,906,454,529,658.5,491.5,495,75
2nxR_mu7XGbs2cz1udDHPB=ahYNnXds.jpg,345,965,489,595,655.0,542.0,620,106
2NXtP72J9q36dfwYPo_xMhL91enLf86.jpg,436,876,428,498,656.0,463.0,440,70
2O165WX8YmTxwdzCqDSxT9YT=oCl7EX.jpg,363,728,448,517,545.5,482.5,365,69
2O=b5gG69Sld1sd2MvHzphHzEqCLZeZ.jpg,362,785,421,491,573.5,456.0,423,70
2oalcxeP6qB514k2Y8BYgPtusw632io.jpg,361,858,455,527,609.5,491.0,497,72
2oDWQRRojneGtgLKswL22S3PqxrZZyW.jpg,436,768,472,531,602.0,501.5,332,59
2OhzmSfSoUblQ54zDkGzEmDW2gZLyHkP.jpg,211,788,472,558,499.5,515.0,577,86
2oi9yzaWfqrcpME3=1xf_lM5T3QIS3y.jpg,362,936,521,604,649.0,562.5,574,83
2oIxdm8QT_FjuVJq_Z2GGvkLeHuf7He.jpg,378,802,444,505,590.0,474.5,424,61
2oQ4ztvip_Uplg6D8Lt9xys4wNDka4r.jpg,328,879,469,551,603.5,510.0,551,82
2OUcwtD1peJpWtdRJELX7m4yVEeqkVR.jpg,360,780,424,488,570.0,456.0,420,64
2OZPhVpY8fqxv1Eul=sXkN9SCwmB1lzM.jpg,463,760,453,512,611.5,482.5,297,59
2p6yMyeF4fnH5VyJPhH9a8nqJ1GZkxb.jpg,325,751,426,493,538.0,459.5,426,67
2pDpUZYy7sUDNiSeBUB_7rEFeV9_mCg.jpg,415,888,441,514,651.5,477.5,473,73
2PsNUDV9U7KSZf9SE_VjyOeBbIEwY78m.jpg,503,935,428,493,719.0,460.5,432,65
2pycpm8_zUZOekRm_578nyi39dOyNum.jpg,336,950,496,583,643.0,539.5,614,87
2PYLttK1iZw6QBDCWb3l=hjcHx1ZmJO.jpg,377,715,486,548,546.0,517.0,338,62
2q4wgFV4Cc=R3RrC2=HqWCeKhey=2B2.jpg,312,869,471,553,590.5,512.0,557,82
2qewX1QSqvLhapbRiNWsFORLFvRgNCk1.jpg,343,833,487,558,588.0,522.5,490,71
2qFouOJoMrM7f3au5WnMfrasqIeXGNb.jpg,334,927,524,621,630.5,572.5,593,97
2QggXqknmWXn771Qnah9MfrT1H41hE.jpg,202,963,501,611,582.5,556.0,761,110
2qk4NpWjlxCdKR_9Q1szyvobaE7loP4l.jpg,446,832,440,504,639.0,472.0,386,64
2qPbhpbsSDNH2vOgp2ICjyHxVbz7GX5l.jpg,416,870,423,500,643.0,461.5,454,77
2qQXmhWRL_L3gBMdgQJQ4j7RZFYcvoZc.jpg,405,860,424,493,632.5,458.5,455,69
2QrvE_k7mY5Cj7TfGRmBYeiSFZtqpgZ.jpg,421,873,460,532,647.0,496.0,452,72
2qsyzQVIHKpdX4wFBR62lmKzTTtr3o.jpg,444,853,432,494,648.5,463.0,409,62
2qXDyl9lMY8Oxs9rTaO9UnRSM5k1pKos.jpg,369,651,449,504,510.0,476.5,282,55
2QY_Et3Iv_i=6MgJwOVxhzxTsXnuoVtn.jpg,401,705,435,495,553.0,465.0,304,60
2qz88zPIDBbh_wiF=5v3fjHsc5UsDDmQ.jpg,389,816,435,496,602.5,465.5,427,61
2R5dezD6cm8d=eZpvBknvd9JwypRd9DJ.jpg,550,840,437,499,695.0,468.0,290,62
2R6P5Narc5gZNR9KOVo_41Jtk2J9vW9.jpg,338,874,457,547,606.0,502.0,536,90
2rdPPhuMK1ZKPr=Hv5moEsfzS6VwUQX.jpg,431,860,423,493,645.5,458.0,429,70
2rDvkl_QnF_gEoViZwQfd1=iSoyndPD.jpg,326,763,429,503,544.5,466.0,437,74
2RHn=KrteDtbzXowX1Yw5YBzOju=O7Bk.jpg,410,835,417,481,622.5,449.0,425,64
2RO298IhlLUFp6yprFUvsJncsmsfWe.jpg,462,743,446,502,602.5,474.0,281,56
2Ro6nu2SKldRCrV=N8djSNq1IGEmdv5f.jpg,402,812,424,490,607.0,457.0,410,66
2rVeK=vPQQeOSzSJUD3XpEEPb8L7HZ.jpg,410,810,418,484,610.0,451.0,400,66
2sjfLKB_skviCHXUVcvaO=3JCaljLk.jpg,471,951,443,517,711.0,480.0,480,74
2sTeapZac4P=fhTgQTMDSlEi2zv_q9D.jpg,370,678,456,514,524.0,485.0,308,58
2StfefYzuvZgoZeEy7g64pRmdwSgz.jpg,311,902,515,601,606.5,558.0,591,86
2T9nGMQBX1iO8vEvdv_YV=3DLw_TIv.jpg,429,863,450,529,646.0,489.5,434,79
2TB3UaEqW8ouIVqtUJSrlstO5vVIJtc.jpg,428,849,447,509,638.5,478.0,421,62
2tdTfJnvxCeVvz5GTYqSkl5xJxnjaZz.jpg,371,948,517,603,659.5,560.0,577,86
2THGiHuG42EmnCoH12tfOggxn9N6X.jpg,402,931,491,574,666.5,532.5,529,83
2TxRV_FRJyN8Uc6xj4bQ5KxJ1lv7Oat.jpg,375,881,449,533,628.0,491.0,506,84
2U8nFFraK6SObndGnBN9rnNJ=7i1U_.jpg,404,818,417,496,611.0,456.5,414,79
2ucJ6uX6sk1a1YTUE5WxaX=faRYoYOTR.jpg,145,991,472,584,568.0,528.0,846,112
2Ue197SiBwJqwXoJT6DtcHbJn3U2b_G.jpg,337,658,431,496,497.5,463.5,321,65
2ueMjY4i6HsXhBwNk7=H_5ZUR9VU1o.jpg,255,786,469,546,520.5,507.5,531,77
2uen4odVOutRkpchhvt4ixY86IHq_Ew.jpg,456,777,460,524,616.5,492.0,321,64
2URf6VC8gq9u_i=2HGQM9tRVgTciKRw.jpg,410,879,456,529,644.5,492.5,469,73
2URsLc7g1WTLESHfsyyFIfdYDsl9pOj.jpg,499,885,478,548,692.0,513.0,386,70
2uRXFenJ1U2ELsMFb8o49iCYSZwVgTa_.jpg,398,1000,531,615,699.0,573.0,602,84
2uT=BwR1hEa2OvO7NLdk_L4xGIFGfu.jpg,471,771,454,510,621.0,482.0,300,56
2uVxJyw7cnv7pr9Q=ksWaOLKWIHJaxI.jpg,432,839,418,495,635.5,456.5,407,77
2UVXUH9EQSKFPLHkuwHuRzH_cle67aw.jpg,319,770,424,493,544.5,458.5,451,69
2V7srKe6Dylp63dLHsqRPwVcjWrqEgD.jpg,461,930,470,549,695.5,509.5,469,79
2VFMyMXTTUctVehINYQbbjPO7YHGxH=8.jpg,262,797,464,543,529.5,503.5,535,79
2vGUb52ssjQmCgm24kliZC4w1dWZWFZW.jpg,387,810,443,510,598.5,476.5,423,67
2Vs4IRCqQXKLDpCycbyeDXv7RKr2N2aH.jpg,463,890,456,520,676.5,488.0,427,64
2vs6XaPM91TIJgc3GhCZEvXTBxb1hz7.jpg,381,771,432,498,576.0,465.0,390,66
2wg_rfgEFZFoB2Ne2QDN1I64ggvOlNi.jpg,445,734,454,510,589.5,482.0,289,56
2wOivy29Q7dzbHjURp9LXbi48WiZOxu.jpg,51,1231,757,903,641.0,830.0,1180,146
2wpES8CErRH7JIJ3Kg5P28mPz2xt7.jpg,404,792,411,473,598.0,442.0,388,62
2wshuGdOakBqWwdnO6IZEjEGTceHiBy.jpg,410,889,468,544,649.5,506.0,479,76
2wXfFGac_NQBcslRhwQ_M=aipcp66xq.jpg,373,743,500,566,558.0,533.0,370,66
2xfGGioLa32GCwoBHkeMLDS=mGGMHr8l.jpg,508,780,420,477,644.0,448.5,272,57
2XigVeGZzwzsxKeNSzF4GVG7=GEjNKYx.jpg,142,989,535,643,565.5,589.0,847,108
2xYrU9sZfXsGISCIG55TBEeI3V=aPR.jpg,302,778,434,510,540.0,472.0,476,76
2Y2hOF7UhLlZBsoJmmbvaqi55x5coi.jpg,358,880,452,526,619.0,489.0,522,74
2Y=8lqyM8YOeePcWSM5I88B3l4Id1=j.jpg,325,752,425,495,538.5,460.0,427,70
2YcavrDRVGunC_MysvmejjIXW1T97.jpg,436,822,436,502,629.0,469.0,386,66
2yK=RWuiKvu1qiXlTNngyq5zIVgpb.jpg,357,837,471,547,597.0,509.0,480,76
2YPKBo8jWqw57ukqK79jQ4HzKzM6zOT.jpg,349,859,456,531,604.0,493.5,510,75
2yZwZxWmQBH93kgEOyQ9KEz8gSDL_Lo.jpg,398,998,482,569,698.0,525.5,600,87
2Y_IVEdrdmy7K5SrvWf64HXmcMuKaz.jpg,346,742,416,478,544.0,447.0,396,62
2z4s8dkNd=n2XFWcyzkGsxP8=cbUI1G.jpg,382,812,425,500,597.0,462.5,430,75
2Z8KjbOMHyCWzQG9dxSRU1qM9wYEOIx.jpg,321,760,438,503,540.5,470.5,439,65
2Z9oN76gYisBXtipt1tUY4KmjjVtPUyk.jpg,473,827,490,556,650.0,523.0,354,66
2zFaMZj8pn1YwGVhewByKRvnMha95LjT.jpg,286,811,427,501,548.5,464.0,525,74
2ZGps_bzvhQPbSSWxm1C5FzCl5ga4I.jpg,421,845,426,501,633.0,463.5,424,75
2ZIlS9O5H8uvGxuOC6pYXU68nwvD=mi.jpg,381,918,455,536,649.5,495.5,537,81
2ZoZcOcwSEk7ufBOcQ9kY2zjG9Zmq2K.jpg,256,903,445,537,579.5,491.0,647,92
2_7CLTnGGZcQwWg49il6FxcTSECDfinR.jpg,417,910,464,536,663.5,500.0,493,72
2_cWFzC2ciGniKG9Td5qgkBbN1eJQ9se.jpg,466,960,481,559,713.0,520.0,494,78
2_d8Y5UoNSxU9LUiHe1D8DdkF4uKQbDu.jpg,346,963,491,581,654.5,536.0,617,90
2_EE3Q3rQmU5ErP8ecJlv5BpaE=L3.jpg,414,847,442,503,630.5,472.5,433,61
2_o3BUWEDE7CG9GQvtUyuj7_hLRezuB.jpg,439,911,469,554,675.0,511.5,472,85
2_SbOI8aZ3=HdX_SU3gmB=tG6Gi=Skq.jpg,438,801,470,536,619.5,503.0,363,66
2_ZQiehQ5c7rdQszdqSTywLT4XFVEon.jpg,364,675,428,490,519.5,459.0,311,62
31Mmn7WrbxB4pWUKd8V9RErPcQq6GP=O.jpg,436,841,439,509,638.5,474.0,405,70
31PTw9rLwTCsFsF5SpaKwcBZeHBCdmBx.jpg,419,930,452,535,674.5,493.5,511,83
328_8vq8Ga_qBqh2vFPHckzPvrCdsn.jpg,441,860,421,494,650.5,457.5,419,73
32jVXXVcIDxbGhbcBJnGkbOyLQ2I47Un.jpg,381,658,422,476,519.5,449.0,277,54
337pFTcetUudW4UZYe4I1xX8HNJ8Bj.jpg,440,908,431,506,674.0,468.5,468,75
34rroH=M6dykXg6wDxBnkzvwsKOOv.jpg,418,725,429,491,571.5,460.0,307,62
34xbFzHrxBSaSnaUZgg69JxueBTMKuO.jpg,392,818,423,491,605.0,457.0,426,68
356Uz=rKQkG4uQpmTTgy5nVnWtEYcsT9.jpg,293,751,425,493,522.0,459.0,458,68
35uFmsdx2U1Wl1k8MapCD63EQVhRzI.jpg,402,746,481,543,574.0,512.0,344,62
36J92QNFySj2TkjEli562PuoIrNsVOoN.jpg,261,814,483,560,537.5,521.5,553,77
36K7Uwfp4RfM4PvYYK=yrUfpbxpuhm.jpg,353,831,474,544,592.0,509.0,478,70
37b2grqwqikRgShhZg4TBMWbLueOc6l.jpg,413,864,424,492,638.5,458.0,451,68
37zePpnEpxGz1gxkQc7lyZLuwICeRydY.jpg,398,828,459,525,613.0,492.0,430,66
3853riiWKper1=FykVbWbsUHzO6m_jK.jpg,420,816,419,482,618.0,450.5,396,63
38b93cRE3cbTPiola_tEV5GHUb4qL8.jpg,402,871,431,524,636.5,477.5,469,93
38hx843Vwl5y4_I8uBgwfUnndEwc1xT.jpg,384,834,438,508,609.0,473.0,450,70
38pi_ZqOKlpkd3n4UP58oRLrgO8LKJJk.jpg,436,861,422,500,648.5,461.0,425,78
392t2cyHdQ13akFHYa1FIdPJZtrf2zT.jpg,397,912,442,536,654.5,489.0,515,94
39dZYoyZctnweTbL25Y5_qTcKqIVafF.jpg,393,818,426,494,605.5,460.0,425,68
3==P=ZyJ2B3zuKlzT_IEJX1vQS8YpwIm.jpg,249,782,455,556,515.5,505.5,533,101
3=GKWlaaYDGvWDVO4bWHaMWoTmuEVq.jpg,350,864,499,572,607.0,535.5,514,73
3=Lw3=mtv6Cn158eYQKzP8g6KhbDz4m.jpg,494,873,438,501,683.5,469.5,379,63
3a9_KYJ9QDvspuP44ETbl2jvmRXMb_j.jpg,443,910,433,517,676.5,475.0,467,84
3aCfl8yQelB1953eVwdvzrKcXke5hcW.jpg,424,919,441,536,671.5,488.5,495,95
3amPg3lgeOU2J4iH7VUqUtkIJqqmBz.jpg,332,742,415,507,537.0,461.0,410,92
3aN1iEosflYaiJVp3uCxNll9auOblz.jpg,441,796,491,555,618.5,523.0,355,64
3aXb4jKKUwUr=wNR7LGYkLdkfIgXFU.jpg,386,910,459,537,648.0,498.0,524,78
3BcJTZKirg46QJRYmyZ5I_acaMSKIIo.jpg,416,835,420,488,625.5,454.0,419,68
3bcRNorm6sDz867TcVVsgtlV_zq=iLJt.jpg,408,841,430,510,624.5,470.0,433,80
3bErgalOVQeo4ztXp5_hUXH3KjNY.jpg,429,843,413,476,636.0,444.5,414,63
3BMN5PYB8kOlGUUL14svGFBRtlWCtX.jpg,367,812,421,514,589.5,467.5,445,93
3bSzGntgyljRjvKi6f2xr8w17czdIVXM.jpg,484,988,487,565,736.0,526.0,504,78
3ChKq_yiW7Qn=DnF7SF3JmnL9BssM.jpg,452,865,423,491,658.5,457.0,413,68
3CRttVCZp7nRX4HF5HGEwP_O1uvebp3.jpg,397,939,499,590,668.0,544.5,542,91
3cU4aIVYTPm5sMgVVTxDpPjDQum3bVy.jpg,415,809,431,508,612.0,469.5,394,77
3cyjhaMY9mylClerOgFvtIrp51ypxyt.jpg,443,867,448,522,655.0,485.0,424,74
3cYsDcqHPaVp_c7EOI6aK_rnhu7Ile.jpg,351,918,461,567,634.5,514.0,567,106
3dezfRrFX2V5sszDZY3O=j_NdGZKICG.jpg,319,748,427,505,533.5,466.0,429,78
3DfpkqMyJTt1FOtopoaxwFdz6jDHmjV.jpg,415,888,437,512,651.5,474.5,473,75
3dgxwzQc3OcePwOCV_Ur7yU6fvCVWF1i.jpg,389,863,465,542,626.0,503.5,474,77
3DP4cpkbvrPBsHEyOK5px4KwSZpc5yp.jpg,371,839,450,517,605.0,483.5,468,67
3dtCCRryuErjKewxWI_9=xs3lQ94oHJ=.jpg,371,703,443,505,537.0,474.0,332,62
3Dy=DlzYk_FrqlicQZfQM3QmOt_mYgD.jpg,384,733,483,545,558.5,514.0,349,62
3e1YKUcYEmW5zNbtjVVbjGJ5F9VjxBH.jpg,475,885,418,485,680.0,451.5,410,67
3EeH=t=bDVU6bLxgfP_vFepiGL4mBru.jpg,446,791,461,522,618.5,491.5,345,61
3EiWM9EkFqqVmpCNmvgzigmpsB5Ku.jpg,431,829,440,507,630.0,473.5,398,67
3er8HKI=kbCS8kCIbYwEu93Pa9=3qscV.jpg,334,862,455,538,598.0,496.5,528,83
3F=Fxi6Y5QrVZRGzJP916HDhLUTYfc.jpg,387,821,429,494,604.0,461.5,434,65
3FIExPRia4HCu_bR4Zy9lt74NjvrnU.jpg,466,880,411,474,673.0,442.5,414,63
3fitkDklSRfj2lPt1ab3bLaiBvPzQ7.jpg,407,957,472,547,682.0,509.5,550,75
3FOaPMh8ELaG2_JP116BQSIVSEV2YFS.jpg,421,836,504,584,628.5,544.0,415,80
3Fv8rQun9egFjid6Zt4fYjEiZQFVHjn4.jpg,467,948,463,544,707.5,503.5,481,81
3Fws_yUGoK=CLsUDjk3JN8eTJkZVhE.jpg,313,790,440,517,551.5,478.5,477,77
3fzqEt4nDfuq54EkqfpK3OsebBFJ8XNL.jpg,459,887,452,521,673.0,486.5,428,69
3fZUxeiuM4zrmCp_GNl3UJNKo65NnDW.jpg,372,811,421,485,591.5,453.0,439,64
3g9tanzRKXBlt15ccpbKo36TuXxeWWz.jpg,381,825,428,500,603.0,464.0,444,72
3gjcb7BluXISninYxUufR2wYYXcfFl.jpg,361,890,465,541,625.5,503.0,529,76
3GL5LZZ5ELUrfx9CIfH2ottiZsF82RBV.jpg,382,885,444,526,633.5,485.0,503,82
3GmjKPECOrZhRo3s_lHkaJQKPulBub6.jpg,448,788,479,542,618.0,510.5,340,63
3gMNr26maN8K6Rn9bUVPyVUv98Fx6q3.jpg,404,806,416,476,605.0,446.0,402,60
3gPERnKcLRrsF=Q=crKSZQWIKsKQINF.jpg,371,931,468,551,651.0,509.5,560,83
3gr1R3WSVBMYp8yTMRM65MV8vhZSpe.jpg,457,753,453,511,605.0,482.0,296,58
3GyaWN4R84n1tpdMWtgtxy3ZQJNpE.jpg,427,840,419,485,633.5,452.0,413,66
3HcPRiZNCRFH2gGnjrnSssEsvmLm6OS.jpg,317,744,422,491,530.5,456.5,427,69
3hcVei1bzeQBGvtvR7653odcJbGpXrGa.jpg,411,847,426,513,629.0,469.5,436,87
3hD9PmF3bpibiVh6RidC=9x=fQtn4vi.jpg,413,835,417,481,624.0,449.0,422,64
3HfKngO9cr1JzIYupqjYFeovUfKsY.jpg,416,717,453,513,566.5,483.0,301,60
3hlfdLpGNZ_qbTeMHkUqsUHu7GynCTu.jpg,375,822,422,486,598.5,454.0,447,64
3hm1YTfpFH7JT8iqFKvDZnvPPiRC.jpg,258,1231,614,760,744.5,687.0,973,146
3HnILb4ZxNDRpjtDbDLdK655Yvofv=KW.jpg,430,908,434,510,669.0,472.0,478,76
3HOz6D4Na8jp3TgvOOe7Rb81fqJJIW5.jpg,189,860,518,611,524.5,564.5,671,93
3HR1Kc35byM8etb1xMI7p=tFVYzbKVs=.jpg,397,845,421,487,621.0,454.0,448,66
3hR33idlZzNbgLMxMLwtPSTvEOac7Oz.jpg,501,1066,500,595,783.5,547.5,565,95
3HRwpbHgItpqLJkPwvOmCTSZ1O=xK.jpg,470,955,464,538,712.5,501.0,485,74
3HXNUSZNfwVU8ka_C6I8uTD3dgG4OtY.jpg,389,959,469,558,674.0,513.5,570,89
3hysWS8TJk2DZsGkm4REMb3s_uOgdV.jpg,458,971,489,579,714.5,534.0,513,90
3I2_buwyfSwVyxccjSUUhEGf8ud54Vn.jpg,361,781,422,497,571.0,459.5,420,75
3I5rSkeUD9VSI3JU=_Guy8XO_WFRaUF.jpg,372,949,453,536,660.5,494.5,577,83
3IIdymjzUhysJLdFouJe3JlFZdailuPe.jpg,412,819,418,485,615.5,451.5,407,67
3IjS4xShGJIz4=1lB7YU9QWPdkdLgaq4.jpg,389,926,442,550,657.5,496.0,537,108
3iq_1ROObRUjp7JaDXnsP5Yt_mXPEjDV.jpg,377,795,446,510,586.0,478.0,418,64
3ISdxS=nrbfORVJafmlIOfzER2lgTo7.jpg,359,864,450,526,611.5,488.0,505,76
3IsGJYj2Wq5Yl3jDpP_FF29SCCi7O3Oc.jpg,381,812,418,481,596.5,449.5,431,63
3iVWa_YHcIeGFY3HFBXjkOzNeFxpIKUV.jpg,412,874,432,502,643.0,467.0,462,70
3JGMpXc3Z2rlyq6BpcuM=1tPeTdFT49.jpg,450,904,418,488,677.0,453.0,454,70
3jmk3bfOBiKqBJwiVTMY2FdU21G4a.jpg,270,781,459,535,525.5,497.0,511,76
3jpVVNXoHzhLYxHPBe3P=TdLqzqJIONV.jpg,412,837,422,489,624.5,455.5,425,67
3jS6Qx2vY6StGc7bGg3Tu5M9bNhTX9a.jpg,346,905,464,548,625.5,506.0,559,84
3JtFMxt6Pj6yu3pIMchRrzg=tgqU_c.jpg,463,885,423,488,674.0,455.5,422,65
3juMFLiCHF=d_4M_mUoBSv46yGhrlNlO.jpg,362,763,461,535,562.5,498.0,401,74
3KajkJccYV2tYG6Im7365kWLc8PLcgT.jpg,359,771,420,500,565.0,460.0,412,80
3KJYZFpjDpyEu9UlrFpBks1c7usIiI.jpg,403,865,421,490,634.0,455.5,462,69
3kouNS3pjO3Ymyeex6o1FoTVSluLk.jpg,394,807,413,473,600.5,443.0,413,60
3KPVYCnyNePNguur=DpbPqQkrFys3uMZ.jpg,411,786,465,533,598.5,499.0,375,68
3KxUOprk_HbtXChfhymUw=vpjvmXU9.jpg,429,849,455,519,639.0,487.0,420,64
3KZPPray8kir=GcYvc4_4sh7pgJvNhcm.jpg,320,798,446,514,559.0,480.0,478,68
3LesU8rPD=G8z6aBhiPRFaR_IHFjm9D.jpg,359,876,444,528,617.5,486.0,517,84
3lPGNaFraQI3oSOSVo3xx1FKxsyVx76.jpg,282,790,451,525,536.0,488.0,508,74
3LtvDpekWV7vnlWMg9Mh3ijiVnKgPX.jpg,426,822,410,489,624.0,449.5,396,79
3lty51WYct93MtutFlJUsrnu3fFfbqx.jpg,422,723,460,517,572.5,488.5,301,57
3Lu_ZwmnVsjQUzOUfEZJpPk8UwoG8y3h.jpg,467,739,418,472,603.0,445.0,272,54
3LXTUUEUrLPjUFtkpGdev97CUfVU=CpE.jpg,404,835,422,497,619.5,459.5,431,75
3M4riRR9leDwqHBHLZ8F5ktceq3NgEcr.jpg,317,753,420,486,535.0,453.0,436,66
3M6DwXRgqS4_QITJHFIHpE3qGTCP.jpg,436,882,465,532,659.0,498.5,446,67
3ME=rloV6Yosr2msl8siuU9EyRZwPYC.jpg,368,760,453,527,564.0,490.0,392,74
3Mh3ZpYwYIi=cLOrnZfpc4r5yyxRM3l.jpg,334,850,437,524,592.0,480.5,516,87
3MsNDPb_Z=Pl=UEyRZKTlu5oJrIKZn_1.jpg,330,882,452,539,606.0,495.5,552,87
3MSOpDy7SRCgjP5ugRzrnb=ptZ55jZS.jpg,419,743,449,510,581.0,479.5,324,61
3N=2vaN7bsxVXXwM_9xfCfspZM=aZcZi.jpg,286,860,476,562,573.0,519.0,574,86
3NhwWl3CCLEegWEExoSH5bnF7vIUylR5.jpg,444,847,447,513,645.5,480.0,403,66
3NJDSD9BIlMFGRBml88QKiK3nqpLMmFJ.jpg,400,870,448,522,635.0,485.0,470,74
3NKGivIUcwTBksk9rKb_HJDlPmndUYb.jpg,419,875,437,507,647.0,472.0,456,70
3NuKYZWpiu9_wbJpUYXJXI6VsWeP_Ei.jpg,430,1001,514,599,715.5,556.5,571,85
3NxTNFkliIlJDjMf=NVVU8tcK8cmvKqs.jpg,455,769,470,527,612.0,498.5,314,57
3nyY=jG419ovHPebvDoOhS3CX7Zdvn4U.jpg,388,692,435,494,540.0,464.5,304,59
3O9Jbtb9cyJKXRX7_B3JGexisTrpK8u.jpg,461,880,447,515,670.5,481.0,419,68
3oEWgaJOlRVxeCt72jMQhm_I6ayFFpCz.jpg,328,745,422,489,536.5,455.5,417,67
3oI3T7pt=dNWxu3qdYm7vHicQBdUO.jpg,421,861,418,485,641.0,451.5,440,67
3OTTePOSPEbr=ObxpsDokLYz_MRFP.jpg,401,927,448,531,664.0,489.5,526,83
3OYzYHa_tdfX17w4w7iLHJHWXw7xvq.jpg,359,652,421,480,505.5,450.5,293,59
3PIIy5FJhYGxWu_MYunsKKkrUFJ2EqLS.jpg,275,830,473,553,552.5,513.0,555,80
3Pwd56ONsrxkY66=pcRRo6h25kEqE9ll.jpg,413,933,455,534,673.0,494.5,520,79
3PXm4QBZwF95Y6xctCCsXH5c18f=mTJb.jpg,215,800,480,570,507.5,525.0,585,90
3PZF5hs8wDEnmgNkBaTvMiunFxPp.jpg,369,662,433,490,515.5,461.5,293,57
3Q6dgiqiS=I468UreRC=DfO2XGyokou.jpg,465,813,446,513,639.0,479.5,348,67
3qcTVY_mkzUlPTtmilTD7Wy6G1X_U26L.jpg,446,722,442,496,584.0,469.0,276,54
3qdX3kNSKN2vF_F2deMmXuY4Q2MpaLMN.jpg,291,676,449,528,483.5,488.5,385,79
3qJifDmexVZuWTGiYe3_CQz_yiO1JWL.jpg,413,766,495,557,589.5,526.0,353,62
3Qkt1SzvsJcmmZRT1w9SM2enetjwoR.jpg,498,789,449,509,643.5,479.0,291,60
3QTrezV3ZuIi4mKkClMzbpnI4nx7wsS.jpg,383,812,424,496,597.5,460.0,429,72
3qYvdJDUETP57W6QFXSqL8g=9U7dRjq.jpg,368,932,462,565,650.0,513.5,564,103
3rclFZ9Nu4Ocw6cEM1zgJWh5o_grDWED.jpg,395,747,438,507,571.0,472.5,352,69
3RpOOnjLDUJ5omiEpukpsTqEl2D2CHD.jpg,414,790,410,475,602.0,442.5,376,65
3RQ5tu=VBhHY9jHRcZStV7kOFSWGtzx.jpg,405,884,422,518,644.5,470.0,479,96
3rui=2vkoLcdCeh716815w4xECjRoD7.jpg,426,900,445,515,663.0,480.0,474,70
3ryOkKHfRyy_7OLNkdX3s61K6BywHoC.jpg,416,714,435,492,565.0,463.5,298,57
3rYpzZOOEJn_zkHeX_WPilMdd_Vj7XwX.jpg,218,788,529,625,503.0,577.0,570,96
3s2iyihx9rRC2=cb6Qs6wRQqhRCGz.jpg,335,878,471,547,606.5,509.0,543,76
3SJMOHQFSpEJjrHzIEM7nw5qNH18Bq.jpg,398,885,449,522,641.5,485.5,487,73
3sXSWQjTZSKvQ3xf5T2XZxFW5zZDyMk.jpg,394,819,427,494,606.5,460.5,425,67
3sYK3CZ2WLPLT5YlXhpFq7VE_5wXJyB.jpg,398,818,415,480,608.0,447.5,420,65
3T8lK9wBssODDlgvhWWWTdspMMYI4qL9.jpg,340,747,420,486,543.5,453.0,407,66
3te3TGKo7qbTm3iwiCeE=sTLe2tHxLiW.jpg,449,855,449,514,652.0,481.5,406,65
3tGLNDcdGJIqXWaVxH8OKsFkTfWaBa.jpg,412,716,463,522,564.0,492.5,304,59
3tlqRzNvEKPXEWagSzzYCiQZOawZy5=.jpg,380,817,420,485,598.5,452.5,437,65
3TTMK4ljevSn2NgQR4TypzcVEU7toJ.jpg,446,847,442,509,646.5,475.5,401,67
3U33Ztkixo4cuGg=VwGIToSgWyxB3o.jpg,471,782,467,527,626.5,497.0,311,60
3u3jEJiDVZNwbMFUzPvJRzxlBQzwDOf.jpg,383,807,423,490,595.0,456.5,424,67
3UhDEqVT3LYBLZuYPySpft=K9seIQq.jpg,393,810,417,479,601.5,448.0,417,62
3UT=v8y3kiUgD31RI3unsRm4DI1yz9f=.jpg,344,894,458,544,619.0,501.0,550,86
3uTax9ZGtRh55Egp4r4X8X7ZgcMQOozg.jpg,434,843,445,511,638.5,478.0,409,66
3UU5U=8dITBRUXZloIDksRS61y5Su2w4.jpg,363,973,500,587,668.0,543.5,610,87
3verZhvqka3mo8cLw7c7Xs6OsLC8Lrdx.jpg,388,811,424,493,599.5,458.5,423,69
3vG7pwy6exNnD4k65zRYQbQ=Q=L8=9q.jpg,475,845,471,537,660.0,504.0,370,66
3vgJ4CpcjJM_Q9YcuUVC=wVraIwssCB.jpg,370,674,434,495,522.0,464.5,304,61
3VKiMdG=yl16FJ7gOnKzGHNLLH5HeoJv.jpg,423,822,418,482,622.5,450.0,399,64
3vNpkHBrLQDXO9cFVCaFeEZQ4KuY93C.jpg,413,829,439,500,621.0,469.5,416,61
3vs5ZuBIPR6EGLbnopg5idTewMaFx61m.jpg,374,902,453,526,638.0,489.5,528,73
3vzP3b5TY36eZfTe=GEIjKnzD5SyBxf.jpg,317,746,423,492,531.5,457.5,429,69
3W2Mf5IigB7jP9TF9GIxZjigbZk8BFl.jpg,456,746,439,499,601.0,469.0,290,60
3w6Cx=RIe8oFnHoX8FZX9Op_hGYlaYY7.jpg,431,876,434,499,653.5,466.5,445,65
3wax1WdUvXacVMLPn56IXdsJvMcQoP9.jpg,504,840,472,538,672.0,505.0,336,66
3WFkWNfCMgjZTn_XELKdXxuiT8OLNPf.jpg,373,893,452,530,633.0,491.0,520,78
3wqTtV1G2uDtaGVHKDso6gEL2l6ir5aj.jpg,324,903,474,563,613.5,518.5,579,89
3wyBF=wx8GTnGO=mrqgpm1ygW=b=HUGc.jpg,326,860,458,537,593.0,497.5,534,79
3XErK3RsGa1ccI5WFQF5rz8s76jwUCx.jpg,114,825,480,613,469.5,546.5,711,133
3XLUUVXd_LwBdis7MpyZURgNdqv3yO.jpg,406,817,420,483,611.5,451.5,411,63
3XRigowashpJe_uW5iIcG45F8riJB_p.jpg,449,891,459,527,670.0,493.0,442,68
3XVwZsddn_61mOtnSD=uQqyLpmGTqpOg.jpg,448,968,459,538,708.0,498.5,520,79
3Y82rZ1I7M8RpkTFw8Ci8JmohDgJcboq.jpg,389,871,429,503,630.0,466.0,482,74
3yBr3xKVOJnk7wdB=GIQmeitePNm6V.jpg,343,883,465,541,613.0,503.0,540,76
3yFDbKIVEXqh73VHjDK8wetbtjZGSGr.jpg,427,871,437,516,649.0,476.5,444,79
3yGvg76MwYnqlFCYCoDzJFNZm11wmrG.jpg,379,920,456,558,649.5,507.0,541,102
3YidWXNcLUb9xPSxb13F=S3QNbcXHH.jpg,350,772,469,544,561.0,506.5,422,75
3Yi_H1WVfd_rXMSwqFQsj8K6X52lF=E.jpg,435,915,440,515,675.0,477.5,480,75
3YTmIcki7DHjmpGu6PTxLBQecFVqvJf.jpg,360,845,441,523,602.5,482.0,485,82
3z93MzqJnnJE=8lojo2NQa8e31fY9h.jpg,418,770,445,509,594.0,477.0,352,64
3ZejO4=y1iJza7ZFUuugX29OfS_5KddW.jpg,368,769,418,480,568.5,449.0,401,62
3Zk6zhJ4tJsb_yIMeUx3TiJnnQGPi2nJ.jpg,325,943,538,623,634.0,580.5,618,85
3ZP8oYge7SBX4jHElmgUhHCP2OkzTeJu.jpg,378,884,471,543,631.0,507.0,506,72
3ZUxHmjtbjTckwkqNo6sevyOojoe_g6.jpg,210,1046,557,686,628.0,621.5,836,129
3ZYrCgf3wfrq2CtQLvmjvmsBgTUZ9Q3l.jpg,445,844,513,587,644.5,550.0,399,74
3_1HlJwD_uFzWzN_c=uEnO9NLVGGPC2g.jpg,453,809,492,558,631.0,525.0,356,66
3_gVeXPpGUIY6EEqQ8WihDK_kHgloUN.jpg,491,761,420,476,626.0,448.0,270,56
3_ToJrsDgDnh6RO2CS=_4MkN_vJpsXVL.jpg,408,914,486,562,661.0,524.0,506,76
3_yL66Qa9MOJZo1CIFPpeXMDdDtD2S.jpg,415,920,455,529,667.5,492.0,505,74
4176BiOi83GopgwfoKOe4hzx4tm3y9V.jpg,495,785,447,504,640.0,475.5,290,57
41Ss3UOW=XuYV25n7=upxPd58jaGGUT.jpg,464,871,419,485,667.5,452.0,407,66
41xUK6r5yujlZ=ljMP3N92dOzKEbsRj.jpg,386,912,446,529,649.0,487.5,526,83
42EvIqge=jrbjgUBqgGLlheNh5KtvIE7.jpg,513,792,445,500,652.5,472.5,279,55
42n=StRCFO29LEzus1OREmcZTpvhPdK.jpg,416,850,425,507,633.0,466.0,434,82
42xSi_TMCwspM3px89D9QqqMOBdBefP.jpg,360,769,463,537,564.5,500.0,409,74
42YKMmbf3O3P7qDWvQOaJbfzmKrmNlD.jpg,562,847,439,501,704.5,470.0,285,62
43E73zfs3zH9G3ijSlogkc=eFzzmI.jpg,429,821,414,482,625.0,448.0,392,68
43HS7bZrtijEEX3WKrQpS_scbXzVu21.jpg,332,827,451,535,579.5,493.0,495,84
44ai1Gvuvz3JVIFUmPlFVmJJF5r8nR.jpg,434,775,483,552,604.5,517.5,341,69
44bQ3dRdRpv2mg7Qshd3wS22Hrt7hv1L.jpg,365,917,457,542,641.0,499.5,552,85
44CeHlhDguGUXzT9RQqQ9VV2wJhKH7Po.jpg,377,893,486,569,635.0,527.5,516,83
44rtmZkT4hIyRIy_6XFmy8owlw_a3bU.jpg,388,959,471,579,673.5,525.0,571,108
44t62S=nqlrj=YDDxQoesc3UrWs=5O.jpg,337,760,435,499,548.5,467.0,423,64
45GLq7_b9TGY_tUdrjcfPR93iFeis9Yd.jpg,425,812,438,503,618.5,470.5,387,65
45jYlo6D=XYr8znDiGEMb8uSfzxkdM.jpg,439,849,419,488,644.0,453.5,410,69
45kM6YBgLfbhmOu4_cYDMaQOtFnxaU.jpg,445,845,445,509,645.0,477.0,400,64
45QjzQ3unCbWcqkNOm2TlZpDbrllDk6N.jpg,415,897,435,508,656.0,471.5,482,73
45Zat2I18rLYhwEUXW1iJJHPGl4zYuK.jpg,421,932,428,506,676.5,467.0,511,78
46DNX8N6=w2zlMQHyPf=4BNKrfkJVl.jpg,369,854,443,516,611.5,479.5,485,73
46weHlru3SHS=NjO36wFQnCjnJVhhO.jpg,302,795,443,521,548.5,482.0,493,78
46xq7djhVeO3=_OXlHgmawP=U6xypxD.jpg,416,811,417,480,613.5,448.5,395,63
46_Ch6==Vvnz9hPW7SrqBS_KqgNchP.jpg,360,842,451,520,601.0,485.5,482,69
47ENs1fYQRNMpEP2wy8nWZIla2wiDpvC.jpg,430,845,464,545,637.5,504.5,415,81
47QwUnM=s6ruZSoE9YivD6BHqO5x54.jpg,266,1050,566,675,658.0,620.5,784,109
48cs7_ZNeuXfvfE3sJ7Mn4f9rPNaM4jb.jpg,373,818,430,496,595.5,463.0,445,66
48qRKoOzgaWCqaSByLVgieeqUt4uZQSq.jpg,385,860,431,512,622.5,471.5,475,81
496qqQvya4e_jX7llwrganDt4RR_My5.jpg,401,815,447,515,608.0,481.0,414,68
499CfQhKHslEsI4Y1i2=ZDcTzRvhK3hR.jpg,379,860,460,531,619.5,495.5,481,71
49PnbfV56FTWXvOWQsXeXD9MIq1DQ1N.jpg,443,763,425,488,603.0,456.5,320,63
49yn9pmY8p_P6M=pw8MF7gvEM5ayF4b.jpg,430,720,451,508,575.0,479.5,290,57
49ZQKNxj3iOzbxVQi6F9pbwpckB89R1.jpg,388,708,443,504,548.0,473.5,320,61
4=86XILatqUdh46bmT=uJaRPWJtg2xHw.jpg,382,834,436,503,608.0,469.5,452,67
4=aZslOfpGqfZo=MBydRPhvoKfcRwV4.jpg,410,768,492,556,589.0,524.0,358,64
4=LUv58enUKjiE=7IHuLdUQt8wSryx.jpg,371,651,411,466,511.0,438.5,280,55
4=OxSd=GCyjp8Pw1gDS5mkyDlmleV.jpg,406,960,514,592,683.0,553.0,554,78
4b6VwHoeDlG94EKMKgVP8xus69mMIYVB.jpg,359,881,454,550,620.0,502.0,522,96
4BHUqhkmbaY769WB1_bl4J8_KLcEIOl.jpg,395,936,450,536,665.5,493.0,541,86
4bnuzBYwz1g9HUmUOgB1WDyfPo9FNn8.jpg,549,836,438,493,692.5,465.5,287,55
4bRSd9G8UfgjPhkURQG5q5ehR_ofb8N4.jpg,411,770,455,526,590.5,490.5,359,71
4BSqh88W1b3ezcfQxf5mi_rHKLRcv8.jpg,438,872,421,492,655.0,456.5,434,71
4BsZC4jiWIK8KQh4sRx1nyTQPTZ8gk.jpg,459,719,436,487,589.0,461.5,260,51
4C8379lL_z9Hw2k7ykxGgvMmnS_g5eH.jpg,424,861,420,484,642.5,452.0,437,64
4CMjQbhMGvu7PMTj_EjGejPeMxtXsD.jpg,437,867,420,495,652.0,457.5,430,75
4CMOkbXaDqNWOk5wZkya_EoXVQMzwl3.jpg,373,804,417,482,588.5,449.5,431,65
4CoqXPZtzUyRYZO6KuRI4_Z5=Xz66M.jpg,405,869,423,494,637.0,458.5,464,71
4cyfddn3FmSdtvZlLs9V2QXceOqqw8K.jpg,402,809,421,485,605.5,453.0,407,64
4D3fXXrUvKsxf5oew4NaJDe5k=oWxJ.jpg,446,716,422,476,581.0,449.0,270,54
4d7ChSRsFxgbW5POtxlh8fkTOlpN3d.jpg,395,814,427,495,604.5,461.0,419,68
4dbB8ZUihEclSpQh9X6s66YH791hMiI9.jpg,396,891,481,557,643.5,519.0,495,76
4dCdMrl=dzp4IJpjd6cTZVEYiRN_i_r.jpg,313,756,422,488,534.5,455.0,443,66
4dCX5h2TUX5pWd6dNOSJ3Zp5CYLkD9n.jpg,432,889,420,490,660.5,455.0,457,70
4De4zH7uMzxFyTM7UkY4dFFuFgYjTM.jpg,391,1022,544,642,706.5,593.0,631,98
4DEifSTJRO_BbFJe4R12Q1qTwVeKYxt.jpg,492,918,454,520,705.0,487.0,426,66
4dFBHEZjT8zk6E==IzEaaCfb1nPigzSj.jpg,348,1049,494,598,698.5,546.0,701,104
4dFb_=UrqHjB4G5agH9PqO_Xp5Cqon.jpg,382,862,427,501,622.0,464.0,480,74
4dFXprMYUf1KNNv1xUxijBo77bQO=xdi.jpg,334,651,436,498,492.5,467.0,317,62
4DNTkc2Uyx8CYqmutvEU89mn9p5wmirw.jpg,330,741,420,486,535.5,453.0,411,66
4e56XaBIHXbFU9VJwbc_er3XlTQNs.jpg,429,899,422,497,664.0,459.5,470,75
4E7GvEwmudNToRwRJryHpylCfrZRDWa.jpg,390,861,435,516,625.5,475.5,471,81
4efjQLJbJwHfPXXHKHqNYRRJTulrJb=M.jpg,451,787,478,541,619.0,509.5,336,63
4El1cwiQQMpWREgiRtkCtasy4itKe5.jpg,440,756,452,511,598.0,481.5,316,59
4EoX=_YOKJd6yCyrKR7h1BF=QwWzu4n.jpg,382,816,418,484,599.0,451.0,434,66
4eqfaJU4c9cbSXJK8GON_ik4KufYI2zS.jpg,428,838,411,473,633.0,442.0,410,62
4F3p4_TXHNRjYZETKG6JZssYCC64ld=.jpg,424,879,436,512,651.5,474.0,455,76
4faiw5BcrJKK=SDFQo75rqyhaBbVt.jpg,360,835,485,552,597.5,518.5,475,67
4FE1BMGcZeVD4ntrnkNXxwqdWMoRE5Zr.jpg,328,747,425,492,537.5,458.5,419,67
4FhL7Qr7s7MT3M=WJogq96Vc7oFPk5M.jpg,415,772,491,558,593.5,524.5,357,67
4fjq2Er577d9MTjM44aXrMm8Gr=TVF.jpg,380,809,426,491,594.5,458.5,429,65
4FSKdk4eK4WnwV1I=2BvuvjUHBXWVkqN.jpg,398,848,463,533,623.0,498.0,450,70
4Fx2fDgmBi7wsINL5d53ioOvYztQhnK.jpg,315,741,422,489,528.0,455.5,426,67
4g14QvcCSQkq1L4f9zOrl36ONBEDKswq.jpg,382,960,523,604,671.0,563.5,578,81
4G2zR36_bulbEX18PO6ZxLRd7kG67urC.jpg,389,822,425,492,605.5,458.5,433,67
4g3j9O9l8V_v9vsD2wapcpkeZHB3aI9.jpg,405,808,421,486,606.5,453.5,403,65
4Gf3ecefFqp676cV=7lJSu=Dc=Rsttl.jpg,462,876,417,480,669.0,448.5,414,63
4GG7HGbZwef6IYjVpSqrEvDcI94PZRG.jpg,421,832,413,498,626.5,455.5,411,85
4GIinGkssZvzp_lMNDY=jJ9PznlCLO5B.jpg,469,955,435,534,712.0,484.5,486,99
4gIPb_lxQXHZQmp_rqk3x5iO2zWKL2Ec.jpg,443,964,485,568,703.5,526.5,521,83
4GKhk7oLP3PL8XXUYfrjX_dFqv8sad9.jpg,419,706,431,488,562.5,459.5,287,57
4GKhsxVzF6vrZEF61ic5MJFtRkMMZ.jpg,359,830,428,499,594.5,463.5,471,71
4gWK7EbwaFF7N1vZdSCuq1oxCGhO1G.jpg,394,827,431,499,610.5,465.0,433,68
4GWRPkhj=8Cbq8MlBrs3QdSMhSDepW=.jpg,394,913,457,531,653.5,494.0,519,74
4GyHx2tCMMgZb823iIwR6euSiGk2n1Qj.jpg,424,909,439,514,666.5,476.5,485,75
4GYYcMNkEfNr2IPS5r1lf7qZYk3Iel.jpg,404,818,528,602,611.0,565.0,414,74
4H2cjbtKpF2G6oVMRLMgGMI8MrlV2Ibl.jpg,331,729,465,535,530.0,500.0,398,70
4h2psVN2DK7elhudgzTF4SygemfeH36.jpg,354,825,474,545,589.5,509.5,471,71
4H=HVVcmimKZeuNr=JeXkM1hCGcXviD.jpg,343,828,449,520,585.5,484.5,485,71
4HFTVYgo1zeZuvlweOQPmawKpEO4th.jpg,463,871,423,490,667.0,456.5,408,67
4Hg1oQypvZz5LDfBPkvfJ222nV6X6HQ.jpg,226,603,521,596,414.5,558.5,377,75
4Hs=7HFoGIwNSmUMh6u_bQLjqEvXwMf.jpg,240,916,511,606,578.0,558.5,676,95
4HTr4akOhmTz3X3VwH=PFwKbxpOQbuPK.jpg,380,879,447,521,629.5,484.0,499,74
4HXsuaK6JDOaCkiskoOshXMWzGVpk3.jpg,374,815,420,486,594.5,453.0,441,66
4hYPRuLaX2KuGoiPzs9SbG6ZkMVvdsO.jpg,349,751,414,486,550.0,450.0,402,72
4I73vHDB7BifBcMP3iaYIPW1HP5P49.jpg,296,871,521,607,583.5,564.0,575,86
4i=5I_RRFCDIgUVoUYC5vJ4uQ_Ma=YOv.jpg,357,678,452,511,517.5,481.5,321,59
4iaIi23Tdhke2_CnvcfbvOtzhFEt7I6.jpg,287,821,502,579,554.0,540.5,534,77
4InDcBMgqhgxwOyN9PXZcLNiUYlMq1Y1.jpg,356,1078,520,629,717.0,574.5,722,109
4IOX3wvbRaqcB4DQahd=zl6b177=Zlw.jpg,374,833,434,520,603.5,477.0,459,86
4j8byzO3zYBTgOba1WsiX8n1BU7MZN.jpg,316,830,434,513,573.0,473.5,514,79
4JcS3x4eSGX5PH7jBBPR_6zYw8oKzP4u.jpg,313,849,464,545,581.0,504.5,536,81
4jIX5nn8THlVGMhMSYK6d9wWEBBh2M.jpg,445,869,418,492,657.0,455.0,424,74
4JMU7pwnfBP3kw4im=pNdo_9zkhVsow.jpg,274,1137,562,695,705.5,628.5,863,133
4jN3j3YNwwLJyYb5WztkER9eYwS1eoi.jpg,453,923,474,550,688.0,512.0,470,76
4JtVVqKvG9xBigVhMrXsVZu=pxTleMWy.jpg,345,753,421,486,549.0,453.5,408,65
4jxU3ISmp1OI4aMtPiefLbEqN8XU=s9H.jpg,410,858,459,531,634.0,495.0,448,72
4J_8_meU6mMfJlaPEH76WjkxPjb6ZCT.jpg,402,927,486,567,664.5,526.5,525,81
4k=Py232tag_B_9rkZiGuiJETLHT9sHp.jpg,461,951,439,513,706.0,476.0,490,74
4KBHXBxfbBLLRKvttUlFM2OY=8E2e3E.jpg,422,853,414,478,637.5,446.0,431,64
4kbJW3lUpwX3TFnlNsoGkzyN43_u9aW.jpg,299,754,422,490,526.5,456.0,455,68
4kcHXU6U9a4ZXmgDcEonSRQ9IWhUcNr.jpg,453,963,467,542,708.0,504.5,510,75
4KEkP7lPpz65XUpzXhpsbvI5j=rhSB.jpg,381,896,416,494,638.5,455.0,515,78
4kJ=bD2BW5uzONQijGJjyhCij6NPQnO.jpg,391,833,421,486,612.0,453.5,442,65
4klwiWupLsewytKh7IOOlpiEm6ky5Q9.jpg,291,749,460,530,520.0,495.0,458,70
4Kq5zv9X378Vk1Zvaz5_Dwp1PoTRC9t6.jpg,365,923,465,546,644.0,505.5,558,81
4l1n7SriTtT7GEJfBLBQEgE9p_4PJrC.jpg,406,810,421,486,608.0,453.5,404,65
4lFejCUgsixb9OGfakwomYZ9=J4xS2K.jpg,457,895,420,488,676.0,454.0,438,68
4Lhq2hGhL48KiOtOU3oKE6jTZZo=RuKR.jpg,386,836,430,503,611.0,466.5,450,73
4LLhiozIgnKr58tnGckQ=mooOOuxVy.jpg,204,861,502,604,532.5,553.0,657,102
4LtChwS23vanMWDxGf55NbbjYyTHDY.jpg,460,861,414,491,660.5,452.5,401,77
4LTrhGF9PlQ3oiXHqzZL2ULRgBTau3.jpg,408,923,434,510,665.5,472.0,515,76
4lTYVVEBoPlXq3DDxS=9bxmst4RXvTa.jpg,297,791,438,513,544.0,475.5,494,75
4luPy6nbj_kP4NNXNGlex9ofZ5PvI8.jpg,348,867,449,526,607.5,487.5,519,77
4lzwMaXsMqctUaxD=76ErMT2IVHURv.jpg,438,824,439,501,631.0,470.0,386,62
4mgVWk=pO5bIgKjJTUjzi8sbZXuCCvQ.jpg,418,995,476,564,706.5,520.0,577,88
4MZ1=DHHEI58Vd9CNJ5WnE6ofDxklag2.jpg,384,946,518,601,665.0,559.5,562,83
4NKYXIP=GYaHOJW3fXLVFdUdnHHgxz.jpg,414,820,419,483,617.0,451.0,406,64
4NMBHk5O4SHM=MLd_6gBCea2QI6UyCvb.jpg,378,913,450,530,645.5,490.0,535,80
4NprBjJBRvgnZ2L4_EXcnLmC2nU6=cw.jpg,302,751,424,491,526.5,457.5,449,67
4nYSMptJZK_GDUsOixmDc9fFsq=yttc.jpg,325,750,422,494,537.5,458.0,425,72
4O4sTnTDbKVaLQ4r1dId=7WyLPOezKzs.jpg,261,1231,674,809,746.0,741.5,970,135
4oa2jemIsIn81QJP1HKSmy1qIrISO.jpg,317,790,429,500,553.5,464.5,473,71
4OCwRemEXEEYIiOsX5e_cSM6jTIY855.jpg,404,806,419,482,605.0,450.5,402,63
4ODfq4x7IIG2nhOYuhx9GExhybbLT.jpg,472,870,416,480,671.0,448.0,398,64
4OI66YMs7Z4fowu5BSKycUx_TUBsJox.jpg,469,855,410,475,662.0,442.5,386,65
4Ojqpl8qj=pUM6bXSs=HQXpJFxeB3xbh.jpg,279,772,432,506,525.5,469.0,493,74
4oy_KLcJPUHPjwaQMaDCE1iYFvQJSNCh.jpg,474,777,457,513,625.5,485.0,303,56
4PQbv24WUGh64H=Pgg3Fcb9KQ63DGj4.jpg,268,854,519,608,561.0,563.5,586,89
4PRwuyXe3ZOTShGX5oedl3PoXI4L2ph.jpg,401,898,451,528,649.5,489.5,497,77
4pW2LxlyhMSpZJzhEZZj8nXz5uNpXe.jpg,349,769,419,501,559.0,460.0,420,82
4PZZ19PkiVH8ewJ=bmZ7Ss_agbZQlcYz.jpg,373,670,424,483,521.5,453.5,297,59
4q1Tl=wra56qsXo_H7ci_VThQUCpNpo.jpg,372,923,453,536,647.5,494.5,551,83
4QGZacUhucn7zabRkxk1_cYd6Qfaqao.jpg,438,772,467,529,605.0,498.0,334,62
4qm7caDyLE8UkKEjwQV4OSvmCs85KRV.jpg,448,868,449,518,658.0,483.5,420,69
4qRc9MQaVse1MQXIDUsq8Jg365Y4Cm.jpg,456,878,423,488,667.0,455.5,422,65
4QYzpXeoS5iXeq4chHJIwVt6IWLO6cwm.jpg,520,1052,485,566,786.0,525.5,532,81
4r=Ch9octLdEFw=26Cq=JMOfeFENJVDq.jpg,331,843,493,570,587.0,531.5,512,77
4REkLFXGIpKxNla=rWBsaD9sZ8G7IO3u.jpg,270,836,494,581,553.0,537.5,566,87
4RM58fhGl94dha_ssOGFOmKyQ1uU2B.jpg,443,884,420,494,663.5,457.0,441,74
4RMDvV5xJd=PR3=5nfYdOzqN2=T5k2gy.jpg,343,654,425,489,498.5,457.0,311,64
4RSyxJrqxLENoOyHbIMv5G1tTKFDGrT4.jpg,330,921,462,546,625.5,504.0,591,84
4rWCQruYe6wTw2lpnGyzNrH4GjNsjE.jpg,520,1124,518,613,822.0,565.5,604,95
4rXblfbOVYnj36KvkPutNVWjvbvwZ2C.jpg,452,754,456,514,603.0,485.0,302,58
4s98rHvWaz5_knX53Dh8zQDOGx88tIi.jpg,300,767,449,520,533.5,484.5,467,71
4sbT2kavHtPXzmriuG4S6JlkdBjo8FY.jpg,430,825,443,510,627.5,476.5,395,67
4scMROGK8vwsP=r484bZOCLv2v8r7Nk.jpg,246,803,463,546,524.5,504.5,557,83
4SYNB66OeomFusTgWmscBN4G6xShmI5.jpg,407,955,514,593,681.0,553.5,548,79
4s_PSVfkS2cMbkim2idYvrEwlP1OpZI.jpg,451,836,414,478,643.5,446.0,385,64
4tFPjR7W9L7jDur1h8xoleEqg8Cthe.jpg,406,805,417,479,605.5,448.0,399,62
4TQ1LoC55nPcdaNB4=T7DUkVyk4c87bG.jpg,333,741,412,474,537.0,443.0,408,62
4tQcRS=GKpRNnDt5cDw2mYLBv7n=Ry.jpg,380,969,517,608,674.5,562.5,589,91
4tU1Xy2NZ4V4CSWdLXLc3VSTOkIiP5p.jpg,284,780,454,530,532.0,492.0,496,76
4TYqYFM8be1r1hWjwYqLvx1prikmiP.jpg,345,795,445,510,570.0,477.5,450,65
4u3M64fL3o1lUifCNDJx9YEt4N3m68.jpg,448,842,411,493,645.0,452.0,394,82
4UdamTGnGQIJHUMDqlM8qVtkfwM4ywL.jpg,333,880,474,550,606.5,512.0,547,76
4Ug7CxNxdht_I_xpshee_hxIfpwY9Wdu.jpg,376,668,433,490,522.0,461.5,292,57
4UVXKhcjkWY2hUvc=O9GejfFtKjSVi1.jpg,305,905,517,611,605.0,564.0,600,94
4UYVoQ=n9IqlWPoDI2dsh9DjR9QE3wB8.jpg,432,962,453,533,697.0,493.0,530,80
4VBBphXJeyLn7Gxjt2QOiR4E28QFyM.jpg,370,903,466,540,636.5,503.0,533,74
4VESsk9enqt_B9pHUpJqfbGUDwUHHuV.jpg,403,809,415,480,606.0,447.5,406,65
4vo=PR_xgNk5VkOnPOmclMCY48CWonB=.jpg,415,839,416,480,627.0,448.0,424,64
4vZ6bOHVgX8fQXSQc58vw2idPvp4g6D.jpg,297,786,442,517,541.5,479.5,489,75
4W5PMvO6xwsZ9YdsydXZzb1=zNlUeLe.jpg,243,824,474,561,533.5,517.5,581,87
4W7eYneIKUGL7CGjuZ1YbW_YO6r7GM41.jpg,360,851,439,534,605.5,486.5,491,95
4Wdu3W3W_83defPbPI6152eTnEJ__y.jpg,353,931,470,558,642.0,514.0,578,88
4WewGnlDRYEhh3EjoIfiauWHWZuQ_XNB.jpg,469,953,440,541,711.0,490.5,484,101
4WH6omhDW=uGrERshP_QBHOShnhRlsI.jpg,304,764,442,512,534.0,477.0,460,70
4XbtfBEhTI_N8VYylg4MPS15e4uEkqSH.jpg,494,778,440,494,636.0,467.0,284,54
4XIg9BgH6LdLiHPKHyh247Egh8jVKeiw.jpg,384,824,427,497,604.0,462.0,440,70
4xLfuwFwcfL_NNszOfNQJd3SsJNcqHo.jpg,407,912,479,562,659.5,520.5,505,83
4xtp25DDpzHlrJS7Ef8f4m2o_B4pQ91L.jpg,452,851,407,488,651.5,447.5,399,81
4ygsT6oIvlOfQo_OmZ4hiMJFef9y8n.jpg,417,946,459,540,681.5,499.5,529,81
4yJKcYatqfZyf91q2jLRmE_lrqQDaNz.jpg,453,870,423,488,661.5,455.5,417,65
4ylkryNgNoWOZOXhKfDgduBlrivTE=aU.jpg,403,819,420,489,611.0,454.5,416,69
4yt3lwvis5Yi1b=4Y3cTL8uHp=645DGY.jpg,533,808,436,493,670.5,464.5,275,57
4YyYluh9VbovseaXy9BdLyVmU2s6Op.jpg,293,877,464,568,585.0,516.0,584,104
4YZblQ6=hVn7F3dBsF2w_Cl1XcQWI7=u.jpg,355,827,432,501,591.0,466.5,472,69
4zGyqxuk5PrI_dgiivC3nYzL8Sa3rHc.jpg,261,963,524,661,612.0,592.5,702,137
4ztPChZhtFf7Jn5=XM1cjQlIwiNOQJz.jpg,448,854,420,487,651.0,453.5,406,67
4zXpZqOm3WsEuj9Bt7gNz6dTbwq1QfVw.jpg,396,817,427,495,606.5,461.0,421,68
4_E_e1lNeNnS59JkcD2M_92EnVvv9h.jpg,442,1012,513,600,727.0,556.5,570,87
4_FoQodmVmDwwuh3hVy=MlSyKyWKC4H.jpg,430,803,433,493,616.5,463.0,373,60
51PbTZ5JHdu2qN28YPJhKYd16ae47mJ.jpg,456,745,432,489,600.5,460.5,289,57
52CvrYaQNtL5qPlx9m9VV6a6ldRjoy.jpg,399,703,426,489,551.0,457.5,304,63
5323tE49XX89vih9ebcqgq=6jcyESWl.jpg,167,682,485,565,424.5,525.0,515,80
534J4hgtGZ5g1XQTNObibIxpups12Ran.jpg,404,806,418,481,605.0,449.5,402,63
53VFMcXo6vn2KFCxm_WrwrI_hp5sdBIH.jpg,358,856,450,527,607.0,488.5,498,77
53VvMgJ=rXqV5eqhSlkz2bZOnZ7HOuoi.jpg,376,827,431,501,601.5,466.0,451,70
54BuZlRkcpQ1MSWuQqw4BlW22MdbKw.jpg,471,908,449,526,689.5,487.5,437,77
54k48cBKQBBTgcB=mcMX=6S7CcT4CjlY.jpg,396,877,466,544,636.5,505.0,481,78
54tsFaBmPESh3Bs2xRHmQhVrRV74Tm.jpg,403,952,468,565,677.5,516.5,549,97
54WXjYnEonePner1b=DP5qufMSSgp_ou.jpg,396,925,465,546,660.5,505.5,529,81
55H7sU9x=atft9Ojw37IyXTt1c3e4bqr.jpg,457,811,493,556,634.0,524.5,354,63
55omsr3klCbxkEymvj3EI5DYsZm7KZLy.jpg,396,934,572,659,665.0,615.5,538,87
561MIFKi_9H9rPm95BK4j8Pmr_B3g6D.jpg,353,846,446,523,599.5,484.5,493,77
568mQcxkt3joxFf_NPR8cTBhPh7Ljep.jpg,288,687,445,517,487.5,481.0,399,72
56GkiXBP21XGmBgDGiMg9rgLaG6yswMQ.jpg,354,874,475,547,614.0,511.0,520,72
57DVx9wsp6Yh18Ouujts15j7tkneUuLv.jpg,40,1231,735,890,635.5,812.5,1191,155
57eFFDy7=roNfXuEUPb4=4kKTrhfEBcT.jpg,404,839,430,506,621.5,468.0,435,76
57hOujTJE4cVHgqyibKkBr=2ffx=Bwf8.jpg,306,757,427,522,531.5,474.5,451,95
57Jrj_aTVFviX9feDZl9FRqphZnoSpMO.jpg,424,795,473,539,609.5,506.0,371,66
57qX67hKsP1vS_Urkot61WaNl4JCld_.jpg,384,682,427,484,533.0,455.5,298,57
57t8HQUxlSkLYq9wUf5UB6_NvgNF5di.jpg,433,843,454,516,638.0,485.0,410,62
58iCGjwxamwlViscpQtYWtLh_OrJTjJ.jpg,391,805,447,513,598.0,480.0,414,66
58YJ=v2NmlJElChBHa_fQC2=XUDnr=j.jpg,443,842,409,493,642.5,451.0,399,84
597sWGsU=lkesC=vRqYa8tQdUFN4fX7.jpg,371,831,423,493,601.0,458.0,460,70
59dOVum7tsaOeBuSB_W=DJgmbaD6.jpg,80,877,521,659,478.5,590.0,797,138
59t1oWqlUvzHvQBiR=KrRhK58MkHhO.jpg,406,1073,484,634,739.5,559.0,667,150
59T=uVfI64m4wHbGuWHmTbkrPEt4E=.jpg,494,798,460,520,646.0,490.0,304,60
5=PM5f9eLEqKJWfBiDtUynWcQ4En16S.jpg,407,810,419,484,608.5,451.5,403,65
5=vobjf=TbDGNHUWZJabNVPOOlpsLi.jpg,288,930,484,585,609.0,534.5,642,101
5=yJPGcmcutD8D2yhLN4UeubzOgQgjC.jpg,395,849,431,502,622.0,466.5,454,71
5=ZK4hSQKMGbnjSOs4C9rDbsQHRcEGfd.jpg,481,822,480,543,651.5,511.5,341,63
5aalsWcLmGOstns_18QIxftbV7Ha8gvp.jpg,443,865,447,518,654.0,482.5,422,71
5ajejZMdqQVaBz41iM23LG3eqfnmdUH.jpg,425,818,414,478,621.5,446.0,393,64
5aXl==asunj_3ecG_gXdG6LtxQ5oX6.jpg,405,897,450,523,651.0,486.5,492,73
5a_F=ja=rgvOF7Z98Z9bq5SMOnmsj.jpg,432,774,482,548,603.0,515.0,342,66
5B9bYKXe8cff_ifcsSbkqoQ59KThb26P.jpg,307,946,429,540,626.5,484.5,639,111
5BC3KcYXT48qtf1YmYPFkR5BFNlMI8Bo.jpg,457,844,517,587,650.5,552.0,387,70
5bOSXfs1q81M_nK2kYzWWd89dqM4D6i.jpg,323,876,506,588,599.5,547.0,553,82
5bPQSxBplsvrcxObRoFH7_HFyJcKXZb7.jpg,226,985,532,641,605.5,586.5,759,109
5btRzepjLlxlOjvy=FETPa=Bt6g_aX==.jpg,394,931,465,544,662.5,504.5,537,79
5bXbahn9BMevwR=7lCemyqtNXRWNmRot.jpg,445,911,436,510,678.0,473.0,466,74
5bY47VWxexSra2JCwh9epCU=yBWFbh3o.jpg,253,922,517,612,587.5,564.5,669,95
5cdP8t7P8NkOalvDjp4e5lO_auVPKMUV.jpg,421,865,467,534,643.0,500.5,444,67
5cDQ7glfSSFDb9b=tvjrpcMykqSTwN.jpg,421,841,413,476,631.0,444.5,420,63
5ce2ELaXydErZ4Sjc=4k938URCFaJhO_.jpg,444,962,477,559,703.0,518.0,518,82
5cNRHd=LUdPyldnKitjmpqjlyCYa.jpg,384,953,515,596,668.5,555.5,569,81
5cVTeRxc4ghmP1ec9pRB4x167hfdS7yg.jpg,456,865,445,513,660.5,479.0,409,68
5cYv2_ZfJ7OK5_yCp1RsrcU76=urWX7.jpg,391,820,423,499,605.5,461.0,429,76
5dBiZR8MvIC5wE2SRBKSpdISII8D9.jpg,408,854,425,498,631.0,461.5,446,73
5DhJLXPiF9Kx3Z3bXBSvflBy4ieCGLR.jpg,320,881,475,563,600.5,519.0,561,88
5DjasWZrYwynhSQV5feJJMkiHrDPBsC.jpg,424,955,459,540,689.5,499.5,531,81
5dQKcSid2fEXttZ16nJ14BpkeFen3iLF.jpg,300,835,445,531,567.5,488.0,535,86
5E1d6ohRHWdPWmKhdXowRWEu6hBVMlpN.jpg,189,832,493,593,510.5,543.0,643,100
5E33Qnnfow1TJv8D1d4DHKCxw7ZjmG3.jpg,348,886,481,564,617.0,522.5,538,83
5eE6Ut6qgX7nJ6TIMu8=LSkSVf5uuh7d.jpg,439,852,444,517,645.5,480.5,413,73
5eeRkDvSY6Eyl1eOSZCuQBKVkur8ggQK.jpg,350,830,440,515,590.0,477.5,480,75
5EnaZ7jd9prqClDkrpyMEgOZpaD1.jpg,526,820,426,485,673.0,455.5,294,59
5Eogfp4dLEwDXGTsIpySXRIqr2sHjdx.jpg,360,781,418,480,570.5,449.0,421,62
5eoR3QKqYIFQP2tutDcKyUvCZR9rs3D.jpg,405,830,416,480,617.5,448.0,425,64
5ePbuvmXi1Cc_w29t=N6iO3RIcTJlbeD.jpg,511,801,447,504,656.0,475.5,290,57
5esQDK9w8TIKlmDaJUyeNaKEBM9J8fxu.jpg,342,738,419,482,540.0,450.5,396,63
5esQGXYWEtL7yR2DVLnIqHIaj6SR1V7.jpg,283,802,456,532,542.5,494.0,519,76
5eTgQDmGrnnU5Vzk9H1bzHObNlQwhinu.jpg,303,806,462,534,554.5,498.0,503,72
5ETVzhGU3NLRhVKl6dWL2ndBpwXDoSE8.jpg,366,830,437,508,598.0,472.5,464,71
5EyYVhKNxVz1Pg=csYou3ba7wUPrQktW.jpg,403,907,435,511,655.0,473.0,504,76
5f4svq=IGPExvgsfRsGiHMVHi5zKYQK.jpg,441,854,413,478,647.5,445.5,413,65
5fbNItbXXy7IyPToHUkHVIBV9tM6Vd.jpg,419,943,454,530,681.0,492.0,524,76
5fhiU6YiwQgeJr=UanF5mF9Hq2UNqQ1M.jpg,349,908,478,563,628.5,520.5,559,85
5FPOa6nHzETxIvwWaRtGNpFMQpdvPqL3.jpg,380,812,419,483,596.0,451.0,432,64
5fu9rJfDsK5ppzcLc2LyWhXsMqNUW6Y.jpg,264,1055,552,687,659.5,619.5,791,135
5FX6XgsVVefIUrK43=xJfgmD1a6gh5p.jpg,438,712,420,475,575.0,447.5,274,55
5g3KVRVWxEUwS__F5a9TX8H57nFdde.jpg,450,840,412,475,645.0,443.5,390,63
5g4k=njZYE52ujkfxctP33pBfuIOsq.jpg,426,873,421,487,649.5,454.0,447,66
5g8v2j4LUC4oQxxJ85Fx_HvwbiBMm3Z.jpg,460,878,446,517,669.0,481.5,418,71
5GD8cCZ6LuTCPX5uV5yJgx9OGYOww5Ic.jpg,313,840,457,556,576.5,506.5,527,99
5gf=Z5FdhL_6JpXkLsD3EkuHy7L6oL.jpg,148,924,547,670,536.0,608.5,776,123
5GHu9o8llrhx55daClYEHFz2uNaxTeSx.jpg,427,932,493,567,679.5,530.0,505,74
5gLJi4wgmBe8IEpk98PwYXF6zWSN14H.jpg,378,817,429,498,597.5,463.5,439,69
5GZoHsLv4ePRF8ePwJFYiEG32=3_sBIw.jpg,344,770,417,480,557.0,448.5,426,63
5H2l5LdmBYFsPlXDyOiY2oHsmRN94.jpg,287,1042,527,669,664.5,598.0,755,142
5h5S8_re2N_V4=Rpj3ObR5rIDU3YwU1m.jpg,293,1036,526,642,664.5,584.0,743,116
5hCR8OKXi5wFSO6dkZmzwI8o6O__KiL.jpg,426,1005,466,564,715.5,515.0,579,98
5huZibaCLFlbhcX=syESqHdmV=gI6Rp.jpg,463,920,427,503,691.5,465.0,457,76
5HZN1hCyJZLCojEKLlizB4FZ3CP1gC.jpg,418,908,452,526,663.0,489.0,490,74
5inskhDkVhlDb6gCNxHU9rjKdfPEGuy.jpg,469,859,439,505,664.0,472.0,390,66
5Iq41Id4Vmw7yV5Yhrmluai4vpeH4uPz.jpg,460,896,452,524,678.0,488.0,436,72
5j3XmcRCuR1pbl7BTgxjZ6uRmEu=96=.jpg,318,681,500,566,499.5,533.0,363,66
5jeUFS3YhqF=6_HGXK6Q3JImYSdIvyV.jpg,59,1080,665,793,569.5,729.0,1021,128
5jFs=S8t6UeVyDK2YQYWuGw7fEyNSU7.jpg,313,801,432,515,557.0,473.5,488,83
5JFyV96XCWtjV8RuKvhjsnDsT2XOML.jpg,256,780,480,555,518.0,517.5,524,75
5JOkLXrjzQOziWZa5mEij5wtCqtwtmP.jpg,402,940,459,548,671.0,503.5,538,89
5Jv4RZGzrVaDqoxL7HWIGsR96NsCbX5.jpg,429,827,434,493,628.0,463.5,398,59
5JxI9S4vPQwV9j7zZkk=EaOTRc7JSX.jpg,440,775,425,492,607.5,458.5,335,67
5J_kTQ8Lj3pZqrTKk9gcDOewrXucJQ6h.jpg,323,791,447,518,557.0,482.5,468,71
5K2XQO_wPuKSw745rw=kxrX5zqm3mGi.jpg,342,944,490,596,643.0,543.0,602,106
5KqjoeIFB2TbkEMvlVjMC5XXX_OZGa.jpg,386,856,424,496,621.0,460.0,470,72
5KvIuaLiemT7g2Ol6kzTRkCJKX8JBfov.jpg,294,737,463,530,515.5,496.5,443,67
5kvWgxYyO=RjTGyS4K3fwEO8iEwQ8.jpg,494,787,433,491,640.5,462.0,293,58
5l2OuFT9_VzSpITwEJPPfKObM5vs.jpg,278,775,444,524,526.5,484.0,497,80
5ldqfOBynQ=sbZhPdf5MBKp_aMWL9uNx.jpg,407,819,422,488,613.0,455.0,412,66
5lgqbByYj5Ecjh2hQTkglTrkcEF1VxU.jpg,322,825,453,528,573.5,490.5,503,75
5M16dfgQe9vpjr86sblJlgK8ozdv74.jpg,440,885,423,494,662.5,458.5,445,71
5m2wGe=moxf_LEgbNEFnhG2JTN9V8U.jpg,460,890,417,492,675.0,454.5,430,75
5M2xrMUwbx96tvX4B2jLm35_XJbG=r.jpg,279,834,507,600,556.5,553.5,555,93
5mD5uJtPX1ZR85zgRwUz4fkUziMiQ.jpg,424,823,410,495,623.5,452.5,399,85
5MHSlwD9RUtilIighnh4bBHazYow9J.jpg,277,797,465,540,537.0,502.5,520,75
5MV_sG5qb6yCZJckLzzglvWIpftvBq.jpg,303,853,515,590,578.0,552.5,550,75
5n51qs4hYH4nDnLYqFbbPavS=I4YHUEH.jpg,492,770,416,474,631.0,445.0,278,58
5n5lPgNZiLKuYdiQz=xuzokNiiBs8Et.jpg,436,763,425,488,599.5,456.5,327,63
5nB5BGDVlfbF4ZHHseK1FLhxLh9o49Oq.jpg,408,860,428,500,634.0,464.0,452,72
5nIX=uBmOx2QcROQULzd67GD7rvedZi.jpg,451,728,425,478,589.5,451.5,277,53
5NSJ9tl7lO=WUlXw_gRqqpfiRQ3OWRm.jpg,481,794,443,502,637.5,472.5,313,59
5NsXvBUKHWG8IYXMrpSeKEtyoi7dQDr=.jpg,260,825,468,555,542.5,511.5,565,87
5o5nFRWw8uDpTnFPdwBdrJjgocEDMUJ.jpg,306,863,493,576,584.5,534.5,557,83
5ORja3fOsHxshJOTx3RM6Zdts1u9LH=4.jpg,463,868,412,476,665.5,444.0,405,64
5OVNsP4a1hpkUslIUmZiYj=xHWpRcH.jpg,423,727,457,518,575.0,487.5,304,61
5OzRtBB8d6wvhqKOfgjCNZhoGFjoOkQ.jpg,329,917,477,561,623.0,519.0,588,84
5p3eOg28kLR5ctU9P5CjXCrqcUGXI2Su.jpg,384,771,446,510,577.5,478.0,387,64
5P82a8kqb6cT=_osBwOtLR_V_coyyp.jpg,333,879,467,544,606.0,505.5,546,77
5PD_IIe3d3BHywo13uGbVWu6X7rwV.jpg,363,888,435,517,625.5,476.0,525,82
5PfowRMlylmnWpv4eR676okBqJuiLZ.jpg,450,878,425,493,664.0,459.0,428,68
5PLUEBP8FJivSJlDtlDY5BXeEvOSnaS.jpg,360,917,473,558,638.5,515.5,557,85
5pLwYC85Rvc5s19Xb=kFDXDynrju5yPw.jpg,346,915,510,593,630.5,551.5,569,83
5PnzE=N9YseJdljCL=Nhm7GuFdmzHdD.jpg,332,764,435,501,548.0,468.0,432,66
5puGqgJm46dU_H61SbuM8yp3h=cV3ML3.jpg,406,786,410,472,596.0,441.0,380,62
5Pv=lkfgTtcquTEsm8Zfi5Pu1ZJsvKj.jpg,447,792,477,546,619.5,511.5,345,69
5PZtmncIPCLUop9DVt1uCQJlgdVYbs.jpg,479,826,493,553,652.5,523.0,347,60
5q1hhIcRpiKy=kc_1jBchw=ZiLLis42h.jpg,460,912,437,509,686.0,473.0,452,72
5qO5cEDVjtaFQeMtpNBa=PbxKNdgkf.jpg,223,805,565,665,514.0,615.0,582,100
5QqT8UV3Dg3qIgLQKYmQKXN3xfV=iPF.jpg,455,742,430,485,598.5,457.5,287,55
5qTiU43Vts==BFQeBMWDu3MknuVbHR.jpg,343,700,465,530,521.5,497.5,357,65
5qVXrGtaXu1l1WXbo=TcG5arXHpaZCzE.jpg,384,842,422,517,613.0,469.5,458,95
5qZaIUsPfRsk_l9VgkPfx6SBzvGLLq.jpg,447,836,440,503,641.5,471.5,389,63
5R1UL6kcDTekasgNU9_TBIY8ZrH5fFxN.jpg,349,650,424,485,499.5,454.5,301,61
5r5uiOkyhsQbpVbnkW1ISjUyl7OVFlU.jpg,416,851,416,481,633.5,448.5,435,65
5R8Hg=LEJaLGi1cTMsNK3EKp656TmaoT.jpg,360,654,431,488,507.0,459.5,294,57
5rgkdfUY9sSLLFw3KOtTZXHTHXsdyeJ.jpg,331,748,421,491,539.5,456.0,417,70
5riIU9nQHB=GTdxvEyrWJjj=g__SD.jpg,279,800,449,526,539.5,487.5,521,77
5rToOed1zZNmrgWTP2ZNDUjq8kLSLD.jpg,412,942,454,555,677.0,504.5,530,101
5rtXsTeegFYcVeIUmKkBNwib5DvPVw.jpg,313,900,521,604,606.5,562.5,587,83
5RUrI=RNlpDotBj64fyyggkCH_tUw.jpg,318,872,468,548,595.0,508.0,554,80
5Rx3JGsD94Vytej9tOY1Xfs582gLwxi5.jpg,264,1020,494,615,642.0,554.5,756,121
5s511Exjo1pqwvWsyYMW_wr8yHMcWC.jpg,329,744,422,488,536.5,455.0,415,66
5scu1b_XOpymrPzoyTuK84mHo96ogkk.jpg,415,970,465,547,692.5,506.0,555,82
5seBBKCP44KBY7ORbqOCwe_WVtWl11n.jpg,267,780,448,578,523.5,513.0,513,130
5sfefYqj4EHqVOJxLtTnMknpF8Rmw.jpg,369,845,443,517,607.0,480.0,476,74
5SfGWzncbdTwIfwLxbmW9qR1Dalj=huu.jpg,395,807,418,499,601.0,458.5,412,81
5sgbfeCMJXu4SKIXxbrE7oZoiyHvytj8.jpg,346,1001,519,608,673.5,563.5,655,89
5SVYEnma8tz_NdtZLh2j884GeQjYnXLa.jpg,409,853,422,486,631.0,454.0,444,64
5sZBrmdJIbnWlWixIK1nOPW496n6UbeH.jpg,448,941,426,519,694.5,472.5,493,93
5TbZSq5_CZv2todikMyyI7mTzh1xrp3.jpg,299,815,455,532,557.0,493.5,516,77
5thudHM4kdWK_QhesLWQBHQVgGtqn3rO.jpg,362,912,470,553,637.0,511.5,550,83
5tkvr=48LETUPvo6LOuLrBYO_qhCwbv4.jpg,403,881,427,498,642.0,462.5,478,71
5tMmJZsIBsmzcObt_YaPHzHyNTKwIHcm.jpg,442,913,468,551,677.5,509.5,471,83
5ToIPjLDHPxjPGdqE4_pvxcvgscY5vj.jpg,306,753,430,503,529.5,466.5,447,73
5TrpHveKq6Vl9xKEupZREK4lVWdqjl.jpg,435,910,472,545,672.5,508.5,475,73
5tsT8uIZqZsnd5u198U3zZ_PhY2C539Y.jpg,426,839,419,496,632.5,457.5,413,77
5TV_gYsFzJBS9MjKwONj8_XrihkjvfUU.jpg,543,827,444,502,685.0,473.0,284,58
5T_BOLiEV678RGUqJjPSoqzm9m=LzO.jpg,490,936,465,539,713.0,502.0,446,74
5t_KtZYX8bxtP8XaPYXwlQxi2GkZIcE.jpg,196,968,571,686,582.0,628.5,772,115
5uCxJVneaRaIDeeUt5KDsDV=9lN26EvD.jpg,456,918,427,504,687.0,465.5,462,77
5UD8BJVI8tYH8Cr63FvbWgJnSy84frq.jpg,455,760,434,497,607.5,465.5,305,63
5ujWDKRJiGeaF4Ex8698UPXzLrwoNB.jpg,448,892,421,502,670.0,461.5,444,81
5uTa39gVKjpeE6FQY3pml8BSxStDK5Gx.jpg,397,837,421,496,617.0,458.5,440,75
5UzqFEzTKwh6CbhVkjBE9t55v_mVwjN.jpg,342,742,460,537,542.0,498.5,400,77
5v=v3TOKyvmIyQoXSoh=YB1C_=XWpwes.jpg,460,759,455,511,609.5,483.0,299,56
5V=YrL5P2qXLzzgu5nMPEeCe7XM3Hku.jpg,297,867,468,582,582.0,525.0,570,114
5vDCXZSyziSyzegXbsJcnKH8X37aGv.jpg,366,861,450,523,613.5,486.5,495,73
5vgMc=Bd4C8yaKRsxeFOlGYtz=nauwgE.jpg,429,762,430,497,595.5,463.5,333,67
5vRPoozXaU9jMr7WD3Grz2WMD7_ug.jpg,393,824,425,492,608.5,458.5,431,67
5w5_kbkcd=KlD8g_IuaLkG_426eP786.jpg,316,903,510,596,609.5,553.0,587,86
5wbUgXdx3akdWsmHmNrncOnJI=8_Or.jpg,425,839,425,491,632.0,458.0,414,66
5wmJUMdrorOYYdBOC2GYOiZm5Bdq4gI.jpg,372,983,472,566,677.5,519.0,611,94
5wORYg9E3qR4NQnzx66KdxDv4=rK59kY.jpg,367,839,433,509,603.0,471.0,472,76
5wRRWXeZVbdwsp3i7UrcvimwbC_lyM.jpg,435,884,466,536,659.5,501.0,449,70
5x1K8LFTpfBYk5pV8HflbFXVrZ1UEuT.jpg,393,869,458,529,631.0,493.5,476,71
5x54YTditu46b4W34gHLMFdbZJIsbmc.jpg,422,981,514,599,701.5,556.5,559,85
5x9oQ89QXZJl=fwj2dCC6ZfUm74Klpm.jpg,379,662,429,483,520.5,456.0,283,54
5xNKtTjpu4lDWFYPpJ7Zg_N61sEdOnZJ.jpg,502,823,468,529,662.5,498.5,321,61
5xp7ky=pXjQqN_6ZGb1Vwp7=VUhEWi.jpg,333,902,473,570,617.5,521.5,569,97
5xug7fq3e3EJP2F28cxZklfLee8bgtR.jpg,266,785,451,533,525.5,492.0,519,82
5X_YiFc1JkqCQ4SllDsetlD2XqHQaSF.jpg,361,768,459,532,564.5,495.5,407,73
5ydTXPROgqgwzQyXzDXqUKolpIHHJ6m.jpg,428,846,415,478,637.0,446.5,418,63
5ynPt_2hDI7RfdJ76Qp21Xixa5CNvJY2.jpg,417,813,415,480,615.0,447.5,396,65
5yOP2k82i2_GP_e=NncvJQgyn6cw7EE.jpg,293,768,423,522,530.5,472.5,475,99
5yOWuaWVsOH2Es7grujDzuM==bIMIjJW.jpg,370,798,421,485,584.0,453.0,428,64
5yqSLx=DFHiDEJaafIivKKUXyIxKtRDO.jpg,442,897,464,535,669.5,499.5,455,71
5yxOa8SDhcpYUh1siBzbWgkwWjpDUb3B.jpg,395,800,414,490,597.5,452.0,405,76
5Z4ZuYiZkE66lELXUu2hsI5Ng9a6=nF.jpg,470,959,448,526,714.5,487.0,489,78
5z5pCNSD_ZKoxXWYUVrZfy9x67Zk=lC9.jpg,446,849,412,490,647.5,451.0,403,78
5zEdrWEIHyzR7rC2iDT2LGeXjt5KuI86.jpg,404,791,455,528,597.5,491.5,387,73
5zh6w94ZFT3lPR=UPLz_JVoRXqYR6k6.jpg,438,865,449,521,651.5,485.0,427,72
5ZIjPTS2M2ov12GHZIp3xHYL_qBR1Ft.jpg,417,707,430,486,562.0,458.0,290,56
5ZLsdOt2nbOPp6MEdtLC1Hjkvomvrc.jpg,377,865,479,550,621.0,514.5,488,71
5ZtdMlkkKB9YE4UkJU_UC67UwlEw8KN.jpg,350,787,421,487,568.5,454.0,437,66
5zTeEC8XUTyV76bIzMgWpfFySu==YUVi.jpg,417,1213,582,708,815.0,645.0,796,126
5ZwHTEiz_aIPLHlPvppYzbU=nNlo.jpg,438,701,419,473,569.5,446.0,263,54
5zyNeIy6iZckSECb3sJtOYxwG_4hCOH.jpg,458,905,428,499,681.5,463.5,447,71
5zzjz8TKFN9EwD8qyKu7swR=BP_5BZoN.jpg,428,856,422,490,642.0,456.0,428,68
5_4DrgKxZ3zkdyNJDRV358GHKzYLU6UJ.jpg,467,798,456,515,632.5,485.5,331,59
5_8nayzJjv7hynE1NRixOhR1e9bjo.jpg,364,845,429,500,604.5,464.5,481,71
5_=fBeY1pyPzC5TqZUgI2xLWNP4Ve5g.jpg,444,895,422,490,669.5,456.0,451,68
5_h_htDwDwt9KD6nzjWFvl23jqK3K8N.jpg,408,823,448,515,615.5,481.5,415,67
617xI6CtCYqn4MF_9PswJJ_4scx2lZ=8.jpg,375,889,487,567,632.0,527.0,514,80
61MWOjsJbG=BXVYk=Y_LzdcN5y1j3B.jpg,304,760,433,511,532.0,472.0,456,78
61pmUiJDYnztWcXV5lQYpa5e4iZ=Nd_.jpg,339,772,425,508,555.5,466.5,433,83
638yxF6Fg24jfQFDF18T6jpOfSa77OJ6.jpg,428,989,465,550,708.5,507.5,561,85
63OYQVnbMFUZtVHKjwhvGYH=eObBnd.jpg,358,805,422,487,581.5,454.5,447,65
644y1Vx1rcYoxMac65jhgO2fF8xEmux.jpg,401,807,414,475,604.0,444.5,406,61
646sF4LSt5_DWs5LQ=mCEmIctr6YDMgU.jpg,294,825,472,554,559.5,513.0,531,82
64DoguvfJlDQ5cPN6HHrOSriU4eja.jpg,420,854,423,496,637.0,459.5,434,73
64gds8gyiuWYyFXmPCgULRP35xLN9ED.jpg,401,663,420,471,532.0,445.5,262,51
64pamoEg9Jlk=BaKgTLof2zzROE7PBc.jpg,360,826,426,496,593.0,461.0,466,70
64TFH_mSRra4IFd3x=FEY161_cP5PUs.jpg,484,794,430,490,639.0,460.0,310,60
64z5Ohd2NoKRKPeeilCjyZDm_7unvMoG.jpg,490,758,434,489,624.0,461.5,268,55
64ZoJ9ewYN2whZHy7ahCrFL47xDdPuIj.jpg,440,755,473,531,597.5,502.0,315,58
65RDxdXgGpJ7e6tZMXlls=ms1cFi5Ha.jpg,476,1048,472,561,762.0,516.5,572,89
65SDyJ9uCiEgYDamOabUP2feekz2zQr.jpg,447,1019,517,602,733.0,559.5,572,85
65tppHEYdPQm8oqw5GplBclgM5IDJhk.jpg,412,895,441,518,653.5,479.5,483,77
65wabtxi8LfJUphUKTr86ppUb6ay2N7.jpg,403,853,429,515,628.0,472.0,450,86
667mFNp3VwqLjiVkf1nxSwDVKzx4QLg.jpg,517,972,463,537,744.5,500.0,455,74
66ca66uykQxi=kdcWqgaRDxwQU3Ju8.jpg,330,879,457,536,604.5,496.5,549,79
671C9f=jcRLLgZwDuSeR=6B=byiUKoeV.jpg,341,855,457,541,598.0,499.0,514,84
674u9rp8WO4MgKYcZbE9_xLHKQ76f2.jpg,493,798,431,490,645.5,460.5,305,59
67dC7pmLnI=niDMuZt4XyNcNWBq9xuE4.jpg,347,967,493,595,657.0,544.0,620,102
67M_sZIdlPLeCNjrifpCZa2DhCOZvbY.jpg,395,828,417,479,611.5,448.0,433,62
68BCmDHzDCgMrLvUWHOrMLP=cawugfBd.jpg,429,707,423,479,568.0,451.0,278,56
68d3OJ45zIJWCxUw4BhVZcvWr7nRrUQ=.jpg,434,913,439,518,673.5,478.5,479,79
68HvkRKdhVVNL==NqlQGOwfSShSNe.jpg,467,898,422,508,682.5,465.0,431,86
68KK8is5Lgu9oPxY7lCIbc4iupqOrZV2.jpg,410,830,414,477,620.0,445.5,420,63
68xqSF9mJIIerGZ6tasIaBraqWDVOve.jpg,364,835,465,534,599.5,499.5,471,69
692daJ4JZv2GwQ7a541V2fynVX5zKZM.jpg,458,722,412,465,590.0,438.5,264,53
699js6=eiFkOSEOZgsXy9uBZjdO_vo4r.jpg,322,936,466,586,629.0,526.0,614,120
69lI7Vapy7e9cxM_=Lyx_u6yZ8XsMC8j.jpg,443,867,445,508,655.0,476.5,424,63
69Oe4Q_bQX5_zH1geX1_Wc56SHCWqP.jpg,404,919,408,492,661.5,450.0,515,84
69UnogPQLcujYjcCpkFbIroqhditlCTk.jpg,352,843,442,527,597.5,484.5,491,85
6=55er9MgXY7ZQsI7crl7hUmayxOwSh.jpg,420,815,417,481,617.5,449.0,395,64
6==GveP=FhuQSKEz_LlCEqrcFjLTmXV5.jpg,329,909,474,562,619.0,518.0,580,88
6=cn9P6UnLVtSprZF1tQNirfy9xPrw3j.jpg,313,756,424,498,534.5,461.0,443,74
6=mXXUSIul66RnFEHzF6fIxkGJL.jpg,312,863,501,582,587.5,541.5,551,81
6=pHRmhMsF1ILIbWd=ubJeaSqiCM5NFu.jpg,413,834,418,484,623.5,451.0,421,66
6=S=pTOFfIaeZleBHc842TGoo3B_ycl.jpg,357,811,431,504,584.0,467.5,454,73
6=ZJ5Z8LWwXLwtmpkVqqZHgDYpboOQE.jpg,338,838,438,513,588.0,475.5,500,75
6a3H4FrW9oaZida=GyGJkdP=ZJC7=h3.jpg,303,860,453,536,581.5,494.5,557,83
6ameqwoscSL6D=I3y_oF=WZBXnppdEyC.jpg,396,963,474,559,679.5,516.5,567,85
6b1sDJXhov4dQKvKYWXEXSuhvdhZsvD.jpg,359,882,457,533,620.5,495.0,523,76
6B3mb9kYRHQgP6jTSjjNnsRiOPqgnoz.jpg,222,981,537,669,601.5,603.0,759,132
6bBf9qSwqog58ci5xJzO3zsystFadeWQ.jpg,367,824,431,505,595.5,468.0,457,74
6BbPBOrNqWpCX_jNjNa5fgH=GLlC77S.jpg,374,817,419,483,595.5,451.0,443,64
6bHLuMzMrHothyvJWE1fd9HbHiTSkn.jpg,188,856,447,558,522.0,502.5,668,111
6bLDOg5hwhNlJ1s5lfgrY13V5=d8uzqp.jpg,330,751,430,494,540.5,462.0,421,64
6bzSFKP4BRR8WPHCMfTiJRunsDQm.jpg,485,878,409,486,681.5,447.5,393,77
6C4647ct1iekuvFCVV69GULKn5Vpa7cU.jpg,308,755,425,491,531.5,458.0,447,66
6C7ldOFyBQN9TdvJ5oSqb5zEvlKUmoV.jpg,330,758,424,488,544.0,456.0,428,64
6c9mYPEgh8zrIENP3RpfhYlVIaaKP.jpg,323,755,428,496,539.0,462.0,432,68
6cNHvmT==SV4HvH5WUzWHeXx4gYL3g1i.jpg,251,714,468,537,482.5,502.5,463,69
6D77xNMZa7FOE52QuT5VFNdJjQf_8h.jpg,405,867,435,510,636.0,472.5,462,75
6dopTh=y7E2IuzBh8lHWiNdqZvM5CO.jpg,426,725,451,510,575.5,480.5,299,59
6dqdMrVZsuulHbKkUrM13=9gqJOrqYX3.jpg,380,828,439,510,604.0,474.5,448,71
6DyyiRljcXB8frBOhlCwHXon5GFxnJ.jpg,377,822,419,484,599.5,451.5,445,65
6e1yELhM3_QXJC=JaE4YcRZvQ4FKLuSs.jpg,433,871,421,498,652.0,459.5,438,77
6E8n29YYPdMcqwaNy9niwu32cBo2BnW.jpg,432,838,418,484,635.0,451.0,406,66
6Ee=YC53PTbwSfoUpWvFpr8vMRXHSzi.jpg,479,813,482,543,646.0,512.5,334,61
6EFNPiZWX8tfd7G8c=hC3LPY11hN.jpg,408,776,494,561,592.0,527.5,368,67
6EIjq9lxuH67gG9wfRuIHKIQnyYDV=h.jpg,379,839,441,523,609.0,482.0,460,82
6EOpLrRrF33ji1v3zJGqCCK8PQ69knQz.jpg,353,806,421,505,579.5,463.0,453,84
6ES9ImqGudp7Tiv=qKYIkEaqHdgHmu.jpg,298,817,456,531,557.5,493.5,519,75
6f7yHWWhxZLaBw9FIFOVvETp9NuZ1x.jpg,346,876,495,580,611.0,537.5,530,85
6facR9KBQhYcqTJGGN7_mLwSgr3ZBHC.jpg,356,829,477,544,592.5,510.5,473,67
6F_lnh8ezczENnLoWgJcqH36UfPP1ht.jpg,289,766,440,518,527.5,479.0,477,78
6gD=stIrEJ_L1_8sIIcJoSkCirduvP8.jpg,448,917,450,518,682.5,484.0,469,68
6GGFZNZ1JYrm13FpjruPy6MZO5lcUlu4.jpg,257,837,522,611,547.0,566.5,580,89
6goTii2v3bVMiVxNXgVHQF1a6pPc9sKs.jpg,396,873,425,525,634.5,475.0,477,100
6gxrOvGtXUBSYhXsDba1=O1apZ7WzyM.jpg,221,964,527,654,592.5,590.5,743,127
6hGeswqf4o2k7ELHxlxDbqBt6UxbuIM4.jpg,384,832,430,500,608.0,465.0,448,70
6hgNWCmFQmWx41QDhHRnqj2QGTryHMt.jpg,392,930,492,581,661.0,536.5,538,89
6hgrgS5SSgIemeMGye5Z=DogL36wG.jpg,439,860,419,492,649.5,455.5,421,73
6hK4ZVvcxcnNabEEkHqCV53wBFLkzgx.jpg,378,806,460,522,592.0,491.0,428,62
6hVYBI83OIiITDvXE1N7U7lqshLb1TD.jpg,473,798,478,538,635.5,508.0,325,60
6iG2qo8tUOb5MIkpidctSKKXVZn=g.jpg,379,677,439,494,528.0,466.5,298,55
6IZ_T2wHk6=nYRKlwUraGMpiS2=Ep5m.jpg,472,886,416,485,679.0,450.5,414,69
6J22Fnd_BWUYpo5PKbEBCNzrSut1JZzw.jpg,300,675,472,539,487.5,505.5,375,67
6JGzkC37kXsykpV8ZdbDkxPkZ445yu4V.jpg,282,1015,516,621,648.5,568.5,733,105
6JRWZlNH1P7OtlQQpu1ZgrETn1qqDRHl.jpg,230,972,527,633,601.0,580.0,742,106
6JSmvRoHjfZGucncl6135tC=xbJxhqyF.jpg,364,670,430,488,517.0,459.0,306,58
6JwTr1MgQpxabqMKnf8tEdgpp84pjR.jpg,449,800,462,529,624.5,495.5,351,67
6jY2NsvrOciugmmWtcQZUOSqnPM2HG1y.jpg,399,820,422,502,609.5,462.0,421,80
6JYlGTauMVLeOlrXIjs8wCgFwZEL_p_.jpg,331,847,467,544,589.0,505.5,516,77
6K1qu1x1LbpcSNp28RSeSwwbDYNwSc.jpg,279,1231,600,748,755.0,674.0,952,148
6kEy1pEnhTZcHe3gDd2t_WirkFuGWDPY.jpg,400,918,463,543,659.0,503.0,518,80
6KOkP497Iy4VvZS78ZTtxqTY74v4ihbz.jpg,496,764,418,470,630.0,444.0,268,52
6kpFO9UfMXof9j==wR3f36dVy1Zi.jpg,440,862,424,496,651.0,460.0,422,72
6kpWw8Udp2tzZUIaBfLikEu3BXDPOiQ.jpg,461,867,412,494,664.0,453.0,406,82
6KQnnzHhw=iq=o=rDws_YNwoiQZMZkJx.jpg,258,793,468,545,525.5,506.5,535,77
6kW_7CsCw24YGHySE9=8799_6Dl5oSH.jpg,400,803,412,489,601.5,450.5,403,77
6Lkt467oD5aJIs8BvVrVWQLhgPFi6cRJ.jpg,373,792,450,518,582.5,484.0,419,68
6LlHCc_utHxeVVPnTgPYok6WIJasZbdD.jpg,349,794,426,516,571.5,471.0,445,90
6lPW1tro=FB8b5xdtdy4IzDlPKd18R.jpg,477,790,457,519,633.5,488.0,313,62
6LR7y4uY9h_M4nafS5bqpEioofEoPuXE.jpg,461,762,457,516,611.5,486.5,301,59
6m5LDaNNDILSC1kiW=TnUqwqpMQly.jpg,390,821,422,501,605.5,461.5,431,79
6M9usnCwWOnyq1IIlDwysw8QtDDRfH5.jpg,449,777,427,490,613.0,458.5,328,63
6mjDJsBvXYt_8KaYhn867k8Dav79EDz.jpg,371,817,421,490,594.0,455.5,446,69
6Mq=B2oK7zwqWcO1GTE1W_ZfHyXPitQP.jpg,335,856,492,567,595.5,529.5,521,75
6mYtMu_YR6HotuCciGVtiOBjIK7gqS.jpg,410,830,444,516,620.0,480.0,420,72
6NJ8F3hXolmImkwOLak9PTIx3BfOaPhB.jpg,374,786,417,482,580.0,449.5,412,65
6nm4pTCW1h7D_27dgbLF_J9y_qhPwi1.jpg,452,893,420,510,672.5,465.0,441,90
6NucaOkp1QG=F5E5=Jf7ur2CFBtNpvt.jpg,422,852,417,483,637.0,450.0,430,66
6N_fRrQhfGxvprQpgh4gcK3NPc4xLr.jpg,480,881,416,484,680.5,450.0,401,68
6O=3396l7BB7ryqtNnKBM4_vmUQB1vX.jpg,358,819,431,505,588.5,468.0,461,74
6obIXkp3SdvUaHqtW_Pbb4xsZJI=nb7W.jpg,476,813,424,488,644.5,456.0,337,64
6OebkyOWytOf4ap2laZZMPo57svHtXJO.jpg,424,865,449,513,644.5,481.0,441,64
6OlxaTFMepmNwU2ZRaKfdq7LCThfLxv.jpg,440,782,450,512,611.0,481.0,342,62
6oqUXmgvwJMJS8NJgWOTbOoxlJDBU.jpg,289,879,484,566,584.0,525.0,590,82
6OTo69CYdrQ7vb=dgkVVT2zXS2XjbH1J.jpg,364,878,449,525,621.0,487.0,514,76
6OyGyM_ivOoN9DEODJ3RQ8MNd9EEMO.jpg,248,962,511,630,605.0,570.5,714,119
6PBezQgJOXe8Mvd8JgWWXNNVxe28mlM.jpg,324,776,431,504,550.0,467.5,452,73
6peNoSwc5vdtymdsl2eTxTjN3HDXV9=1.jpg,349,681,453,515,515.0,484.0,332,62
6qF_pI7kZg7mMZpuTiIkNXRiqL=gz4g.jpg,337,747,426,491,542.0,458.5,410,65
6qHCq2yF34crLjuVmCLqHLCxdHzlvn.jpg,454,894,459,533,674.0,496.0,440,74
6QitXdZ6fnv_I=d2o3Soma_7PLRoP.jpg,403,959,459,565,681.0,512.0,556,106
6QZycW64z2rV6Wwkc=5TOFMB=rP5eZQy.jpg,226,1083,572,706,654.5,639.0,857,134
6rEFQWuK4Zrz2jRsdz3j9slTOOvLNb.jpg,446,732,429,484,589.0,456.5,286,55
6rF4wndTdqH7KdoMxvNKCv5i9fLh_H_.jpg,325,868,507,582,596.5,544.5,543,75
6RFCXVbBzhx3s2zPo3ZZ23l1iFXU8rJ=.jpg,458,838,437,505,648.0,471.0,380,68
6Rnre67YMWaZblhwdsQRbpHeyNcgO9O6.jpg,552,1024,468,544,788.0,506.0,472,76
6RUEK7PBj2MK5_dz6q_ENemrSBNJLj.jpg,395,837,428,500,616.0,464.0,442,72
6s77=52FjvCEnuKayC25nDkUdq2TISe.jpg,339,861,459,540,600.0,499.5,522,81
6SeLDL3k737pJSQBDxBngV7wmw=fHR.jpg,382,808,418,505,595.0,461.5,426,87
6sHJXxZVxIHIH3DlWrKmcodmr9g5Y.jpg,343,668,435,494,505.5,464.5,325,59
6si_VjENPG4zu6EkfC2M3fv5fTBtCxg.jpg,466,740,424,475,603.0,449.5,274,51
6T8Ki3vaXCQJk2Gl6e5u57T3yfgnKj.jpg,457,875,453,518,666.0,485.5,418,65
6tnKr2eoWyEnheNLBDhmgdfqSuzqVzL.jpg,299,756,427,494,527.5,460.5,457,67
6TO3GttQX_eWW4mBgUy1iYbg6ZT2Xxv8.jpg,176,715,463,550,445.5,506.5,539,87
6TTgo47wOWe6mjLiw4eehquHOgs8DJ6.jpg,329,752,414,477,540.5,445.5,423,63
6tZ6znT9lhb6crBQL1TNvLG1iBw3JFy.jpg,404,822,421,493,613.0,457.0,418,72
6t_KDRf1ULeiZa1WTsnXbmwqWS7_5G.jpg,378,828,452,518,603.0,485.0,450,66
6UbVsOXimEy_rfB5sOjPqyYhkerQQl.jpg,340,852,434,512,596.0,473.0,512,78
6uiXaKbyb4dHf=DaxGCWDgX5Kp5EI=S.jpg,361,745,415,484,553.0,449.5,384,69
6uRE=vUeR=xxeepTHbiEFhvk=WXIFu3.jpg,461,874,414,497,667.5,455.5,413,83
6v3=NCyHk6iu37DVuPfwNcPhOOuaGSM.jpg,390,752,443,509,571.0,476.0,362,66
6VcnupzKSh98zjCvG4B3HQczoXq2STO.jpg,276,897,436,537,586.5,486.5,621,101
6vf7c_n7llzxTfqS3scQrTDMN_rFXREy.jpg,396,808,420,482,602.0,451.0,412,62
6vf83iMFfT8mYRwcDS9GydZPtCBYpwE.jpg,433,887,421,491,660.0,456.0,454,70
6voDWPCKCxCy3z3t3=1BE8J1fSm8R.jpg,266,787,453,535,526.5,494.0,521,82
6VQLaTpZNTtaB51kR_au7rynFMKnmhq8.jpg,444,952,433,513,698.0,473.0,508,80
6w4xEyFRQPrP7aWB_u1ac8z_dXwLCq.jpg,414,739,471,532,576.5,501.5,325,61
6WfOQ3OljRyufvYaKWudoEVwxWhD3onI.jpg,220,1067,539,655,643.5,597.0,847,116
6WGUCewX8VwKZCMVGP78j=l=CPa7O.jpg,339,938,530,616,638.5,573.0,599,86
6wPTByDYccr23LdS6am6=ohpTKb69p9n.jpg,260,798,505,580,529.0,542.5,538,75
6WRhWGYSf=9fLQ7KG1xkoM6zatGbGX.jpg,414,847,455,526,630.5,490.5,433,71
6wVKsKSmhFpOJN_5Zysqb8qhThtwaiT.jpg,255,833,526,606,544.0,566.0,578,80
6xEqwdy6ZqTGPpqZjX4H=bSazBFnkYo.jpg,321,899,478,565,610.0,521.5,578,87
6XilHTqbKi3aandb6rmCLxu97TOREKIY.jpg,427,916,491,561,671.5,526.0,489,70
6xMSZPm5aCSr25oUIzn5RTHz3b49Pma.jpg,433,941,486,563,687.0,524.5,508,77
6XNMahKm6yhGZ4mT=jIwTyzZ79UW4Qnz.jpg,395,809,419,485,602.0,452.0,414,66
6XP238PsGFbwoIKGbkT3QXJkG5KxVT.jpg,345,736,418,480,540.5,449.0,391,62
6XXEsRnJsHWB1=wo3UsjLoyFi6Dj7dP.jpg,307,790,470,539,548.5,504.5,483,69
6XZ56d_hSmRHhpgd_BwZ7Ox63EhKjIk.jpg,418,732,423,483,575.0,453.0,314,60
6y3fa2jXRystD4ajM_g_p3pOe1YD=p.jpg,417,976,500,590,696.5,545.0,559,90
6Y968YLEs2Jq3zFeMb9vp=dS4eMVOgkn.jpg,360,884,426,506,622.0,466.0,524,80
6YivJOMMB=seu6aQyLjfkQBzWxuTUf=.jpg,359,792,424,497,575.5,460.5,433,73
6ykDy2SvTfN=_gnwx7XwYBpUQzhduvg.jpg,369,823,458,525,596.0,491.5,454,67
6Yr2xqbV_4Y=IEIqGWJS5qxGcncayrO.jpg,479,986,480,561,732.5,520.5,507,81
6YsiCve_E_8o6gjhtiYsCRuM6X3XFDXo.jpg,479,844,493,560,661.5,526.5,365,67
6YwdwCZJ45jtXxRdOUoLJVIqaRDiZ3.jpg,474,912,460,527,693.0,493.5,438,67
6z2t4OJ8db_EqaPwyvjOznfU72EuCz4.jpg,351,837,443,513,594.0,478.0,486,70
6z4iEjXuE32c_qELJW2y8l3XUk3pD_p.jpg,514,785,444,500,649.5,472.0,271,56
6Zd959aGjt2HGuuCVDn3wSyUNdlnOd.jpg,422,848,422,489,635.0,455.5,426,67
6zgeE8j_v9PF8r6P8cOhslCLEj926MMJ.jpg,283,792,453,527,537.5,490.0,509,74
6zYawLKzZHFk=y14WMhILPest8UzHZuH.jpg,356,914,470,551,635.0,510.5,558,81
6z_D8qqdBdnOHDscijcilXzBcEt99Pqq.jpg,277,799,479,560,538.0,519.5,522,81
71kH6ybUSzewWOQl1gStq1DwkG=sQLD.jpg,337,739,420,485,538.0,452.5,402,65
71qx1GTEDB4Cwh3K73Yruy4caqgUH8.jpg,352,787,460,529,569.5,494.5,435,69
725H1xBOaTosMKdB7dGxBj=a53Dr7oZO.jpg,502,884,410,497,693.0,453.5,382,87
72GOhFR=yH2NDYXb_ZIHUDUwig5j2Fty.jpg,268,843,472,559,555.5,515.5,575,87
736gINBLmeHtQ1QnfumXQJOUK8=95xb.jpg,344,765,446,513,554.5,479.5,421,67
736Y1axWsMoKmCfkVbKQnQiL1dn131t.jpg,175,1054,586,718,614.5,652.0,879,132
73aS=E7IqTTf1SeD=YIWGteBwSnYHVrb.jpg,303,924,474,562,613.5,518.0,621,88
73C8PvN7f_QlCF1jv5iTkjknK=Dk_ZYl.jpg,450,908,436,512,679.0,474.0,458,76
74fe35nPt5LxicDfr2w4XPTJLYLcmyv.jpg,324,756,417,502,540.0,459.5,432,85
74WSq5YB49d9tU5EPCyCXnsgN2huyW.jpg,375,819,432,502,597.0,467.0,444,70
75mw5CqVuv1IZbTub3NpquSoPpd_O.jpg,301,755,469,537,528.0,503.0,454,68
75sT8ct2PDeS8JiSSGvgL77VhChDf5.jpg,409,818,420,486,613.5,453.0,409,66
76Dt7FBauxazSMWQ6hLZ7sWaEiaeWDbL.jpg,445,860,411,478,652.5,444.5,415,67
76VyqI_Ju1xIcsNUCXQgntI3c8uurKV.jpg,415,876,434,510,645.5,472.0,461,76
77BXSNIRZ4Vp3=yLc5b9XecBXnULIM.jpg,492,901,415,492,696.5,453.5,409,77
77kLSSVy8aefBdxgfUtfYXibN4SI8B.jpg,397,663,418,470,530.0,444.0,266,52
77LXNZyQQFSrPGqP=812MPxrRyv14sF.jpg,339,880,468,556,609.5,512.0,541,88
77MkYLWuqThwS5BBL9cVddbevFWbWiY.jpg,297,911,480,592,604.0,536.0,614,112
78kwzv4EXplExlwMssM44ujqWdfcM3V.jpg,343,687,461,523,515.0,492.0,344,62
78tnrDqzlBRMdngqqEEH8a8FqpVZqU.jpg,373,817,420,496,595.0,458.0,444,76
78uQKsztTSv6EuRtVn_QBMOzwiLo_ez.jpg,459,931,468,546,695.0,507.0,472,78
78x2Mvrwta1enSwcltZwP_LySWidX2o.jpg,149,998,474,585,573.5,529.5,849,111
7937m3H8v6zbRmrZ37wgjlWLJ2jptex.jpg,349,762,449,515,555.5,482.0,413,66
79MPMbN1Bzhz9Ms59vOFj=1XqxsEHOL=.jpg,480,955,472,548,717.5,510.0,475,76
79P8JZHs4w2lG6IpPkWXM16GxB2OqtoX.jpg,344,654,428,489,499.0,458.5,310,61
79pgJQ3niweDtz2w_sGeXmUSIqHLLJ58.jpg,374,816,418,503,595.0,460.5,442,85
79zU=qGZEwbyVZJoh5IPuHRPwCDqBtT.jpg,446,740,452,510,593.0,481.0,294,58
7=6dv4s4ikUvzlsyqRZQ13=Mxj7kfR8.jpg,348,908,507,594,628.0,550.5,560,87
7=Jwqnk4ScE8jVxpSwfTLNvmGJdyIkeO.jpg,349,794,426,497,571.5,461.5,445,71
7=YSalfK5CkyW6vpXWHXFDORINYXH1kR.jpg,296,797,471,545,546.5,508.0,501,74
7aSEnaa9mLGeW5w1FXM3z3KFbDSpvtf.jpg,239,795,468,566,517.0,517.0,556,98
7aZ9t2HP=jHk2EzJFmYCuL3DTrPMGL.jpg,469,903,421,495,686.0,458.0,434,74
7b3U9ukh1J1LRDoTdJwkM88waGJsqc89.jpg,372,690,436,497,531.0,466.5,318,61
7BF6x_OxtZ_sMSodkuQFWFVEJbH1oZP8.jpg,330,761,425,495,545.5,460.0,431,70
7BSo3KJIos=fi=YzLrmPsOOfqe=nvLur.jpg,402,916,458,532,659.0,495.0,514,74
7C4HEC3sv74evtMjVxFPNIORtJo8M4vw.jpg,335,645,429,491,490.0,460.0,310,62
7ce7VMDKDnzLCiBjPZ3ZJy4533BIq7z.jpg,389,809,424,489,599.0,456.5,420,65
7CEPN=roZcuCgbQUwaw6dLz5n9dOG6v.jpg,443,872,461,526,657.5,493.5,429,65
7CkWMrsHsYR7mMYO9FbmNQ5Jm1_wFUU.jpg,452,824,506,574,638.0,540.0,372,68
7Cp=7CJ66fWE4Hkohfubpgri8wx8tPI.jpg,425,721,442,499,573.0,470.5,296,57
7CQLJK7IhkJC9zlOJdoz2TW5Bntg=R1W.jpg,402,850,418,493,626.0,455.5,448,75
7cudO5j969ytZ3QE3a_UXCNBYVdikfpO.jpg,337,896,469,549,616.5,509.0,559,80
7cyCG9Eq7PZv9RrdKDRPTUkTUd1S3.jpg,389,1076,483,651,732.5,567.0,687,168
7Dhq6WP6UMwEavmOWZHkWRvtSZGnrrD.jpg,364,722,454,522,543.0,488.0,358,68
7dP9tBfDX4YdCNwem6e_BT4J2cxENSL8.jpg,393,849,427,520,621.0,473.5,456,93
7dPgOeTsm=NHHuxdQ7_EEjhF8oycVSd.jpg,445,843,409,471,644.0,440.0,398,62
7dzQREzaNHBgRoanchew9y_UIHy1t1HM.jpg,365,855,449,523,610.0,486.0,490,74
7El7GPSG9bxGDLwcszyqNvksDw1Qjhs.jpg,373,796,418,491,584.5,454.5,423,73
7EpEStyRrtB=fNz7IsKOoKt3sR8s2PCW.jpg,456,749,431,492,602.5,461.5,293,61
7erogNu16pEjaMVk1OBCB3bdGt96YGZV.jpg,401,866,433,511,633.5,472.0,465,78
7EvU=Z_XvxgI68t8iZZmB1uIGYIdfso.jpg,300,845,469,547,572.5,508.0,545,78
7f3ZOsL7EZulVePNbb=pvt2OSz1O9W.jpg,386,822,432,508,604.0,470.0,436,76
7fbRiL8f3NZPvW3Yo6twpTcWe2K3FoF.jpg,407,820,422,487,613.5,454.5,413,65
7fd9NQiML7DLWZyoaO4xb15onFFii4P9.jpg,394,755,460,525,574.5,492.5,361,65
7fDX1y5yhzNqKsh4m9Lh_Z_7OLr1Q8v.jpg,433,904,439,510,668.5,474.5,471,71
7fF6VmgPwv1KSYBUwfYd6IzamfVRgDzr.jpg,375,956,514,605,665.5,559.5,581,91
7FHjSKr7F7H2BdaLIR658wkfEhUJLF.jpg,362,829,427,498,595.5,462.5,467,71
7Fm==cyejvQ6MMiWxf8TlS45zgxZGr.jpg,339,869,463,540,604.0,501.5,530,77
7fRuwLu1bYm1VtbZIQE1ToElYMo9LPbS.jpg,364,791,441,504,577.5,472.5,427,63
7FvoTTrQwD=Rgx9YTZp55BlJ_9kybh73.jpg,368,769,418,482,568.5,450.0,401,64
7GGmjoo6L2miHzdOUly7S=ZtyG4srw.jpg,436,911,478,548,673.5,513.0,475,70
7Gk8fDmt_YZ1ledLfwFsp1L6HSKQuK.jpg,434,849,413,477,641.5,445.0,415,64
7gOBQaTpc6xEcz_oCvzaCdR3szhvCmi=.jpg,297,720,439,504,508.5,471.5,423,65
7h1ISF68zq7pEbhxum8evtCMeY54t8q.jpg,299,1000,464,566,649.5,515.0,701,102
7H2GanFeCZFB3U8KqdeB6yMeZVQRFHM.jpg,428,874,453,529,651.0,491.0,446,76
7h55DgyhInUWkbKr4yV8WscgSjzBDu4.jpg,438,861,422,491,649.5,456.5,423,69
7HcZQW2bZD4_SxIrOGVNXn6Jk2t=nbd.jpg,400,800,417,493,600.0,455.0,400,76
7Hf_z8nhDeVc2zBW6ifMVL8qGWH8M7.jpg,432,852,414,477,642.0,445.5,420,63
7HjZZIORXZxpjtCl2PbqSRGHSw4Jc.jpg,544,861,443,505,702.5,474.0,317,62
7HmeECDNLa6lmCTCq9loqvw2YeCzY4Sz.jpg,474,754,421,476,614.0,448.5,280,55
7hqufQExSTVPw3v6p2gE7bkDl2zMGDo.jpg,480,804,470,531,642.0,500.5,324,61
7HSrdEVELyTYMFCXeMSKgjOCnbYjBRC.jpg,433,889,433,504,661.0,468.5,456,71
7iBV3xiTMQC2=pOpuS1di1cFEpx1NZqa.jpg,422,955,497,575,688.5,536.0,533,78
7ibzadUvqGo_Reo=SfwLLcfDHIuvN2.jpg,407,828,426,501,617.5,463.5,421,75
7iEEiW8xC1YnZCJyDgkp_JdMtZwbv7.jpg,325,779,429,502,552.0,465.5,454,73
7ItII9UhyQuMUIcOdpqelz7YBadZzIQ3.jpg,453,882,426,490,667.5,458.0,429,64
7JF=Eh5ZnBvegewqFbI39Wbxk5LEtqE.jpg,396,858,468,539,627.0,503.5,462,71
7jU8eFl6Qzpw8uo5G2SP48_htdKnhm.jpg,199,759,430,515,479.0,472.5,560,85
7Jxk7H4Iag3IweVKVjijjm13VuBPhbRC.jpg,415,918,441,515,666.5,478.0,503,74
7JXsp=B26yi12lDBMJdXNDaL5Fi1fm1P.jpg,352,833,437,527,592.5,482.0,481,90
7JZ2gcY47P=tOTMtYqHdjhuSPxvjf5va.jpg,466,860,412,493,663.0,452.5,394,81
7k=WIHQPMa88vLKZsNOmjx1Zo4C8bzs.jpg,395,796,421,484,595.5,452.5,401,63
7KgX9FiI5gmiqeceppPc=14BcHZYEhqg.jpg,335,843,442,515,589.0,478.5,508,73
7kOhdsQny5LyBhUSoNtRLRbv6WG17oJ.jpg,435,944,488,565,689.5,526.5,509,77
7l6iWeTBU4m4_mzWXFtclMILKJ_hTTIV.jpg,336,743,410,474,539.5,442.0,407,64
7l=wFLqCQz_aseO=RTgWziRuzNEIT2.jpg,427,945,448,537,686.0,492.5,518,89
7LBJo1Mdk_2NXb1I3tYhamtgEm8KC.jpg,452,876,420,490,664.0,455.0,424,70
7lcR8iw9BkUuTOafDeB8qHkyC5xYlmc.jpg,372,791,443,504,581.5,473.5,419,61
7lcuGiCsldnVwIcz7dapB2ONxmu52R7.jpg,451,888,454,525,669.5,489.5,437,71
7lCVh2wNyY7xwVNNEeulmtS=tFh5XV4r.jpg,361,695,444,508,528.0,476.0,334,64
7lJRzNPILDM9JoKxujX88hk9XusntW1.jpg,336,933,527,614,634.5,570.5,597,87
7LmLaBWmTBxHSIZoKLGl_pQxFsjyZI4.jpg,357,802,472,550,579.5,511.0,445,78
7lPnNmGL3gjmjfvlmEqFN3iJ_DfssB5.jpg,379,958,479,566,668.5,522.5,579,87
7lR_mWXfy6CzNFbDJkkQ8B14xHYsarZ1.jpg,348,729,418,479,538.5,448.5,381,61
7lwyEFnB_hRc76rf5U1lHJCm7u2px9.jpg,433,863,417,482,648.0,449.5,430,65
7M1WUV=ZC2JU6aiEq93y5YjKU1nchO5.jpg,443,883,433,503,663.0,468.0,440,70
7MBFIp9mti5W52h8VK2O7OhIQ7vzlIb.jpg,390,901,489,568,645.5,528.5,511,79
7MJe9Sh=6wDEk5Q7L6XXsPBxRDmDeG6.jpg,389,812,417,478,600.5,447.5,423,61
7MoKKhLa5hMTcn_HUWipVaddKw47Qfff.jpg,391,667,437,491,529.0,464.0,276,54
7moP7g6zcVRjXbf7gr9yjOb_UGPP.jpg,379,953,521,603,666.0,562.0,574,82
7mXCxnd_ckoSDeaVjprNCQvgWddsoI.jpg,530,834,438,497,682.0,467.5,304,59
7mxmeVC=pNEvV9KU6iaYybm7D5Z3wUTO.jpg,383,830,441,511,606.5,476.0,447,70
7MY2vQds2JMT4MKLprtpKKudUO9ag.jpg,412,728,464,525,570.0,494.5,316,61
7n=37sXP2MkLugjHwsUK_hj8RHcfxCW.jpg,428,873,420,489,650.5,454.5,445,69
7NdSiZOGSQLMGCXaQWKuYnJSn56wH=Y.jpg,424,896,470,545,660.0,507.5,472,75
7NGnkzzpeF2mKqsYPD6CQklyfBQfExCZ.jpg,396,927,440,519,661.5,479.5,531,79
7NIhw7uzvXPrFj1vluMFivXGRL79xvR.jpg,383,839,461,534,611.0,497.5,456,73
7nn97mdJtkotmkK=C2n5WudR52v4EKg.jpg,286,767,440,516,526.5,478.0,481,76
7nrnRomeWq4CnDKjVvlKTbd9rLF=8icJ.jpg,373,949,472,561,661.0,516.5,576,89
7nVrymOhaoT73MMzF46H_pD_idNK9tT.jpg,483,793,457,516,638.0,486.5,310,59
7oi79bdubpCQMoDlhCUny4mIqfaTY6q7.jpg,329,762,422,486,545.5,454.0,433,64
7OPkQccirOdqtoE=tXFYuB8qjuwSDqJ.jpg,327,751,424,504,539.0,464.0,424,80
7ORzzXakXiMv4GC7=3HnKYzmXi=xW5c.jpg,361,827,424,495,594.0,459.5,466,71
7ou9sdQIX72=VPW8BvZQDDqpLiO_E1=y.jpg,107,867,530,671,487.0,600.5,760,141
7OwqnsxktuEFRxQVUF=XUZTp4rfLhIz.jpg,423,853,457,519,638.0,488.0,430,62
7P9YdsW9x2U8f45m=OYtrqebV7O1fa7.jpg,425,893,468,545,659.0,506.5,468,77
7PH8ykHWB=ZeyoVCJoa7vKtH8sGwhXf.jpg,396,841,417,484,618.5,450.5,445,67
7PIJvqGp8jLi9M_XNtuBQfwWvwLxpIY.jpg,378,751,443,513,564.5,478.0,373,70
7pMzHPNDrL=HhoSg=QGgLzQhcUJyIJ4.jpg,380,839,446,511,609.5,478.5,459,65
7PqSKC9sQdHemoSFTbZWqE7KwJ3haq.jpg,457,807,456,523,632.0,489.5,350,67
7qIPuBqQywW6wUwCE3NlB6xuJV3X5CD.jpg,291,830,447,529,560.5,488.0,539,82
7QjTStLHt=xzc4SfFsPrqmxFoQMlm.jpg,323,846,457,549,584.5,503.0,523,92
7qRcd4SCnodI9rWY8FDiMJhinEv1N2.jpg,401,858,431,507,629.5,469.0,457,76
7qSVM1l8NCng7_4lXJvyiYntuX6Up8.jpg,470,856,439,502,663.0,470.5,386,63
7qtWEBhNm=I5M8EUwUPu35BQrEPWLvR.jpg,387,745,437,505,566.0,471.0,358,68
7QWrzuz8CT_zEPQbLO5WdWd7efJV4ZM.jpg,391,872,442,523,631.5,482.5,481,81
7qxYtdLt1=oeXwzbyNYxvtU9iRd6.jpg,456,842,411,476,649.0,443.5,386,65
7QyZX2vNp1iwz=EDqGpuEns2rSZ4SI.jpg,354,759,418,483,556.5,450.5,405,65
7QzpO3PlH=27VglQPUYk2nHF=m=3kB.jpg,353,938,475,561,645.5,518.0,585,86
7r2BzmNGtsCay59MDxmVBcb5hYnGMMX.jpg,383,845,440,507,614.0,473.5,462,67
7r5HffaSKjxOUbneodrDWIIiDJ6wQJnp.jpg,391,847,456,525,619.0,490.5,456,69
7r5ZeR6qO4ojGdBarYXcuKOHHZQKogi.jpg,375,832,436,505,603.5,470.5,457,69
7rBtm6gWE8p1rl8K5k6OKl653J6Npdg.jpg,415,935,495,577,675.0,536.0,520,82
7RCCs_h3HueaK5VdaGJwiLe1wSzcxQYa.jpg,388,904,451,533,646.0,492.0,516,82
7RmL5QGluF8xrnSZlm_QUgylKxhHOTfl.jpg,475,892,419,499,683.5,459.0,417,80
7RrJ4Z8t4iMYVUrfpgBToLZnttGflzci.jpg,397,889,442,523,643.0,482.5,492,81
7RZswc1KipY6EHcKKq8GfGbQazD7mUx.jpg,433,850,414,488,641.5,451.0,417,74
7r_SCCILEmbzeT=zaKuEM_koukNqZbx.jpg,432,878,428,505,655.0,466.5,446,77
7s7aFV6SKI58_WMiEHrgVS8spJLp51.jpg,469,846,410,473,657.5,441.5,377,63
7SnnPHkHd86WIFR=gavlnJOo9aHy8wF.jpg,215,794,470,557,504.5,513.5,579,87
7soiCcxRnHlWVltoEjUDrvpDC_LHToK9.jpg,463,918,421,503,690.5,462.0,455,82
7sv7Hx61Eth4XfgUbLa=ok7TCUeCX2tC.jpg,427,777,491,555,602.0,523.0,350,64
7SZt2URxrxJ=GVFyZlEoEEQwqgKpwUMm.jpg,384,803,416,478,593.5,447.0,419,62
7T6q=ft8L4fCcrXrUeU7HRZjccnERyr.jpg,422,860,420,487,641.0,453.5,438,67
7tayJwiozsmOQhqp6dVNGuw_l7WtqBPc.jpg,336,758,416,480,547.0,448.0,422,64
7tcLe1Tshr8tuxHOk13v6Fa1R3Hmxpzl.jpg,395,750,436,502,572.5,469.0,355,66
7TCOrwtk=pTiOWx1LvNOBUv2hu=eiq.jpg,419,711,434,490,565.0,462.0,292,56
7tG9CiZa4xYsTu5kBzD2qjqeM5K3bd.jpg,427,932,459,533,679.5,496.0,505,74
7TJU651ZKVcVjhEQbPUCWltO999Fjwo.jpg,347,776,457,525,561.5,491.0,429,68
7toIYxi1TxuS7oy4Bds8qI349Xi9DTbs.jpg,408,873,430,518,640.5,474.0,465,88
7TuINLfmyN7V1q5eKUrr=wjYg3sCJN6.jpg,353,1115,544,656,734.0,600.0,762,112
7U1D8hNn4C2tWZoxv4G_5qkP=o9o4Nb1.jpg,542,816,419,476,679.0,447.5,274,57
7u3Ql_Mi=PZ5rNzEftZj4hwWnS3gMy.jpg,376,841,435,533,608.5,484.0,465,98
7u66POuQO9x4JwR5VF1_5crjOsr9GeT4.jpg,278,904,420,519,591.0,469.5,626,99
7Uk1ouwNXnp1qXyHiYpnDw2a7knFqmo.jpg,421,865,416,484,643.0,450.0,444,68
7uKBmnowNtPdu49EzmRM17HN8ktEme5.jpg,359,714,491,555,536.5,523.0,355,64
7up1oxguuDM613=SMSCRtiCXwBke6NT.jpg,355,783,429,500,569.0,464.5,428,71
7UPCwY_eE4EzO1e9sBb1sPcs4trwLNS.jpg,405,956,461,547,680.5,504.0,551,86
7UUyi8qVSZwQbJEWE9Fnq31FDvVfsxYN.jpg,378,823,460,528,600.5,494.0,445,68
7UwQW8Qvr8qB36pMvBLq_i4kugDhQEo.jpg,449,878,458,523,663.5,490.5,429,65
7U_JwNKaj3ROIWVbwORE2QKglD2QDO.jpg,387,868,442,517,627.5,479.5,481,75
7V53Ggd8NMS3frxNmcdIhm=dT=JE9cH.jpg,427,932,455,549,679.5,502.0,505,94
7vaJRYu=PXSQOOdoi7zG=CnNHBNnyZE1.jpg,414,832,411,493,623.0,452.0,418,82
7vd2XWqngYtF6r=dgxD9n4bixgdfibT.jpg,380,665,431,486,522.5,458.5,285,55
7Vf5fbY3ySMd1iXmfgjSRDdYJWdev.jpg,413,870,431,517,641.5,474.0,457,86
7VoMMYrgqi=EqcnhjS2VmONHVu1I3HH.jpg,320,741,431,499,530.5,465.0,421,68
7vt6wEsCebiruycspn_gjydm7bFLQOZ.jpg,344,757,443,508,550.5,475.5,413,65
7VVWhb6tKde=x=w5x6_p=lfcTlGTBa.jpg,395,801,419,498,598.0,458.5,406,79
7vypioqU3_M_uxQP5siEa3KJ8x1cBha.jpg,386,857,437,525,621.5,481.0,471,88
7v_mB1vTFhL_1LcSVdNH8Yd6I4ObskzC.jpg,488,834,461,523,661.0,492.0,346,62
7W3Mx_g61dDmIujBw96_5tVlXaIvza3d.jpg,434,715,425,483,574.5,454.0,281,58
7W61bs8Z5t6L7Tdo5HpFc1vfVwO=yD8.jpg,408,822,450,516,615.0,483.0,414,66
7w7jyxSyM15zJOBl2v33eDjhfUtFHGOW.jpg,454,849,415,484,651.5,449.5,395,69
7wgtGoGKdDPw46fryPqj_X4UJXnQISx.jpg,242,979,552,658,610.5,605.0,737,106
7wr9wcXvF1_VGnZtKhEF2NYT_epNsow.jpg,451,889,425,519,670.0,472.0,438,94
7WvOBlGNp2yZVF_DxoGjR=J9ipClL2W.jpg,307,763,430,498,535.0,464.0,456,68
7xCWYF65kDYzPGSaE_F7dbn=CmvbJL.jpg,421,713,433,491,567.0,462.0,292,58
7Xfu1aYKsXec2HyCWmQVqH9f5rPNup4I.jpg,403,838,424,495,620.5,459.5,435,71
7XhF7zY49wxlTfVIflytMGEp4WXeG42.jpg,334,741,411,505,537.5,458.0,407,94
7XyQMNwhSb3ODBpfDNxvCZ1rvP2CXxi.jpg,295,893,479,564,594.0,521.5,598,85
7xZxakaQnvndit5egHl3Tiv8LWbThWvW.jpg,205,902,521,626,553.5,573.5,697,105
7y6al6MBvKUQ=WFDzkjiStJpc=WQ.jpg,328,785,441,512,556.5,476.5,457,71
7YLL_I9gSyLwYmZGxHofUCBgKxJIr3G.jpg,404,956,504,587,680.0,545.5,552,83
7yrM_vh4MOjckY2wS3hf2FzVYLfPkMk.jpg,301,824,465,543,562.5,504.0,523,78
7yt=IH8yQrRdRzLSr_9dSjx2O_nNdkWl.jpg,419,896,433,510,657.5,471.5,477,77
7YtMLMZjWTm61i8Ygocc2_ucEOqwHGk.jpg,280,680,442,514,480.0,478.0,400,72
7Yx8DNY7Hbc9G=4rUydWgDOVePSl1fM.jpg,444,734,424,482,589.0,453.0,290,58
7Z4LmNeW91Z8HI93TlRT75uGinP9xiMR.jpg,412,972,511,594,692.0,552.5,560,83
7z4PQx383WQnfwo8sPKP6uSYKahEtD_B.jpg,439,829,442,505,634.0,473.5,390,63
7z6Zw3mQVsIt=sIH6wKwGiuh9ZQlQacx.jpg,453,933,426,521,693.0,473.5,480,95
7Zfgh9P7ebuk5EbzeS3WWyQebiuoZYQl.jpg,229,849,519,613,539.0,566.0,620,94
7zL4Ly6UEdK2XFfmfBt8bNDh1BGvUdr.jpg,476,988,485,565,732.0,525.0,512,80
7ZNWL=VcSwHG_MWlQoWGs2jIa26Xv1Pj.jpg,406,824,424,499,615.0,461.5,418,75
7zXR22jJls_ZyeHUPYmXsROQMoh1x=f.jpg,335,883,470,546,609.0,508.0,548,76
7Z_EJFQZEsf=DeK6xIqrpUWfUv5Otm.jpg,450,976,489,577,713.0,533.0,526,88
7_bM8zNclmHwTBd1FhV2ZH_FwuLZ=iH5.jpg,330,776,420,488,553.0,454.0,446,68
7_e95v6eMmTsrj6cDJpvJ3P5Xz73BB1P.jpg,386,869,437,511,627.5,474.0,483,74
7_OEyHnMTTPWptJNyN5KzUyorwzD1Mn.jpg,415,814,418,487,614.5,452.5,399,69
7_WL=LBH1cQphtXQliOy9Dy22_JeloG.jpg,607,920,454,519,763.5,486.5,313,65
819=lHeNgrShWTldonX_ym9uok51tLpa.jpg,374,794,438,501,584.0,469.5,420,63
819NXFklc7bdqSj5dCvK7CoBXwMNoCFr.jpg,361,767,422,486,564.0,454.0,406,64
81dJ1V25TbDPewknwWr1MLiqWk1YWH.jpg,225,807,477,557,516.0,517.0,582,80
81XopHDGr_64x7ia1jOED4cVcrz9aRN.jpg,389,746,435,504,567.5,469.5,357,69
821ep95=m2h1xFjpDHsc7vXm3RxquWD.jpg,288,761,430,502,524.5,466.0,473,72
82=r87fJfsCML3IIzYJQJbisRFPIf=O.jpg,386,829,432,499,607.5,465.5,443,67
82Eav_w87ITx3xs=36M9m=awxcJBqCNh.jpg,393,803,414,477,598.0,445.5,410,63
82Ij_Q2=dfQ99Q=HFg8yszQJxHbJsbf.jpg,287,772,442,526,529.5,484.0,485,84
82niDaBWeDgKK8bjxXaTqiuuc8GOx81.jpg,365,993,531,626,679.0,578.5,628,95
83EtHYOR8Q91S79sKW9hNZBNeDZIDEI.jpg,395,866,443,513,630.5,478.0,471,70
83fl_lWh2L8ap3dfBdz7dZbJ1RurcFp.jpg,448,855,409,474,651.5,441.5,407,65
83y=Q_4Y1Ow7z7GaTQW=4to28hpVYcg.jpg,369,884,446,524,626.5,485.0,515,78
841jsL5CuGX9uitMS_eqhtQ5fhto.jpg,420,918,488,560,669.0,524.0,498,72
848ReFjBPpX3KKDL5PbpJJiGHkdyuj.jpg,386,888,435,510,637.0,472.5,502,75
849seDk7cPXlthfkShJHpMuypm2LPd.jpg,439,845,416,501,642.0,458.5,406,85
84ECmlDWR6x3cHusWJqT4ljXVQmxY_.jpg,323,716,471,540,519.5,505.5,393,69
84I1tZbg5vBh_QLxpewmXHWiTaRThY.jpg,459,890,431,494,674.5,462.5,431,63
84UtwibmylP1kBBBj9FMKG4UQGMVlzcD.jpg,370,827,422,489,598.5,455.5,457,67
84y4yl2eE64tyuTGwBKfnmfsC3t2F.jpg,331,777,421,489,554.0,455.0,446,68
858QT=nsE1J=i2l_gNbahbCnHHWRPiBc.jpg,350,823,433,507,586.5,470.0,473,74
85e6w=g_J7vC_kbRlbnfHT1dgBYQZni.jpg,440,824,438,499,632.0,468.5,384,61
85ro=CZ2Osbr9=LixbDlPE4v2WXvRaHa.jpg,367,651,448,505,509.0,476.5,284,57
87jS54fDXbPfU3HyLnSOM9pMHEJm_onT.jpg,309,819,445,527,564.0,486.0,510,82
87MfGPK6vdGwZoJgcQek4vM1vVEXrrM8.jpg,373,885,456,528,629.0,492.0,512,72
87REQn4q4_quzx8jfiazZuTi2uasYZk.jpg,485,748,420,471,616.5,445.5,263,51
8857IhvKk21nI9volF9=prJUxdW3_jE.jpg,409,808,418,482,608.5,450.0,399,64
887crq_v1eITLM_taeB9lEgkFBiD7M.jpg,400,871,447,516,635.5,481.5,471,69
88ezv_61oRG4o3fSRTaDh7NDNGw3Cwp8.jpg,410,795,450,526,602.5,488.0,385,76
89BZ9bYDFu5ltfpDtauoMDLgQRTGJW.jpg,333,751,420,492,542.0,456.0,418,72
89dRTBljeG8Uu3xODBox_3g49IRtZg3i.jpg,495,773,416,473,634.0,444.5,278,57
89Liw7PDcGRPSmbGhvJ8MUDit4=TqS9k.jpg,388,811,456,519,599.5,487.5,423,63
89VOTEUQ3MluSD3s13Y5=hiF3L3a5Lnw.jpg,351,811,436,508,581.0,472.0,460,72
89XobxKjmCG=apuI5qWo8=61rc6a6mad.jpg,359,916,467,546,637.5,506.5,557,79
8=bKMX5MvB5cFOtnRVuJTLa3UMmBkcb.jpg,336,1099,524,641,717.5,582.5,763,117
8=JuWWFXCKKNW6O_VSBnxVptTza=MClk.jpg,393,805,413,477,599.0,445.0,412,64
8=lqtDGXczbuu5CcKos_TEY_MOZ3on.jpg,351,1010,499,624,680.5,561.5,659,125
8aB5gwbRr7fG=m6tyY55NSwKl8B8dd74.jpg,350,701,451,516,525.5,483.5,351,65
8aGX3HI4_T649eU73ZmUOhQP_xx96hz.jpg,390,748,468,530,569.0,499.0,358,62
8bgGpt2yxI=HgvOTZ2M8SJ9L7CCX_I.jpg,356,846,452,522,601.0,487.0,490,70
8bjQqu=39Ztv6cnHcq53sJKuzvLzNea.jpg,440,863,444,508,651.5,476.0,423,64
8bq1duUSkXjeDgRry1gPHBUvcIRxqVD.jpg,418,818,421,481,618.0,451.0,400,60
8BTJcd23pXD6Kv1yiaF8L6IYk9oonJrd.jpg,423,836,417,498,629.5,457.5,413,81
8bYpMZZYUCjCj8S9mzY22NyOSabUIz.jpg,368,782,430,494,575.0,462.0,414,64
8c1NkI6KlwcmhZfBTjrpuHaoXunYg.jpg,462,957,441,517,709.5,479.0,495,76
8chyIcFfupXnN8SzWtSs8jongk1qEkh.jpg,378,822,425,507,600.0,466.0,444,82
8cSdTuoQuT=KSBJnGwHYuEaK=qqeti.jpg,404,800,420,484,602.0,452.0,396,64
8cwdlX5dgJzmSg2_EghZemXiRzUVuXB.jpg,410,863,424,503,636.5,463.5,453,79
8d8s6YbWFCYjKsBTrmvVNecHlqfBopi3.jpg,524,797,421,476,660.5,448.5,273,55
8dea5vCg7PSiUeyjw7QN_=mbDk_Fra.jpg,389,910,446,527,649.5,486.5,521,81
8DgeRx8egNjIDhGkjM3ZQ_xV6TeJPw.jpg,372,823,422,485,597.5,453.5,451,63
8Doex=xSLuIrKbm=NJs4=2vg_4mq4df.jpg,500,922,442,517,711.0,479.5,422,75
8dQ9nU1k4fnJjeeqy6FW7Ez34Ehql4x.jpg,443,849,416,484,646.0,450.0,406,68
8dqu1VZbhQQip89wRMOE4eIK_8i_ry4.jpg,359,856,454,534,607.5,494.0,497,80
8dST_cNtRclpBsl_4GSakpiv51CTSfSx.jpg,424,816,515,587,620.0,551.0,392,72
8e3nptwVhFPBjFPu1aqQ9wWsTmr6D5S.jpg,460,793,455,523,626.5,489.0,333,68
8EC_HbNgLKOzYwWaMrHXWTRxrZC7uqZw.jpg,438,936,446,524,687.0,485.0,498,78
8eLfeu8a19MeHSV5pMoe7Y71UXqTLk.jpg,423,877,434,505,650.0,469.5,454,71
8EMDWwoSKHxSoSuVKXUnQX4buQp8dl9u.jpg,414,841,423,491,627.5,457.0,427,68
8E_oht563xUwPNm_WvBFo_NsTq3Bdl.jpg,372,818,421,486,595.0,453.5,446,65
8fhjJQrwmVEFfyer2oj94hGJtxsMIu4S.jpg,179,830,509,600,504.5,554.5,651,91
8fh_77xiLTSJjquGvvmYZ6i7OcGZZSW.jpg,411,832,425,489,621.5,457.0,421,64
8fSk=6rqxE94imFNxIeZiCRfyFoDYfv.jpg,466,797,471,538,631.5,504.5,331,67
8FVxjuxTxWh_gzbLmpZ7JNdkpBIsjg5.jpg,447,918,432,507,682.5,469.5,471,75
8g8kCpTvrXUhsFLCDlRoUqfC2Td2uf.jpg,374,839,436,520,606.5,478.0,465,84
8GC3tHdZvxL_mIjwhvXvJdovayO7Em.jpg,463,882,413,476,672.5,444.5,419,63
8GGj4XUNnc9YKdh=j7tEpYILkscMUL=u.jpg,329,843,459,541,586.0,500.0,514,82
8GIan3llt26rqKQiR9DZKQFa11jq5.jpg,385,818,436,499,601.5,467.5,433,63
8gPh5hKxt3QlhxbPzLeS5bPrvwsHgKk.jpg,392,774,412,474,583.0,443.0,382,62
8gSlviFFZKzGxQfKtYurOUh7SCE=Iw.jpg,345,766,420,496,555.5,458.0,421,76
8hftpSYuJUM5X=HZqFki5mtGIbsNOy.jpg,436,859,424,492,647.5,458.0,423,68
8hlrUcoSLub_iJnaILmGyUc13CGG=D.jpg,518,839,467,527,678.5,497.0,321,60
8HqonJ23LeuW9prbtwCnwH3GBJFs2nJ.jpg,460,754,451,510,607.0,480.5,294,59
8hSxHZH8lgYOSxivkQsJXDlu7KyuR1c.jpg,445,838,415,487,641.5,451.0,393,72
8hwgh=xo2qUB=rgpTM12LRUdMhBHIPz.jpg,366,876,444,521,621.0,482.5,510,77
8h_pQKlicezpVN4SvS=ubOfddbguuSm.jpg,421,870,467,536,645.5,501.5,449,69
8ib9Mr8QEBGcTCQmdLZSNQaYPDRwZl.jpg,397,689,431,489,543.0,460.0,292,58
8iieC1f=3=nMUTvVsRxaxZ7dLfxqJpR.jpg,457,866,422,487,661.5,454.5,409,65
8IQqtsjVE=fJMEm7sMr1g7D2bkhntCO.jpg,392,809,421,489,600.5,455.0,417,68
8iupcR7N=_d9YEBtHNMXsG6ceCyM4e.jpg,449,841,435,506,645.0,470.5,392,71
8J93rR1_gJ1taf7OQFwEs=NTOwOYFDZc.jpg,357,917,497,582,637.0,539.5,560,85
8JCeVFS2hCO3MicYxuE69ZE15S5otlH.jpg,394,924,485,560,659.0,522.5,530,75
8jgv4iizFLdiSzO2OcH_WGhUy=RD5ndk.jpg,448,910,431,504,679.0,467.5,462,73
8jJt5TCSwCJMD7uVo8Sl7I5qlsQOl2WJ.jpg,404,712,427,488,558.0,457.5,308,61
8jMTqOB7RRlZ=Mxt29=_UBEYXz3SpQwa.jpg,377,821,421,486,599.0,453.5,444,65
8JrsZHDfioR21WgCjKiULm8hzw9=eO.jpg,379,882,449,522,630.5,485.5,503,73
8jXyUmcmg3EoZDjjewEUxCPUZQqLuh2q.jpg,402,937,443,523,669.5,483.0,535,80
8k3RozgYj16_loVYnxxrEcFkG9y4an6R.jpg,431,901,472,538,666.0,505.0,470,66
8k=f_Wmwgdw7n7TrsqwDhtWFkd7CiYZ.jpg,421,879,453,523,650.0,488.0,458,70
8Kh1J9r=DM8M4DoXcmyEOlXZPbs3=Tn.jpg,417,859,449,516,638.0,482.5,442,67
8kkGSJPpvnJyBiYBlWc=xUygWavoJx.jpg,380,818,421,486,599.0,453.5,438,65
8KWyX9o8UG3nzUmyV1GxbQv8PX3nbm=m.jpg,271,900,476,571,585.5,523.5,629,95
8kZBBwh8hkuMYa6QCxhTNBvWDuO54rOv.jpg,355,935,471,583,645.0,527.0,580,112
8lajwwupH_MuLBl9VIrYfYQTKVo81_U.jpg,410,861,434,527,635.5,480.5,451,93
8LnddY1OX2=99BKl5blT47zaHEnnJr.jpg,491,1175,539,650,833.0,594.5,684,111
8lWvxfRVJkEZO8gPeSUFlpms5OkOheLV.jpg,397,885,445,537,641.0,491.0,488,92
8LZO5Dh7PwbtUF2tKS62w38ljiQKsI.jpg,240,795,469,553,517.5,511.0,555,84
8MD_F2rYfVTq3NWxt6DBqKB_IxkGO1a.jpg,441,855,409,471,648.0,440.0,414,62
8MFi9VBYWoyX8551GbV=rqTODgetgr.jpg,437,863,454,520,650.0,487.0,426,66
8mnX3hmn=mW2OzrnGIsY8poSbwfjdy=r.jpg,373,834,439,508,603.5,473.5,461,69
8mpzPtSStY2dU14TqShrkYq2uHa8q_N.jpg,443,892,429,500,667.5,464.5,449,71
8mQch_gPGuUUtsFI6jkugn4xeFVLDM.jpg,217,982,538,642,599.5,590.0,765,104
8Mr99hP8XdgXf2Zb5=IeP7phkBBwqE.jpg,377,664,433,487,520.5,460.0,287,54
8MRjNFko8j1lUKo_HIEUObjLdl1Ydi.jpg,393,922,493,571,657.5,532.0,529,78
8MTPaNpZOi3qgcv58TonUJMn7En_lp.jpg,375,980,483,570,677.5,526.5,605,87
8mWcTdnuwBGfsE9rC6rhJcwvbsxobJMj.jpg,466,884,420,492,675.0,456.0,418,72
8MZu63nwrg88JljB2FI9FsUiP3rrvL=.jpg,333,870,441,536,601.5,488.5,537,95
8MZzPE7W7yvXf4=eb5LFt2uQOWnoJc.jpg,472,911,431,501,691.5,466.0,439,70
8N2bz3Sbo9BqthszRdTHqqJYzJZJn3.jpg,389,823,422,490,606.0,456.0,434,68
8N52GQFenPZvtklJ6DZfFcKotKaek.jpg,350,747,418,481,548.5,449.5,397,63
8N7WcYJpTndvwLaeth5drbghq=PruR74.jpg,338,771,420,484,554.5,452.0,433,64
8n=rqSavd42SyhnhJs_CCg6ci8nnT2_.jpg,403,839,458,528,621.0,493.0,436,70
8ngMiZ6w6KPQ3i7Hum=49SqdCm8=JDeQ.jpg,352,862,453,529,607.0,491.0,510,76
8NhQRw=82TWTumd2x1T31BDCj9jw_Qk.jpg,274,835,508,592,554.5,550.0,561,84
8nMQjfLZ4zS24nIqn5g_zm94lKiu.jpg,330,851,455,547,590.5,501.0,521,92
8NqNxKPZWH6TTM=69zNGDVbjuQZGET4.jpg,446,802,472,534,624.0,503.0,356,62
8NwVxy1Wfne2Dve9Cn9dr2QoroJT2pb.jpg,433,790,494,558,611.5,526.0,357,64
8O1XDnETPk2S5cUhFGNokO6t=1Jx9k9.jpg,274,840,482,565,557.0,523.5,566,83
8O29ipaDXSNu3pGakPjEvvbSDdOR75G.jpg,398,769,436,495,583.5,465.5,371,59
8o3bKrMxxwu72cmZTP=JQvk_Wpx_qm2X.jpg,453,853,443,510,653.0,476.5,400,67
8O756M1XhcZo6TemH3Yq4uQuf8.jpg,298,777,466,537,537.5,501.5,479,71
8oboJtE2emHZMF3uYxGmxcow=1ldTUT.jpg,258,778,494,573,518.0,533.5,520,79
8Oe88L5qPzql5nFBXRpz48Zw9Y7K_KR.jpg,388,863,437,513,625.5,475.0,475,76
8OmK5ixfDeuO9Z8M61UoB5WsNYexxG.jpg,398,798,443,509,598.0,476.0,400,66
8P4fb3QaQ3Yu6UxPkrIDlIYrr91v7ye.jpg,458,730,413,467,594.0,440.0,272,54
8P5eznpatHP4rwxflFTj3aUcWLT3pXKN.jpg,472,902,427,495,687.0,461.0,430,68
8pi6R3w8BEjc6UV5xGFZ1xJRurJ2RWj8.jpg,451,845,439,506,648.0,472.5,394,67
8q8pSdd9t9Tbd58kSBQ9cmE6WrUtSNSL.jpg,305,795,446,520,550.0,483.0,490,74
8Q9Oy2kgNiBdqQSuYlpk7_pqguhzZm.jpg,419,916,481,556,667.5,518.5,497,75
8Q=wsBpJh8mgTXIlHQwQaI6n2t4L.jpg,346,752,424,491,549.0,457.5,406,67
8QD8PuVDLRej9FD8UlbV6YuX3pEpq.jpg,399,971,484,572,685.0,528.0,572,88
8QoFUH8mEb5FEFEGvCIIMlX9IMIi9YES.jpg,281,912,503,603,596.5,553.0,631,100
8QOnYwcCO2lVC2XqqD9tXIpPm4q7ned.jpg,470,1018,502,587,744.0,544.5,548,85
8QOoNPOjM=1RcKrsvc9qK7bvblSmbll.jpg,266,893,532,632,579.5,582.0,627,100
8QS6xD2Uj2lIJ_c_r6_9JbcqEOG9Bi4.jpg,358,773,439,501,565.5,470.0,415,62
8QSgkslISw8ICDm8cWWD9TJvobqT9mBp.jpg,515,854,476,542,684.5,509.0,339,66
8R86BpFmZFexauSrI=ShXlITaZ7yMnZ.jpg,351,858,449,537,604.5,493.0,507,88
8rcFyu6zHbkQuxQSmWKNWLDZ5c1hZxs.jpg,332,757,478,550,544.5,514.0,425,72
8rJre4YCIKsxnf5=CxtoqP1dYzHtU.jpg,449,871,446,520,660.0,483.0,422,74
8rLHUc9zb=J73X_MmBugWN4YIFWRe5.jpg,407,901,460,535,654.0,497.5,494,75
8RlsQjS2QeYiJcZd9tjO4PbNoJYvto.jpg,317,757,423,488,537.0,455.5,440,65
8rMj9PDit91s95w6EY6=7mx9oGwW8MFq.jpg,354,909,477,557,631.5,517.0,555,80
8RVhmPFfJt8Ejye1_5_wzjrUequZP591.jpg,603,871,419,482,737.0,450.5,268,63
8RyfuelZ9i83n5sl9ZFCzTZK1maGOw.jpg,411,901,437,529,656.0,483.0,490,92
8s3CMiOzNx2ZEtKcUBTQ=6uSrhbzwB.jpg,465,896,420,495,680.5,457.5,431,75
8s7TsnFHPffInnCwQpVquzxvvSW3BR.jpg,338,788,456,519,563.0,487.5,450,63
8sr5N55LXLN7hXOpP=rfl19_ZvN57P.jpg,353,894,460,542,623.5,501.0,541,82
8sxRrgmL1ogTj=qUwFV9btKGIMUe7tEH.jpg,317,749,423,493,533.0,458.0,432,70
8ta=1bx9gTrWuF5jkhmYWQcrWugbTZN5.jpg,425,804,506,577,614.5,541.5,379,71
8tCUpDEGtcrqi=I63HiRFBtNdztztqd.jpg,452,872,412,478,662.0,445.0,420,66
8tUmqZEN2_sa9XlmQ8nsSLVLZVzJd9q.jpg,392,842,422,516,617.0,469.0,450,94
8twVjNGPw=WLE_YmblTuvjf5lwfsfeCz.jpg,379,816,430,498,597.5,464.0,437,68
8u2NLseTQpvQEJyZzFOVojMOCKmPTud.jpg,304,729,439,503,516.5,471.0,425,64
8u6SoWQe1YRVmjK=qHlx9Fwxv3vDDd.jpg,388,824,419,483,606.0,451.0,436,64
8ugWTMJbVSoWMlWiF6S2Thkk=S5ED56.jpg,413,831,419,497,622.0,458.0,418,78
8uhak8vNcxv3c1qOU4k_=szIL4MmtZ.jpg,396,790,413,479,593.0,446.0,394,66
8V6L7m3UXBVrw3y4Zr63rB3sIRhvDPa.jpg,448,844,415,480,646.0,447.5,396,65
8v8M46lJsh6DR_yGnDemhbklV8SKL63T.jpg,289,1231,608,750,760.0,679.0,942,142
8VaY_W5=NHvDFueVXpYxn8fyY36BMka.jpg,443,816,455,523,629.5,489.0,373,68
8VBpFNtdzuWbeCmJMSF9HaEDNeaUZ8Yj.jpg,321,802,448,520,561.5,484.0,481,72
8VfknzRjDqCzH8zJ4iupjeQ3dRlzWkK.jpg,427,818,464,537,622.5,500.5,391,73
8VIa1PPSkyjBY6pdICOMHXs4E_r8tK.jpg,437,893,423,496,665.0,459.5,456,73
8vRQyUEDa7kmIRWNTed3etHJ1e2sunmB.jpg,356,896,445,522,626.0,483.5,540,77
8vsGgi=kBJTNdLm3qKT_slMONury8.jpg,387,804,433,495,595.5,464.0,417,62
8Vy=Ye5xE7ajSGRt5RHEh1TPxJz8fLlp.jpg,468,796,470,532,632.0,501.0,328,62
8wBP6Qxm7lgra_IRIaD2Oxjd1ZcOQPy.jpg,259,902,538,635,580.5,586.5,643,97
8wkCThJyPIGlyqbH2_PnUFGBClg7w65k.jpg,428,831,410,472,629.5,441.0,403,62
8wO475NXuWu7LvTIvqplH_I5nrpq6n.jpg,369,949,479,567,659.0,523.0,580,88
8wQTcDH1NMppNLRvbOvgVx1Mcmp6b5J.jpg,426,871,426,495,648.5,460.5,445,69
8XBGuz52Ee43dZdzh=zi2LJ1cJCJhJ8u.jpg,375,833,427,498,604.0,462.5,458,71
8XHV2h=Gttx1r377zLISGRSJaICOlwJt.jpg,403,911,452,532,657.0,492.0,508,80
8XL7B9EJvCGxW7sQHfMys3baeJxBc8t.jpg,377,798,440,509,587.5,474.5,421,69
8xPBZwXMPpbi2kEv6g8cnk33LX5EN11j.jpg,165,823,504,608,494.0,556.0,658,104
8xyhbOxSh7mQWB8GM7zu1GHey56_6i.jpg,475,762,425,480,618.5,452.5,287,55
8xZEWyWTbfgyILayVj8QCgko4QCkLfZI.jpg,413,810,416,479,611.5,447.5,397,63
8Y3Jnzjsxhtp476nabJcx1g38d7JGmel.jpg,422,743,470,529,582.5,499.5,321,59
8Ydod4MmJmaaYcwS6zr3O2cf_eNsNZ1.jpg,358,810,424,504,584.0,464.0,452,80
8yo6lNsw5GT9wTHb5ODG9t9WMCNI=wBj.jpg,457,893,423,493,675.0,458.0,436,70
8z5aBT=ZP83uVZzMQO=kH31lfLM8=a=J.jpg,356,903,467,545,629.5,506.0,547,78
8Z5JKHPfNBV9==PgKZwocHu8s6odtP3.jpg,323,1095,526,667,709.0,596.5,772,141
8ZfEwg9eLQgPDMXZQk38TQ4SUvjmgz.jpg,332,859,460,536,595.5,498.0,527,76
8zHzZtHmKOnCYpO5SGsdyBPO=C3qML.jpg,378,698,461,523,538.0,492.0,320,62
8ZOGRijMe6mKbaNkuiniUPQoK5HTDYrc.jpg,371,862,448,537,616.5,492.5,491,89
8zrv=WRjey9RYk=9TV1ReBuCfsGf7.jpg,450,884,431,499,667.0,465.0,434,68
8Zw8sXNQgXQxteFQpamFBXiYJz1yFb.jpg,342,745,414,475,543.5,444.5,403,61
8_hYBs7n=TOXEx_HCvtfYe8GGDl1rps.jpg,483,811,442,505,647.0,473.5,328,63
8_MbviIjcG_653temuhW1ern_1Vkw.jpg,351,899,468,549,625.0,508.5,548,81
912MmhhD3pkZhVY_Dso_8eMPwXBy19g.jpg,297,892,455,543,594.5,499.0,595,88
91a2um4fDZzBLa4PDZshWBIpeYdCrFy.jpg,447,799,500,567,623.0,533.5,352,67
91BCq2R66V62ncHDnd384mD=6KFCEQq.jpg,487,808,471,531,647.5,501.0,321,60
91dITeL4mCJdihNJEd8um8HVj=y1zm21.jpg,454,802,492,555,628.0,523.5,348,63
91u3eqeLOpgWTmUsIxdPj3ctN_FtjaJo.jpg,458,782,464,528,620.0,496.0,324,64
91YqCqQEBrUlECv2jXBu5CVeY6_.jpg,443,749,456,516,596.0,486.0,306,60
91Zx8cVG2lsLOdb18mMo1gU6KS67rYX.jpg,365,1030,502,607,697.5,554.5,665,105
928Jvd=oo9bVxN9BK2SYHM28bYRrxjV.jpg,465,886,424,488,675.5,456.0,421,64
92f3_Q3iPx=rTosjbqVzEKZHvKd8Bp27.jpg,318,878,434,518,598.0,476.0,560,84
92QOIsyJm9Iza62m1jzlrHncBH2fC9P.jpg,309,977,502,606,643.0,554.0,668,104
92uU71yGTNu26GtF7U6=6b3rjSrngyGo.jpg,490,796,458,522,643.0,490.0,306,64
931cGRZupleZxBvv5Q9wlPzuvcdHNv5Y.jpg,315,886,476,559,600.5,517.5,571,83
93QsEzgeozLE1VPsFauL4vvp4jjNNi.jpg,357,892,456,540,624.5,498.0,535,84
93Z5ifks=DH_HI2vYWqNyYhZ4HP.jpg,281,803,481,563,542.0,522.0,522,82
946nPnxBBkW6Ya6oojICwdBsRQDvgSf.jpg,301,855,511,589,578.0,550.0,554,78
94KyPRLE2X6V8isprrCO=GbqYk7DP.jpg,445,723,422,479,584.0,450.5,278,57
95xipF7xdBfsTke_OOeiQjo3PRHFGFY4.jpg,464,919,431,505,691.5,468.0,455,74
95yJxWfE9lpMljV8XmY2LhfSRabKie.jpg,338,774,445,510,556.0,477.5,436,65
96aWtzgCXrRT__iy8zjy9QBEzwJ7ma.jpg,428,907,441,517,667.5,479.0,479,76
96P9sJVlWZoQuIT_nriH_zzRCsVd4dlT.jpg,345,915,465,560,630.0,512.5,570,95
97bfCSRF=XlskcOgHf_hX8kd1FIedSX.jpg,388,841,471,541,614.5,506.0,453,70
97CGoHzyQUxlIKH4vMICgbDujekElHFw.jpg,374,776,419,484,575.0,451.5,402,65
97DTDDavDJmcE_YfcEfr4QT59fGCy9B.jpg,378,812,417,499,595.0,458.0,434,82
97e=Iy6EZ3KczG3lQ6icopkOEFW2bFJh.jpg,375,845,468,541,610.0,504.5,470,73
97Z4DoRkOW5rPFdOYOCeFHdx7dapl6W.jpg,387,828,451,516,607.5,483.5,441,65
98oh3jWYiHVca3JRg9WdSe3EqkYfjkHb.jpg,434,928,438,516,681.0,477.0,494,78
98rY6ak8iP1egWoJMl3ts1PorfzfijqL.jpg,317,760,431,498,538.5,464.5,443,67
99EEPti9k7LOGTsFGCh44H4FRZL3J.jpg,402,899,488,560,650.5,524.0,497,72
99OEGPd3RbTqPw4tJSdK_37TbORQS.jpg,391,879,441,524,635.0,482.5,488,83
9=dgyhO18kPG1PPfsD7BIZM9LeEN=CbC.jpg,336,800,443,507,568.0,475.0,464,64
9=zs83na6wlF6j6YvLNnv7jcVzYxIz.jpg,438,934,484,562,686.0,523.0,496,78
9a=GGzDFsL_YhF3OM1_WTKiXUfu2Tdt.jpg,420,891,472,544,655.5,508.0,471,72
9b3kauHPx3xD1FHMYI2HS31hlNHsCOxP.jpg,364,769,418,479,566.5,448.5,405,61
9B6FYRVWNKCCrm4ynJWo6c8752rQmpn.jpg,323,742,422,488,532.5,455.0,419,66
9bBSw1lSuUJbJoWFrTVZ_v_IEt92SvvU.jpg,455,748,418,476,601.5,447.0,293,58
9BE2uSMqsRRQm9ROobVnCd5cEB3F=VHX.jpg,42,880,566,681,461.0,623.5,838,115
9BFev2e3IqRfXQnyCieo4MaJp9CciKQ.jpg,359,854,435,526,606.5,480.5,495,91
9BJRLsnZkH6R4c68SCpZOFv5mdHbHc9.jpg,489,879,478,552,684.0,515.0,390,74
9bN5epmbT99b5QtEQ1pF3L2pETsJ3J7L.jpg,360,817,433,504,588.5,468.5,457,71
9bsm1ikMLgOsxM3s7L6sKSR7J58QXVW.jpg,402,800,412,480,601.0,446.0,398,68
9bXKyekXsQ5X9tZRV5VpPbx7Jjr1VyS.jpg,420,734,428,491,577.0,459.5,314,63
9bYp7_6zKNtFdvXsvztQZ8N=SaLbP.jpg,322,869,465,547,595.5,506.0,547,82
9byW1plQPrVarjevJscDaDQQXwi13QRN.jpg,426,826,417,485,626.0,451.0,400,68
9C3w9pGaCpi898nFSMSp5EhtBRVy1D.jpg,326,765,429,500,545.5,464.5,439,71
9C8TZMlZM1n_JcY__Et43cKdDh5HKsK.jpg,378,896,471,549,637.0,510.0,518,78
9cbBDOfHLdEtUVCsVVciMJ=YnxtvzTE.jpg,429,836,412,477,632.5,444.5,407,65
9CoNr7g4p24zwKsIvGp7KWbRrUKl1HM.jpg,392,918,452,535,655.0,493.5,526,83
9Cvt8k1QLVtnNaSieedtXx_erznHZvO.jpg,232,797,465,573,514.5,519.0,565,108
9dayl13krdWjhnejo_gdMt2uKGvLBm.jpg,327,743,414,476,535.0,445.0,416,62
9dc4ltCXRgekZl3LRr7v3_zJ7YUIUTgE.jpg,406,860,436,505,633.0,470.5,454,69
9DgFbyhVfuQj6iJ_LRZqiQ8tjxfq8_Sm.jpg,306,770,473,540,538.0,506.5,464,67
9Dl4lOOZFXHU2T3P5SaFVb63SDZudWL.jpg,231,944,530,625,587.5,577.5,713,95
9dtKHzU7YYrb3TnrlOsH3QQdjHJCi2Bq.jpg,388,958,466,553,673.0,509.5,570,87
9dyjeqZOS8rBZ=u8RwRm7yTBYv8qPQ.jpg,317,759,429,500,538.0,464.5,442,71
9e1GmNc_bVW_hIJmpoet29NIK4MiiGp.jpg,366,935,468,559,650.5,513.5,569,91
9e36qv29ORI6FDuP4yiULKdiWKiPY8h.jpg,388,678,434,490,533.0,462.0,290,56
9FK6MbN2bg424CZ4DtJyFfF5j2sM2zgY.jpg,452,763,429,491,607.5,460.0,311,62
9fnK9K6MyvwI7elUCoZnmpIQKlXhmS.jpg,413,836,423,500,624.5,461.5,423,77
9g7ysBthf56uYeFS7aH1CFCGmLp__Y_u.jpg,407,842,448,511,624.5,479.5,435,63
9g=HE_2ZnymunT1DPTzVQQIpQpxUnhN.jpg,399,798,417,480,598.5,448.5,399,63
9ggjqdmwypFz66REy8SpvRKFzy7a1l.jpg,449,843,440,502,646.0,471.0,394,62
9GIgPuD5SulRkNBM=h7u3SRjp9KPJ8.jpg,332,901,524,599,616.5,561.5,569,75
9glDYduqsCVYdRe_kYl1y=qHT5DH_MPp.jpg,468,743,443,497,605.5,470.0,275,54
9gNqlGteIKwUPIlxlon4Np8IMYNcT8su.jpg,345,904,470,548,624.5,509.0,559,78
9Hbt2qX2GPkjK1tdrWkf747YsPnI2Kh.jpg,572,860,448,508,716.0,478.0,288,60
9HC1q2E2tkh_nGQBFBGbunUegLFLWpWP.jpg,366,804,420,514,585.0,467.0,438,94
9HjeXKBFsb2BO61bi8qlnW4=SSxIN1Zf.jpg,213,779,472,557,496.0,514.5,566,85
9HPXOgaUg6ndLrkoa9L4s_Jn3VpuyNOm.jpg,484,755,413,466,619.5,439.5,271,53
9hSgUTTw9qE1gPUy8UgwOhKBPuanbMi.jpg,417,923,489,566,670.0,527.5,506,77
9HT4Dfi2nO4ggNhMU_7OFvpYql5OIrG.jpg,365,822,425,492,593.5,458.5,457,67
9hW1h5wXrtaJYRWLl58Kw9XTcUOPaP.jpg,441,847,412,473,644.0,442.5,406,61
9i4Rs_Y_3p2=kPdY7M=TwOoHIx3LFWz.jpg,509,939,454,522,724.0,488.0,430,68
9I8Jr4Uxd8md=vjx3nnZBFvvFZgqKwLI.jpg,330,923,472,569,626.5,520.5,593,97
9ilcXB941Nj_jgllej_Qbz_6WNzBKY.jpg,401,804,418,481,602.5,449.5,403,63
9Ir49GITZ8NPj7IhD9pyl9UlQxk21JlL.jpg,331,892,464,547,611.5,505.5,561,83
9iRveyGlsvaWsXIWdHEENFx=gK=ORl.jpg,403,818,524,600,610.5,562.0,415,76
9Jd5Ic_magHG6vymiHP9lm1u5kl1Pc6Z.jpg,398,834,449,515,616.0,482.0,436,66
9JKwDGY3BzHoR6Eab6oQ_brHdbPRRlv.jpg,368,964,481,575,666.0,528.0,596,94
9jmLZzPFheqSESktMN4qJEgmY1xSD2So.jpg,473,905,426,493,689.0,459.5,432,67
9K8H7_FXcVHms7TCD72C=rkZ8D9_lL2.jpg,502,907,418,487,704.5,452.5,405,69
9KdPWHNNPxOYXq5s9utFhzKJD3Ow9.jpg,471,923,431,503,697.0,467.0,452,72
9KGvDKOrrgm_4INnGpWZTSVoHSeGU.jpg,430,823,418,484,626.5,451.0,393,66
9khmc7H7R27KatkkWIW5TyHQT9zXDrm.jpg,425,946,489,567,685.5,528.0,521,78
9KMafd7w3b4khNN2MyfydM2V84xDqs.jpg,417,884,422,495,650.5,458.5,467,73
9kmkvhezksJbQdY86ZlnCY1knusCDKu.jpg,158,750,511,600,454.0,555.5,592,89
9kq4NC7JTTXgYqBpe1B5qExyt=KnNib.jpg,324,877,513,592,600.5,552.5,553,79
9kT8hddVydryWGvEO9cDnz9nLCaYg.jpg,403,800,415,479,601.5,447.0,397,64
9KvWFr7UocuRIRFTWz=vmDjzbKUMEu.jpg,417,843,431,499,630.0,465.0,426,68
9KWcvVDE4db9yGMfigafLsCLwnwrkyKd.jpg,382,866,441,540,624.0,490.5,484,99
9kX77WqP7=Z12Ze7aJMYxIDpJon62P.jpg,397,818,417,479,607.5,448.0,421,62
9KZmKwqTy7XvyZc5IY7arso5B=OVYQ.jpg,250,934,520,628,592.0,574.0,684,108
9l1WbJHSO5PX4QHb8GjR6BiDr=p8c1w.jpg,366,913,459,535,639.5,497.0,547,76
9l=b6HghniCrpo9c8L6yJqgBCpwkEw8.jpg,431,874,421,488,652.5,454.5,443,67
9LecECof_xfRFNh_3vqcoDuvkO6fzz.jpg,459,893,425,498,676.0,461.5,434,73
9LEodleBaCRfaoyiLID8jUhsJeKp3mJ.jpg,326,751,428,495,538.5,461.5,425,67
9ljTcdd6gFFEpkq3jh3KoYiVjyyIZoe.jpg,409,886,470,541,647.5,505.5,477,71
9lKLEWL72MmoN7orrZ6FcYeyCXIE6rGD.jpg,345,936,491,575,640.5,533.0,591,84
9lOxd6L8lX2UEwe6wjWf2NX63dXo1R.jpg,398,811,442,501,604.5,471.5,413,59
9LrYafz6SnNGWjME9Y4XpMDrCRRbGUI.jpg,348,768,417,480,558.0,448.5,420,63
9lysC9Ykp5Fra54ZBw1KUbwfWT9Vb2Vs.jpg,398,934,455,538,666.0,496.5,536,83
9MjXarxHdr4jY1D6Ron4Vrd7ZYdHm.jpg,335,872,461,545,603.5,503.0,537,84
9N9pKekQ58yoia7ID2jbeV7IpLfLekh.jpg,366,898,459,537,632.0,498.0,532,78
9nbEaKKcYgEfBfzN5KE2UcWkH4RNjuG.jpg,393,822,426,491,607.5,458.5,429,65
9NdFqHyuuf55WnYhc4vRGIjr4lrezLO.jpg,433,888,437,507,660.5,472.0,455,70
9ne4Bcu4FrFeSx9Ws3JONDipbDOfWRx.jpg,320,774,428,495,547.0,461.5,454,67
9nfQLfFOGMd8zSRy9yMn8R9Q7XyOP5T.jpg,414,886,438,511,650.0,474.5,472,73
9NIs=qlBBQEGwaSlpLm1UZdLHYgbLJU.jpg,484,833,455,522,658.5,488.5,349,67
9NjaK_oLsmrVmuRN9VTZWGM=aB1XnU9f.jpg,476,920,421,496,698.0,458.5,444,75
9NkietLRKn89mH51aVUBELzOFbIjI.jpg,384,1024,472,562,704.0,517.0,640,90
9NUNIUd9cUlYphZHmcFZXmXCMfb_okh.jpg,481,1106,510,618,793.5,564.0,625,108
9nVuqNeNCmIUojrWepQp3TyVeGhT1g.jpg,340,656,432,495,498.0,463.5,316,63
9NWUey1sswfGP1rMKYmrqRV2Ja1ruc.jpg,423,713,452,508,568.0,480.0,290,56
9oHntmx89oEfjgPVr=q15qS4O8Lks=aU.jpg,386,815,425,492,600.5,458.5,429,67
9OSOYXJf7xvC1I=u7KdkNUFju4MqU18S.jpg,426,777,479,545,601.5,512.0,351,66
9OvJ=TjanCIR9B7=CrTULtihUMW3j91.jpg,367,951,524,615,659.0,569.5,584,91
9Oz8bIhQOWn8GvicDSpfuttS9_8C1h1.jpg,433,841,418,485,637.0,451.5,408,67
9p2mSfJhs8nFG14fKGMJdgM6NpvUFxg.jpg,395,817,423,489,606.0,456.0,422,66
9P3pRK7B6qHfRS2nxonkDu=rghviEGz.jpg,461,873,444,515,667.0,479.5,412,71
9Pd_7FMZzL=rtzEZXtCmZOrtijn3fnhP.jpg,389,826,425,492,607.5,458.5,437,67
9pGIlu3JIXDfB5pQCHB7taT1byiKzxvn.jpg,385,873,529,623,629.0,576.0,488,94
9ph6hJk=DMSGmq1EY99lIHitj5SSMmJ.jpg,438,818,510,579,628.0,544.5,380,69
9pJJNBRllXmbrG7KWaa=e=zZSDbKDi.jpg,438,839,416,480,638.5,448.0,401,64
9PWoif3eCFbwbB5zy4lcrrtPnkpQ4WF.jpg,535,935,413,479,735.0,446.0,400,66
9PxTlJllWQcTdeohgZ6uVJPVNgSaYk=3.jpg,365,885,456,538,625.0,497.0,520,82
9Q4Gaoz3Jt9Frz5aYF1w2ziO_VN8bC2J.jpg,462,747,441,497,604.5,469.0,285,56
9Q6gu54DZrlXVRa_BPj2ty7Dko81L.jpg,399,923,503,580,661.0,541.5,524,77
9QcBwGJMHfV6oWB52RzY=rEHylXiMTLY.jpg,353,673,477,537,513.0,507.0,320,60
9QLTwBF45rJRiq7qJM_Rf_CLgEqF4NcH.jpg,504,777,423,477,640.5,450.0,273,54
9QtwtqmhaeBaXTEtY6Ifr3GqBp5jrVVn.jpg,465,856,440,503,660.5,471.5,391,63
9rIp9lnWJZatBhTlgevb=pxwshJj9KxV.jpg,442,861,421,489,651.5,455.0,419,68
9RjNKrKtwqfC7b6qi2WqCKCpVcHQUXUn.jpg,380,1026,486,583,703.0,534.5,646,97
9RL47RKSGEtt6pQFxDDkMrXly9BU8h.jpg,416,884,473,544,650.0,508.5,468,71
9Ryqb14pdoxbFIOZgYGG_9a27i22uhCc.jpg,461,749,454,509,605.0,481.5,288,55
9S7GrcVrQ2jvzFXONw8sJhDUwgb7B4TV.jpg,412,932,461,538,672.0,499.5,520,77
9SePTjJVVxV=O=DoYd5fdqSk18FYi1N_.jpg,458,909,426,502,683.5,464.0,451,76
9sErnRauphJye18MbS7WxbIvVJbdW7y.jpg,461,883,449,518,672.0,483.5,422,69
9SfGhBeudOM1U6=D55uI_WdqGOomuK.jpg,516,835,458,523,675.5,490.5,319,65
9sgYlM3Dn5q9FwXue=ywBWSxKaVa6iF.jpg,390,837,455,532,613.5,493.5,447,77
9sprnlenWWp4El5RfPmuLI1a8_k3WniT.jpg,463,901,453,529,682.0,491.0,438,76
9sRXaTuD9DMbYqa2eQIHOfknY2MFVbm.jpg,406,838,435,500,622.0,467.5,432,65
9ss4qtcSRLxUZVHKoRN784Cin6aiaG_n.jpg,465,755,425,484,610.0,454.5,290,59
9SuWwQhw9Yn6o6hjClFKNkmY1unzmaF.jpg,452,874,414,478,663.0,446.0,422,64
9swUfMFsxS_kI6C=DxFvZRDaJwXRp8Xr.jpg,336,742,412,473,539.0,442.5,406,61
9T3rm2oJSbW7egPnRF9rv39lqoxv_JI.jpg,234,694,528,608,464.0,568.0,460,80
9TelT6c4o8FrUhtFkeKETPd4fKTtp.jpg,343,853,489,563,598.0,526.0,510,74
9tzjLgUbW=l83pFGKSluCkvUyaO9HBXu.jpg,431,856,428,494,643.5,461.0,425,66
9tzJyGx_24PVcW3ew=R7TafE4LXOplm.jpg,396,789,439,507,592.5,473.0,393,68
9TZRnOvflRJ_vN_=97GQE=LMQkqjFY.jpg,416,835,410,473,625.5,441.5,419,63
9U4sXJVy4Ub3EJumRDOy6KTMDkj7B2.jpg,433,872,424,494,652.5,459.0,439,70
9u8TkBb3UpVsJjmo7RNV72z_q7Sfk6j.jpg,424,873,462,534,648.5,498.0,449,72
9UcVT=d5PVVyu3NnSRqmL9H9nD_CxQ3.jpg,365,852,472,556,608.5,514.0,487,84
9UewRfJ2da5OkrEPtZjqXO71fBjH1p.jpg,487,766,426,480,626.5,453.0,279,54
9uh8oKhk_EfyfINMwm57BgF1hSMZ_Bn2.jpg,509,801,431,490,655.0,460.5,292,59
9UI74QX8pnb8m_BDS9P3YtGrtTgG2M4.jpg,497,824,473,535,660.5,504.0,327,62
9uoiiiP5cj_GDpy3EwbMax8N_BUFILew.jpg,429,727,431,494,578.0,462.5,298,63
9UwfJtKVfi3DuxuUPWpiqfz_vwTPw7.jpg,373,744,472,543,558.5,507.5,371,71
9uzuokwq7eRYxZUL4WgRIpNIyq27pri.jpg,301,740,442,508,520.5,475.0,439,66
9vHc4FaxzNMXqdHrgChxIJF6IKHacbgG.jpg,405,870,440,511,637.5,475.5,465,71
9vig1mCZuVl8EjPFMK1qLacEWSJa2ZD.jpg,455,835,477,544,645.0,510.5,380,67
9vISBFII5v=JIYt=GlyZeFZu9FBn4Wf.jpg,420,801,443,503,610.5,473.0,381,60
9VlRM4fFhTRd4Gxm1maOpxcyx2p1=5T.jpg,229,1074,572,706,651.5,639.0,845,134
9vrjUQukaHJpN6ta7cVKfOuUJzZpEUX.jpg,450,968,491,567,709.0,529.0,518,76
9VUjOD2eJQj71FndmqLethkLG1g3=pUv.jpg,384,955,503,590,669.5,546.5,571,87
9VVmwl8ahlqPcDxrdiHVyU5SQTZ6O7iZ.jpg,405,967,457,549,686.0,503.0,562,92
9wDEIGlqV=QhNS3qK=OujJfRojhh.jpg,335,747,426,493,541.0,459.5,412,67
9wEd7GFOka76Utr4qXx=x9lyUW1Nh_.jpg,412,794,413,478,603.0,445.5,382,65
9WNDdFEZVO7ozcLLRShBFXGYdiOmE.jpg,486,915,442,509,700.5,475.5,429,67
9WNsIzmz6=mcywz6BT9voiglKZtiZa.jpg,482,866,416,486,674.0,451.0,384,70
9WrFSn8vrFZCGdLdPd3rzw1HfSg9gI.jpg,375,838,427,505,606.5,466.0,463,78
9WTOm8T4H8CWiZnpiIeTn3rap7X81kD.jpg,341,937,483,569,639.0,526.0,596,86
9wwprjEKlS6BaHwXEqMBOtTQgTuBubQ.jpg,332,765,425,502,548.5,463.5,433,77
9Wz7ZDoXjtN2OqHmkK=u6NCYZuIiRxk.jpg,396,848,423,490,622.0,456.5,452,67
9xgpDHLKIoleBIppVER2fEGSa43Yri.jpg,411,743,478,541,577.0,509.5,332,63
9xII1LwxiRfVXa5i91qUwS7oZVWc9qi.jpg,396,833,457,528,614.5,492.5,437,71
9xlV6RadSSUYYeWOolers1GNeMap6.jpg,336,753,421,487,544.5,454.0,417,66
9XtVFUwo6KmDTymRPym3tamWJx7xPoY.jpg,479,780,453,511,629.5,482.0,301,58
9XUGE1Bpili4LdUrmqzlvZDd9OYSqHY.jpg,439,946,448,524,692.5,486.0,507,76
9xYixbddG===O1B8M4iwDbVFMHj.jpg,448,877,442,508,662.5,475.0,429,66
9y7Pk_9kenaCnPL19=tYlheYmiUzNzG.jpg,447,900,431,506,673.5,468.5,453,75
9yfbCIxwzzWlvVT7G6D5EWc9dxbfZaE.jpg,476,758,418,474,617.0,446.0,282,56
9yxie5vx_2Zo5dkhdnDGjmKjCJi4L9.jpg,406,885,441,532,645.5,486.5,479,91
9zN4i9LuB9tXIBW92b_itMkg3bzivWc.jpg,224,1030,534,652,627.0,593.0,806,118
9zs3km_p2c_VKcv3815hsxqSVFkZgSf.jpg,388,863,428,498,625.5,463.0,475,70
9zv5vkV5aUgOWzzbzNbiBszlcXH7tX.jpg,303,805,471,547,554.0,509.0,502,76
9zwZ_jQLxgoa74BO1OcSKP3eJWDhkHc.jpg,441,853,416,479,647.0,447.5,412,63
9zz21m9OKtxSL8etVoLlXlOFsrQHZBC.jpg,412,838,424,493,625.0,458.5,426,69
9zzBgRIx5meSFlvfckY_9PQkZy=Ec9u.jpg,512,826,461,520,669.0,490.5,314,59
9_MwY2Lals5wmeOIxShSbiOSG7_DcmLJ.jpg,348,855,443,537,601.5,490.0,507,94
9_t_QF=tflYmz5I3hqvxI8QUfsybBwJ.jpg,428,918,439,519,673.0,479.0,490,80
=1aiZsIGcelbLXDk7fE=RX3cipjNu4.jpg,220,825,418,513,522.5,465.5,605,95
=1C8JV4okv4azCaNanfMpry_O_U=KiJp.jpg,171,679,466,544,425.0,505.0,508,78
=1Dg6=gzUmzGX3ghVYQUvudbfVMEYOgv.jpg,434,950,492,570,692.0,531.0,516,78
=1wvHdeHLLCjMWSEOcDVvspuoINpLd4.jpg,338,736,416,480,537.0,448.0,398,64
=2H1FaMDgpoWlpxERhP=OvxTiGTj7fh.jpg,105,749,566,660,427.0,613.0,644,94
=2KSCC2G1g26YoK4v2ryjRJInCskoOZ.jpg,389,862,442,513,625.5,477.5,473,71
=2TT6xZYPg3WiU2NMXQuEBopQJ_w647.jpg,410,762,453,519,586.0,486.0,352,66
=2vTakIRJdCq4zfIUbMxzHZI8QwBn.jpg,308,883,473,559,595.5,516.0,575,86
=2WgSRUh2TuhuJCSkKa7d_VFXK4XCuLb.jpg,387,840,423,491,613.5,457.0,453,68
=3KEc6yTCxmindgQ=VXH4nsmUSDOosN.jpg,442,860,420,488,651.0,454.0,418,68
=3qMCpSuN6VQTysZwUlFpXm=DKejZ1.jpg,447,941,446,529,694.0,487.5,494,83
=3_TZgPx1jVYVHBk8X5BR3EhYRidh21.jpg,364,796,417,497,580.0,457.0,432,80
=4BfZYu31Mr11Im5y86ryQ2pro6VG.jpg,415,851,420,498,633.0,459.0,436,78
=4bWrmGdvz7yzbrzaDv_kkbFZ7K=1.jpg,425,859,422,493,642.0,457.5,434,71
=4LKIwD442VdBj8KH2FDvFc8PJcmJs.jpg,420,727,438,496,573.5,467.0,307,58
=5IVZN9Iq8xCjiwFUD2e=grvWmbIlDr3.jpg,444,872,420,491,658.0,455.5,428,71
=5oCd23IvvJlC1uvltM1sWUvrpQYN1_8.jpg,308,901,525,614,604.5,569.5,593,89
=5VttZMV7laufDBpHRDd9favagod_S.jpg,430,905,439,526,667.5,482.5,475,87
=7By9hwEhL63x4xRcaJGSnQOE5_tJu8V.jpg,452,763,464,523,607.5,493.5,311,59
=7Cu6kG3mn9KuPJXggDCp_7W_NjUOHL.jpg,318,878,468,550,598.0,509.0,560,82
=7ec3YXYgRQdDggyvuiPkzZ7oBHcxTIW.jpg,404,736,476,538,570.0,507.0,332,62
=7MTsONtTOP=kzJ2ivMw7cOPcYXJ1QVV.jpg,12,1231,715,877,621.5,796.0,1219,162
=7Y=scPLLj2xw2TaztmLNaVLBHjH.jpg,308,761,424,491,534.5,457.5,453,67
=8aD28_bpgyEZCTgBoFOrJB1HYahnRno.jpg,233,993,536,645,613.0,590.5,760,109
=8CEibebO7u77V=7utDdgRSM4mVUfP.jpg,392,772,501,572,582.0,536.5,380,71
=8Df1IdgUeXCEQv8uUOzb5MQS5pMxv.jpg,411,855,433,504,633.0,468.5,444,71
=8Fg7mza7MdGi_znKhw5rfnc27DTq3ry.jpg,319,882,512,591,600.5,551.5,563,79
=8RvKqpUYjVepr2pxBBcg_9Zdm4_YTK.jpg,569,794,335,417,681.5,376.0,225,82
=8zXrXmdjgnyGrDW7W5Cn5ITSS7MzERF.jpg,353,901,490,567,627.0,528.5,548,77
=93MdbRDy46OR5GjGWbdVMUNP89Ljxe.jpg,387,996,527,614,691.5,570.5,609,87
=99nMlxrPbN2WXb85xUw76X9xajUaNab.jpg,470,817,487,551,643.5,519.0,347,64
=9KI5ESSgKDJCZgEjf=C89nHcTamW.jpg,456,918,436,509,687.0,472.5,462,73
==9G3h2OPz8IzwwL8OTWLkIunpD6MvmG.jpg,377,788,420,485,582.5,452.5,411,65
==HpQNxUKHpTRbJnCOa2XONUSd1gGg.jpg,509,992,448,525,750.5,486.5,483,77
=a3iHR2tD5df1ShOEBHh2caXGClsY.jpg,444,888,455,527,666.0,491.0,444,72
=a=7abJftM8PKCpY8bFWg7Lqmeev2D.jpg,241,782,461,537,511.5,499.0,541,76
=a=NICg1HewEd4Yk_B5Owv4Ry2dG_3RD.jpg,436,876,431,500,656.0,465.5,440,69
=auoyilPItqpkvLaGNKWBU645UWJq.jpg,428,854,414,478,641.0,446.0,426,64
=aXOJYHDkx65PdhZiLqloHXCL1rk1HM.jpg,457,859,438,511,658.0,474.5,402,73
=B8j1DnNoEG=YmktbuKpkmG2yhEZLB_.jpg,454,876,416,484,665.0,450.0,422,68
=BdrMCC345pQb6tfHXabhnzhaJt7jyYh.jpg,380,926,469,548,653.0,508.5,546,79
=BGzrMnOf8vNJciVNU=M3=1iXT_Xjpy.jpg,318,744,424,492,531.0,458.0,426,68
=bIKUsgOkLeZQxyjof_EZzP1wodFQkN=.jpg,471,737,422,473,604.0,447.5,266,51
=BKhjhm6H_lDBuX42lXbLuD7savs_S6.jpg,401,831,452,521,616.0,486.5,430,69
=BKS3tLa7LUcfgGrb2wypD46RB34Wj.jpg,317,883,505,587,600.0,546.0,566,82
=bo47WHnuPxxPuN5bdo2FH5af_693Ct.jpg,368,795,416,480,581.5,448.0,427,64
=bR3=mEeRPo2yHYufvB2zg7KOo5DJ_y.jpg,348,772,418,481,560.0,449.5,424,63
=BUdMzUJgLRz2Gb_ZVkrqcLxRdEKCVMQ.jpg,310,751,421,487,530.5,454.0,441,66
=bVC=R9PY6n9hTsRay3EoWg_sjrPXXh.jpg,453,868,421,487,660.5,454.0,415,66
=ByWhZ4VkQYLnaEBj86Xy1Uo8wR68u.jpg,330,753,417,481,541.5,449.0,423,64
=bZKplQC2fbSb=4wg59SBDRmRuuTssr.jpg,443,836,406,486,639.5,446.0,393,80
=C6tdpLQ=dLBGD7F_3Da1aqLf8j2sE3.jpg,429,836,417,491,632.5,454.0,407,74
=ceHN1h=enzczDxjo6el78Ub8KlV.jpg,429,859,418,482,644.0,450.0,430,64
=CHrKsqSWjCw4qKliMh_OZzuhFmWtDCZ.jpg,262,946,487,593,604.0,540.0,684,106
=cjm=Ww2I7sjqluGPItDeebnWjOVGcdn.jpg,429,839,451,515,634.0,483.0,410,64
=cktCE6pSF4bhsX8Zmw2MTgJ88qjvE.jpg,487,838,457,518,662.5,487.5,351,61
=cQS74eILvckVXY8wYnG9pixVXQlzl.jpg,458,817,492,556,637.5,524.0,359,64
=D=7wnf=1gddToySZnVP8mNTSEn2_U.jpg,410,830,423,492,620.0,457.5,420,69
=dD8DspkNa_ePYC8WqkwlWKZmqDDsZC.jpg,340,776,416,480,558.0,448.0,436,64
=DEUxoD8cDplC9BrK5eFlyzq8U68hO4.jpg,346,738,416,479,542.0,447.5,392,63
=DEv8ShTCZi6FhfliRM1bbguOYbnv=p.jpg,431,866,457,527,648.5,492.0,435,70
=dFTjaZexdKMFf2c2opS4h3acB8YS9E.jpg,407,836,427,506,621.5,466.5,429,79
=dIyIhm=vU4OHtzdjB8r5mZLhKbVrnM.jpg,351,905,461,568,628.0,514.5,554,107
=dRCfxPyEydSPm868i1=IbwfE_OeM=k5.jpg,394,828,447,510,611.0,478.5,434,63
=drtICRLovBY88qkf_ESb5kX6iiGMX.jpg,421,929,454,532,675.0,493.0,508,78
=dyk8zF=OeH4jYs65cVR4ox4H8YqMPn2.jpg,358,973,622,730,665.5,676.0,615,108
=EcH6g=GnNvpTv8kR7thNOYCrmUF43z.jpg,367,740,500,563,553.5,531.5,373,63
=ecL_VdM__Hc_PXMpLFGUeBoYXro3L.jpg,372,666,447,506,519.0,476.5,294,59
=erBzxBLBBNm7fe_1wt5wn2RLWt15c.jpg,361,683,461,519,522.0,490.0,322,58
=erGFDdNCjH15LeRNWGlWnilOo6TgEZ.jpg,375,869,449,526,622.0,487.5,494,77
=EWMRzMpGJrGUIm11f1hupsfMvItF4.jpg,284,870,570,667,577.0,618.5,586,97
=eZut4S=VXgb_ez3umM2iu=gGyOrkk6.jpg,354,755,415,496,554.5,455.5,401,81
=FegkpZnxu95ROIL7897aGaHEQgOUjt.jpg,270,842,511,596,556.0,553.5,572,85
=fEx94vVLg6VcDGDedqzG7rD35iNaj4.jpg,310,755,434,502,532.5,468.0,445,68
=ffHGRCH8fFLs65ZHUNEY6h2eZpNUTu.jpg,424,865,434,500,644.5,467.0,441,66
=Fl=aWSz37Wi_tE8=3Zj_PnvFH5dWS36.jpg,357,709,461,527,533.0,494.0,352,66
=Fo6JYjNkpFQo6c4KdL6iskuC2NysjP.jpg,389,817,434,497,603.0,465.5,428,63
=friedmmMuzuzc6QzXjS3gyFyzsQTq.jpg,424,954,497,577,689.0,537.0,530,80
=fVgDLIVt3vSWmjaNyOWCjx4P2=IjKz.jpg,502,778,446,500,640.0,473.0,276,54
=fVsqOW_1nK6fIRNRc5SFvO1PP8w=OX6.jpg,424,812,437,500,618.0,468.5,388,63
=FXufjC2QtDLPp2Jk9o=V=9ecTgy1ICV.jpg,271,786,455,532,528.5,493.5,515,77
=gfYVV5FXaTJeiFKwpIt7GJGGmsnsib.jpg,457,818,504,573,637.5,538.5,361,69
=Gjzi7=okr5iY4e_i4t2WaCOZ_v6genF.jpg,368,783,420,483,575.5,451.5,415,63
=Glb1HWlrzaMIEaQkor4TWKdZLOrdJRt.jpg,468,809,491,555,638.5,523.0,341,64
=GnmRJbMEXG7GuvQVFJEebcMfxGZcwda.jpg,444,898,460,528,671.0,494.0,454,68
=GPgExohuVj4q_626LmJdD8dM=GLU7Ir.jpg,435,763,454,514,599.0,484.0,328,60
=Gr2BuS9yyw5kEDHCUY3JiG_abUbM5.jpg,341,885,479,558,613.0,518.5,544,79
=H34gX=timWRbYChsSzzH8L5Y8gDnQJz.jpg,278,798,457,555,538.0,506.0,520,98
=h8lDZXlOBfojOwu=jgbjdkuoFip.jpg,415,815,417,493,615.0,455.0,400,76
=HcF1GJuRYXLYQZq8JBecQJcgdQ54h9.jpg,368,776,418,480,572.0,449.0,408,62
=hhLbH_4esU=z=sibnurktJKIZV_Gp.jpg,460,843,437,499,651.5,468.0,383,62
=HJ3k2=4cnKhKdcL4JDWYgm382pgrD.jpg,372,814,422,518,593.0,470.0,442,96
=HL3DbuJxh4Yoen5y1bPqa=F7TUmnpS.jpg,510,834,443,503,672.0,473.0,324,60
=HoJsCBagmO36Jn_bObthmadq_jTdYf.jpg,324,752,429,495,538.0,462.0,428,66
=HQokF13Zf=IFHZ=XLyuUKP3D_9CkKv6.jpg,293,802,502,595,547.5,548.5,509,93
=HWuzMZ1ZbodmKDEv24BMDZyWQftDiq.jpg,463,782,463,523,622.5,493.0,319,60
=I9Hnasq4nm7Nii7xHuShITtxtxW4Y.jpg,353,788,419,483,570.5,451.0,435,64
=iPbv3dju3dWDrssRm3r9K_BUmrCM5.jpg,454,795,484,549,624.5,516.5,341,65
=IqWiIw4rMdojOkXl_ZJa79R7Xp9GbH.jpg,343,779,430,493,561.0,461.5,436,63
=J1DtfoCLO1byJ3Yd5HzipYPfHUXkv5.jpg,365,838,430,501,601.5,465.5,473,71
=j7KkLtJ7m3qHBQJ68Gi2ibx4lRUzGc.jpg,384,822,431,494,603.0,462.5,438,63
=j=YJLZ6sdZik64ttFoN4wI722ksBMaj.jpg,346,740,413,497,543.0,455.0,394,84
=jbcVkVkIllfP=t_MK6GQGkkeDG6tDpJ.jpg,424,834,416,489,629.0,452.5,410,73
=jfeVkJyOK4UOBzh3NhB9XSt6UvUW=.jpg,402,891,481,556,646.5,518.5,489,75
=JpncF1JyiUUPWe=Eo7vNQECcf8fO5.jpg,418,847,418,490,632.5,454.0,429,72
=ju_XIe6y=hYVGDPExt2itU=dg1erc.jpg,393,899,464,575,646.0,519.5,506,111
=Jv82PUMiWyG_4ufQyiErx9UzeDuGMc.jpg,329,757,422,492,543.0,457.0,428,70
=k4=g7rjPkuRUWeS6P3M5hQ14bNjiwV.jpg,416,811,440,503,613.5,471.5,395,63
=kTVF2F6NzGKFh_xh6RBSmgQRt5Qnatt.jpg,406,746,462,523,576.0,492.5,340,61
=l6wES5kkndwiOluVRKb1KvbMXuTaapz.jpg,435,831,443,506,633.0,474.5,396,63
=Leh2FuIZq9jaWxFVGhIuvsqFG9hfry.jpg,426,854,416,481,640.0,448.5,428,65
=leH8IQn7HaWJHnYgnrCcohDl6BViarv.jpg,426,758,476,537,592.0,506.5,332,61
=LfplWhIZagCFXOTGdVjbwbniLob_hsV.jpg,419,922,440,517,670.5,478.5,503,77
=LpE5I7aUneYwQx7ngBj3EDbEtncjW.jpg,301,850,482,572,575.5,527.0,549,90
=LXGx=8qb2_Fc6eRIuFCh_K9cbQsc_1.jpg,474,1023,503,591,748.5,547.0,549,88
=lY4SvCsgBSWDmMJEbTZoTPu3y95S96.jpg,349,741,446,511,545.0,478.5,392,65
=lZONbVpQ1_gV3LvGK3I_174fMEPhW.jpg,420,764,443,510,592.0,476.5,344,67
=mgRYt6Whfv34f1gwLxE8J1rlBquSsd.jpg,447,842,416,480,644.5,448.0,395,64
=mjemZqzJyzu=WScdKph6upFMyUZBBsF.jpg,434,989,454,549,711.5,501.5,555,95
=mo7XIJG2SK7bcsBcyULz4dC6bu7bnv.jpg,397,811,414,479,604.0,446.5,414,65
=mQpHI628BLughXhriU2xFZeY9mnkTCm.jpg,217,809,489,571,513.0,530.0,592,82
=muiHaSQyBZww9_IXVDd8zJ6ipfxIp1z.jpg,418,695,421,476,556.5,448.5,277,55
=m_bFM8ctuBIMNIbIkJg6heoqaDF8dNJ.jpg,383,837,450,521,610.0,485.5,454,71
=N=5RQrFo69Nw_buF_t3gpzjlPuzwfnc.jpg,361,830,437,525,595.5,481.0,469,88
=NeINGjsqRLKHpX3XJ8Jz1zIMwT=hoc.jpg,393,870,467,540,631.5,503.5,477,73
=nG3YTrwlNSlV8PtFFp9SOhEC4aSf.jpg,278,811,453,553,544.5,503.0,533,100
=ngSnkDs1VKWmNUxCLrrYrYk9acpOg.jpg,392,778,473,537,585.0,505.0,386,64
=NNi5Md2p5lgCgdyK23elQyjckWjtCm.jpg,449,1231,589,707,840.0,648.0,782,118
=NnwE6oKDGT8SDBhIfreMIqTQDlSrN.jpg,444,884,422,488,664.0,455.0,440,66
=NpofeliTfxNH=JFmVwZVh6OeHFka3.jpg,376,946,462,552,661.0,507.0,570,90
=nPPq5Px2pwpo63JkgpWt9LenxTU.jpg,435,914,482,553,674.5,517.5,479,71
=NsMTESDG8hJr48ONk5lJTpKVV4mUJ.jpg,323,761,420,485,542.0,452.5,438,65
=oczlUbG6noUaXWQJTngbjiv44qlJ7O.jpg,441,910,477,552,675.5,514.5,469,75
=OfG67dO4sRvBv2IiHEzBI73C_VrN.jpg,274,767,452,530,520.5,491.0,493,78
=oig5UM9KvZze5ExFekiuwno5N8BtIO.jpg,421,820,406,468,620.5,437.0,399,62
=ok7_mmh_qCUSK2n8aouai8uuXa7X8o8.jpg,385,821,460,529,603.0,494.5,436,69
=OKt2EMB6fn5GdnLMcMa2qabt21I21H.jpg,400,827,415,479,613.5,447.0,427,64
=OO9B7Rrq9SdGqcsBq21JWZvlFtt9=x.jpg,357,794,449,512,575.5,480.5,437,63
=owMboqhrSxELBf4h6zfQgElf=u8wf.jpg,411,895,464,539,653.0,501.5,484,75
=oZJSJdoMd_7RXf8JK2LXVDD7Yj97.jpg,446,878,448,520,662.0,484.0,432,72
=P5OCTpzQ923S5KdgETSPm_eeGCTOra.jpg,409,833,413,475,621.0,444.0,424,62
=p7ebSMTh2voxsOZ5eYupy8mhnr3fQD.jpg,363,891,507,585,627.0,546.0,528,78
=PFZk=hBJei_Z1GqX=21rgGm7LhRla8.jpg,394,812,426,494,603.0,460.0,418,68
=phVol99i5dRX1=1NCyV5aCTpdcVajf.jpg,439,962,460,538,700.5,499.0,523,78
=PNBb2NwwB7LbTFGN17es9zYJYMeFzLl.jpg,405,878,432,508,641.5,470.0,473,76
=PPw1aafr=9lHz2ikTcBEwhxSyw92E.jpg,272,840,516,597,556.0,556.5,568,81
=PshivPvDXrf=o9EIjO8ZQFMvvIjO4hz.jpg,386,824,421,488,605.0,454.5,438,67
=PvQ3NOJOKJ8FSR7vWxuJc=evyXboPGn.jpg,324,935,469,560,629.5,514.5,611,91
=QieKjDiCFN959y7C2wJTNmOVf8io=em.jpg,416,869,429,504,642.5,466.5,453,75
=QJpFDFWOlucXPMdWUhEJc2ToGLcqdgO.jpg,334,875,455,554,604.5,504.5,541,99
=Qo7Mvx_o8TpiyrgN8I1ZUUdKZgyYgHS.jpg,327,765,428,500,546.0,464.0,438,72
=qQPQtC1BlO89sOVRa5sJfNf8_8Uyl.jpg,316,750,446,508,533.0,477.0,434,62
=QzjHhta9xzhIFTFwQCCp3=8scqrrKa.jpg,327,694,518,585,510.5,551.5,367,67
=rHFujEPW6kykCiOx22i1=Y_Pa1oBpqe.jpg,65,1039,650,777,552.0,713.5,974,127
=rj4vjbz9x9rKQI5b6FyVZSzgyik_an.jpg,292,760,432,502,526.0,467.0,468,70
=rKje6qyJSYrr=N_Gz47Vbn_slCv_Xsj.jpg,459,807,485,551,633.0,518.0,348,66
=ru3Jw1MWr=Dn67=C_jr_fNKnj3xKTm.jpg,349,760,463,535,554.5,499.0,411,72
=RWXa=mEmkkpoEpS7wlSH5of91uYU11.jpg,386,833,444,509,609.5,476.5,447,65
=ryuyuL5eGGQ_o4QzV_X==G66CR2UkbL.jpg,464,757,429,488,610.5,458.5,293,59
=s7yMnIww7C4SCmYustCwTIot6Njic.jpg,286,809,464,544,547.5,504.0,523,80
=SHMa8VCxb_3Nr_l_eHaej_7t7NbzxOb.jpg,389,812,416,481,600.5,448.5,423,65
=sQIJ2=fJPcSTz8eQEKWpfspWCBX1ra.jpg,412,881,439,511,646.5,475.0,469,72
=SvOuPQIw6P9=UFh2L9kYWEXg=Er=.jpg,448,739,435,493,593.5,464.0,291,58
=SVzHMohFy8eetzMSQkfajzyJkvTo2q.jpg,397,921,493,569,659.0,531.0,524,76
=SxSUOGgfoRX31zaRH5q3FvLaahvcZ.jpg,395,1004,486,568,699.5,527.0,609,82
=T7Tshu1atLB1YTfb_Bp57ZpiGYeb9j.jpg,428,832,415,482,630.0,448.5,404,67
=T=5M6rMv11imGqetOaSQP84xIHIut3E.jpg,475,889,446,512,682.0,479.0,414,66
=TGhknVMK8KuUsSyFfUCabgTaHvcUmaE.jpg,361,834,440,520,597.5,480.0,473,80
=TivUZtwhu6bw1smLVpRxryuPQxE1.jpg,310,753,421,488,531.5,454.5,443,67
=tkR1QIJEKsCrnwNtmZmtytJllpJ2s.jpg,414,818,419,485,616.0,452.0,404,66
=TuyOyrQku26iPiuMaB2scKgJ=5dRGI.jpg,457,914,466,536,685.5,501.0,457,70
=u8QmC7tjLk3EBDPnbwqzropEFjLu8wc.jpg,391,830,428,498,610.5,463.0,439,70
=uBhrZKUJmwDJZY2=YEW9OKlpfODRxGx.jpg,436,813,473,545,624.5,509.0,377,72
=uIz6W3u2y_T2FQc8gtq_KbZRTqoami.jpg,404,879,435,516,641.5,475.5,475,81
=unqw3_D8PWBhN7XpZ9QCcabLnLVc=.jpg,411,866,439,507,638.5,473.0,455,68
=utPjRfk=wy6XSo1lsEr=jxLtqV7ZMY.jpg,279,861,521,627,570.0,574.0,582,106
=vacCtwB3vTbbE17Slzt1RqOOZm2B_.jpg,402,970,474,555,686.0,514.5,568,81
=veFRPWF4zx1L9LXHbmJt7_9MVK3g1Xf.jpg,313,759,424,491,536.0,457.5,446,67
=VJr7l1ZHf1zI8mnteg_EPykLPrPVLL.jpg,304,753,424,491,528.5,457.5,449,67
=vLD1wgg8av4JqjUF61VxwCQC9kxbSc.jpg,331,1027,558,658,679.0,608.0,696,100
=VLt_X6TvBrPmdcPOxwGShwKS9Gjxwn4.jpg,442,898,430,503,670.0,466.5,456,73
=VmrNO=7m72BhMpvfex23FLVN662.jpg,218,962,537,650,590.0,593.5,744,113
=VPfQTY2Ep1NaIaDM3wj_73eniN9zC.jpg,324,684,469,533,504.0,501.0,360,64
=VTNNrfH3waRRb=HJ9UW2wXC=Qve4BT.jpg,486,882,415,479,684.0,447.0,396,64
=VyrwrO7QuMeMVjskg8=uuQupWjxHS5.jpg,444,832,431,494,638.0,462.5,388,63
=WDILR3g_EVKEbh9kSjhQo=l5CbHW2u.jpg,442,858,417,502,650.0,459.5,416,85
=wFMBvbvBJGEWtN=Evr=Zl1mRQYqj2Ph.jpg,198,952,534,636,575.0,585.0,754,102
=wJpsIyUTzOt8i2sxX82mr4bM7tZpNGB.jpg,404,805,452,530,604.5,491.0,401,78
=WNcmNOVNN79N6JyVUZQeOZ5Tw3mTclX.jpg,333,908,513,602,620.5,557.5,575,89
=WNo2paaxUIGTSeVDEVwFq1D28Hlp2o_.jpg,467,865,417,483,666.0,450.0,398,66
=wNSXmzoxTkyMM_GkO=Q5t6z__ckp6.jpg,426,842,422,485,634.0,453.5,416,63
=WRmIhoiCznrEJO=eaNq_clPpZMJ6d.jpg,369,908,460,543,638.5,501.5,539,83
=WrS8VK3YuxWliyaC8vKCBW2TYrlrzf.jpg,438,1029,516,614,733.5,565.0,591,98
=wXIXwD2lroWq7DvckphfXg5ZRXMgzKf.jpg,455,877,454,519,666.0,486.5,422,65
=WYGh2wUyd6IMnBfvOYtxzCbr31Is.jpg,405,888,470,545,646.5,507.5,483,75
=WYHaLXyPdNkq8r4WiTSl2k8_oXTxn.jpg,435,827,413,478,631.0,445.5,392,65
=wZBS4H4ztIVPSlbo3Hon78SbGN84_Su.jpg,298,754,426,493,526.0,459.5,456,67
=xegkE3Vok11G=S=oZ6n3EkfTY8Mr2.jpg,376,668,447,505,522.0,476.0,292,58
=Xjc9ffU_h7S1sC9ECOh48Fs8HO8ZM.jpg,328,751,420,492,539.5,456.0,423,72
=xljngmYcUJ=h2jKQRqkMqU=d=qj84cM.jpg,525,810,429,483,667.5,456.0,285,54
=XNc9pMzkRK9tnx38Ec6VMmIKRWIZjv.jpg,252,797,458,542,524.5,500.0,545,84
=XOG5=NfkM_dchECpLFUl_uRO5LcnM.jpg,360,868,452,529,614.0,490.5,508,77
=XpSwRqatRkyWYTUaaHCyXCGQE3ri_TC.jpg,324,658,445,511,491.0,478.0,334,66
=Y4KHe4vItDqZeZQBxKxhGmHO8Jhvsqv.jpg,405,911,448,525,658.0,486.5,506,77
=Y519M87QoMFcwn1Sg5O_YneuInjll_h.jpg,417,839,422,501,628.0,461.5,422,79
=Ydllxtm8zKgGyUnh1JpH8fLMKpNCwVQ.jpg,403,937,502,580,670.0,541.0,534,78
=YhmQm46MFBzLuVx7_1t9vmwkXqCLxfY.jpg,323,684,467,531,503.5,499.0,361,64
=yRrlrZWROVSPOnf6nyC5CCVxIdsOO.jpg,432,931,481,557,681.5,519.0,499,76
=YSasksQvh9pu8VrqWu3vJdtM9f4P1yf.jpg,296,773,440,515,534.5,477.5,477,75
=Z22WS12dawcxs3or5_hjFCvC6GOfBL.jpg,453,809,499,566,631.0,532.5,356,67
=Z2PaPsO_D6TcdyRFaypfdibVa1eiR.jpg,349,675,451,510,512.0,480.5,326,59
=zEnE=TPM8tiNjXfVa=z5HxPz1tzNX8.jpg,374,662,429,485,518.0,457.0,288,56
=Zi2DDNc7HshMsnYM8Gf=Jnuo4J27x.jpg,386,714,432,492,550.0,462.0,328,60
=zKBiFXUWBwH1=3VIP45ZIRQT8_9G4q.jpg,421,943,496,576,682.0,536.0,522,80
=zpppFGMX7tYWpHCVt1F4dy44gcib.jpg,429,891,434,506,660.0,470.0,462,72
=ZYXowL2DDRReQ87b7z3qjPlVo=pSr.jpg,377,943,472,561,660.0,516.5,566,89
a1gZbSoTam=axX29Y7S1M_QqjQhNpgf.jpg,518,912,421,504,715.0,462.5,394,83
a1tWOK6snKUt6KZyYr1peLfqWhYM3vDI.jpg,121,786,533,646,453.5,589.5,665,113
a1WCjTnHtWJ592X7Wf14lb98t9EZaPB.jpg,368,905,502,580,636.5,541.0,537,78
a2lgTjU7==rLdFbtS4EXxZOXs9siCOq.jpg,404,835,417,480,619.5,448.5,431,63
a2p=MdYORRY_Wvtmyw2L=nbmRSt4XGO.jpg,386,803,444,506,594.5,475.0,417,62
a2ZZDt99oCpUPW9NW8aSE91HTghhF.jpg,97,830,496,603,463.5,549.5,733,107
a3bHb28q4IubLk8NyJqKT3C6UQBJO.jpg,289,1054,568,676,671.5,622.0,765,108
a3O7XI6HpcdJGW=DBGbhXTruw15rjOP.jpg,440,705,416,471,572.5,443.5,265,55
a3uM4VasQlw3mx5heBBaXR32p8x6wzg.jpg,447,863,417,494,655.0,455.5,416,77
a4anQtoQzpo8=CZI51pUGl7Q7Qnq5_S.jpg,322,750,429,497,536.0,463.0,428,68
a4bsodKXUpFCQM6ILI=9KWU2PuNiUpuY.jpg,476,804,477,538,640.0,507.5,328,61
a4lFX7=TImsfVwgCVIa_adVc8r57qjzS.jpg,417,747,474,535,582.0,504.5,330,61
a4V8FXbl6qX6ypBhWxk=oMKborJkRBb.jpg,406,845,419,484,625.5,451.5,439,65
a5C4jK9eQPYHfVvjd=DVKVYlDcMvj.jpg,435,857,420,491,646.0,455.5,422,71
a5GTTNVRLKw6VD97OEZEl8Oc5tau_ynI.jpg,380,825,425,492,602.5,458.5,445,67
a5KJqFa7Ntgj5E8sQOadlIXSGBTyeJ.jpg,449,952,481,555,700.5,518.0,503,74
a5Kq3QUphfxqGJliyIXznQ8lIak_Zty.jpg,337,822,473,549,579.5,511.0,485,76
a5OoVep4WMZLrZjtwlqenogEs3r7sxZ.jpg,424,901,471,542,662.5,506.5,477,71
a5q=UkJBpTpqBjfQ_MxXbeDORzRdVScM.jpg,329,748,422,489,538.5,455.5,419,67
a6f9jg1YjqFp7si_8fHMuxhOmvGisO.jpg,364,781,433,501,572.5,467.0,417,68
a6k_6K3zxvw7S7KTJ9oVg9z3NIXL.jpg,438,888,422,496,663.0,459.0,450,74
a6L6vxGcSC1b8O89TgSqYst3b2D6yCo.jpg,390,810,425,493,600.0,459.0,420,68
a7JYRbW1p3NsEPvjZnVMjeKc7zazuLH.jpg,413,838,414,476,625.5,445.0,425,62
a7sHMl31Mh36aQ=_KmvnQYUtTaD4Slu8.jpg,375,921,459,542,648.0,500.5,546,83
a86tpRdqXB15MQyL86JweNqQ8Ite3Dw.jpg,292,1093,565,689,692.5,627.0,801,124
a8K19tCPWehTmC3NFCUivNm2B1lQB.jpg,337,857,444,523,597.0,483.5,520,79
a8TiT6TSQJ8vECzc7=JYZLTITupR4V.jpg,422,870,465,533,646.0,499.0,448,68
a96I7m8g5TbcJgItBsItJLR2X=__jKl.jpg,441,947,459,535,694.0,497.0,506,76
a9=g8GTScuxslkDuWzIrh9=pXtXEvao.jpg,226,1018,525,655,622.0,590.0,792,130
a9fn56bKK9hrfE_EkJE5Nd4=tZg=n.jpg,415,937,442,519,676.0,480.5,522,77
a9itXYLgXzO_gR5jLPmYTRjHmLmKgOT.jpg,386,840,429,499,613.0,464.0,454,70
a=1iGckVoyvfpGny5NgdZzwMpVgcMRL.jpg,378,810,422,491,594.0,456.5,432,69
a=HjShI4fErJ3NgmbgYBpCl2kvuVzg.jpg,414,937,488,565,675.5,526.5,523,77
a=V37u5Fo4QCIGvkT67ohc_Z=VYOM9X3.jpg,410,832,421,489,621.0,455.0,422,68
aa22BdRMr3V5ZscT_Ro3JHRDpkBkLW.jpg,385,806,421,498,595.5,459.5,421,77
aa2fZr4daj2FDVDdzfxIcdycnQv3.jpg,353,778,447,509,565.5,478.0,425,62
aa2rpDXa6CmBdlh9HU9espgCtVsFelJ5.jpg,383,791,413,476,587.0,444.5,408,63
aab=h7Fu5Sp6LbhBqFYLsntoRM4g8YFm.jpg,344,872,487,574,608.0,530.5,528,87
aadxlap_y6E=lIt12sIrMgo_of=jIk.jpg,417,817,420,484,617.0,452.0,400,64
aaj9aMtu=RcCcKKK9rluiXQbUp4MWsW.jpg,375,934,479,564,654.5,521.5,559,85
aaZjqHJazT5es=iaxJgNKeXRD12WGH8.jpg,392,862,436,513,627.0,474.5,470,77
aBhoahlUU9Na_9aOMvdi98mWx6RHQiv.jpg,344,852,451,530,598.0,490.5,508,79
abPeLFK7BC4CTTnmm=RpMHeaNSNz94K.jpg,387,897,452,530,642.0,491.0,510,78
abrHtUFo7zNF43v4=pQSz3mF_NR=SUZ9.jpg,418,856,417,483,637.0,450.0,438,66
abTyK1IekQZic6kc15OGMcdItw66aR=.jpg,372,966,520,618,669.0,569.0,594,98
aBxp_CM=N4cQGyPNThPtjv6u7sd8p.jpg,439,841,419,489,640.0,454.0,402,70
abzG1Jwzp2KzPC2q2e=SRW7Do_RMbidT.jpg,412,913,485,558,662.5,521.5,501,73
aBZhvi75tZIRfIu6clEFvfQD3RhBY_.jpg,432,826,444,507,629.0,475.5,394,63
aC1uGFx_KKfT4Ik7TPsMo42=BUXXoTzC.jpg,334,748,415,477,541.0,446.0,414,62
aCBzZg1ON1QigJT79L8WhNI5NLRHGs.jpg,416,885,431,507,650.5,469.0,469,76
acHoWfrumz=ki4o8u7cOqh1QOCjhsV.jpg,389,762,461,520,575.5,490.5,373,59
acluZf7UJ1IWHpI46rx=uC1SLQlPGTI.jpg,364,849,429,502,606.5,465.5,485,73
acuzBPSc9Qb7z7=89OUqXsNgdFPr1rV.jpg,445,799,450,516,622.0,483.0,354,66
acv3r4X62m_KIPoL5kyjCGdBQ9wc=F1.jpg,376,869,437,534,622.5,485.5,493,97
aCZqpMaCXqcc=8h_6vscoZZRwVlDniE.jpg,341,795,429,501,568.0,465.0,454,72
aDDDPI6FWJSm2p6v7S1cKILoBRSMvP9.jpg,416,903,452,525,659.5,488.5,487,73
aDFkF1_laUlF6WJ3SZlRGhQe_DaVjHc.jpg,397,721,465,526,559.0,495.5,324,61
adiqgjqVvh57z11st9Ro6ou8NfjyYi3k.jpg,496,831,480,541,663.5,510.5,335,61
aDl3MggbDceUCGHp985povF61Gv_din.jpg,372,769,442,514,570.5,478.0,397,72
aDLjcY=fIG4m=Kj4PXcKpSnB1QbrQM.jpg,348,950,429,523,649.0,476.0,602,94
aDPoIVhhBShIiJmtnah4gXc42KSEBeN.jpg,444,874,434,501,659.0,467.5,430,67
aDqI4FeJlx_NkXYiPedYjZ6iwcYjte.jpg,279,754,434,509,516.5,471.5,475,75
adW7xUQ=grG=IgL6uyZx1Xz5wqmaXxgm.jpg,415,690,438,492,552.5,465.0,275,54
aDzRcO2eDMq=YsJoYRcwxvlR8Hl6NcH.jpg,405,713,466,524,559.0,495.0,308,58
aEOj75F6Es=oKDdTxeY9IhEycXNZ2B9Q.jpg,412,809,423,490,610.5,456.5,397,67
aFUTBcmxkS2ovDaBOBSmHI_wySOLty.jpg,382,873,478,552,627.5,515.0,491,74
afwv4FQOuwPrB28zQJCmr5pzYNKFHEx.jpg,201,996,539,658,598.5,598.5,795,119
ag8G7YNwaS5nZpi2DIJ65Wu92kzrt_6D.jpg,430,858,419,490,644.0,454.5,428,71
aG9lrsrx7=fH7WahwWrZvF8pRipIJU6m.jpg,408,725,472,532,566.5,502.0,317,60
aG9qET5SX6TrTO43liiuc7JnEN2aY3.jpg,309,824,487,563,566.5,525.0,515,76
aGex=l=Kb4bLHvGePj1YGJ1T38yZg3_n.jpg,376,851,426,496,613.5,461.0,475,70
aggIBpRzBzI_y4kem4jT_R2sIswytEE.jpg,402,677,436,491,539.5,463.5,275,55
aGhQVgm_xsZM5eI4aEyXiNvq8gU6oEa.jpg,351,819,463,540,585.0,501.5,468,77
aGkGSTZmjqbfePC3zQOpOSrIvuylhKN.jpg,399,920,490,577,659.5,533.5,521,87
agMMmWeQMy1uVrfMPJu6RGFcTg=tNbq.jpg,474,818,456,515,646.0,485.5,344,59
aGQeDN2z5zy1FCg8q_KldL6RNENXKXRI.jpg,395,890,465,544,642.5,504.5,495,79
agtxKI7M_8FxIc=z3JfgmIb2E2ksvmk.jpg,444,916,446,520,680.0,483.0,472,74
aGuSnGL9qutSqRlicmTHZXUOxCB271Ep.jpg,316,755,424,508,535.5,466.0,439,84
aGWutkzym2Qy9RH8unGG1d8d8LDUO.jpg,501,839,443,510,670.0,476.5,338,67
aGy3NM=rGP9oomJJmhv8rkqPVs56sny.jpg,403,813,420,487,608.0,453.5,410,67
aGyd5zJK2IqoYPLyoiF6O3k=eq7cWro.jpg,398,872,443,514,635.0,478.5,474,71
aGYSInw4M_8HJRNFhfSnckxyxb19aKa.jpg,317,768,436,506,542.5,471.0,451,70
agz81Z1jVfasxPaR27Z3OyqycPEu5lVN.jpg,460,874,424,486,667.0,455.0,414,62
ahqz_uYsYHUzE3QCvKx_lbZ1IdkgSt.jpg,443,945,445,547,694.0,496.0,502,102
aHV_Vuu1tv4aNSR51txhuH8sewlEkrg.jpg,256,872,489,603,564.0,546.0,616,114
aHzWcyYhiSX4a6q2hCpX9meWszYzPtcm.jpg,404,808,409,472,606.0,440.5,404,63
aH_ULCL2BOq6BdygdWwJKGO7y9POfOw.jpg,289,899,466,555,594.0,510.5,610,89
aIMvyT8hj1cxQJ5Rc=94op74WyCySBg.jpg,306,903,521,613,604.5,567.0,597,92
aIsjn5pSSW_CFk3PRwSVgFBR_hrXdX42.jpg,412,881,469,543,646.5,506.0,469,74
aiZh=nYMiChBKjP5D4_3S7cURhWw_ME.jpg,450,805,456,523,627.5,489.5,355,67
aJ4Eg=pZ43=aG3oKsHv4y3lGPEDVrTd.jpg,385,945,464,546,665.0,505.0,560,82
ajDuQMK2qgD_ZnUP28MjDKit8ONIx7Zy.jpg,388,859,434,528,623.5,481.0,471,94
aJfr7XVvDtz5v4I8zbwhKy8GYKrk5UOS.jpg,394,847,430,511,620.5,470.5,453,81
ajiPCNQ3TdBO2=BekST6WG4wiE9c=gXi.jpg,471,1010,494,593,740.5,543.5,539,99
ajKPWHXg4ClM95SGYQg5vEgz6wkYjmq.jpg,356,663,443,502,509.5,472.5,307,59
aJLu6fLQ4SLw9OkDnJn9P6wYtn4RoC.jpg,494,779,430,485,636.5,457.5,285,55
ajPjX46gygmM3fT_KEpB97mBaytMb1.jpg,372,738,470,535,555.0,502.5,366,65
ajTg2hElwMpqTvspI56U73Tw76X6kcXt.jpg,399,840,421,488,619.5,454.5,441,67
aJxqtpepkYQfiJRWBvqglRY5=YadHDGZ.jpg,449,744,433,491,596.5,462.0,295,58
ajyYu7xZmqWW7CvHv3SUI=XaqlE78fW.jpg,368,928,466,585,648.0,525.5,560,119
akC8l159mbyitcd6p_lHi=6iVQt6b6c.jpg,369,900,465,543,634.5,504.0,531,78
akCE7aFs2=HUMlci4pPl_WQW_YQk9Nn8.jpg,239,790,474,553,514.5,513.5,551,79
akdDuXR18z8R6dwlfcaOBjJI2q_gEXH.jpg,380,867,441,534,623.5,487.5,487,93
akM5MrcKnfzFT5qF3sgsndoROR=RBhQ.jpg,360,799,433,501,579.5,467.0,439,68
aKPnuTc3jYicbGhoifELujjPqm4p57je.jpg,443,942,441,528,692.5,484.5,499,87
aLLuIlYX7REOBqOZfLt1zhCXSCCrlum9.jpg,401,816,414,476,608.5,445.0,415,62
aLP5qJ5iojPLymMWMoCfC7yq9WtRDvH.jpg,420,868,429,500,644.0,464.5,448,71
aLSu5eC9=kCcG_keGxYofMrzsLiO9K.jpg,390,788,411,483,589.0,447.0,398,72
aM7EIVuIvl3yfREN_m3JBDIMxPbtbqj.jpg,428,778,484,549,603.0,516.5,350,65
aMCzMjUqB7l=uac1=DHgrBy39WJf6Z7.jpg,367,879,453,529,623.0,491.0,512,76
aMF3QBPjMwD3LsYsyVjr_6sO3NxxzLDP.jpg,379,834,439,510,606.5,474.5,455,71
amIWn1xeGXnQVYvz7BDMPjVIwe2eGKnW.jpg,387,805,420,486,596.0,453.0,418,66
amKKBFfssg5gImBbFom=SIzLlPcwSPh.jpg,531,858,468,534,694.5,501.0,327,66
aMX13BwL=mFEuTfuGeVHaMI4KQwvWHHR.jpg,405,830,429,495,617.5,462.0,425,66
an4P2ME3eX6QMIyesE5PW8SQwSbiCQGk.jpg,262,828,490,570,545.0,530.0,566,80
aN8ES5PbnI21pn9yUQ6Zu4jpsBueMw=k.jpg,411,847,461,528,629.0,494.5,436,67
aN9WRkwq5FGUk9txVuyVkv4UOyNFi3hE.jpg,341,705,489,558,523.0,523.5,364,69
aNeG1zM26f_TRH1482paN3jwaB7n_yrB.jpg,356,900,450,535,628.0,492.5,544,85
aNh3opBgfpIdTBKuluHJGwW9hmWDZX4B.jpg,457,860,415,493,658.5,454.0,403,78
aNYVfj1qHd=x4dMxaFlJJY4aHkiMf.jpg,413,790,436,498,601.5,467.0,377,62
aocq2Kpj2ohTgfmmpQnwHJkf48n9Rf1.jpg,239,1028,536,666,633.5,601.0,789,130
aOCWt2mpbWWh8Q5mBuwpEVRo8it9ZULc.jpg,368,926,500,581,647.0,540.5,558,81
aocx_ksnNVuf4mUtTHxWgobFMnvSi.jpg,373,913,448,525,643.0,486.5,540,77
aoJdmcFzCt8ZOe1L14oDVD5mWLPaQyS.jpg,460,902,429,502,681.0,465.5,442,73
aOmjZJxOdqXaCHZLwmlgEiqpcY_rOE.jpg,290,901,524,613,595.5,568.5,611,89
aoNcECpded=yn3pEWmPWMpYRRMZDHEl.jpg,357,1028,509,614,692.5,561.5,671,105
aoRbUsTdxdwEGnLeHTYGj96u_h81wn6s.jpg,435,830,419,483,632.5,451.0,395,64
aOsLWNtoBuv8DVtYu_YtHK=Wmvl58YR.jpg,386,917,459,540,651.5,499.5,531,81
aOTrRXPLI_FjrwnMtHMl9HDlBeTcr7sB.jpg,410,946,491,575,678.0,533.0,536,84
ao_pnpPh3Kmg5YkwguKtKEWjXn9F_U.jpg,263,700,451,520,481.5,485.5,437,69
apCosKeJdQHyIZRfdrhVF4xzKczjj_=1.jpg,301,757,425,493,529.0,459.0,456,68
aPEn1P_rQfjaWBzzipsUEikLSlnDqw.jpg,257,767,461,535,512.0,498.0,510,74
apiRjr6p9mYN9zV7BpOQ2hNH9g7.jpg,382,849,467,539,615.5,503.0,467,72
apnGmjYZHGo_fyMJXmay7ShputX_62l.jpg,470,860,442,508,665.0,475.0,390,66
appkza8fQM3CaSSFybDvSnLCt_439oFJ.jpg,326,805,440,512,565.5,476.0,479,72
apTxt7B7J1jV4I=tQoNTIdcl_wQN=eWy.jpg,356,700,457,519,528.0,488.0,344,62
apVavuNlNS3kCIfIB5=I4w4gxVS3ZQUN.jpg,346,773,445,512,559.5,478.5,427,67
aQaBrJ_Sk7fCx2ULfkFe4xjB5PJKZjV9.jpg,402,828,421,491,615.0,456.0,426,70
aQbcWfF7uyih3UcBujQU4bNgnniDp.jpg,269,772,439,515,520.5,477.0,503,76
aQE9ck5YSFYbSfdfRfJfF2khhcEm=P4I.jpg,534,836,453,513,685.0,483.0,302,60
aQJ5MdYP6LQ1id4zYJp5ijZ7F=C6h.jpg,361,907,466,545,634.0,505.5,546,79
aQoiEB1QHYywpYMbWVIdckMSszY4uY5.jpg,318,756,419,484,537.0,451.5,438,65
aQQLmijDGTbTE8XKvTje_15=Yu8F_1Y.jpg,345,763,423,499,554.0,461.0,418,76
aqZJB3E4GTIQS8T7k34l13nhzEJ2L.jpg,398,689,421,479,543.5,450.0,291,58
aR8eer1r8fRUU8mURWbciM3fpazaXS.jpg,432,710,421,477,571.0,449.0,278,56
aR9lwPX6u7mthkUdH86BtMnD4rMBQ4k4.jpg,427,912,483,556,669.5,519.5,485,73
arc_dgj=VOl2DU3CQl7=dZ9=MrCS6.jpg,435,766,476,538,600.5,507.0,331,62
aRE2WshO=i=FNTfh_rEaOZxPprBC3Htp.jpg,409,853,427,501,631.0,464.0,444,74
arEeB5KGoTK6EQNkEPT=XWDqDo_qPpl.jpg,356,899,509,588,627.5,548.5,543,79
aRIpZKn8G5m5gtEhdE=RvTk1EfjFKN.jpg,387,863,435,524,625.0,479.5,476,89
arjU1VMX81Rn5cnJKiJmnOH5DxohrG.jpg,358,935,513,598,646.5,555.5,577,85
aRM_jUF2f6gf2faTV9=p=39ixOvmfpI=.jpg,395,665,424,476,530.0,450.0,270,52
arrgIcQSkv8MxTnl_hE2d59S=QxnySKl.jpg,434,839,415,490,636.5,452.5,405,75
asGEaMKz46u9FMhjLXGYE4hIJmXH4.jpg,481,761,445,498,621.0,471.5,280,53
askX_=_qLkanaukt=w3GRmDZuDfGzaxf.jpg,324,682,470,533,503.0,501.5,358,63
aso=TC7plrV=a7EEG5XiOP=nI2U9DPit.jpg,440,848,446,514,644.0,480.0,408,68
asoPRzeOt8P2cgepwlbkc3sPdUl6C9B.jpg,270,781,452,531,525.5,491.5,511,79
asYK1YQL6lQOG91pQ8qx3SFVhC8gGL.jpg,374,832,442,510,603.0,476.0,458,68
aT8QbV93iUUB9aVnZ8la27jrH5KYfgj.jpg,423,876,431,505,649.5,468.0,453,74
aTIsVMKQPXyvOKscVTDkEsdoyJXwn_tt.jpg,466,889,423,494,677.5,458.5,423,71
atlotKt5EGatFWE9FO2clYnFQcTx1H.jpg,429,930,484,561,679.5,522.5,501,77
aTnNdPQzT2OV6kBu2vElHBK9jF5CmGXe.jpg,465,760,422,479,612.5,450.5,295,57
attUPCkVdxR3y61g8VZQ33s5qtp91ly_.jpg,391,919,414,500,655.0,457.0,528,86
auCg3VwZDHb7UlHxlttWvxI7on6WkMq.jpg,254,1005,527,655,629.5,591.0,751,128
aUGwh4MnjGEyNvLDVXsdTCrEQk_rf9.jpg,395,808,418,481,601.5,449.5,413,63
auKTmJSu_bMRTscpW8_c=Gkqz1Q3Pocq.jpg,257,824,475,558,540.5,516.5,567,83
auLH=e379vLZYlTSHijlkiiiyjadnQn.jpg,386,907,453,538,646.5,495.5,521,85
aUVnTW8uhePFOxBFB2aO_7SIX5x1gt1.jpg,342,872,460,549,607.0,504.5,530,89
auW7xr68=dUHpoSxKsDSktokvT.jpg,291,764,438,529,527.5,483.5,473,91
auXEolalNF77CmeS8QwvKo5uND9JdGy.jpg,273,833,508,592,553.0,550.0,560,84
av=UpXN33sCWuJQm_k2_fibjHEBVQq8.jpg,400,829,448,513,614.5,480.5,429,65
aVCZSVhoBI1w5HWvYFLmXlY5nZXk9hCy.jpg,346,852,448,536,599.0,492.0,506,88
aW5NvHW12quKH6khMq==qofmbNYEgtOX.jpg,396,893,471,551,644.5,511.0,497,80
awFGG1fs16vgXKBJpWXK2nBk9OMzoFhB.jpg,353,801,425,515,577.0,470.0,448,90
aWk1l7hM=PegR6qefRkPW1RB_Xr.jpg,388,966,471,563,677.0,517.0,578,92
aWRsGSlPNeGVFSxbm98uSdV1n2gK2qve.jpg,303,721,436,498,512.0,467.0,418,62
aWtzzw4Vttu7cUmhzyNDGdTDbOc5iB4.jpg,430,862,427,501,646.0,464.0,432,74
awXSCsr_LyvDVH8rycdYpcUYNvzD42e.jpg,374,828,432,502,601.0,467.0,454,70
aWZwYCNLE84mhQFnnkHUWDHZXGYp9O.jpg,431,891,453,525,661.0,489.0,460,72
aX=rJy6NNLfKzp4qE_R_e8tKCISzIo.jpg,299,802,485,558,550.5,521.5,503,73
axaWtCxbfNzgHoPWRPe6xy5V84H_YGM.jpg,422,874,433,501,648.0,467.0,452,68
axObM6Ih_sGxVUgofYqYbz2_4ztGaqDz.jpg,477,920,424,495,698.5,459.5,443,71
axP9mglw6cBXDz8Wdkt3u3aOdQxh=nqO.jpg,387,859,453,524,623.0,488.5,472,71
axs=rqXx_wQF2o9RNhYshfIqB_dnFz2K.jpg,401,871,441,519,636.0,480.0,470,78
axUvQ2VY4HaV2fjVslWrsmVTHpxEEnfR.jpg,403,730,469,534,566.5,501.5,327,65
ay7rE1MGfHMXiR_BpnLfnTE8Wc5EHtd=.jpg,386,826,425,488,606.0,456.5,440,63
aYmkWORuStzk4nhX4vdNIU_1kKFj49KB.jpg,416,826,446,514,621.0,480.0,410,68
ayWYFQ6qD4b6UXdqrFZtHGWomuNaWl5l.jpg,407,868,432,505,637.5,468.5,461,73
az9DVPZSt1L7YB1QnfwalOIfJBvSV8VF.jpg,449,748,454,511,598.5,482.5,299,57
aZG67go_hXGX9sNWKCgzg_rVSc5C_QG.jpg,408,940,505,581,674.0,543.0,532,76
azh2_ueZllC1nVsGaydtkR=yneaE7kN.jpg,424,829,420,487,626.5,453.5,405,67
a_ruTwnI1QZUityT76_8BN49U2K516O.jpg,418,833,424,491,625.5,457.5,415,67
B1=UF1bVQ8L1OQPVU1LaZQEvZgnuu8.jpg,435,883,430,501,659.0,465.5,448,71
B1akJ7TRimcknqWn_qaGUfTnF4X1Iu.jpg,441,921,475,553,681.0,514.0,480,78
b1iItCTgzfvr49JYlVG57au=o7nvbXYF.jpg,346,846,489,559,596.0,524.0,500,70
b1SQOwTFgqPEaeZpSuW9sYZ=JneEKfD.jpg,515,839,471,531,677.0,501.0,324,60
b1T87ZQXm7rSexlXeFk5YF6jp2H8E39.jpg,344,794,428,496,569.0,462.0,450,68
B28W1LSmLXmErNUaEKsPrnOsBqzfrXe.jpg,344,804,424,494,574.0,459.0,460,70
B2b1fcdn48xj83JE6RQW9Bv6mooWDH.jpg,86,1231,670,818,658.5,744.0,1145,148
b2BbXnwqqzHMHHpNSoVrUocFHk8ob_3.jpg,378,940,469,563,659.0,516.0,562,94
b2oaJmUOqqykWLq7mguybYZJIS4m2.jpg,424,828,421,486,626.0,453.5,404,65
b2p85cz3j8r3G1ii_fI3n82Dj5cx2gUE.jpg,380,866,480,554,623.0,517.0,486,74
B2pLbNkLjijwhhq_s=FRlErx3sFuqk.jpg,330,774,435,501,552.0,468.0,444,66
B2RFEr3lOI191mrkhMFT5avaeJSMWb.jpg,366,764,416,479,565.0,447.5,398,63
b2T35Q3JsLjvy_RUYVdYvje4a78oE1U.jpg,436,836,416,482,636.0,449.0,400,66
b2WeKowT3DMqv4YYe4uafupSzjVkmEOi.jpg,392,809,450,510,600.5,480.0,417,60
B38zr96ilzKx3zcfrk78jcZ7bPBXRNN.jpg,317,847,442,528,582.0,485.0,530,86
B3JPQPV2iqPeOsn5dzXno6FhyURB.jpg,212,721,484,558,466.5,521.0,509,74
b3KhG9owjEbfMvFRJzd7b6hrSmuLlbO.jpg,438,733,451,510,585.5,480.5,295,59
b3srDfSyEn6Yz4_S_oJVfKnUOwf=rBB.jpg,360,783,437,501,571.5,469.0,423,64
b3VM8=9lHBE484SRR2d4N=oGbIqLu2H.jpg,439,870,440,504,654.5,472.0,431,64
B4DduuFvyQi44Bp4JjhGKlfDpiFDhHZ.jpg,420,825,414,480,622.5,447.0,405,66
B4kN2NecTKhXI9_5KMw6__PlrsDwZPx.jpg,412,859,451,517,635.5,484.0,447,66
b4tIjGztmcCtfc=5VS=HGW9TS_vIDsQl.jpg,429,922,426,516,675.5,471.0,493,90
B4TXL5CFMNHDJ4wNTLZIFFYDcpRF_rm.jpg,389,937,508,593,663.0,550.5,548,85
B4xNaC_jH8D1_=zg8GNuEerq_eUp==s.jpg,310,884,475,561,597.0,518.0,574,86
b51HEmw7QF7V9hsGS82jxzRWsu=fJ.jpg,310,746,428,500,528.0,464.0,436,72
b524yq8wo4aoX9M8Y7oSEN7hYX6wZs6b.jpg,355,736,412,473,545.5,442.5,381,61
b54g348daeM9nSO9grepr6TV1JcVUaOr.jpg,375,815,424,488,595.0,456.0,440,64
b5=nPGOsCzN8avJe9Rz6CmYhrMojC.jpg,392,1044,507,599,718.0,553.0,652,92
b5bWcpJ6dWnZWoDRGmmQ_uJohPHdMS.jpg,295,810,473,553,552.5,513.0,515,80
b5c6clJWgHR4sak2LNHYXzvHwbYuCvn.jpg,293,1036,526,642,664.5,584.0,743,116
B5np9cTuiNODNoxjwhUorqX_SnTybjf4.jpg,394,959,472,558,676.5,515.0,565,86
B5YxpQLhLcc=hhKmK19pJjTHS7at8Ns.jpg,488,811,444,505,649.5,474.5,323,61
B5_XH2IvR1bX=7JDBg6Y9Ix1vVNNj61.jpg,344,658,429,492,501.0,460.5,314,63
B6HxfLhBw7OFxh6fpj_vCxfqbgR4P9h.jpg,339,805,464,543,572.0,503.5,466,79
B6lsfmldsgGfIwN1F6NgjQU9uTqPWhB.jpg,349,689,473,538,519.0,505.5,340,65
b6No9Vecm9HphR5y4=1VG6nt6phI_N5.jpg,338,882,505,582,610.0,543.5,544,77
B6TiY_o8h8gCKLvjcPpkYmy=lzr9K8B.jpg,365,819,428,496,592.0,462.0,454,68
B6UGlRJnvUiSmLIiEfj2IJFpD4G14mzi.jpg,445,709,418,473,577.0,445.5,264,55
B75JJaw=H636rekPvJd2Hn5BKBKyNrRL.jpg,427,815,413,476,621.0,444.5,388,63
b77xNorR4nzCXwHubcxw6ltnOmQMu_xo.jpg,438,939,481,558,688.5,519.5,501,77
B7C7JXx9SvLbQWdkfvNuYTExfywK9xe.jpg,476,758,421,478,617.0,449.5,282,57
B7l8YNwzgNtCwlveooZW3RVqF2Ji3iIR.jpg,381,851,445,516,616.0,480.5,470,71
b7luUgnjLhbpUQznygs7nMatb7u=6pP.jpg,365,673,441,498,519.0,469.5,308,57
B7OHaXExxjaQqvzkcWonEuOeNkm9L3.jpg,357,963,514,605,660.0,559.5,606,91
B7oVaC5GhBipdIwbO1VI9XIiqOWTF7FO.jpg,319,711,466,536,515.0,501.0,392,70
B7P9=4ZlPIaFI5vCCQPnab5vz3hJOH.jpg,433,842,413,474,637.5,443.5,409,61
b7x1FOc9gv_PHIFGrmiSsyzJUkh5wk.jpg,406,811,430,491,608.5,460.5,405,61
B7yiJDBrqqHhD9_Y9p4Q3VwM51r2BG.jpg,431,853,421,489,642.0,455.0,422,68
B7YKBE4tNISZupgmkSUO3WaVBdaFMS2.jpg,428,909,447,519,668.5,483.0,481,72
b7yTydIgJyiR1QKyFa2ga8JFlCCeYma.jpg,430,724,427,487,577.0,457.0,294,60
b82HIgZTG8ceZk75QVkpefgFFT1Dj8v.jpg,403,825,415,478,614.0,446.5,422,63
b89Kfow6I1fn4=cj46RUdQoZdavsu53.jpg,327,989,505,619,658.0,562.0,662,114
B8ebVrijzpM3P42i1f8IbsvOQfn7Yrh.jpg,380,816,467,534,598.0,500.5,436,67
B8g=wWT7FOXurqRXxQXMu85kHUbP96s.jpg,69,788,550,656,428.5,603.0,719,106
B8KuBlUWZj1jcfobjf3fKEN1KwNd9_.jpg,408,922,491,569,665.0,530.0,514,78
b8N9WPxklYawJuX87cXnKpjcJvDoZfMY.jpg,395,821,422,491,608.0,456.5,426,69
B8ODPPLo8=t7ohPyRJarYYEGkizE6P.jpg,379,853,434,510,616.0,472.0,474,76
B8ONf4xF4nMcF6d6LVuvOPza7KYslPs.jpg,438,890,429,501,664.0,465.0,452,72
b8yEubmSTfPSOL=shtyN5T2UJofinph.jpg,395,888,436,514,641.5,475.0,493,78
B8z2aXsF9Nf5JQi7icv94i34T8lCeOk.jpg,291,653,496,567,472.0,531.5,362,71
B9Cpfn4Ss48T2M4KWwiwMOXvz1uYo.jpg,323,895,473,563,609.0,518.0,572,90
b9h9GLWmKsxwNLRZuTOlXWpBW58Z5kI.jpg,400,798,417,482,599.0,449.5,398,65
b9j7BxgpkFUFzFnCsLihcyb886cghSTz.jpg,408,859,469,536,633.5,502.5,451,67
b9NMbF2oLM33R3OnTCrJuMSFOR8=6Pn.jpg,431,714,452,508,572.5,480.0,283,56
b9ovQse3y_WtBrYF6N922bBmM3yO9Lnp.jpg,380,791,447,517,585.5,482.0,411,70
B9P=OVI_VGe4FVZm_bX6D6OqUuK=tr.jpg,420,992,468,555,706.0,511.5,572,87
B9UBn4wUF_jGbu3QMNcvCtnQ=SqT7Xm.jpg,466,745,419,475,605.5,447.0,279,56
b9VCJqjIqPWSTNY4Cwos1Rlp3oXrxoI.jpg,204,807,490,584,505.5,537.0,603,94
b9_uLe2ehDspSD_nsd7l8NIBUiBT5J.jpg,358,809,418,486,583.5,452.0,451,68
B=4vNBqsvq3vmYFFpXnSTrjw59mXFGaB.jpg,473,773,432,491,623.0,461.5,300,59
B=CZHMHkF7fh43HBhz7Rp7VlfD9uKqxr.jpg,346,787,438,501,566.5,469.5,441,63
B=fXbOzIWFkDHhZq4SLVwSFRxXFBGq2.jpg,471,909,429,506,690.0,467.5,438,77
B=Gq8rSdW7xLxhHHs28UuZcpFqlGod.jpg,419,843,418,504,631.0,461.0,424,86
b=HnxWcDStt7Owg_3UKzfKWHJExgn1OQ.jpg,429,894,430,506,661.5,468.0,465,76
B=JrehPtjXIou8HXLjUEWYluz=vsJMYK.jpg,443,848,444,512,645.5,478.0,405,68
B=Ms5U9MGMQXGlNPny8BpmQ55paxs_T.jpg,457,842,413,478,649.5,445.5,385,65
B=pi75Rpsy7f7_Z5K4ihD2jWNMdP=HQ.jpg,486,850,475,538,668.0,506.5,364,63
b=q3YOUJLFuqSsyYL1adQSmtpQkZGnK.jpg,362,662,448,508,512.0,478.0,300,60
BaCxEOvpGYoOV4zwx2KDUkJpnrnXSsy.jpg,234,814,510,591,524.0,550.5,580,81
BaEwcTF1mgqGvEUKXslvifCuuBB4jlUa.jpg,368,821,429,503,594.5,466.0,453,74
BaoStExs7Hh45EN6pMLPlzem=moMIgj.jpg,337,764,419,512,550.5,465.5,427,93
Bapbvr9aFqvyPXKPqzcoYGTiXIZ3eN27.jpg,414,843,431,496,628.5,463.5,429,65
BaqE_WbebzXeaQzH7vQNMZRcUun96hi.jpg,421,885,462,537,653.0,499.5,464,75
bb5EaTwk5EKM_h7W8JVC4zpLz68T_xI.jpg,424,901,433,511,662.5,472.0,477,78
bb6YrPxVXUdXg4Mu4gXfDmK3Sps3r.jpg,342,655,429,490,498.5,459.5,313,61
BB8CHENMbcIuOStedaxRD2KHLb8e8c4R.jpg,410,812,443,510,611.0,476.5,402,67
BbfaCa6wgtDgMtbRlz4Kth=gxxdLEbt5.jpg,446,743,425,484,594.5,454.5,297,59
BBg5n8vcvO5sfZrhiNeloV4ri11dP=qQ.jpg,345,731,416,480,538.0,448.0,386,64
BbHCehZYpgHDViCY6L4Xa_EVIL4ZBG5.jpg,404,897,462,534,650.5,498.0,493,72
bbjKLa2HlrqimTXoFNwQvghyn4Ckv24.jpg,229,731,462,535,480.0,498.5,502,73
bBmCQIVZzDpZM_7LuYZ6OW12kUMQmakZ.jpg,333,746,415,477,539.5,446.0,413,62
bbRtsgSdL6FgdRsqvwYvByPZUEnZWuGV.jpg,414,980,555,652,697.0,603.5,566,97
bbtjWP2yUFSZ=UdgWHh5wjFObFWaYZ.jpg,406,1053,499,596,729.5,547.5,647,97
BBX_K5xEp=lLS=acaXQfckSjuCeW1p.jpg,466,875,451,513,670.5,482.0,409,62
Bb__tuRhYz=pzZsT5T95t4EFtZEhZKk.jpg,265,900,536,635,582.5,585.5,635,99
bC65KWtULlWawefq7s7hg_Ki1HUyOkU.jpg,356,845,437,519,600.5,478.0,489,82
BcBBWSkXRSsj6OfgTqxIOWq2eq7V3p1.jpg,416,900,442,520,658.0,481.0,484,78
BCD=3i6jcQyTUWyhVag9r2yDtJCmaix.jpg,389,812,440,504,600.5,472.0,423,64
bCffYekS9H8C1USDGc9b6yYJMslxcN.jpg,294,895,449,532,594.5,490.5,601,83
BCHG5pE7Y=1TXJIn2_RNXYd7gpJtNq.jpg,381,905,457,550,643.0,503.5,524,93
bCL3GUYZkx8VoJ7jMWDXrj_kurtJFYN4.jpg,403,955,465,545,679.0,505.0,552,80
BcN9ZY8CkG8YZrwoBg_Wv6vSyEmBnoD.jpg,395,1079,511,606,737.0,558.5,684,95
BcQFmCb9YLDZDMRolyO3Y2Ce1818WX.jpg,419,1034,484,601,726.5,542.5,615,117
bCtsCuZXoZx7CsLpJeIDkRpFlmrYd.jpg,409,803,414,476,606.0,445.0,394,62
BculXFmD7goj12gSWIpLh3LHbG7K8C.jpg,456,968,453,539,712.0,496.0,512,86
bd6ZXZYEjk_CMDWIxJLWeB9irYePLWN.jpg,328,779,433,500,553.5,466.5,451,67
bD8f3UJQfMOUSyoer1DwS93FOsb8h1b.jpg,324,668,442,510,496.0,476.0,344,68
Bd95Ui_kc9S65KKQI=y9BpM6mdKVBsv.jpg,369,845,434,506,607.0,470.0,476,72
Bd9rItEmgycXs5QkuI7WvtUSYDgePwP.jpg,323,734,439,503,528.5,471.0,411,64
bDa8SfREnwEvqIyqXfVrfFYmUES3lL.jpg,334,861,462,542,597.5,502.0,527,80
bdf1zPFmqpSjc_syygfPol8bUEZf4pzS.jpg,134,1060,583,707,597.0,645.0,926,124
BdgyGDtxQhma9rKu2O8GTHhdSZBi7dD7.jpg,503,794,451,510,648.5,480.5,291,59
bdHy9XGxLuio3bVLxS8MaL7daUkCmET.jpg,486,761,425,479,623.5,452.0,275,54
bdkYD5sQ8eMdSxU37bSFyZRqN5pnpe.jpg,389,807,417,501,598.0,459.0,418,84
bdKzDtxSP1y7mWffZ9z3DG4bjibw=BeO.jpg,390,947,471,552,668.5,511.5,557,81
bDnlmu_9hWyRm3WY7hixas2ERxrrgoq.jpg,348,656,429,490,502.0,459.5,308,61
BDNXVb_4yLnqee9wVVStRyp_qxpFnyDI.jpg,471,742,417,470,606.5,443.5,271,53
bDOUHCs9Qlyh69nOTO3jOMhQ4LEwGtyP.jpg,300,756,422,490,528.0,456.0,456,68
BdP6C6yolePfwrDtR97OKwWJCmlqBWck.jpg,444,827,495,571,635.5,533.0,383,76
BDtMSoOpyHKaCxTi12HkNMqWKqza6FR.jpg,155,885,460,585,520.0,522.5,730,125
bdxvNYuaLlWn=4G6J=aG_ZnUTtUwOY.jpg,332,899,471,553,615.5,512.0,567,82
BDYU2nFqNudH4KEks4x5kOeZ=xW2K7w.jpg,426,821,417,487,623.5,452.0,395,70
be17yoa2SLaRdwBmOoqewRpfortXGcd.jpg,417,903,479,553,660.0,516.0,486,74
Be2UV79yxhF6xzBY4mkRRVuJRbqBUdJ.jpg,425,982,459,566,703.5,512.5,557,107
bE3HRdKj8NNigszW13rjK8TjFKRSiEY.jpg,254,813,463,546,533.5,504.5,559,83
BecDgFPzhJHOBccKt=ao46naujTHs6.jpg,453,855,415,487,654.0,451.0,402,72
BehwvifcBkFpirpZkrURMPrEuVSznxJX.jpg,348,832,440,516,590.0,478.0,484,76
bElw3fC_XOIma2giZC_kHTcjKo4XI6.jpg,363,891,496,570,627.0,533.0,528,74
BEMNHCk5CLfWDmSuQ7T1wFvzCcnoOk.jpg,450,873,440,502,661.5,471.0,423,62
beN6v4ONzvg=i8nU43trEBZbQQIV83y.jpg,378,875,434,526,626.5,480.0,497,92
beQQrcIOtQ7JruzX7NmJRLY61f=jokc.jpg,301,750,430,519,525.5,474.5,449,89
bErT72FXpxrBTYEj5Dp7zC7eR6ZXqe.jpg,441,868,445,512,654.5,478.5,427,67
BEvfT1sxtwdEfWYe6Nt2xjPSn4H9YI.jpg,340,857,424,494,598.5,459.0,517,70
bewf6lGE4POHN_NaXhqDBGv5ltFc.jpg,446,733,427,486,589.5,456.5,287,59
bexh89hXy=juR8HMfoeoFlkosIs2F.jpg,463,814,445,516,638.5,480.5,351,71
BeykjpeYoDLsaY34ecpXB8fvgi3n2Xy.jpg,230,781,482,560,505.5,521.0,551,78
bfCai_xuHgwWl=2yfDm2JU4C_5ib=zR.jpg,456,875,415,480,665.5,447.5,419,65
BFD5cjxmNLIMLk9jnXpahGWqRNgrHxnL.jpg,233,893,516,610,563.0,563.0,660,94
bFDLmIfxoWEgPME9IUSMmnjZH8Z6oJT.jpg,418,757,485,546,587.5,515.5,339,61
BFl2mRSj6V9sQsni5m9FkrlSaURFJoJ.jpg,414,912,440,517,663.0,478.5,498,77
BFmIne3Ik4jOMEhCy3SS8bNKxcWXor8D.jpg,400,811,422,486,605.5,454.0,411,64
Bfqpc7tph_wZHWfWLKD4lj3ddGt1mWq.jpg,360,885,494,573,622.5,533.5,525,79
bFRbWO=OwWPK8CaEQNFnyutbjDHGfv.jpg,406,1056,496,592,731.0,544.0,650,96
bFwLhS3g5ZcCYDtF9wRmru6VBnGe_vzc.jpg,378,789,413,477,583.5,445.0,411,64
Bf_JpEdlR7G=BCzZVrm1fFa2tgWYf5=.jpg,408,800,439,503,604.0,471.0,392,64
bg8U8CkkxnwsKI=gvXruN5iuy_54LF6B.jpg,349,834,435,513,591.5,474.0,485,78
bgbJeZ3qkKJuJddNbFF_mr9To4hfklqO.jpg,374,826,422,488,600.0,455.0,452,66
BgBoayubboIlekT5_juEicm8O9h7XCbI.jpg,462,784,477,538,623.0,507.5,322,61
bGgIno2TOCqRgskUmCFX8G229SsWW2p.jpg,225,1012,535,668,618.5,601.5,787,133
BgicVUrJ7bU9aaj3j5Zoxyxi7pWi3Cf2.jpg,427,884,437,520,655.5,478.5,457,83
bGJff1WFQn49_QBDWHybtUoWWy9.jpg,394,831,420,484,612.5,452.0,437,64
bGJMSQMmGu9FlLucolYsMCSIavFnnJq.jpg,366,863,446,519,614.5,482.5,497,73
BgjPiWn=XvC=Rayb9pkyf=cLzekyKMq.jpg,421,942,453,534,681.5,493.5,521,81
bGKWbi2Xi9p4K1BH1jfUrc_PaPLHyKg1.jpg,233,803,473,555,518.0,514.0,570,82
BGneJ12h9DDfkUtYin_CsN8OxHBkXR.jpg,337,804,425,494,570.5,459.5,467,69
bgva7tL5jaUdVJ4aQBBVyydt2Km82WOo.jpg,399,784,412,475,591.5,443.5,385,63
bgZ2rk4nOKh7tbv3ezaeFSJrWx=MVoq.jpg,433,793,492,559,613.0,525.5,360,67
bGZnG_mG1wmngWYXIVmkKWo8baN=wU=c.jpg,473,769,451,512,621.0,481.5,296,61
BHfyL1v=WYfXnb_Rr7WYCN5WgjOJp9K.jpg,364,830,433,501,597.0,467.0,466,68
BHIFMlZh7im4=a_3EJwV5J1jHvVKu.jpg,320,903,478,562,611.5,520.0,583,84
bHJ1h=KU9uRrKrpLxyllbyZDXQK3tRFL.jpg,388,891,469,543,639.5,506.0,503,74
bhjI66IBatXFuVxjL7TFb_vvb8FMBr.jpg,372,788,415,479,580.0,447.0,416,64
BHNVGer8sTGEumRcTnZacl13Gz3QIJ6.jpg,410,831,421,489,620.5,455.0,421,68
BhOb9hHb=ioN8oxPEZVedgU81mtJO.jpg,500,811,453,516,655.5,484.5,311,63
BHuIg_cuXC188=gsZYWFjxi2bdwuRzO.jpg,389,795,493,563,592.0,528.0,406,70
BHv9iTZnGO4sNccFYrgPiVTOiRagV.jpg,282,789,459,534,535.5,496.5,507,75
BHxVY7W5TLrCpTq9pYBrzfRcdHIiMfg.jpg,426,831,414,498,628.5,456.0,405,84
bHxYEdGxZmzFJUz2wmQQpX_3OeKdjiDg.jpg,439,850,413,476,644.5,444.5,411,63
bhyDHpeatt5OBxxkuB8X1tHdaxu671q.jpg,436,716,423,479,576.0,451.0,280,56
BHYHJnTEUdDdDDLZEIXitb=yooO9X4a.jpg,434,886,469,541,660.0,505.0,452,72
bI1w66Ho8dK719zdPzu4MoXJR1gc6kUu.jpg,276,901,525,612,588.5,568.5,625,87
bI1_LIvXQ=jqtrN7RZT6=l=YwER9zJ2.jpg,461,795,470,535,628.0,502.5,334,65
bi7J6BSy8PpNumtidQjtZwj9Sz7tMfs.jpg,414,920,483,559,667.0,521.0,506,76
Bi8yRLnROy2HIViky=gr5S6SYtvFHbN7.jpg,396,714,471,529,555.0,500.0,318,58
bie9a8J2iX1M7eL5DpGIo2VGwGOVIq.jpg,219,970,521,661,594.5,591.0,751,140
BiJqR6Rbw29fnoWIoyG9Z4fBvmCZB.jpg,285,753,438,510,519.0,474.0,468,72
BikCJ3h4Z9jHTSmpz8eaMoqGkVMl4U.jpg,370,853,458,527,611.5,492.5,483,69
BiPDYPmLSU2P_Z_httjglmw6wXoHDlR.jpg,435,918,439,511,676.5,475.0,483,72
BIueKzqnd9BlQOr2uWw3K8Vo3B34i.jpg,417,790,459,531,603.5,495.0,373,72
BIVRkQBjQrwHfQDMorbSHOn8e68pOFQ.jpg,439,868,424,492,653.5,458.0,429,68
BiWO9x6H5hJPDPVukdhKko7rcY4azb8m.jpg,386,857,436,513,621.5,474.5,471,77
biXasbPM5hGBMdI5f75ugzPVux_P8oP.jpg,236,889,440,533,562.5,486.5,653,93
BIyIyNQtVQGV74atdCCwplXFMYkxpUd.jpg,381,811,417,480,596.0,448.5,430,63
Bj19uLPjHemOQGmPycPDal2=m55dU9.jpg,485,946,470,543,715.5,506.5,461,73
bJ5MDuYNNBFLpLr6FI18SUD7X27KxCM.jpg,397,779,412,483,588.0,447.5,382,71
bjDr189OTDDO9zCGUN5Bh_KcIS93=p.jpg,498,905,442,513,701.5,477.5,407,71
BJG=TQqdDG17nsIvGCmxHnCT79ImRonR.jpg,348,772,443,510,560.0,476.5,424,67
BjIFE5k=UxG79HpGDcNHXg7Qnv9EUmK.jpg,340,725,418,480,532.5,449.0,385,62
BJIz55VoxE__tEwDy4=ejODBVHsb=OsG.jpg,381,667,432,486,524.0,459.0,286,54
bjjlaIF8oNi66PhvE9DVE_G9oi3vqZo.jpg,417,821,408,469,619.0,438.5,404,61
BJjmEDx1GSgB4WaiHvUsvj6x7XvzkL6U.jpg,312,1158,594,724,735.0,659.0,846,130
BJl1lHHM7o25ewRiMTEw4HKecxJzvsUm.jpg,481,801,445,505,641.0,475.0,320,60
bJLZgnofqBerz=oCTuaZvRfeOsfW6ZaZ.jpg,414,803,417,480,608.5,448.5,389,63
BJM2JwWg=8Lb9BUaTMZQ3ub_kqVgqNi.jpg,538,843,440,503,690.5,471.5,305,63
bJmZe5ZHRvb3yZyL2ChvFFva_nluMNQZ.jpg,405,997,479,575,701.0,527.0,592,96
bjOlEhFvzq1R2HJUxX4NQ2NUU7E1m.jpg,328,735,422,486,531.5,454.0,407,64
bJoWtHCD_n8MHkC6qwR7aJ=MH3GbROH.jpg,414,817,449,512,615.5,480.5,403,63
BjQjEs9xBsDDgKDU51wxosYb1rD_zvUf.jpg,374,820,430,501,597.0,465.5,446,71
BJWNThRiCZteP2RgFr85XqtecgqegB.jpg,428,846,414,478,637.0,446.0,418,64
Bk1UJ53YwY29gsk5PzTtmCCLneh6U.jpg,254,967,518,623,610.5,570.5,713,105
bk9ChGRMUUNBnCve8qIQL75YvFdS9LFq.jpg,333,831,447,524,582.0,485.5,498,77
bk9ou4FMO_61YFgwh1nCKiOjsTeaY23.jpg,423,946,440,518,684.5,479.0,523,78
BK=p2mn8eZot1TS46kZNH5o17cEoZtk.jpg,426,957,503,584,691.5,543.5,531,81
BkbZbzyf_trMpMlC85SeJEH8MoD2TC_Z.jpg,407,930,459,538,668.5,498.5,523,79
bKFEU599gpJmNfG2Z_iFIYESv9ZUIt8.jpg,453,933,482,553,693.0,517.5,480,71
bkg2Nm9PWuPFWBUX=yBlan2vgTzUaEi.jpg,268,827,472,551,547.5,511.5,559,79
bkgncMgQswgwkGHNHSm_Yk9r=1LSm.jpg,480,969,474,553,724.5,513.5,489,79
BkJQLrnxB1bulCE2X1NsdJ8_5=u9i5z.jpg,422,918,440,536,670.0,488.0,496,96
bKlL_GTbcTqwakza4d=ldxgsgwxS=uP.jpg,403,958,502,588,680.5,545.0,555,86
BKQUtaoDGv9tVLdMNCjzzxogtJY5xX8.jpg,390,799,422,485,594.5,453.5,409,63
BKs9SSGBRG3mem2Pr9alW=V_8k4HJdfE.jpg,222,855,483,575,538.5,529.0,633,92
bKt6KM84K3OL=u8tV8Wf_JJZ3foM1ryR.jpg,448,969,458,548,708.5,503.0,521,90
BKvgSKvjxzzNb3BUwOi4G4Qg7cqS86.jpg,400,1027,494,604,713.5,549.0,627,110
Bl4gZmCJ3CN57bO7vFo9vNGxO2Ot6Bj.jpg,423,828,411,494,625.5,452.5,405,83
bL6iq9_nZ9sLERuBinqBZctukXPNtc4.jpg,453,773,471,529,613.0,500.0,320,58
bl7nd7j2vm4Z37tTftq7RGv2wlc2C7y.jpg,323,769,442,525,546.0,483.5,446,83
BLBREd4z6ToFo9x_F1yrnblUay47vlx.jpg,383,824,422,485,603.5,453.5,441,63
bLcbd3IT15FuMIxrqb7uxUKp_Jf3WVbz.jpg,418,867,430,507,642.5,468.5,449,77
BldfOHv9s=NzsiEzTy2wEFKyrEXiPSp8.jpg,183,899,525,631,541.0,578.0,716,106
bLi7D9Wgkm1Yf2wm1iseNna_uinS1Mhl.jpg,457,899,432,499,678.0,465.5,442,67
BljOSC7Q3eUIqZG3JQ2EuyYijK6.jpg,413,830,421,503,621.5,462.0,417,82
Bll6eF4tXKIbW9aaVgkO_y9DX5EHEEER.jpg,465,883,418,487,674.0,452.5,418,69
BLlqdkugQGF5eEHXXooKdNhLYi3RTF.jpg,309,758,423,490,533.5,456.5,449,67
BlOpR_JTohKYH7JgCoWoxGWg8CXMvi8.jpg,489,924,426,493,706.5,459.5,435,67
bLpmT4W4ZywjgztIjI3so2eDHHiqPCJ.jpg,336,881,472,550,608.5,511.0,545,78
BlPUH4l4QWOs_HyLtOtPUKvLXNgMVPx.jpg,275,1231,0,962,753.0,481.0,956,962
BlSoeomZKEU=GUK28r4xMPhySKnG5OiW.jpg,398,735,435,499,566.5,467.0,337,64
bltj3qhlbMwE5SrsaYaMWUVV=xjF=DkJ.jpg,291,772,445,517,531.5,481.0,481,72
bLTmV7CKbsn1pJnfVpORGglUoqPVSFE.jpg,277,833,513,593,555.0,553.0,556,80
bLXsr5jDQ3XD8pNSuRRpyQ4DopPKULMq.jpg,389,860,466,542,624.5,504.0,471,76
BlZVXLFLZxzRlZFDowPcDDvaHEJgesV.jpg,372,745,445,514,558.5,479.5,373,69
BM5WE2w=1rWrHdCcJ5hKVCoZ=uvrXwE.jpg,441,922,448,519,681.5,483.5,481,71
BM6UFDOnBow6gwDv19nQV8Q3HYxln.jpg,222,800,473,562,511.0,517.5,578,89
BM8ts6u17duN_agurq68LqyQuauCyj2.jpg,538,904,493,561,721.0,527.0,366,68
bMBiI3pVWECvWUidFCFVpTnwh2F8gor.jpg,424,929,454,530,676.5,492.0,505,76
BmfXm8hn5zhW=YOOUiyUK5yxWSh_N=.jpg,405,930,496,576,667.5,536.0,525,80
bMGkqTiJ1zkn1ZM6oqmbURKFqJfwq=.jpg,374,685,467,525,529.5,496.0,311,58
BmjpU=8LoaB3cfKyZHXdi2XSzREMg8g.jpg,408,821,412,473,614.5,442.5,413,61
bMN8n9r8PYiEldLWwe8cMsRKuv32R.jpg,442,829,414,477,635.5,445.5,387,63
bMYPDQ7k8Dpv6X14KV=4Qjqvg7uIQ.jpg,356,926,474,554,641.0,514.0,570,80
BmzTj=QG_mFUBZdOG_CxqyFDciHb4.jpg,430,879,436,505,654.5,470.5,449,69
bn1SKOtq=Q=7jpf9kEWeauJjwQMV1Y.jpg,317,749,447,514,533.0,480.5,432,67
bNf5ts8xbPP3CsORcRcbYaQrIvjMwsur.jpg,318,756,428,497,537.0,462.5,438,69
bNF9t61M6gnstH6g4RN3JVmwFpB9Yhpo.jpg,503,830,447,511,666.5,479.0,327,64
bnH=BpB7yWfRGnpItonZVjbyGV3hUQUr.jpg,331,916,457,583,623.5,520.0,585,126
BnHqCQ67JVmylsPgpGW=JeOsl2Pn=.jpg,371,648,422,477,509.5,449.5,277,55
bnhR=pgLrxQkg4yJVqxjiV6PoPCZQ9=.jpg,409,838,427,511,623.5,469.0,429,84
bNiZfZgdMji_LyXY3kpw6h=7EXB3j9bI.jpg,327,746,421,490,536.5,455.5,419,69
BNJ1WEEsd6x4g8jab1mY6gRvNek96BYa.jpg,339,860,505,576,599.5,540.5,521,71
bnJwZzyIyMOQbrRK3mh_G737OtBlQVY4.jpg,386,856,437,517,621.0,477.0,470,80
BnsVZNaZdGbUMTiRTJE7dsht7cEHRnV9.jpg,464,882,413,477,673.0,445.0,418,64
BNtOl1uW9NbTorEFi3l3WXr47zU7J.jpg,436,774,481,545,605.0,513.0,338,64
bnWTFfjt6HC1=lLNI1hEos6psh5jri.jpg,280,931,507,597,605.5,552.0,651,90
BNYMm1Vyu77at5yUanEYIjMTy=gz=ZZ.jpg,437,991,506,593,714.0,549.5,554,87
bo1mIhVXbtotv7LWFlEqK5ZP4paL5be.jpg,379,823,429,500,601.0,464.5,444,71
Bo5j7gOxJcIwsN7bvg1qYS_biu4V7mCF.jpg,574,904,470,538,739.0,504.0,330,68
Bo5y7MgS6w_8iib1YV5pS1I5pzI4ZTtR.jpg,327,862,457,545,594.5,501.0,535,88
bO8W4dqBPX4wmhoT6Pp=SBHyYwCQ.jpg,424,752,433,498,588.0,465.5,328,65
bOBzJD2aJsFra3S1bYlP31GuxIDq6OGJ.jpg,383,809,420,489,596.0,454.5,426,69
bOJN4CDbx6jURxRj6BdPYkqSpHBIuD.jpg,439,869,445,508,654.0,476.5,430,63
boMafJ3dso2Horkj=tysbFPlPGOeJryf.jpg,402,903,443,520,652.5,481.5,501,77
boMGyF=7Vonuo=rF=eQhsGzdoJJNDZf.jpg,357,780,417,480,568.5,448.5,423,63
bonCSVgW2XK1Ig64D7UIXHfRoo7oN.jpg,435,836,418,482,635.5,450.0,401,64
bOr6KJO3gQz5QjJtqBhc7OfHjgEiiu.jpg,351,817,462,541,584.0,501.5,466,79
BOTkQUcQEDqE8nV_7C9_Fm8wTUFXIrBf.jpg,444,848,415,482,646.0,448.5,404,67
BoUQZsdBcrLn2SbIUEmQlD_QizWwIvr.jpg,370,823,424,490,596.5,457.0,453,66
BOXiGsYjaV2uZfyiyITeZa8zDyBkfJGk.jpg,465,848,434,496,656.5,465.0,383,62
boZ2WKrkw_mOQ=hIqNal2Kk9bc2cy_.jpg,383,808,423,495,595.5,459.0,425,72
bozlhEGOR3OCq3uvKbiWOXatPmOJWNE.jpg,374,901,452,551,637.5,501.5,527,99
BO_WkCflRV3E5k3e=j=aOMRWge6FYIJ.jpg,396,824,425,501,610.0,463.0,428,76
bo_XQtBSKLupc5vDKD5mnEJXXbH4PuC.jpg,335,858,455,530,596.5,492.5,523,75
bPbvYQmmKd_Hh4CI7iydxeekNBksMyWy.jpg,426,852,459,526,639.0,492.5,426,67
BPdl2m58m65aZy5ogQ9n7L8J63rkuZRL.jpg,314,839,491,570,576.5,530.5,525,79
bPghozT=RU5V8mZq_ZKCzi_OqekZhDZ.jpg,139,462,467,530,300.5,498.5,323,63
BPITaMWlRYmlRkiZpYDi7Y1=L3uzNgV.jpg,423,893,438,510,658.0,474.0,470,72
BPKYaiUmqWCeVTmYZoN6BKZ3gC64FB2x.jpg,450,723,443,496,586.5,469.5,273,53
bpL83iDdCphdxGHdwaa5ITVH28PhXrkD.jpg,328,786,424,504,557.0,464.0,458,80
BpyMhb3wcuwcOfSilBZJcX2ZKFmfdP6W.jpg,251,776,500,579,513.5,539.5,525,79
bQ2WlhsBIdW16=_pttam29uhtpQ4.jpg,276,792,457,535,534.0,496.0,516,78
bQ4yXTHFRUEhH3ICbDQDfj6kX4EqoL.jpg,360,811,418,481,585.5,449.5,451,63
Bq7dh9VggnOt6_dBIFTfwMytvrhC2hph.jpg,366,777,422,487,571.5,454.5,411,65
BQBY3gotSwgMWmybmgpnnqSXCRUFJyJX.jpg,349,912,469,561,630.5,515.0,563,92
bqEmw9Ml_35VjsjYLuzE2HqPSEX42ez.jpg,374,779,421,485,576.5,453.0,405,64
BqO86RqJKtLW9c=fV9VBtC53SuGWRPw.jpg,436,923,442,521,679.5,481.5,487,79
bQoOZ9KnhzhPgIK2T5jdHj4Q=oJmkzb.jpg,345,760,415,476,552.5,445.5,415,61
BQyCU_bt5OV6ZfojUEjxTZKFzz_8zwj.jpg,374,653,424,479,513.5,451.5,279,55
br2F=pYLn9inE6_XOZSx=JvqGrD6J.jpg,438,866,417,481,652.0,449.0,428,64
br2OzfLk4=4=1kndkv8TGw__KC=4=n.jpg,384,727,445,513,555.5,479.0,343,68
BR7nO2BTGPXJWWJ=WaYo=fX7YOek9MC.jpg,424,882,419,488,653.0,453.5,458,69
BRfkgeXIiuRUZu763hDeTpEXtn2ROxPO.jpg,471,809,480,542,640.0,511.0,338,62
BrHzvCr4oYdWSqlsJHFYDO3uPwVjcz.jpg,335,876,470,546,605.5,508.0,541,76
BrIFnXMvpV1GcZKoINOo65oMV=57TCX.jpg,339,761,450,519,550.0,484.5,422,69
bRjCnctnz71L8mhKHqy3Sdrhcjcqn.jpg,385,827,458,527,606.0,492.5,442,69
bRklg=iZqDqFCOsbdTZalHjJBivgkCDC.jpg,282,843,497,582,562.5,539.5,561,85
brmCNRjj3s5BxGDOLTUEqKaO35kmSrr.jpg,451,808,442,507,629.5,474.5,357,65
BrMJILfpdqj1BFHzFR1afEEVBqI8Fe.jpg,409,821,412,474,615.0,443.0,412,62
BrmKjXMLbQK8G1VQ2ly9x7UIe=HcDcce.jpg,430,906,451,518,668.0,484.5,476,67
Bro47VYF3DuTHteMiTlbthjz5iwSbb.jpg,372,801,435,504,586.5,469.5,429,69
bro7rhaxCwrQSckdmFjl4IPXr4NbLUQ.jpg,417,840,416,479,628.5,447.5,423,63
BroHK44hqx1lWbDsmZiz52aeLxuLh5.jpg,485,897,419,490,691.0,454.5,412,71
BrRDMqKIfOsdIi_HxmHQescsKhqNbI.jpg,377,867,430,510,622.0,470.0,490,80
Brrxgbw2KQJa=5X1RRIfz_WehX7GDrYN.jpg,423,869,459,525,646.0,492.0,446,66
BRv29FlCNdpux8E=5VFTSHTM15rOCJte.jpg,355,738,412,477,546.5,444.5,383,65
bRVS1N6yRornMxMtROqpBvCGo7vg9gO.jpg,369,946,524,610,657.5,567.0,577,86
BRx3uFX1oSo2hSfG4QRyJMa2gXwLqtLL.jpg,383,814,432,502,598.5,467.0,431,70
brYB_yL6ypHcJmtVhnlKMof=j_a8phwR.jpg,412,908,442,522,660.0,482.0,496,80
bS56iz2l9xM6U4IQDTo4IEMbL6uDyuf.jpg,459,907,461,526,683.0,493.5,448,65
BS=6Y9r=Lirg154eSgMWFe=5XzUiUvcN.jpg,477,798,463,525,637.5,494.0,321,62
BS=aFh1TtvM41dmEbY227F37ddKdJwRJ.jpg,385,823,434,499,604.0,466.5,438,65
BSBXL9FqCsjz6bc1n4tIpEOBxKvmGLnr.jpg,439,753,431,491,596.0,461.0,314,60
BsbXnQu_rtC8_Jjhq2Oic47kf1frEKc.jpg,371,863,434,521,617.0,477.5,492,87
BSeO3EYriYSVZ=2_4rHpfRzK5uSYRZ5.jpg,356,816,423,493,586.0,458.0,460,70
bSGY6c97VhElfMb_5_zlx4ifL=ryY6GJ.jpg,313,754,428,496,533.5,462.0,441,68
bSJgwNwMqzVYY12bg1FbnHpQX47HDMIB.jpg,293,929,486,588,611.0,537.0,636,102
bsMUr8TtVLCt_LkoyOwGd_FjwncRiUpi.jpg,56,794,556,659,425.0,607.5,738,103
BSw9w2K6jzwMeCs41SKu23ODnvQJ.jpg,407,1024,533,626,715.5,579.5,617,93
bT1CpuvmFqH1_V6QcQI3jbeyNqzYVX9t.jpg,465,771,462,519,618.0,490.5,306,57
BT7uxJFD7f1G=4ZVaSjD4bGH2VHcdB7.jpg,301,718,437,498,509.5,467.5,417,61
btap5dY22lgirvtm51945UKcIZRWH=B.jpg,472,1050,508,594,761.0,551.0,578,86
BtcPtnvFWOzg6YQ8lZfGi6_=N6d2HRed.jpg,322,652,438,503,487.0,470.5,330,65
BtDcFhzDCRPpvejeXGPmJiRJh13KOPsG.jpg,405,819,450,518,612.0,484.0,414,68
BtDMbaQY=74QFg6Ie3GDu55yeXbZrPM.jpg,422,994,473,558,708.0,515.5,572,85
BTeND_IqsL_9hrRR6OjeEzNYNMmXjG=.jpg,187,806,492,598,496.5,545.0,619,106
bTgj5aJfFsk=R_UUSKyGcEn6ZnQX_clP.jpg,298,700,436,502,499.0,469.0,402,66
bTHLaoQXBGF_tYHc7Fd6Ev1jZJC5363.jpg,359,1037,489,620,698.0,554.5,678,131
BTkPtXdDGiVyEWgecxeKE=NN3sMMoBBk.jpg,434,861,443,509,647.5,476.0,427,66
BtkrMqFvi_v_cR52Eb1uiES_bwMyPu.jpg,418,816,417,479,617.0,448.0,398,62
BTl14CShjMHefpLfmVpbmoRlI1dFSUv.jpg,315,816,489,560,565.5,524.5,501,71
BtmUvWmK6WxmSQUVTXE4RqLSzzfVxMpM.jpg,262,789,464,565,525.5,514.5,527,101
btnmLVS87y88drxNVzuYGhK1IkMCXQ.jpg,399,938,458,540,668.5,499.0,539,82
BtVUGsa4QspNxYFLpzPLMs_ITrIKuhw.jpg,357,799,429,497,578.0,463.0,442,68
btxSQ_pjOPWnbFec=hu77VpD1wqQ88J.jpg,426,829,449,515,627.5,482.0,403,66
BTXYe6tLegHD=hPQNMe_wV2328FIKZDL.jpg,455,867,423,488,661.0,455.5,412,65
bTXYPZoG7hhuE7jnoRXRveXLWPy==rt.jpg,358,773,420,490,565.5,455.0,415,70
BTY7TEQ5OxNnnlmCZgyVHQ5Ix8yz1M.jpg,391,753,438,505,572.0,471.5,362,67
BtYqeLtw5535L_NpnBJ6UW6Y9kbcL.jpg,418,788,488,558,603.0,523.0,370,70
BU37yrxQqtbMuZjNvMShOk5DSy1iBRpm.jpg,551,810,431,484,680.5,457.5,259,53
bUBS8ODb65fUJu2TNLzU2M5uQrNjO1p.jpg,430,831,442,512,630.5,477.0,401,70
buCnVSPuTDFvwjX1vvNEOXCKQckl1DI.jpg,435,890,441,510,662.5,475.5,455,69
BuE_463NVcLdDdkF_tjeKovV1ULl_.jpg,408,829,428,505,618.5,466.5,421,77
bug2E8U782Vkw3YBLmbgnvQKYPayFs.jpg,430,915,432,515,672.5,473.5,485,83
BuGJ_7P344tGoaJVzNIVoR5h7nBOpOZY.jpg,447,740,453,509,593.5,481.0,293,56
BuIuuCqSZOt4EblstP45htGW3qhiLct.jpg,436,862,417,482,649.0,449.5,426,65
bUk_iymhtZJzj=_F_cnShtQZ6vujJKwt.jpg,277,855,512,592,566.0,552.0,578,80
bUpjTgq1G2cG57Drxyh7COkR6VS9Ms.jpg,434,870,456,526,652.0,491.0,436,70
BuQ4szapxldi2a1O_DMh2WkpPx6ILgmW.jpg,386,840,435,502,613.0,468.5,454,67
bUQGIixWQ9c8LNZ9ffV7F5uDKDyGttI.jpg,386,812,417,479,599.0,448.0,426,62
bUQHJCc_Sa=lzT2PKS9qDJeQ29nl8SYE.jpg,414,860,425,500,637.0,462.5,446,75
bUsLHQrUwfn79FEtmcTQHms5CRUZPXK.jpg,415,930,454,535,672.5,494.5,515,81
butMwgy8RVW9gP1ykTMpGO2Yef5n5hp5.jpg,336,903,476,556,619.5,516.0,567,80
BUU9=ZodCyFQPTwLERMr_J42l68rGEG7.jpg,400,827,429,496,613.5,462.5,427,67
BuWyOiJQlFSgWPOfHESehQ7WnwpJn6.jpg,379,936,511,591,657.5,551.0,557,80
bV7Od2sqvEpzDmSrktu_4Qs_ygFqS6hD.jpg,404,929,461,539,666.5,500.0,525,78
bvbIieSVwUeswzJOMYhaMhgmaVgj8NaV.jpg,444,879,426,499,661.5,462.5,435,73
bvgRyjvm9XR_3E82v36EaUMjrqNMDZU.jpg,378,854,476,550,616.0,513.0,476,74
bvGWsKSjZXcxdPg7PP49WIhJ7OBp6UWW.jpg,482,755,419,473,618.5,446.0,273,54
BvireujDvJfCQlexYqXr6heOoJXKrh3.jpg,394,944,495,579,669.0,537.0,550,84
BvjZmdriRiIFFiDR7eMcJiyeEO1FtfS.jpg,447,880,432,497,663.5,464.5,433,65
BvLTLCGpCLlTPLeh5tqYxewIiriXvu_.jpg,267,746,457,529,506.5,493.0,479,72
bVOQJT13XYqJkNs3QHGp8HZHSy5wblya.jpg,265,801,468,545,533.0,506.5,536,77
bvRikIfnZicukoWM1uro3_iHNfii7E.jpg,425,884,439,507,654.5,473.0,459,68
bVrsT8Ii=oi4B8_Vk1ucFSGDaJVWLZ6.jpg,470,766,432,491,618.0,461.5,296,59
BvvVdSWIKPmKsrhL2xOOeWPYS7gop5.jpg,423,882,419,487,652.5,453.0,459,68
bVxLWZmttTKmQjncx1zaWw93l6YVNGYb.jpg,187,721,496,577,454.0,536.5,534,81
Bvyq6R__lwOGNxU8IFvsCT23vB6THDRU.jpg,376,747,449,516,561.5,482.5,371,67
bW3kyElQgER31QtygQyJSqgmMYlJUj.jpg,384,908,503,577,646.0,540.0,524,74
bW4=9Uj_W1W6CcmNpjj8pCnHKni81Q.jpg,367,900,493,570,633.5,531.5,533,77
bW54ghOBCGZmcKlyx=xWLLGrECe__.jpg,228,775,483,566,501.5,524.5,547,83
bW=Rc8zxI7OH7fJ=uJJy=MEpQsx6tz.jpg,469,781,430,490,625.0,460.0,312,60
Bw=RElGqK83EB1vhorPWYmj8lPwQf4.jpg,457,868,411,474,662.5,442.5,411,63
BwhkezL5JPppjUDZRXg_UfLeyEUdyFw6.jpg,315,752,422,488,533.5,455.0,437,66
bwIrUrsu1UQ8nve6uIp7Cie8u_Ue.jpg,512,982,436,510,747.0,473.0,470,74
bwKX1lEwTk1oTpYSTFRwgfCoLVnfic6.jpg,408,887,426,497,647.5,461.5,479,71
BWQVO9kfTjqDjTtYLNv9SKFikjvRfsz.jpg,450,879,424,510,664.5,467.0,429,86
bWwSfa=zGBqCB1WgUz5oS3jx6GcLunM.jpg,422,829,426,493,625.5,459.5,407,67
BwY2DHzHSo6jwnKW1HnRpTv=37zd9RZ.jpg,272,761,439,513,516.5,476.0,489,74
Bwyi_ttGvQv5bhkkHlLgb5c5bkRFQM7v.jpg,408,929,459,537,668.5,498.0,521,78
bwzbKzkZjIN1jEXyretEIasem4d9FR.jpg,368,883,491,564,625.5,527.5,515,73
bX3bmwb3QojFR=_4hjca3gVV34VFf2Eo.jpg,406,857,469,542,631.5,505.5,451,73
Bx5=r_7Teq6E4uKmrpkhyX7ROalORBP.jpg,414,952,497,576,683.0,536.5,538,79
bXFtsDSohTlmBoYVtj9G8kPz4z45wWDv.jpg,395,855,430,502,625.0,466.0,460,72
bxhZ_o7YbmErJC61tzqLbswxRavjj1v.jpg,319,914,479,568,616.5,523.5,595,89
BxklnnjVj44y4gWS2uU2OktB7hVnInD.jpg,381,814,431,497,597.5,464.0,433,66
bXlvKJBpJbdNyPcKDDTfZ8VtzM1k7Ym.jpg,428,892,427,496,660.0,461.5,464,69
BxS5Wgbzi_ug1KFaVQSyO1NeNNGnGnIN.jpg,344,754,425,488,549.0,456.5,410,63
BxZ5wor6tV5XqyZHJ4t9f7qKdibTXdmC.jpg,475,730,423,473,602.5,448.0,255,50
BxZ_7EuaMziTqu6HJQwwOISmkcTeX_ef.jpg,477,896,420,489,686.5,454.5,419,69
by7bxsQml8nhBY3ofxrHSPzaHYCYCHf.jpg,456,904,458,534,680.0,496.0,448,76
bY8lCGsgLJNoBK=B=yKPrRWPpiYjTEv.jpg,399,931,494,575,665.0,534.5,532,81
BY=gc6svwPmJpMm6TkJCEnqTgX5nUn9.jpg,271,777,458,531,524.0,494.5,506,73
bYFLLovGSGYQuIK5TRVF3y9QuJOK_5F.jpg,435,869,464,532,652.0,498.0,434,68
ByHE5RN9GHTibiHLk8zvgzv3uBJ8TV.jpg,312,753,420,498,532.5,459.0,441,78
ByouMVqiWrB7jiX=_1n=smy6R4Cp6jR.jpg,440,864,454,517,652.0,485.5,424,63
byqMXOqvKq_4iIovOkfppf2DMOJg6_n.jpg,388,1005,497,588,696.5,542.5,617,91
byRhZ5eOvlnVFkyEOLamMZcOxGYBIo24.jpg,353,783,431,513,568.0,472.0,430,82
ByyFmb6wvet1LlZpGwCCdOVMJTdfmw.jpg,324,812,458,530,568.0,494.0,488,72
byYNokNbV5tFYlGHlqPHv65pb=P67I7.jpg,453,858,412,473,655.5,442.5,405,61
BZ1lMY841RUhisSWsxlWsoY4nzxBuOO.jpg,369,916,494,569,642.5,531.5,547,75
Bz8HEMGnJl313cvfkaFzsw_POlisOp.jpg,433,841,416,496,637.0,456.0,408,80
bZ9U8qXnIFYfhfS7ydEowQx1mh=gfgI.jpg,323,739,426,496,531.0,461.0,416,70
bZ=uMLsc9uz3kaBXkvN5eaJ7vE3XKek.jpg,366,780,453,522,573.0,487.5,414,69
BZBMKBYWdNyvTMGMnaO23j3L2Trw64T.jpg,556,897,471,537,726.5,504.0,341,66
BzbVsuro1waP=XaGfzgMWkT=Ts6EIWYH.jpg,395,940,463,546,667.5,504.5,545,83
bZe78UqqsdZC15O4sno9GnCErGJkw.jpg,384,839,423,491,611.5,457.0,455,68
bZEhvCI7bCOYg_Zf6ULyRh8OyUsaVmaM.jpg,432,731,432,492,581.5,462.0,299,60
Bzhu76xoIOS8_Fk3fS=MPpbRhuEEkOVg.jpg,484,911,423,498,697.5,460.5,427,75
bZJTPGE1u2jgOonisCbMBmcjaNBYL=wh.jpg,484,763,424,479,623.5,451.5,279,55
BzKE99j1CeRfWRxj7vDeg_NHjETD4B.jpg,407,835,417,508,621.0,462.5,428,91
BzKuEJphq_sJrs38bgDC9o6ySf9W8Q.jpg,460,1028,509,589,744.0,549.0,568,80
bZMCGOZR8qbr6TBqFtSiuSg8HWf8XPrW.jpg,333,750,426,495,541.5,460.5,417,69
bZNML2u8HGqETNcrW12EV9t=zuC=Dh1.jpg,469,750,428,484,609.5,456.0,281,56
bZTw4K4FF2dm1qN7qUB4=trrB2VY4OCQ.jpg,459,827,503,570,643.0,536.5,368,67
BztY6SMY2Z8ECgEtVPELeuXOE_=JrM1.jpg,351,790,430,500,570.5,465.0,439,70
bZWeH1fcdj3rh3FODdohnwMzUPILrGXE.jpg,372,734,461,526,553.0,493.5,362,65
bZwlCsusxLNfCqb9JoCFsnfl3FcO4J.jpg,471,793,469,529,632.0,499.0,322,60
bzYdocchrI85JgF2eq4O2rHujnUJu9S.jpg,392,956,509,598,674.0,553.5,564,89
bzzMbuuTxfMsXUZvzDOHDiToUQuPtz.jpg,309,744,424,488,526.5,456.0,435,64
BzzZmpk71T8X_eI_wh2BE919TiEx6V.jpg,330,777,452,519,553.5,485.5,447,67
b_2BJ63Gyqcp_gyc3GyKS9Haqr=F5Hi.jpg,381,843,439,508,612.0,473.5,462,69
B_E=cWbCWOhmG7C4p3jVk6Xcx1QYq6QO.jpg,281,790,455,531,535.5,493.0,509,76
B_eKud1Q2GD=SBRouU5wk3jm8mMQ9W.jpg,399,828,426,497,613.5,461.5,429,71
b_UZGQ4RF5hRebc2URZWkDHGHxx2lZE.jpg,295,785,477,548,540.0,512.5,490,71
B_WRJ7weGsh39OvJZ1CYT8d34KhFJxi.jpg,441,858,410,477,649.5,443.5,417,67
B_WWWlf5gdy2v7YD99nvPevG74Wv6.jpg,130,847,522,622,488.5,572.0,717,100
C16XbQEpJoF2SjdvPlsQCn4T8hILEImn.jpg,406,903,444,528,654.5,486.0,497,84
C1HGdYI6Ebx5nq9RYTd_S=FIJ8kICoMH.jpg,292,874,512,609,583.0,560.5,582,97
c1Uv1Su7gyrBiiiPwVxpoIQUZok_oM4.jpg,344,857,464,540,600.5,502.0,513,76
c1XS_iQVRCCECELRwRBXjIMoNB5ZZq.jpg,367,861,454,524,614.0,489.0,494,70
C23_qjBvlQVVxu5xwyygSsJbQ3lgpr.jpg,260,977,519,629,618.5,574.0,717,110
c24w11Dciu6YX3=31m7L7GEfccyCT39g.jpg,392,830,414,477,611.0,445.5,438,63
c27S=jfzzqiQZZcLaE19Q_oLtvDI=ZG.jpg,344,649,460,519,496.5,489.5,305,59
c2DxU1HjHywRdnKeVZEMhvv6fVxbGo.jpg,323,874,464,564,598.5,514.0,551,100
C2HZspsaHQZJFlXgx4YSoG_rhbLLyb.jpg,440,884,417,488,662.0,452.5,444,71
C2IEBGjmXEW5axPzFd=8MZiCGsctCPV.jpg,294,841,479,555,567.5,517.0,547,76
C2iLemLGuvhrOQ27Gij4qudX1Md.jpg,477,960,472,554,718.5,513.0,483,82
c2jElMexU_rWplios6woLJkc28ONN6E.jpg,366,1056,521,653,711.0,587.0,690,132
c2U1EOnIZHjoy3lElnSd_XRG_iBGFF1.jpg,350,836,438,517,593.0,477.5,486,79
C2wc6Do_E86hdhfaJVnjocDizLcw8.jpg,329,760,422,493,544.5,457.5,431,71
c35=3j8WejQ1ifxhbNuH1nLaStFcdLy.jpg,484,781,433,491,632.5,462.0,297,58
C3aivCNa3LeICTPT8nITtfbIvFOnUt9.jpg,392,965,508,595,678.5,551.5,573,87
C3KjxWKQ3S95u4bbN2yaXiWaIEWQ_xD.jpg,395,892,476,554,643.5,515.0,497,78
C4aBwZYiz36N2WeuVj56o5qpxW45xe.jpg,420,989,448,536,704.5,492.0,569,88
c4gQZ=ErGgdUyGU5IIuaRuQRzhmg5.jpg,397,685,434,490,541.0,462.0,288,56
c4mGr=LYqMdU8J4yyXe9lmfzri8U7.jpg,449,896,453,533,672.5,493.0,447,80
C4MX9pw9fG9LC=Vrhuw=nMtpjJcJjL9m.jpg,327,891,478,565,609.0,521.5,564,87
c4u=7k=OF=UJoRC7SfqNapB3OxVcy7.jpg,403,866,426,494,634.5,460.0,463,68
C4xQcJFN9gln1IuRLwUY7uHOwMTYiG.jpg,378,817,423,495,597.5,459.0,439,72
c4ZXjt1y2kzzE1nwT4Wh9mcHlj=uydH.jpg,441,836,445,508,638.5,476.5,395,63
C4zxoXlJ9XIWeehxnx3n8XqnLEwEZ6=.jpg,275,793,459,539,534.0,499.0,518,80
c57tGvg76iqXY6yc7oFLRnG64co6.jpg,360,951,516,600,655.5,558.0,591,84
c59OThxdqDBZFQINhzb4w9aL=UgQOgNb.jpg,289,756,437,508,522.5,472.5,467,71
c5RGwqa36X8jDNPEqy=_2shiHvgdl8m9.jpg,286,782,451,522,534.0,486.5,496,71
c5z7KWqPEyNEQ=EqrM7OfiOZvNubBFK.jpg,353,784,418,481,568.5,449.5,431,63
C5_7t=Ou88k7mFcreBPuYpHKNEbaVlT.jpg,311,916,527,611,613.5,569.0,605,84
C6Djx_fojIhfBdooQjUZqu2S5KCPESDq.jpg,289,894,477,589,591.5,533.0,605,112
c6h5qQSxWttUgHWKShfxa6Hs5VrmybT5.jpg,322,1195,566,703,758.5,634.5,873,137
C6ia7DqHmSm_cGBZyRsGp3RuByWLGZQQ.jpg,390,732,450,515,561.0,482.5,342,65
c6MHUs5qheuoS_Z2k66vqDLTdHUilM8r.jpg,406,927,440,521,666.5,480.5,521,81
c6qlgPk_EcvyJUqTapTx8PIOVn3soJmB.jpg,326,767,432,497,546.5,464.5,441,65
C7gBbjyjqulCpphUNUn687hfK=Ztq.jpg,337,758,423,491,547.5,457.0,421,68
C7kWgGI2JzSKmXB==cxa39P1NdqUl5B.jpg,341,778,480,551,559.5,515.5,437,71
C823J1yflYy2ZQGqPpFIbq=EYHomfv.jpg,389,822,421,483,605.5,452.0,433,62
c8B4uWFSN_LnOXczq9GredLgCNvJkjMz.jpg,379,812,419,483,595.5,451.0,433,64
C8brcbEJtoYGOkmEybODWIqwTrIucy5d.jpg,413,881,443,516,647.0,479.5,468,73
c8EKQSDTjrWRgzN8gGQ_P=MrY9h1l_e.jpg,345,751,446,515,548.0,480.5,406,69
C8gFtXEX7h6TbwfFwdzwuSVHdi2kzO9.jpg,345,786,429,497,565.5,463.0,441,68
c8jq63hv6gjDGTyorl=CZGiM74OrTV_r.jpg,348,785,452,515,566.5,483.5,437,63
c8npYiix=C4RYRGLt9YypSNxImZttX.jpg,345,939,531,615,642.0,573.0,594,84
C8W4UTvk1ZqRRy=MPxG_c3CxPcxN6.jpg,472,897,454,520,684.5,487.0,425,66
C8YcnhxNmqedW8rZpZUbsyNj_p6zG.jpg,261,920,413,515,590.5,464.0,659,102
C92aaErSKJEaMMmQ=t7i9PEDmf2z8.jpg,301,763,432,509,532.0,470.5,462,77
c9CDQtrz1SfC5HT1hgZFH1SddhbaCZm.jpg,477,753,443,496,615.0,469.5,276,53
C9eYbCU5aW=WaWz=nMRk5NBqXY9jv25.jpg,382,852,443,525,617.0,484.0,470,82
C9Fbt48e3ONMV1jPw875uIiLWTUp_SzZ.jpg,386,802,446,508,594.0,477.0,416,62
C9HG3n1oNNFboPQPX7GugJRgR_F4ZQuF.jpg,415,858,426,498,636.5,462.0,443,72
C9IjJz7tubP3k9NreQLrhTC3axiwfa.jpg,452,1048,481,575,750.0,528.0,596,94
c9QUVQdrGymlfHCZConP53ND3Pov99Zm.jpg,243,788,464,547,515.5,505.5,545,83
C9sMBNl4BKw5rLX3_Brk1lGHIc7yubm.jpg,421,753,483,543,587.0,513.0,332,60
c9tCJf_lpHkbjwZwzUrNlk4wzjVy6q.jpg,277,947,511,607,612.0,559.0,670,96
C9TFXLDWS6zCKgcKr35pLoLE7zCU6J.jpg,317,761,428,498,539.0,463.0,444,70
C=G7ge_YPXF4gcyFMRXbEhIVvnSL4l.jpg,386,874,437,523,630.0,480.0,488,86
C=hd5j3V4NxLcoBnuSKK1cWHnUBqxFm.jpg,369,662,435,491,515.5,463.0,293,56
C=jCcCykFUVaXbqVTIuLMKa21J=gHH.jpg,295,1072,540,656,683.5,598.0,777,116
C=Jy=G3_qSLadgNqpqV_hGLf2LTm84V.jpg,393,880,475,547,636.5,511.0,487,72
C=mtcBWCiLfKfyFit_1W8Xzo7ep7dC.jpg,416,793,451,523,604.5,487.0,377,72
Ca44EqQmaI4VcFmVCpaWTFdwD_WY8GIM.jpg,414,838,455,520,626.0,487.5,424,65
CaGnIc5ZgFJomy1CLqFEyev8rDY_eD.jpg,441,801,467,534,621.0,500.5,360,67
caHJl3NXdyVlzzeC52PqHi28SGQ.jpg,364,880,441,518,622.0,479.5,516,77
caJYKCXrVFYE7lc4SPJ1dH_DxLZc29vQ.jpg,391,810,425,492,600.5,458.5,419,67
can3sgN9ISXHccEKa6L57hcXRBPLUm5z.jpg,384,859,432,502,621.5,467.0,475,70
CaX9SfyClDrvyEJ4QgLIivzmjiI_vsXj.jpg,368,851,438,512,609.5,475.0,483,74
CaxUOe7IZ88f3bg=SHemjedE=2USbHR.jpg,352,793,444,512,572.5,478.0,441,68
cB1pmCrnphvOksTncqVj9gZjUwXVjD1.jpg,442,908,437,508,675.0,472.5,466,71
cBaSP3Iy6jD4e3YCm2ecJePr99P6aC.jpg,305,906,533,616,605.5,574.5,601,83
CBDMxLCFny8_3fS1dOk2Nb2N6Wzg3Nf.jpg,446,788,487,549,617.0,518.0,342,62
CbF2GiHJgrbVKq65PXqoqamel82fhNmk.jpg,274,791,459,535,532.5,497.0,517,76
CBF2M8IFPrJjIF2=T6a1=JEFjFLoan.jpg,341,823,448,519,582.0,483.5,482,71
CBghDmEhkipsU9Gp1yzLCRq3TRkNT.jpg,183,842,505,599,512.5,552.0,659,94
cbWEy2RRXHDj3McNXEJqKkdKaaDn1sq5.jpg,447,864,417,485,655.5,451.0,417,68
cBxzgqqdFcQH4l5NT6_RLL4ZEiNs_zGM.jpg,400,837,463,533,618.5,498.0,437,70
cbYeyLb2dnnmcFTlYou=KrMFLrfOz.jpg,120,996,555,668,558.0,611.5,876,113
Cc1JSUqOnwxltzLKCJGLrLxwlO8Nhfa.jpg,368,852,477,556,610.0,516.5,484,79
CCiqqFpmEoOG=xFgtwg9bMR37w8n453.jpg,306,969,519,611,637.5,565.0,663,92
cCKaki82PPL9vT=3i4McVJFRSaOvM9S.jpg,304,815,441,517,559.5,479.0,511,76
CckhRriG4OKB7KwM7=WgyO5nKJGsy=l.jpg,396,816,423,487,606.0,455.0,420,64
CclzrTuFmESvqxOxVktynkRho2jH=8r.jpg,475,900,417,490,687.5,453.5,425,73
cCNCdTq=Qd4GZnGFEfaGHiuFV71hC8g.jpg,405,852,419,487,628.5,453.0,447,68
ccOooVqSGLc=_GtcEY6w_vSk3qS3m8=b.jpg,318,647,440,499,482.5,469.5,329,59
CcqcyMxhefz1TsZvzLLMdsa3vltViD.jpg,329,874,466,547,601.5,506.5,545,81
CCUcPmIFj6EQWIcKdar6J9Jv7K_z1Unh.jpg,366,817,438,506,591.5,472.0,451,68
Ccvfid16hDxVhegBZJI=nDVkaMCTc.jpg,442,892,465,535,667.0,500.0,450,70
cd5KXFOaNlxao1=iG7P=Ef9UIHO=zg.jpg,337,845,458,542,591.0,500.0,508,84
cDBrcgrgRKmEUUHWIt8mgnoDvydISqh.jpg,228,1120,594,727,674.0,660.5,892,133
cdG42YBngqSUzcOu6T8i=cMtUDDnpaMs.jpg,485,917,416,479,701.0,447.5,432,63
CDHR2gyurUYfjOnHVfq=GI=Iv9iTElC5.jpg,424,801,512,581,612.5,546.5,377,69
cDO3TedwhtSjNqTfF1FUYndjoXTHP1Z.jpg,393,843,428,503,618.0,465.5,450,75
cdq=8FIeQqRs7VHMQv_iXtpDZqxMJQp.jpg,388,824,423,496,606.0,459.5,436,73
CdqjrJb=rkQ3ub=I8PkGRU=awqDJBT5B.jpg,397,838,428,499,617.5,463.5,441,71
cDQpERz5VEnqGyabTEPeGjDuwU33o6.jpg,402,810,421,485,606.0,453.0,408,64
cDsGMBWRgCF9zyHWFYq9KF8MUC2UNLJl.jpg,351,707,459,525,529.0,492.0,356,66
CDVBxxquKQlhig4rm95GiRlBlrCNm4Wr.jpg,407,872,441,509,639.5,475.0,465,68
CE6jjHmBnznE1sOeetnlk2zhocXr=9Qo.jpg,288,925,491,588,606.5,539.5,637,97
CeF=7nRj3gnMzyE4ovxvDlb1oTCq1=E.jpg,454,801,467,530,627.5,498.5,347,63
CEjC8OX2x=dk1QO_Kr6izo8zpbVhs.jpg,331,749,420,500,540.0,460.0,418,80
ceMf6GFh9_er5Lust4UgatCmMZWOX.jpg,453,878,428,496,665.5,462.0,425,68
ceRmQ=o4smOZUXmTyDc=LmGC7n5j_KW.jpg,426,873,432,502,649.5,467.0,447,70
CeyB3geUZZP_Ur7apUFcWGYL_zRdYFD5.jpg,458,761,438,498,609.5,468.0,303,60
ceYIg1vnoFm5zJ8TifpbrnXBEfWeLpB.jpg,290,772,431,506,531.0,468.5,482,75
cf=rWwI7iQ9_zQTxgLyNfChFdmOtbBXd.jpg,390,783,421,497,586.5,459.0,393,76
cFBXNdIHOQ7UEFxGk1iOyFwon=TLLiT.jpg,430,985,456,540,707.5,498.0,555,84
cfDiqQytKWg6Krsbwg8Bt6MXY8xLpHH.jpg,381,827,430,500,604.0,465.0,446,70
CFe7ucTIEaRHvofG2b9PLunPlmB_69b9.jpg,358,667,432,493,512.5,462.5,309,61
CFec9E=6wULpuW6Y6X8xxspl7Ir6YEf.jpg,435,729,459,515,582.0,487.0,294,56
cfewOyT_GnPulRe2Ow3_FzYBnRIav6.jpg,395,899,429,506,647.0,467.5,504,77
cFHzm==9QbH2Y2YSCtXUfjzxXKes7Q.jpg,385,805,422,488,595.0,455.0,420,66
CfKcxjWs7rqWscj4iNTWB56MOjrav.jpg,266,781,445,525,523.5,485.0,515,80
CfmTUg=oq7afofeWdOLPE7vCyNt84IUO.jpg,450,848,445,511,649.0,478.0,398,66
CFNFuscDtpmRBDhJ4GgFvEDfOCuD=J.jpg,344,756,414,481,550.0,447.5,412,67
cFO4PnkGYE78DOlHrfBUelzUG9jMk.jpg,415,789,460,528,602.0,494.0,374,68
Cfo7rq9RfwMV8_ioSbfh=RvFroNCcE.jpg,384,786,415,483,585.0,449.0,402,68
CfopLfE8pZUZcSZrxOpKO2Xxk55gpgL.jpg,398,672,417,470,535.0,443.5,274,53
cFO_JrcPWeTvQ7uxPQdSChv2qOTWQhX.jpg,374,953,525,604,663.5,564.5,579,79
cfPnc4qbDjtS1xiVyXJKEwPp6EzBQFFg.jpg,474,928,436,515,701.0,475.5,454,79
cFPZU4OwrHIZWutbonLqYhyUmFR42LQp.jpg,447,752,429,489,599.5,459.0,305,60
CFRcV8dgifeWmbK77uHtLKzlJ8nNCeHw.jpg,330,905,520,598,617.5,559.0,575,78
CFTUOVkKpYWum7_s4Hth_2iomVuzzihf.jpg,406,864,425,495,635.0,460.0,458,70
cFzEt8sduwFvV5m_MFnXcWltMgLeVbeK.jpg,405,883,421,496,644.0,458.5,478,75
CG3LFUWL9C9jg73kQ1VHHhHYxr57oIaq.jpg,450,910,435,520,680.0,477.5,460,85
cg=N2CUiOaRLtdy4tBOalZTbKB94BpP.jpg,333,761,447,514,547.0,480.5,428,67
CGC2sjdmiJktXJDu9rNogHJ1CwFnKp.jpg,443,852,412,476,647.5,444.0,409,64
Cgdnl=2wv3p_LMBQ9kOrvzyMlCIX7x.jpg,346,730,444,506,538.0,475.0,384,62
cGdVonObVKSfMSluLGkKEOVoZSfZ1Pn.jpg,470,762,451,507,616.0,479.0,292,56
cgi1MGbEW2E85TvGRrqaFz=9RNkBeqKh.jpg,465,904,529,611,684.5,570.0,439,82
cgiI3T5jYONyk9CKrW2Cz49E8DSEnu5.jpg,345,887,466,544,616.0,505.0,542,78
CGixwOfkmG7b6NPG5QoDUTlNFtWlydX.jpg,340,911,474,554,625.5,514.0,571,80
cgKyVoWkB2mEdRoOxbVDyzXNImy5Yp3.jpg,403,800,416,481,601.5,448.5,397,65
CGNvjUb4VN=a_ewJk5EhaK=bFp7iTER.jpg,410,897,450,525,653.5,487.5,487,75
cgplyDTymYvaT=6VjiYgkUod1jgBzy8E.jpg,434,703,439,493,568.5,466.0,269,54
cgsJVZlXqEbNacfebG8BSzPWelCc.jpg,309,753,421,486,531.0,453.5,444,65
CGUuPj23z=Gr94lxpZd3VYHf4L5vbqn.jpg,472,888,407,480,680.0,443.5,416,73
cGxKR2UuROs8bmJfCvtgufdvwyM=cu.jpg,411,952,493,575,681.5,534.0,541,82
cHeJqcRSxMHrmI1v5Q7vIEx5=MYzMXjM.jpg,311,641,475,537,476.0,506.0,330,62
cHIVzwQKueZBtoByz853izBTarGfZewS.jpg,409,743,481,542,576.0,511.5,334,61
cHK99fy6pE=LnsN3g_jJZ2yr89UZK31x.jpg,411,844,422,494,627.5,458.0,433,72
ChMdfBy6eS_KhTwz8EYKlHe6wMGZSm.jpg,296,747,432,511,521.5,471.5,451,79
CHNSvDcJfMfdZpMnQRpf6Do8qehGr_X.jpg,461,762,444,502,611.5,473.0,301,58
chync5mgmgwW3ZZxJFQHk1rBXZvfE6.jpg,434,932,489,564,683.0,526.5,498,75
Ch_sG7wVHg4uvimeldS6ziDmFOJs67K.jpg,443,871,450,520,657.0,485.0,428,70
cI2caJF9MRM=u3Pl=z3siW=_C5BxnwW.jpg,430,860,417,481,645.0,449.0,430,64
CIbYI3KGVypmfBJ9fPlijIbKn46r_F.jpg,287,773,449,521,530.0,485.0,486,72
cIDk=2w9Hj3jI5tbgRNFKKH6RGmk==.jpg,340,871,482,553,605.5,517.5,531,71
ciefp_sbNQjC6bPEjyFUG5eLRMc2W5yk.jpg,338,748,418,494,543.0,456.0,410,76
CIfqjWXlKyvp8H3988pj5TZ3XQPV2l.jpg,346,876,464,537,611.0,500.5,530,73
ciiJCHq87s_q72bjYmOhSCVvrVm3Doq.jpg,357,891,464,545,624.0,504.5,534,81
ciM17qX9MgggqVWY5tV__7lcHGzeISJZ.jpg,416,900,442,516,658.0,479.0,484,74
CInkbNdWPunG7JFLSJqRVEKTV8HSFm.jpg,389,996,488,590,692.5,539.0,607,102
cIP4IYZ88tLde=7zEh1jCTbW9ZX2p_v.jpg,455,806,490,554,630.5,522.0,351,64
cIpWcNEoO=wOwpx7oWbxvmgO4tUttG9h.jpg,235,890,501,594,562.5,547.5,655,93
ciuxombSvsd5hU8bkcHxwHe2dJfYGRm.jpg,335,743,420,486,539.0,453.0,408,66
CIZCD_OTfYhqX1q5JKBfjWIOO3bCXqe.jpg,448,868,454,519,658.0,486.5,420,65
CjGEZyTC1vJNqp5UGaJw=XKsRSHraK=F.jpg,437,833,441,504,635.0,472.5,396,63
cjkNbF3tXkMYg7ipzOIzXKWerCpdH45.jpg,442,835,441,505,638.5,473.0,393,64
cJmxmGRYPsffjcpFipfLh5LOjSdoOB.jpg,328,893,460,565,610.5,512.5,565,105
cJN=bfIzUW5bwYCEybPqwFDpirC5pDh.jpg,413,847,424,493,630.0,458.5,434,69
CjO242kR=kXPu8b7FEjno7lJi8OC1B.jpg,359,905,471,548,632.0,509.5,546,77
cjPu4zS=nDZfu=qC9WdjVW=cckeX18EW.jpg,404,834,423,490,619.0,456.5,430,67
cJQE6UheKTHBoSoSeVLsr93cHNqt6QqR.jpg,432,871,430,499,651.5,464.5,439,69
cjqmyivsUMDIck1IZhE3SLLRIJ7g.jpg,519,806,425,482,662.5,453.5,287,57
cJsM1ZXMxSKpX7DypeVjT5LmSnsqwyo.jpg,310,738,435,502,524.0,468.5,428,67
cjZyODMKMZjM4eqv2wmocLR6zWepshU.jpg,283,745,453,523,514.0,488.0,462,70
cK7Cp2suB3V_4uiwwbonWsmhgSLNnJz8.jpg,399,906,450,529,652.5,489.5,507,79
cKDL9CIVznbFc9t62omaM_ug6zjVO_yn.jpg,365,775,414,476,570.0,445.0,410,62
CKJeliP2ac1sT7T8rnkdK5WiInjxQht.jpg,319,800,456,528,559.5,492.0,481,72
cKMCyElhLDyIqq2gW8FU5wIMrCi_k2h.jpg,455,737,425,481,596.0,453.0,282,56
cKtbJsJW_dglsYZZVWH8fLWt2JWjq2BF.jpg,437,866,425,492,651.5,458.5,429,67
Ck__crDp173iKJwD1QSMFGmxi6jGpX8.jpg,394,897,448,528,645.5,488.0,503,80
cl47oNXYynB5UhkqfsiqguIG8pL3mQz.jpg,323,743,414,478,533.0,446.0,420,64
CL=yeWF9ImMGj=Ou92uEY_w2C6S9tL.jpg,359,655,438,495,507.0,466.5,296,57
cLBs4dpm=SntuKGNKtTYnw93MvPc2Va.jpg,414,924,457,533,669.0,495.0,510,76
ClFkyNG3m9HgGUqUTHzYG1YOo8nCiN.jpg,332,803,430,514,567.5,472.0,471,84
cLFxU8u2Yx7RSHcbMOR2ur7FnJd=qBbU.jpg,154,816,518,607,485.0,562.5,662,89
ClGVjryanCQHCnzNIt1kjYfokUFEuV.jpg,370,908,461,543,639.0,502.0,538,82
CLJlVPHZ8TaxFFeDUrNBJB=yrGMUNrD.jpg,471,760,447,502,615.5,474.5,289,55
cLKQ_fUYBguv2L9jSkzjf7n7cNF=yzS.jpg,461,877,442,519,669.0,480.5,416,77
CLsChs6qouoaSj1kh36guZIOxJ64XY1I.jpg,266,785,461,553,525.5,507.0,519,92
CltJRJtTcyQ8Np3f2OzSsZgtwzG1n6.jpg,343,812,471,544,577.5,507.5,469,73
ClyRGMzv6qpBnYVaofIvOrexN8tlpoG.jpg,280,892,530,617,586.0,573.5,612,87
cM1zIS=LE2cbs83TvwRmQnN4YE4bKE.jpg,390,826,428,497,608.0,462.5,436,69
cM4jj84VY2LVg4vPkZCv5SzNKGxIfYX.jpg,392,895,445,524,643.5,484.5,503,79
CMEGqt7esSuenuvvnVVzKIlO1wsF5WG.jpg,332,870,469,545,601.0,507.0,538,76
cmgJVmwhkvFeI=g8rhff9uo2EmCt8=XX.jpg,342,774,428,497,558.0,462.5,432,69
CMie7Pcpffe1OjbcqX3QOnHN1BO3JOSX.jpg,438,853,418,503,645.5,460.5,415,85
CmjLl5svdQz5JFOK5lnii4WW9PU9t.jpg,323,799,450,521,561.0,485.5,476,71
cmkWSLO1MqBQTri4bF3Y419nJWaBYOy.jpg,404,956,457,539,680.0,498.0,552,82
CMMKrEDMWiPeV7s3knaiHiOcXGg32d.jpg,413,712,428,487,562.5,457.5,299,59
cmnIUMlrXV4Ha9cfj3PZpYGNEKDIgHZ.jpg,319,881,465,574,600.0,519.5,562,109
cMQQCnOreopcrghrc_FrT5Jt36xB2lLO.jpg,383,781,460,533,582.0,496.5,398,73
Cm_iBM8YCGufFs6YiW4qg34=Uq4QtsoW.jpg,404,869,444,517,636.5,480.5,465,73
cn5CTP2OeV6LMRJGIBiyGv7ipNki9Qj.jpg,202,838,487,583,520.0,535.0,636,96
cn7fMxuk19cX7_5vTvKizMz2beJHcmOU.jpg,315,887,480,557,601.0,518.5,572,77
cnjonx56gIDzttJNxOuwesb2XKUlq6nL.jpg,472,792,471,532,632.0,501.5,320,61
CNKVLSo9eY=UcwaPXxSHm5rn=DOFcLm.jpg,420,866,420,519,643.0,469.5,446,99
cnKX__RCQCCf=NYYn8kwS7ZkFVO1br_.jpg,395,845,463,529,620.0,496.0,450,66
CnO576Vjbdv8bwdZf4nnrecde5NQ247.jpg,347,749,418,484,548.0,451.0,402,66
cNOI2VG88tt=NtUs9FSROLT1YORn2Pd.jpg,413,858,430,512,635.5,471.0,445,82
cNr5Xcvaf8hv3FOMXj6_qnlc5OfPWpBH.jpg,319,1022,508,628,670.5,568.0,703,120
CNRmliQ3JGbSSkG6CyOFO7Fv5F29tVRJ.jpg,466,783,469,527,624.5,498.0,317,58
CNtTesC9_Mi3vjkLb=g_cTzrTtv_jS.jpg,407,840,417,481,623.5,449.0,433,64
CnuSh=HDiJ39=X7Cmpv5ZIr6lmUc2P.jpg,474,754,420,477,614.0,448.5,280,57
CNxH74Mq71nLzfSZmDrQ1UOQv=2_q9hg.jpg,322,743,416,480,532.5,448.0,421,64
CnyK6lcZncuR_46zDbTczKMNq4SdtcG8.jpg,457,725,438,490,591.0,464.0,268,52
CoB3R_pC5vdGItlqqhncuwB_N9DP.jpg,374,921,466,568,647.5,517.0,547,102
COd6u5y6B5zsPETfMd3wM=vzPWfs=bU.jpg,343,939,486,573,641.0,529.5,596,87
CoeVpib5E9dOatSKdjx5wYXtY46dRP3.jpg,442,918,445,518,680.0,481.5,476,73
coidDzpEzED=CdgPvDqybMTeJfpfis27.jpg,479,905,449,522,692.0,485.5,426,73
coiX5kGzNd_g2KPV5=MkeRn=RKDko.jpg,448,966,455,530,707.0,492.5,518,75
cokT1K8g8ETL=mH_EvdrZ1V3W_lbxsQ.jpg,490,961,436,518,725.5,477.0,471,82
cOKtgimUOoo7R6sHotXNQOTQ8VdORv79.jpg,400,804,419,482,602.0,450.5,404,63
cOnKYdNoWjdwSW5BLKeBexLPJrYBJNaJ.jpg,365,676,438,500,520.5,469.0,311,62
cOzRuqRfOeQaHyjgaiQZm2=ymi3_E5eb.jpg,431,815,442,509,623.0,475.5,384,67
cP3X2OZzExJ8=BoU_wyZJVkus4kohgxK.jpg,205,910,504,610,557.5,557.0,705,106
cp48qaep=ushK5gwToR6G=FGUhlJ.jpg,460,804,459,525,632.0,492.0,344,66
Cp5FwZxvoRFsjHHBMEVVZk1IeLr8eUj7.jpg,357,856,451,528,606.5,489.5,499,77
Cp8dtQGCxfMIasW9Nw24_c4Lgc16F2.jpg,428,744,469,530,586.0,499.5,316,61
cp9dqhZdIW2tlOylnrMec8xWX_IYQZt.jpg,343,748,423,491,545.5,457.0,405,68
cpfhmt2zXPVzEhJNKBO1HXGFhMItVwQG.jpg,360,768,418,482,564.0,450.0,408,64
cPfO3zdCrCWrN3QBDzNRhI27TlNbcgB.jpg,351,668,440,501,509.5,470.5,317,61
cPgpmIq9aYiCU_8PxybVr8RhlGa3f_.jpg,386,915,492,569,650.5,530.5,529,77
CPHfTowTYUUdTS4bbgzk8dwM13Sz3ah.jpg,472,924,467,542,698.0,504.5,452,75
CpJITpWsqxh7PDVjXlkwfZUNurQmGK.jpg,402,931,460,542,666.5,501.0,529,82
cpjM48gcE34NVDTKCJODbC6HJMSO=E.jpg,358,761,460,535,559.5,497.5,403,75
cPkKUBV818y7ySHsmRRXzxMrZT3J=on.jpg,329,956,530,624,642.5,577.0,627,94
cPpywnBqvnLSCpWQeD_2_u95LiVEnzE.jpg,385,883,460,530,634.0,495.0,498,70
CpRFQSbvbDriql=ODwVIDfcS3M8cW8BO.jpg,384,786,416,478,585.0,447.0,402,62
CpSfeBq6JBOhXVNmYe4pe_nem57oktKN.jpg,431,838,421,488,634.5,454.5,407,67
CPwSGUlGgjfsq9fXSa5pvUhyNYQoVKOZ.jpg,388,824,444,508,606.0,476.0,436,64
cPYneTBtt6wZv4Xi797momjR6_sE_.jpg,397,684,428,484,540.5,456.0,287,56
cpYOpbwc6FCBMeyOOurpzrqvdE5ZYzD.jpg,419,834,415,477,626.5,446.0,415,62
cQamC123X6QUgabZNkfBDebDzo692Rp.jpg,415,837,446,509,626.0,477.5,422,63
CqD7kztxWizyeH85Jpto2=K8qw4Wgl7.jpg,364,858,434,510,611.0,472.0,494,76
CQEtJ35Fm3DsuYpqqNy2gsQpaP2msd.jpg,412,839,416,479,625.5,447.5,427,63
cqGpMn5pW6pX7Pnr92oXkaMMLiUaF9.jpg,435,867,453,522,651.0,487.5,432,69
cQgQjPLtRobVqWkS55URpE17VXei.jpg,371,921,469,547,646.0,508.0,550,78
cqIqqe45QUtCHSkemURN6CX1huN81S6.jpg,450,899,419,487,674.5,453.0,449,68
CQXI4Ro_cqcn4nq5WsqFGuCb2IZpfhu.jpg,357,937,518,600,647.0,559.0,580,82
cR3Klu9NqGzwtW2GJhJJ3sHfv541BU.jpg,501,903,412,480,702.0,446.0,402,68
CR4q=xRoaCoT=x95cz53DL3toYj4Dll.jpg,318,765,459,528,541.5,493.5,447,69
cRBOYjDltlSb42de9flOme73n_wO3VcJ.jpg,439,737,454,512,588.0,483.0,298,58
cRc4Zz7rodJvT=EzKsYqJC25qIIxmScO.jpg,381,813,426,501,597.0,463.5,432,75
CrEyl381c6aVkb68IUV52tG4EnQenW.jpg,328,818,433,505,573.0,469.0,490,72
crHRYvauEKP6ueKles9Yl1QOS4FU8f5.jpg,463,882,419,487,672.5,453.0,419,68
CrJwZkEkLsSWQLzPVgQJsYD26O_jSPT5.jpg,318,866,510,586,592.0,548.0,548,76
cRRhcQv_K2WZ8jUyrURKih3KWtwu9Tvi.jpg,392,803,414,475,597.5,444.5,411,61
CrTjkvYkwpCUb5=kPMS_N8QDirhDnUd.jpg,391,753,459,526,572.0,492.5,362,67
cRuW_XHK8ialhW=ygN_J1kXzGyr5n.jpg,393,807,423,490,600.0,456.5,414,67
CRvHfkJ_xjH5QL4tRmSrOcOmW1Uwzuo.jpg,377,892,455,532,634.5,493.5,515,77
Crw1DNbdJ1PGvdNoqGxHhCieeuNR7rs.jpg,426,865,460,526,645.5,493.0,439,66
CRyEOOC9LgFnmBJpp2fU=FCdY=cC8U4.jpg,428,850,420,499,639.0,459.5,422,79
Cs4NsWayfGy9UOJTHORqlg6jLRPvNS.jpg,370,951,468,560,660.5,514.0,581,92
cS5j5bTWPgEZsCS4gtO6CdTRPRPkh7.jpg,468,865,419,484,666.5,451.5,397,65
CSCIY8yYV9qKNz_FB3Nhg6Yi1e3nNt.jpg,328,923,484,577,625.5,530.5,595,93
CSd47oVC_oYy8c6_chfcE5gY8jOETT.jpg,417,950,461,540,683.5,500.5,533,79
cSdKGRlyJITq3nIzxhDZs9FnhVzBT8.jpg,326,771,433,497,548.5,465.0,445,64
CSEdnGeFF6M_bFus7etChYs4mpjcNwbv.jpg,430,868,419,485,649.0,452.0,438,66
csfgBV3U4JnxYLm2opqGe8TRa6XQ4KT.jpg,395,808,418,500,601.5,459.0,413,82
CsfMlHoQt43XfinFg83zIitQIyjb45a9.jpg,361,799,424,494,580.0,459.0,438,70
CSghnHSU1JkNzUhoLlXH6R=xshVnSF.jpg,349,885,464,544,617.0,504.0,536,80
CSiB=4tvN1hKDPZh2VSz2uwiKmDVJnJW.jpg,395,796,421,485,595.5,453.0,401,64
CSj2yXmdifB1RuisVSE25rod2J5Vpa_Y.jpg,280,794,430,517,537.0,473.5,514,87
CSNeO1aXO5EnK1JHq4CtIRPJtMVhssd.jpg,369,691,469,528,530.0,498.5,322,59
CSoRme4Ffr7VcDEHb5zl7rMxbytTI9W.jpg,392,986,577,675,689.0,626.0,594,98
CSph5rPEilyyGgPXUaIkVyq2QrEezn.jpg,532,853,456,518,692.5,487.0,321,62
CSUPHuYcEY96Oe3CVvEVBoH8tTXpu.jpg,386,833,429,506,609.5,467.5,447,77
cSvDGqrLfPXLyxVCKx1CSkmVso9GTv.jpg,420,851,434,499,635.5,466.5,431,65
cT9ih_ELE4saxe8Z1csGmUj3_TOyiu4.jpg,441,706,416,471,573.5,443.5,265,55
CtaDzvly6TUfnMKdKRlX71Wp_JgNF.jpg,197,954,518,641,575.5,579.5,757,123
CtcxaOUgY7znqwQH6JHddw5NOSqhdgRG.jpg,415,958,504,588,686.5,546.0,543,84
CtHWfZU=cRI_=Dmz_qCWmmPH9BCjy2w.jpg,387,802,450,517,594.5,483.5,415,67
cTpi8QJJIvOup5Wy1cuYCWqrXU12Ig.jpg,442,906,472,541,674.0,506.5,464,69
ctRewCiBtbHOSQex9=pvFkc9Kp6t=H9.jpg,337,889,466,550,613.0,508.0,552,84
CtUNRI4rFoC9QgDtDpreSrOHSGOuJx.jpg,402,907,451,528,654.5,489.5,505,77
CTu_kpscHZLzm1HDmsB=ks2pgdyyh.jpg,414,817,414,482,615.5,448.0,403,68
CtV=cSVsKnYjMYCywcQEVS24e6MHWw.jpg,309,892,475,559,600.5,517.0,583,84
CTwBJusnf28xSWrlL1ZGOz7La5WH15=.jpg,283,803,475,556,543.0,515.5,520,81
ctySQT8_4fdQ3yqUrtFPfPV6UFlXd.jpg,480,758,425,478,619.0,451.5,278,53
Cua6L_pMXcowqqGEygzf2FgSS3MRNuY.jpg,388,858,444,513,623.0,478.5,470,69
CuCu2ddBoJYDXNzXHrSQmwmORU5iuJ8.jpg,376,772,498,561,574.0,529.5,396,63
cUdbI9Si5VKBcnfCNWLYkYf1d1_5.jpg,288,752,437,515,520.0,476.0,464,78
CUfkXRB8eO=lUgdGToyP7xrhKy3VxtQ.jpg,376,839,432,507,607.5,469.5,463,75
cugin==2U=I71_=T6L79wcskcwDKgzG.jpg,326,759,427,493,542.5,460.0,433,66
cuHgf4EQVYF277up=c13t2D9toPj8GG.jpg,431,735,456,515,583.0,485.5,304,59
CUL==GW2Zf7WfBM_s451Ryq=qRUu8dm.jpg,318,752,422,501,535.0,461.5,434,79
cunQG3N_ozx65_G2q7UBGeVpT7wgfLs.jpg,397,804,419,484,600.5,451.5,407,65
CuOOmg1fS4Hg1W_j_xvHnTFK52xG5Eu.jpg,347,741,417,482,544.0,449.5,394,65
CuQ23ZlVyWb8j2jbbW5io=ohsSjrejc.jpg,374,828,427,496,601.0,461.5,454,69
CuQ4FGE129GZi4oVO7_tP3d8c1WrLkd.jpg,388,815,420,500,601.5,460.0,427,80
CuSpqEpecRi2Q6x=dvITd28I3Zyb.jpg,357,824,470,542,590.5,506.0,467,72
cuth1fFks3Nd8PkdUWmxVtYf7VTYM4rj.jpg,392,921,495,576,656.5,535.5,529,81
CuwUNPCcB_wk5=e61VEq8GS6QG8eFrwr.jpg,202,921,441,539,561.5,490.0,719,98
CUYeb6OZhKCluM_Q7owmtaQ4_S=hre=.jpg,205,802,487,574,503.5,530.5,597,87
CuyfbFB6NopX_CNWIKNyRDG7ea5Gyfm.jpg,321,804,449,525,562.5,487.0,483,76
Cuzy2QsT1gDq2dswzHwoEsMmVmLZx7.jpg,381,862,432,511,621.5,471.5,481,79
CV3f3c1c8__REhBO2QVCwge7w_PWcM.jpg,425,850,420,487,637.5,453.5,425,67
CVCaCSwE1928Yd=3ZcZ_kpXUnKOJ5neH.jpg,291,899,488,590,595.0,539.0,608,102
cVg1Q5Dcx5ZkE8lN7GbNN4ql=iqo7.jpg,475,788,446,504,631.5,475.0,313,58
cvLxjm5WZfwBfmxx43coyg7BkIrid9X.jpg,375,868,482,562,621.5,522.0,493,80
cvmwi1HpZaO9YKOGmlwuXfxGyVHyuXi.jpg,374,913,455,534,643.5,494.5,539,79
CVosNhlr17QlDxTHnTVPpW5e1X1auK.jpg,313,858,514,588,585.5,551.0,545,74
Cvph2jrqghsMK6Vccg=u=dtvENDLCfKU.jpg,320,895,469,559,607.5,514.0,575,90
CvrW=X95Ze55x9iF_l1w8IQSGeBblj1.jpg,382,898,471,547,640.0,509.0,516,76
cvU=XYwuhsugvL_UVL1yy4HuUGbBMa.jpg,428,780,464,533,604.0,498.5,352,69
cvwCTt_OgY2cUd64Cf6IdHtT=IiIxgi.jpg,285,910,476,565,597.5,520.5,625,89
cvwzGfySQn6xKwsClSZ=LSMaz4_tWubQ.jpg,414,821,417,482,617.5,449.5,407,65
cVxfci2eIsHEDBE__T2ti85SDiljW3Do.jpg,308,772,441,508,540.0,474.5,464,67
cvyablDrpBEele5cjhWlEqOBvlZCLR1.jpg,450,864,419,487,657.0,453.0,414,68
cw2RaRioRXMoByDCM4L7yvkOrI_F67k.jpg,414,896,450,525,655.0,487.5,482,75
cw6gYeGWVC6XW23MPluYsjBvDgFIgWzr.jpg,401,813,417,480,607.0,448.5,412,63
CW9Zy6F4o7swRpXv6C7vUPhId__TcSt_.jpg,439,853,424,488,646.0,456.0,414,64
CwGYVY4Wox4Gf=eT4fasxoEmp_gRYnC.jpg,246,903,489,589,574.5,539.0,657,100
cwmY7Ukc_rVlWueqxMwhiuGLBSESfML.jpg,358,845,448,525,601.5,486.5,487,77
CWofcpd6zfknFLEI2XO3VljERGmkQnYF.jpg,456,791,476,539,623.5,507.5,335,63
CwrJfNugvT4CtZsaXEF3JUONPDNnbUF.jpg,391,884,475,549,637.5,512.0,493,74
cWUov=iNcf7iGZnxdEeIczfR=8E5fqp.jpg,439,917,428,501,678.0,464.5,478,73
cWVgvaNSE4J_wdochKar4YlJ=nFVpXkm.jpg,438,851,449,517,644.5,483.0,413,68
CWyFkDlBxDtfSiGycoxqXtnQk4fi.jpg,413,830,432,493,621.5,462.5,417,61
CWzKoqTTBoE34mRStGZ4yPMJFVrdNGQ.jpg,329,808,427,501,568.5,464.0,479,74
Cw_5ZzYkK8C_QKIyusPcjvpH9ELo7=5.jpg,426,870,424,490,648.0,457.0,444,66
cX3ezHdeSLcdbde2U=DMjtbhjrcKhK.jpg,215,797,484,568,506.0,526.0,582,84
cX5pqip3tnyIdwcHy6tFo4TFu8kI9e.jpg,453,987,457,556,720.0,506.5,534,99
cX5QQ8eNjMux3QoLKiQ8gFRU5P43FGE.jpg,303,780,446,515,541.5,480.5,477,69
cX9mrEUy56hfxvDDN6ZUcwKSGbkXveP.jpg,448,865,406,482,656.5,444.0,417,76
cX=FgCKQ1VBXqaa6ThMULxocfs2m_c.jpg,448,923,423,501,685.5,462.0,475,78
cxaZFHKvcotOgQMUH8ZxBRvcg7OJwD8.jpg,230,802,475,562,516.0,518.5,572,87
Cxjo5VmDkNryTgBn5OfRTLr_gKoVWI.jpg,422,875,429,502,648.5,465.5,453,73
cxkkr4WnOj3wMHE3GtWgtMl5wjV3n.jpg,323,792,427,496,557.5,461.5,469,69
cXl59izSJ_RXfg1Fl_3zEqlwRQm3wN.jpg,367,867,485,557,617.0,521.0,500,72
CXVKLf2xU=IcDQQEqzQedOJsO3C8GoH.jpg,312,888,476,558,600.0,517.0,576,82
cxVPwWgjS154VmYtjaBMHKM7eazlsE.jpg,422,859,430,497,640.5,463.5,437,67
Cy5rgNsDde7rXRWgbMXzswKbXQQm7tQ.jpg,276,805,484,562,540.5,523.0,529,78
CY7p7sUWLO_w15TzJmWqRn7ZUGyseTGR.jpg,341,749,420,484,545.0,452.0,408,64
cyJaSYz5kSYFONdDIRqv6MMCrYReSRP.jpg,312,884,478,553,598.0,515.5,572,75
CYKG3f8c2ySpw8jrfNif8oO5=2VEsex.jpg,395,929,504,583,662.0,543.5,534,79
CYK_9VKz2gKYRodLLyaHfcmdK=Jroohk.jpg,345,757,421,493,551.0,457.0,412,72
CyRaS92_arleihRo3_BxFoCz5CsT=2nZ.jpg,333,760,416,480,546.5,448.0,427,64
CyRxzT7SM6xW489N=DBp9bHexBS81mO.jpg,420,873,424,496,646.5,460.0,453,72
CYUad_Da=1qbJOaN3bOW3=s1mnCtWIPX.jpg,330,914,520,608,622.0,564.0,584,88
cYuR4MQEHhqUz1TkxBsugTTg53DTw.jpg,388,818,418,481,603.0,449.5,430,63
cYwVNJNtl3SEKkS7wYV5ShkapNuTd6S6.jpg,461,848,440,507,654.5,473.5,387,67
cyXJwR6yOQCsvBXhR4flCPzyOnnHN.jpg,270,665,481,549,467.5,515.0,395,68
CyyYdp2sb4bw2zNCtw814w3DL1OIRg.jpg,435,742,444,503,588.5,473.5,307,59
CyzSV2ooZhnWPXnLv4Ha=PvxxGinaUG1.jpg,518,818,432,490,668.0,461.0,300,58
CZ4=8PxpXm_e_8ZJv5GF8DVi78w6sZz1.jpg,241,1102,573,708,671.5,640.5,861,135
cZ6kvydqZ3nmWOdoBhtiL78lMSnMZm1n.jpg,416,927,492,566,671.5,529.0,511,74
CzcTJlaYjN1HzCz8ZXH3P4saL3vI6b.jpg,471,905,426,495,688.0,460.5,434,69
CzF4PoBTMJ=h7l1wSQW1Wgq4K2MIKK.jpg,304,1140,567,696,722.0,631.5,836,129
cZK1_YSiBb3NCXITlVPaghbBraJqi9r1.jpg,478,777,432,494,627.5,463.0,299,62
CZL5cfqlth8EdddGiubucSIQIi=3Cj5y.jpg,352,873,458,531,612.5,494.5,521,73
cZPNH9wyouvjOdKtshkVWaKByv8u.jpg,429,825,411,483,627.0,447.0,396,72
Czxwmc7EoqiSZzvU4ehxFC1tL6dyhis.jpg,408,820,414,475,614.0,444.5,412,61
czzZWF1TluBdCbMGfWyLbmGW9UYyyt.jpg,317,754,426,494,535.5,460.0,437,68
C_=_ET4iiOuEwb6rUPqp5PLhqzyTl3_1.jpg,312,877,505,587,594.5,546.0,565,82
c_Dz1XOfNxIrnU9nW3B3ijshHh8dYH.jpg,446,869,449,518,657.5,483.5,423,69
C_Rw3o7_Ev9L_ngzm=DIYKHnG4eUFqMN.jpg,379,842,470,539,610.5,504.5,463,69
c_U1h3wmbrnimqri42ZPSiCrQKc1Hw.jpg,482,836,462,528,659.0,495.0,354,66
d1kbk6doYnNFHge89o1Dl=v1BNoiuY2.jpg,406,819,422,495,612.5,458.5,413,73
D1Z8=cqHOe_RTluhUzFx81J6HlmRa_Ly.jpg,512,1042,492,574,777.0,533.0,530,82
d28O2rww75s9tTETjyvsV8WSFO=llHx.jpg,342,869,456,533,605.5,494.5,527,77
d2IFuhx3Trfnam8weJpd2=sXIaYL6hIW.jpg,410,848,423,493,629.0,458.0,438,70
D2l8=L8r9w8y2Gw5NEZbORvMBGDpYGZY.jpg,289,792,478,553,540.5,515.5,503,75
D2Qa7v7N9uXBW_wDUx7sV9Qld49LvsRc.jpg,439,878,416,485,658.5,450.5,439,69
D2XRzMIpr4T4I93t69Hbg9fBFWpE9vJ.jpg,389,865,472,550,627.0,511.0,476,78
D3DqIQSKiBz_6TF=uFDxDIc9s99oWG1F.jpg,373,809,424,506,591.0,465.0,436,82
d3hj9zmb8PHwLy=W=NbG88DnVtkq_8qP.jpg,469,984,475,568,726.5,521.5,515,93
D3kL528vWzFLOxnONsagT_8s4Fsg8o.jpg,396,839,458,533,617.5,495.5,443,75
D3y7sO1tftkml61bp_bCF4seetgWmvBZ.jpg,348,732,412,475,540.0,443.5,384,63
D41jj3GGZuhZz18wDsnOGSGb1NM_LIdq.jpg,329,758,429,499,543.5,464.0,429,70
D4D4o8chl5__ifpR_tVPkqre7Q6N4V7.jpg,365,911,474,554,638.0,514.0,546,80
d4ku15mOd6mZEey_Loik7sa=f84G=zJQ.jpg,338,858,455,530,598.0,492.5,520,75
D4lWQBn4FvlVcmBknLoi4rC6NeG=iNo.jpg,331,685,466,529,508.0,497.5,354,63
D4sPpQCOQ6xi8HaXQObZolfDwC6_ZuL.jpg,291,842,470,551,566.5,510.5,551,81
D4UsF5nrMobqiYFb2jC65kISiqlQqN1J.jpg,348,771,419,481,559.5,450.0,423,62
d4YJilLUE_MKvMojEZdLJn9b6Eh4dl4.jpg,468,755,448,504,611.5,476.0,287,56
d5nUpu5wCWqm5fLhiuT=YdS2agCYwxv.jpg,375,903,496,582,639.0,539.0,528,86
D5_Hfowh_Js7V_E_1DPwUrD2H5ClkZNF.jpg,389,824,428,506,606.5,467.0,435,78
d6pKhR8QQiB3_aKs3PBlTSbUIo7_vRD.jpg,445,747,458,518,596.0,488.0,302,60
D6TmUHOa1TJJQiaSD8XoOgLFPOYblj5.jpg,434,856,422,488,645.0,455.0,422,66
d6_dgkzPHYYKbG3odV3vsq5QO7qJeHz.jpg,411,851,463,534,631.0,498.5,440,71
D7i9oVOnapCTNagKCXq6uut7YKYTUDc_.jpg,409,788,437,504,598.5,470.5,379,67
D7Ip7kftm7xfLvPRCByBDw1x4CCX5cMx.jpg,456,879,426,490,667.5,458.0,423,64
D7iVleGxVt1ZVxNTsh6YrL5Y9Mx1Muu.jpg,475,801,434,500,638.0,467.0,326,66
d7kUzqse8Xl3lWgEDqTDKxybXWBt9Gmk.jpg,446,888,451,521,667.0,486.0,442,70
d7N8EMVo6S2IHqZiKQorUsMow4=33F8.jpg,360,799,461,529,579.5,495.0,439,68
d7RN31K_ZfnwqxplZfGjn5LexoFrc8.jpg,279,840,500,586,559.5,543.0,561,86
d7tFhvHuvKM_vpk_dcyQ3VtiL=ilrln4.jpg,337,842,477,553,589.5,515.0,505,76
D7W=PO193xl9jNMfwi8qkoG9JmEgHtYg.jpg,336,734,415,479,535.0,447.0,398,64
d7weKfQ2j6VIlKsh2wpE2c_ssfnSOwBF.jpg,443,733,422,478,588.0,450.0,290,56
d89NG2nG4SlMYFuNQxOVQ4EDkfodfF9.jpg,331,863,435,507,597.0,471.0,532,72
d8=8BHf8gPu25UwxZDHYTJriSwXuNMH.jpg,391,743,480,544,567.0,512.0,352,64
D8Dzr5TRH2gPVQhhQVQVNlvDv9_NR.jpg,390,979,491,578,684.5,534.5,589,87
d8kL3ym6fufQovmJ3T14IKhy6NftUc.jpg,445,874,417,482,659.5,449.5,429,65
D8KYyLbkpZ9RM34DFOb5Um4Wp_t1IS9.jpg,290,1002,523,634,646.0,578.5,712,111
d8mbsDzTlXL2==MP1CLBwqwk=ISPKBG=.jpg,382,779,421,484,580.5,452.5,397,63
d8oKxPrb2_QOfKOh4D1yIuRHOxB326j.jpg,376,781,422,484,578.5,453.0,405,62
d8Qo_B41xyfc9S79Dk63R=1uW=dJOv.jpg,361,910,448,530,635.5,489.0,549,82
d8ZKtpUn8lTULhkLm2y9uIszLeM8pNg.jpg,258,1018,522,659,638.0,590.5,760,137
d9DYt4SFZ_a1v=wbD=gRfSeQiODiWb6y.jpg,446,730,448,502,588.0,475.0,284,54
d9jMSlGnn1MXcU4tBKiqIMy=K1TJDm.jpg,405,830,456,523,617.5,489.5,425,67
D9PiyCNzkkYOmE5qtCWJ5hjjGlQRXtWB.jpg,334,743,419,485,538.5,452.0,409,66
D9RCDBxxpHISBB3X159m=Vp84mUz7W7.jpg,463,738,428,483,600.5,455.5,275,55
D9_etIGFx_lKMGtE=Q1c8xsoqFj21.jpg,373,876,478,561,624.5,519.5,503,83
d=3t3wLkLEQiCDz1Wvp24FpIgRiLl5Y.jpg,395,810,420,486,602.5,453.0,415,66
D==DuJOWnWRsOVoQxlOKWjpBoiED9ydD.jpg,463,774,466,526,618.5,496.0,311,60
D=HNZFQBxTXt_H=XuQnmUN28fPB=Zs.jpg,410,751,480,544,580.5,512.0,341,64
D=jZOSnITc9ffT8U6oEUV=KUHras.jpg,449,831,407,470,640.0,438.5,382,63
d=OH1ghD1GkzTGbzxVLSFIO9a4VcGT.jpg,402,935,503,578,668.5,540.5,533,75
d=vaHWuZLlJeur9qjyXKGUFmkQMFtU8g.jpg,401,821,413,476,611.0,444.5,420,63
da8OkZaFp6YwT9rIrKZqXxZxZwrV9o5Y.jpg,285,822,498,578,553.5,538.0,537,80
daEhr7rYwIyRwkCHe4buVmWWWCh_L2S.jpg,469,827,485,553,648.0,519.0,358,68
daMBtuQUEt_SRWqS6eGkOFuE8Q6ZVuG.jpg,371,739,443,515,555.0,479.0,368,72
daOro6lmm=jtrMbk=kWQWo2_ygcLNMu.jpg,323,855,464,544,589.0,504.0,532,80
darzs4IH4oSqaGOHWtZeYTMVyIBcML.jpg,426,979,457,539,702.5,498.0,553,82
dawOvEVex=bBoI_FRkNHqCvmzbayk.jpg,315,753,428,498,534.0,463.0,438,70
DaXauXa6Wbv5okCVQwokMHLHOgKUNyv.jpg,277,951,517,607,614.0,562.0,674,90
DaY4ofw_Xsn819lFIljDtK_odsc4rnqt.jpg,362,922,470,552,642.0,511.0,560,82
DaYgJ29peusyjYfdZWIIH9tVpvWmBT.jpg,362,816,432,506,589.0,469.0,454,74
DB2O9N_3lFlRqvkuFCgvvpJ2_K2=Sd.jpg,418,896,425,499,657.0,462.0,478,74
DB68iitaSxvSqQBUKlhK1dUfIqXU_gB9.jpg,399,820,424,493,609.5,458.5,421,69
DB7GidihyHnQsbokvCgcdjgNYBseWin.jpg,405,874,437,520,639.5,478.5,469,83
DB7Rk8Q1ryWWlkhsnfywSWIQhN9854NS.jpg,303,749,428,499,526.0,463.5,446,71
DBdWH5bsFFO9jvd1KkONw74bdST2Q7GF.jpg,316,755,420,487,535.5,453.5,439,67
dbI7FKObg2rongvXJWycQSNvHtgTnq.jpg,389,852,423,494,620.5,458.5,463,71
DBIGdPK1nnnESGj1zQRmpbKm8Yih8=.jpg,427,892,457,529,659.5,493.0,465,72
DbQHeSe8CP5cTUdLfmGQphfN2aPq2M.jpg,446,880,453,527,663.0,490.0,434,74
DBTl8=_zqcm3Mo3YjOyfvD2B8QEQFn7W.jpg,409,800,444,508,604.5,476.0,391,64
DbucPeiFsjVX_vV5XODczWKuuwuHeFx.jpg,461,879,449,517,670.0,483.0,418,68
DbuMCIYTqtTaYr9JE=YkR7gtGUuSxhpk.jpg,311,767,452,520,539.0,486.0,456,68
DBWbFQZi4V6=Zx7OqlVwPGt3SEWSGChe.jpg,425,880,420,484,652.5,452.0,455,64
Dc1L_XjYlWTzvY=EYIKz3Hm6PZWgje.jpg,386,688,426,488,537.0,457.0,302,62
Dc2ir_FKVtcKrVlg4qwnfBVSUk73E_.jpg,429,739,453,509,584.0,481.0,310,56
DC=27kc6acZGMwoPVE=sxZK6eqthu=dn.jpg,395,742,433,500,568.5,466.5,347,67
DcapndF_FTXEizQ=UYQHSDt4djMDb2YJ.jpg,325,886,510,597,605.5,553.5,561,87
DCdnU1eUdJ3gn3lsdDzZSVXbI2P=Vyc.jpg,287,705,447,511,496.0,479.0,418,64
dcE2nJBjH7FrgnlkdxO13_KKj5B2aHSF.jpg,401,721,441,504,561.0,472.5,320,63
dcimpWBkgOCsDJ3EoMV_q1eGDRnU6e.jpg,404,889,476,553,646.5,514.5,485,77
DCMkZyLmOHhaRS4Qs9scSrjOByyiz4x.jpg,350,963,479,598,656.5,538.5,613,119
DCqekYtKThspCGMUg9HkfBU5DdXCRu.jpg,232,787,417,509,509.5,463.0,555,92
dcsOR9BPu5bKUqrUyuUmNbKhgHIjmRBQ.jpg,438,752,430,492,595.0,461.0,314,62
dCvjXm4UHS89MVuZwXu8_EGQm58bxF.jpg,433,752,434,499,592.5,466.5,319,65
Dc_DpD38MTu2JF261kEWg=pWUI3=oX.jpg,423,1072,502,601,747.5,551.5,649,99
Dd5yOWNXFa96peWnW_LpI=9N9Ls3F.jpg,437,736,427,488,586.5,457.5,299,61
DdEKKV9n65Vg7sYGGDgkca87ZDaskgn.jpg,325,924,480,576,624.5,528.0,599,96
ddgjd9UYrnBof16ooSGVXpelhr5Ngxg.jpg,439,900,424,491,669.5,457.5,461,67
ddGx4zdt45BQ1EwR==W7rwVVzlbcGh.jpg,387,673,448,502,530.0,475.0,286,54
Ddi4ThR8zYGFYDyMRUoQ2l5ri6WK.jpg,434,877,418,485,655.5,451.5,443,67
DDktatesMxpCtSoCxNW_LI_xhnJsB4hj.jpg,393,811,423,488,602.0,455.5,418,65
ddkUSd9QSCq3rWzi1P38oZnseDc4ucX3.jpg,432,865,420,492,648.5,456.0,433,72
dDLHlxbCc7OJcNPfQS1M9uFaVgCVOjC.jpg,397,807,421,501,602.0,461.0,410,80
DDM=PtXV56bSu27BwKn1I9mr8SmFrOI.jpg,402,845,428,500,623.5,464.0,443,72
ddoJH1pdyYJgtKU1DH7LDuWz7Q_rmv8.jpg,378,863,430,506,620.5,468.0,485,76
dDotPWmIx95JsrUF6RLPxct84GWdMzd.jpg,428,697,422,475,562.5,448.5,269,53
ddp_QxhRh8FE7yzo7UDsBslufh2nL22W.jpg,428,872,427,493,650.0,460.0,444,66
DdyGe9UqOGrrW=D=Zho5nKF5QSRtqTl.jpg,403,809,419,484,606.0,451.5,406,65
dd_gjmm6XYEUH7zoHyVezW_QrtMIM9W.jpg,60,1081,666,794,570.5,730.0,1021,128
DE6RC3StsJmLhToJLDZtiuRuk1m2nafL.jpg,351,1150,556,674,750.5,615.0,799,118
DEgY8z7bPcE77yfnRB5ca8zHWgiLqn.jpg,383,916,458,548,649.5,503.0,533,90
DeIra9JIuKZdj_ItnxuvK8IUmnr=SRUz.jpg,383,828,422,489,605.5,455.5,445,67
dEkvk5e2o51ZFJNF6iK7doKyficNUN.jpg,270,748,468,541,509.0,504.5,478,73
DEnpQEt7jd8mVGRnDe3Tqaai6GnDbeR.jpg,430,842,454,518,636.0,486.0,412,64
DerZ2rgVBpqr_Pl5b7f1Xf=xd7iiWtr.jpg,300,757,428,496,528.5,462.0,457,68
dEsDb=3s=BSdY1tv6XpLFpQ3yyhZH6t.jpg,391,951,473,562,671.0,517.5,560,89
df3VQZemy2pvSBh8iT6NIFqZmP9qM=Gb.jpg,527,862,424,496,694.5,460.0,335,72
DFBJ3Nu1SfHIjI_3YgatbYKL=_s4Ys.jpg,410,932,458,537,671.0,497.5,522,79
DFED2IrhfMBM73nOzX5TvpaL3cK1nBW.jpg,438,871,458,526,654.5,492.0,433,68
dffGtkn6dUBGBxRb9rSRkSunkeIjTmBf.jpg,268,674,447,516,471.0,481.5,406,69
DFGnus9g=C5PSaYdDL9i_mQL_cIufCCU.jpg,333,809,467,539,571.0,503.0,476,72
DFgwzICjZue46NyST37PMrJaB5F9Lb.jpg,381,813,425,492,597.0,458.5,432,67
dfKtYV6pvUtBDjlg75yZJMerVU36WdDH.jpg,400,838,430,495,619.0,462.5,438,65
DFlVZrXGzWZyCpcCp_ziHx=tEKypIpUV.jpg,434,851,422,490,642.5,456.0,417,68
dfnYQYT1aBWYGRD=O18f45bWN5ovt3.jpg,340,649,435,493,494.5,464.0,309,58
dfwwna2SSR1hx8u3iHCzs89B1Dt4QQ.jpg,403,801,418,482,602.0,450.0,398,64
dG4mEruMEISlqtw4gnkszjZExaBuatak.jpg,342,848,439,514,595.0,476.5,506,75
Dgckt5St5=zsFIe_IranwJuF_RESTgq.jpg,362,792,442,506,577.0,474.0,430,64
dgCkUySP2i7p=fUfUtvoyfH1bLWmFVWp.jpg,454,742,424,480,598.0,452.0,288,56
dGNLMbHCdWuNeGjMYBysiObxOR_uJGu.jpg,492,767,424,477,629.5,450.5,275,53
DgO8L2vg2wKVuSywLRli4KGOGtazrU.jpg,335,899,515,593,617.0,554.0,564,78
dGOLscBrzOgxyfK6eHM8xthrP8pH8oG.jpg,421,837,451,517,629.0,484.0,416,66
dGox6awQ9CereIVIksL1j7Q1vGyp.jpg,446,759,461,523,602.5,492.0,313,62
DGqUTPqPP2L_hD1sx7RxH=Pglqz9WVFg.jpg,465,766,456,516,615.5,486.0,301,60
DGrOyQwgF15lPtPpYKRPUjT8EeS3942.jpg,482,878,413,481,680.0,447.0,396,68
dGS8RJTjJOaX1vXqSdb6OEOpkOTTCUE.jpg,403,826,421,491,614.5,456.0,423,70
dgTG3MYKl_ZHsKygYx=TxtMEde6m_ZU.jpg,209,976,528,638,592.5,583.0,767,110
dguHLqcc=mPO=kVTahdisEWksFumUx.jpg,428,852,451,518,640.0,484.5,424,67
dGUrrFeWW4wkGafVVvzB34JweODEa7h.jpg,262,885,518,600,573.5,559.0,623,82
dGVqxXbVmEcF3Ifbw63a3HkpnOfhU.jpg,197,742,477,555,469.5,516.0,545,78
dgyBIdi6gCtvFGx4Sm9MeZYHCLOw.jpg,461,903,417,500,682.0,458.5,442,83
dgZuTN=FFTDqLK8siZ6I91__bgjpSZD.jpg,461,773,466,525,617.0,495.5,312,59
dH1KOQu=qb7D3r2qjgG3IUzoooejFSN.jpg,359,842,448,518,600.5,483.0,483,70
Dhabf7i5Q11T3viyoHDYhDxqfrp5l.jpg,396,953,461,540,674.5,500.5,557,79
dHdTptuoeLZ26CRQHrdDhCeOSo_w9WW.jpg,384,741,499,563,562.5,531.0,357,64
dhGdkXM_w_fQV4kCb3zE25=6cFVZe9k.jpg,366,648,417,473,507.0,445.0,282,56
dHin=4Sjj2IWQjzehYLDxKiIze6.jpg,373,831,435,506,602.0,470.5,458,71
DHjtvdyYFrRREVDwm62KU8k6HsTMfjk.jpg,397,969,449,552,683.0,500.5,572,103
DhQfimN2TyyT5LHdnVpKjHcTa9Titxr.jpg,376,940,516,596,658.0,556.0,564,80
dhQMFbIe7ymRtM9XnZd5m1Ya=nMmaZx.jpg,463,845,434,507,654.0,470.5,382,73
DHRKxfeg8sd2LVtPDqbYx1fDLd16PrmM.jpg,483,909,462,532,696.0,497.0,426,70
DHWjxM3XVgFtcx33zklqUPuQsswiFrgr.jpg,283,804,459,535,543.5,497.0,521,76
dhZ1qCDGxJuYYZHSvJtaq=DTTTXRsQz.jpg,448,891,425,499,669.5,462.0,443,74
DI1WoloPbzTQPvSNydgdy=vHiWzys.jpg,240,1148,572,719,694.0,645.5,908,147
Di7RHTZnKcN5GxElD6kedKbaWJZUSlu1.jpg,323,858,456,538,590.5,497.0,535,82
DIB3CeKcRNK=twp=hEK7g8xwNgK=Qwq.jpg,398,747,460,524,572.5,492.0,349,64
DIBboUyf=1qou6xTeKC6xX_4_vEvmO47.jpg,416,728,445,503,572.0,474.0,312,58
DIEqyEKBRbhTNVdBz6lZYrFtNLwLa_Qi.jpg,472,874,409,484,673.0,446.5,402,75
DIFpx3jgUikwwuUCUYne_IGXQ91FfT.jpg,468,890,420,487,679.0,453.5,422,67
diGb_6BvoVF1JIbYPxw6CMpC7vxf9X1V.jpg,368,675,442,499,521.5,470.5,307,57
dIH7TrHu9GZqxaNwKUa9S_n_WLXpKzu.jpg,456,874,425,494,665.0,459.5,418,69
dilxdKvpDC8TTkq71iZfNtjtpwbWiw8C.jpg,461,791,472,537,626.0,504.5,330,65
DipStTOI8nvDtMb5Grrf2vc8O5jsNZ.jpg,285,883,480,589,584.0,534.5,598,109
Dir9Z9SelevGL8U7ucERCDozb7amNJ.jpg,410,817,413,476,613.5,444.5,407,63
diRgzloU4ddv4aW7pvvfb6F6z=Rn9.jpg,382,852,422,494,617.0,458.0,470,72
dIT6VuSG8cMUH_1GIUcbe2KEbSIuYOeo.jpg,395,674,445,500,534.5,472.5,279,55
dIxm_ZsS4kNkbna4Jd4cWBq3XWpEe=h.jpg,428,816,439,502,622.0,470.5,388,63
DIyjaZMCZ1SKM_xj4BEINTBCtIcL99Wx.jpg,385,783,471,548,584.0,509.5,398,77
diZYe=hIa3Cc=L3qbxdPcUdakHOrjc.jpg,474,945,435,514,709.5,474.5,471,79
dI_qrIO=nKiKQ1iSs9p9h6JbiWrik5j.jpg,421,845,454,518,633.0,486.0,424,64
dI_s=Mf3JTEWplnh84vkzTWZk2NVHn.jpg,391,795,422,486,593.0,454.0,404,64
Dj1c5pvbkJF_94Xi1bKjmpORBNLGTU6x.jpg,337,844,438,513,590.5,475.5,507,75
dj2maNxunEkqXDubwUo4NcmQdqQrnu.jpg,423,834,415,499,628.5,457.0,411,84
dj4FOu=DkXBsM1xfGTPPWCTsdmlio.jpg,423,708,422,478,565.5,450.0,285,56
Dj8gBBehUOLE8eyaTDzZ8JD=Kcg_ZQr.jpg,389,931,504,583,660.0,543.5,542,79
dJF6VYpyHOJMzcIkemW=6nkMx4iYgxp.jpg,248,804,459,546,526.0,502.5,556,87
dJIgO9EHkiHCMM5DG68mZJB=K4tfq_.jpg,333,860,464,540,596.5,502.0,527,76
DJJqrhGUmeqmTqJjGsmmxPh7J2E2ku.jpg,484,869,416,479,676.5,447.5,385,63
dJKShEdHj_2XyG=7BN5O=vehoHVB.jpg,359,844,445,525,601.5,485.0,485,80
DJl2RyQU_rbT=qdURMrnFGYs=Pbqodv.jpg,449,669,449,498,559.0,473.5,220,49
djnXWveBxpJ_Ko87wsJYPSoydXrLX1w.jpg,265,784,458,533,524.5,495.5,519,75
djPQ3Lz_DelQLb5IHRL7nHx_SE3.jpg,366,841,422,492,603.5,457.0,475,70
DJsiSOw4BeaVo9qyqjNuFW9gkJWUo5E.jpg,282,769,461,534,525.5,497.5,487,73
Djx4uGCZH4SsLnxSg7WkUH5Q2tT4C1s.jpg,450,847,420,487,648.5,453.5,397,67
dJXGWeaUTMgf91aSR3hjYCy=Yd3sSaR.jpg,366,823,461,535,594.5,498.0,457,74
dJYdzlb7muzQjJWGelDvnP_==caORJ4a.jpg,253,790,459,542,521.5,500.5,537,83
dk7qlbY9Cz3gGCXlCIGIHWcCYFJxu.jpg,478,889,415,478,683.5,446.5,411,63
DkcklEfn7uXqHmx=hIheDdKgH87S6.jpg,380,673,434,492,526.5,463.0,293,58
DkioK24DQv8YYhSyHaJjrHE7_8=qngfo.jpg,402,914,486,567,658.0,526.5,512,81
dkJDLXPzjh2VeXXCq4ZqKcOHrhpWr7.jpg,444,792,483,548,618.0,515.5,348,65
dKlcyZt_qwSpHpt7vVN1ds1elQmtP63.jpg,325,781,425,492,553.0,458.5,456,67
DkRX_ZXWz5ipVek_jHuO3rxl86FHbQsJ.jpg,337,760,457,520,548.5,488.5,423,63
dkTcIO=38Kcww_m5JXz1Ngw6gabX8T9u.jpg,224,907,517,624,565.5,570.5,683,107
Dkv7kcnzlTnKXKzlux2wh97pDIHq9wD.jpg,281,806,453,562,543.5,507.5,525,109
dkYg6ZQUXH_oq199CXRZxlVRLpNnBCx.jpg,381,802,452,518,591.5,485.0,421,66
dkyXkjUxyZ3exRpieoMTB8nIIi_7p_4.jpg,336,849,496,570,592.5,533.0,513,74
dkZXjMZHonEhYGiYrV=Ci1Xwo62qM.jpg,358,805,459,523,581.5,491.0,447,64
dl3VM4ioE4X_9SbRnD_Diq66jI8NPrf.jpg,454,925,446,519,689.5,482.5,471,73
Dl=VjsSicSzD5toFEYepelZh_oqedJ.jpg,220,935,599,712,577.5,655.5,715,113
DLaemvab7qMOZusULBXYMdc4oZ9MCNaZ.jpg,461,854,413,480,657.5,446.5,393,67
DLFMnoFmhi8Gmu9ulKDjBmUqUMpj2jM5.jpg,427,857,451,524,642.0,487.5,430,73
dlFpgOhuvMya6cZtU_RsqMWPD2FLbCiy.jpg,380,831,424,515,605.5,469.5,451,91
dLGq_jPdc7T8FgHQ8MKPHNnvHwngcX.jpg,310,996,515,618,653.0,566.5,686,103
dljf8Qx1kriEUz7g8iZjNcGiWIRdp.jpg,380,917,494,580,648.5,537.0,537,86
DLKYMp9an7S8D5ysl8j6tdIlCmGnLr=.jpg,500,792,451,510,646.0,480.5,292,59
dlmR2yU81hqZhSJbnUqMEUhIOduMeL=o.jpg,293,763,444,529,528.0,486.5,470,85
DLn3Ipj4bKyCUFbKWWQuoDhKe7vE36Ev.jpg,417,867,463,533,642.0,498.0,450,70
DLoqsChu=8uCKf=VNfKkIx35VWijC.jpg,411,890,433,509,650.5,471.0,479,76
DLpBNS7PdtN53cBMDs3YEsW5tFYX68Sj.jpg,381,887,448,525,634.0,486.5,506,77
dlppKHfkO6n=CDItJFbcQseMHSDBX1J9.jpg,480,931,422,492,705.5,457.0,451,70
dLwKQLjaHbDTG2pZFffi6UXUQgObZ=Kz.jpg,374,662,419,477,518.0,448.0,288,58
dMaUuJRF7NauX5f7y6YTRjvapG7qW4X.jpg,370,965,484,578,667.5,531.0,595,94
dMg=v23mSIzsaSD2BaVIGw3jGzkuQDl_.jpg,371,885,448,527,628.0,487.5,514,79
dMHX88CtX=aeckSVKiGMs37X7EXa1tnD.jpg,494,769,436,490,631.5,463.0,275,54
DmIhNmwoR4tSWGZXP71yB3Sc_K5hppb.jpg,455,894,427,496,674.5,461.5,439,69
dMjnnnWRtSRHYHdtw_4z2NlsBOengZp=.jpg,457,898,413,498,677.5,455.5,441,85
dmMns3HojvXsbjH32Jrhqy1mZuswO.jpg,475,881,447,512,678.0,479.5,406,65
DmNcvjSUrgRYCJxfC2elTwzfyOFRXSIf.jpg,292,864,464,577,578.0,520.5,572,113
DmSQaDLDM1Rq46KTxHxtwmqZs9vHcd2G.jpg,429,752,450,510,590.5,480.0,323,60
DmSST2uB2WG_dvwOJcf6_edwsWYTiyS.jpg,389,886,469,542,637.5,505.5,497,73
DMwG3X6DMdaTGQ9d64EfmSgldq38r5x.jpg,350,822,461,535,586.0,498.0,472,74
Dn3G8O2i_d9NFeYeqxldk2jjSClIj=3V.jpg,415,921,458,534,668.0,496.0,506,76
DnancD9ImJk2NOErguOIwPC86PiYOup.jpg,416,694,422,475,555.0,448.5,278,53
DnB_w8KKR3Qj3aHRZT=_FUWPgV_1Xq.jpg,0,937,547,687,468.5,617.0,937,140
dnCECCVCij2UpRfUtyNokROiF9ySx3.jpg,342,902,473,550,622.0,511.5,560,77
dneCfNnC8c5t3poGgt2LSzj=VFiq8Psy.jpg,417,871,421,488,644.0,454.5,454,67
DNFYcl3YUzbQaxaSJkvDUvz87ZzfjUW.jpg,379,860,444,516,619.5,480.0,481,72
DNisPMc=VRzZcMFYBSckZTtdDg13fc.jpg,357,850,443,518,603.5,480.5,493,75
dNItxiSnB3fk6vUCRHSUv3KlN4nJ4h95.jpg,398,818,424,487,608.0,455.5,420,63
DNjqnPsI6_6tHBYWL1QZug4zdO9vO.jpg,398,849,437,506,623.5,471.5,451,69
dnqsK6g8IyWbgN48kOTL7rjSboNexf.jpg,411,838,451,525,624.5,488.0,427,74
dnx2pLFeQhnhkJlR7N7JUokFJctVWZe.jpg,417,710,430,488,563.5,459.0,293,58
dN_IeWedrbfrjvbQNxwhugyp_1R38tW.jpg,384,821,421,506,602.5,463.5,437,85
Do2Ocru8PJdaP3OGixDqu3bx=syEm8.jpg,290,1084,527,647,687.0,587.0,794,120
do9PY8KhsmWwW4rZD7JP69X87wzu.jpg,368,975,462,553,671.5,507.5,607,91
dOD9l4wcPhU45ZZGBNJOyBS8JNS9QgqC.jpg,424,837,420,490,630.5,455.0,413,70
dOrlgnT=m=pYXhXx7IGGZM7frtPBNY.jpg,384,848,433,533,616.0,483.0,464,100
DoWdp3L_hyrO28xxuilYjFw6gfyCP1f.jpg,321,744,415,478,532.5,446.5,423,63
dOXXFc64YU5fHUeDEy3dDTksNS2X2EQ.jpg,283,986,516,635,634.5,575.5,703,119
dO_EIHoq285NVbgaFz99xKDCoYGV9U.jpg,400,803,418,481,601.5,449.5,403,63
dP3iBMZ8Xi7xUJj5qYep7akgZZyZSkC.jpg,378,869,450,522,623.5,486.0,491,72
DP6ND4e6BtR3tnGLtaP7E6tloL8I_Zp.jpg,439,825,441,503,632.0,472.0,386,62
dp=p7ibxIsf=PLevD1HxE_2slZ2Zz3.jpg,453,837,417,479,645.0,448.0,384,62
DPcOHpxlsn5j1LbdfPt9XNejvslvDl_.jpg,371,853,447,518,612.0,482.5,482,71
dpDdlp9YHipoiBatRT6fw2heOFbcTa.jpg,364,822,424,491,593.0,457.5,458,67
dPDHOajlTL4udgOZHhmzLYoMpXGDZG.jpg,419,871,427,508,645.0,467.5,452,81
dpdvxdxZgkTbclLgYdbIN5sZtyHdu3.jpg,394,739,437,503,566.5,470.0,345,66
dPfk3GrMgWSem_BhCYf4eXf69RIqmmf3.jpg,308,778,422,494,543.0,458.0,470,72
dpIw9xcopdrCZDg7OVaSKGURRSd7QShi.jpg,435,839,443,506,637.0,474.5,404,63
DpKXkVHyk9eR1kHNhVGg2dNV==GHWi.jpg,352,975,489,598,663.5,543.5,623,109
dPn3qze9lviGoYO2qIhm2oTe4PQplxf.jpg,440,713,418,472,576.5,445.0,273,54
dpn8DBcCm6T7pExw6KsWiqmOOx=CfM6w.jpg,458,804,483,546,631.0,514.5,346,63
DPOVa6u6PrBm4vWe2x=Vr6GHUoqXjYNH.jpg,463,741,441,497,602.0,469.0,278,56
DpqJBPlvB1W1eut42GJDyYrnUGc=pwUN.jpg,352,829,442,513,590.5,477.5,477,71
DPssSQ5HlbqgtHs4zngbY_z7zuC7Il7l.jpg,340,838,439,518,589.0,478.5,498,79
dpTKSmejXeaSPMN_8YnQsYQ1uLmYhRl.jpg,348,907,467,547,627.5,507.0,559,80
DPtRjDe23kzqNqwBHojB=sWEVaC_dV5k.jpg,403,797,412,476,600.0,444.0,394,64
dPuWMaehVdCwk7P1flkD6FaYzRTuIBo.jpg,419,805,412,475,612.0,443.5,386,63
Dp_gds6VxZIjJK9IHVe9tJc452HLw.jpg,447,724,440,494,585.5,467.0,277,54
DQEdiJlbr17bCqG4jCFfo2GQYwB5O8.jpg,441,847,416,482,644.0,449.0,406,66
DQfW6IKI8I5HplJf=RNVe1rBLBMIXL7.jpg,427,866,454,524,646.5,489.0,439,70
DqGHRCirMvCcT=1NoSJqMLfRxdcQcvZW.jpg,427,900,438,511,663.5,474.5,473,73
DqhvoFdtE2ozCWQzysPwNhIP8tH5OmO.jpg,391,810,444,504,600.5,474.0,419,60
dqi5mgbEXiqH9h6R9ap85qMx3RQGXS.jpg,383,827,427,498,605.0,462.5,444,71
dqJsjOiIzqJsg2PgrobJa26fhOhrzJH.jpg,374,851,419,509,612.5,464.0,477,90
DqJY3v23WPHYd8xyie6nTcKXUvY8RP.jpg,304,821,497,574,562.5,535.5,517,77
Dqrh3tbjp7bnwCocayGQV9TI_N7FLoUt.jpg,407,910,454,527,658.5,490.5,503,73
DqScfum5KB3uGVi8Gcb4SbEKlCQxaBa.jpg,452,865,445,513,658.5,479.0,413,68
dQU6slI8n5jEBLhkB87Krsf7tTkRT7s.jpg,436,861,444,506,648.5,475.0,425,62
DQuJJlKsuBHEjNJUvruPjTfS_x_PtO.jpg,435,850,419,489,642.5,454.0,415,70
dqvNaaxpcy9Ev8Nzamwr3i_WbJc=jh7.jpg,309,987,503,625,648.0,564.0,678,122
dqVXy1P_iEV5Fjq3EBs2zDonV=moqY.jpg,507,789,447,503,648.0,475.0,282,56
DqY37JpCfqhO5el2y==Qt_8KrkTYMuCp.jpg,415,961,505,585,688.0,545.0,546,80
DR1VTLH3odiK6JwXSPYmBmhzFmg.jpg,127,697,492,579,412.0,535.5,570,87
Dr4dHuZ37UKCx94kkWXQTxeB4F3pFCt.jpg,347,896,467,545,621.5,506.0,549,78
dr8cGgMwxsjxcVFBrGmnHxI3Hd=jSe_.jpg,398,1045,535,631,721.5,583.0,647,96
DrbwtI7QWhDdl9E33uFLBRxeYtqRInG.jpg,402,908,441,530,655.0,485.5,506,89
drhau8m6Bg8rBahs1pnusleFRbmGxfE.jpg,349,760,453,519,554.5,486.0,411,66
DRIZrbSZ=U3NYuaPkqx8vxnzSH9rcbfj.jpg,336,747,420,485,541.5,452.5,411,65
DRMLh_eXUHxyCkSYbWrOW6uXF7c1m2w6.jpg,403,800,418,480,601.5,449.0,397,62
DRq5L2ig1waJgvkH_ESDzLKkhLujQOlb.jpg,384,748,438,508,566.0,473.0,364,70
drtXmjFnx1uKmIpNoFH89nwTlfTC8OZ.jpg,357,869,453,540,613.0,496.5,512,87
drV3rkY758GLWhDMv4h5sMGUqXfSZ2I.jpg,444,863,453,519,653.5,486.0,419,66
DrVvwI4FfvN2iRhUQCNqDbSDlHoTmzi.jpg,417,904,479,552,660.5,515.5,487,73
DrwuHi5hH=NHPWQZMBsuUCT1ZugH1pc.jpg,396,816,419,507,606.0,463.0,420,88
drZSEzpGHYWy45sdYUEdLFXbZLCv7ofH.jpg,302,840,494,578,571.0,536.0,538,84
ds1Q6QdRiinIzJ_L_x_JQ9VNYT6xZQfl.jpg,447,752,459,517,599.5,488.0,305,58
dSb8L7SnCNl=Z5aNMuZISO_sK4sKIM53.jpg,362,917,463,547,639.5,505.0,555,84
DSBiiBmbY6cu2_B9ZbHEJy1i_TBT1Cm7.jpg,383,885,451,523,634.0,487.0,502,72
dsdd7d9PjSt=5i3=uleYoHhEdJQIOxii.jpg,456,766,462,524,611.0,493.0,310,62
DsFrDJTP2nzjkYCbjBt2njGQfvIjSYVP.jpg,304,756,432,505,530.0,468.5,452,73
DsMilJEheFRMhwEW_kKMHQ882HQ7KH6.jpg,376,809,457,525,592.5,491.0,433,68
dsoVVe3iMyzCHmoWoE2CTstll8TwRg7.jpg,449,887,449,515,668.0,482.0,438,66
DSpa2CDEHa21lzuXqVqLkIOWLoIH7NY.jpg,406,875,439,514,640.5,476.5,469,75
DsWaM6m8zT8a5W4zQIZ4CXdShMfEjq6.jpg,394,914,454,529,654.0,491.5,520,75
DswiLOzsZzyOS5=UtaGZ=5NmtYbjvI.jpg,387,748,493,559,567.5,526.0,361,66
dSyIPZkqqf_XsvVCEm5j5bZm17cjaGjK.jpg,418,780,486,543,599.0,514.5,362,57
dsZak_iC6sz2Fd4Nvvu1H5d49jMy_guO.jpg,140,840,520,634,490.0,577.0,700,114
dt1DpXx9QHThcVxKWuwRf_briyXUIc1q.jpg,490,761,439,494,625.5,466.5,271,55
dT22tvRqZbwsjH6h6mn5VSHDLB3PLVnx.jpg,390,841,433,502,615.5,467.5,451,69
Dt7kmuyJfDNQ3ra6NMcky25o4=LkjWRw.jpg,363,773,428,491,568.0,459.5,410,63
Dt=33aK2SfWjs=zaFYBdCZa1_bv9CUKe.jpg,432,841,419,486,636.5,452.5,409,67
Dt=v24=nN1qkPMqQ12MPsP9Rt3QhBk.jpg,388,842,423,490,615.0,456.5,454,67
DtcKZIsHLJDq3HYbVpaLvQybLoXdIo.jpg,416,1016,530,618,716.0,574.0,600,88
DTdbIu8JT=myqi3rxjpgQzpLmYLkrN5.jpg,444,899,436,506,671.5,471.0,455,70
dTN91HqsWlbunsZIBSRxgeH1rupUWB.jpg,340,754,445,510,547.0,477.5,414,65
DTokk8ip_ueqWbF9ezLksRY8ew78TUN.jpg,508,821,437,495,664.5,466.0,313,58
dtQnLHbBo4zXVMijnuDG9Lh4IKhJ1.jpg,423,759,482,545,591.0,513.5,336,63
dtT8git8tuLK6=xkWvhELxc1Zl9osxS.jpg,440,912,438,510,676.0,474.0,472,72
DtTfOEd3bN1=leYD2qG8Ep5r9grzdaoD.jpg,433,888,431,502,660.5,466.5,455,71
DTTo2VIp82VvDkBfoR7uJUeXQBvJln.jpg,336,752,414,476,544.0,445.0,416,62
DtvLnmK3grUvm9iaDW3yBYbGzZ69CnF.jpg,412,943,497,579,677.5,538.0,531,82
DtVwqIoQrWRXPKvrg8T7WmPJY=4WPd35.jpg,253,813,457,577,533.0,517.0,560,120
DTWENuGkbpTxyn1P2jVIm3CFpjMfX.jpg,310,803,465,538,556.5,501.5,493,73
DtZOo64laW3P7=LIUHWfMvKTg36fwW.jpg,364,985,533,626,674.5,579.5,621,93
dt_d3YZJEwd_TFGV8Yrvhlj8PE__KZRH.jpg,388,815,420,490,601.5,455.0,427,70
dU3SWmb9HTPWX5KGsyhGQ71=MvuhRfOr.jpg,406,839,420,502,622.5,461.0,433,82
Du3v2OGvu=UrwIYzHakWPvMJFRGLJ_I.jpg,427,953,500,580,690.0,540.0,526,80
DU6amYVxWj3q2qVB7HOTtfykSF=6oCp.jpg,431,878,464,534,654.5,499.0,447,70
Du6hg=nZsuCR85E6DZk8tzImQSZgHRP1.jpg,461,911,451,524,686.0,487.5,450,73
DU7Uln_WCvQ7dr8ldr4dLk6vP3ta_17Y.jpg,371,899,499,578,635.0,538.5,528,79
du=XPIvRvGlgdCtcbhLmEnD5Wggbq1.jpg,456,855,410,473,655.5,441.5,399,63
duEbojIM1DzqNKTrpRiZ5FW4l2FlKzf.jpg,413,943,464,546,678.0,505.0,530,82
dUgx5PdyY9X7B2ajLXkPqRV=dECNk.jpg,408,831,418,481,619.5,449.5,423,63
DujVQmb8rbrlkBZ2gOsaas2gNCaM8h.jpg,427,927,488,563,677.0,525.5,500,75
DUMg=9Xj1_vdLHnJXjKuyQj47geMSZ79.jpg,370,785,454,515,577.5,484.5,415,61
DUy=eeN33n6sGPy_k2xJzCqHSkSjJbF.jpg,331,839,478,553,585.0,515.5,508,75
dUyFeg1dQOr7O4bBn6Upkwn9WdrKeTDW.jpg,301,865,461,564,583.0,512.5,564,103
du_gc5djUDvE3D74kVLQrrqM=yDJh4.jpg,353,861,450,526,607.0,488.0,508,76
dVaxVEhcNK4jhNXNmU25G71qBBjUeGs.jpg,331,868,461,539,599.5,500.0,537,78
dVbQOWGOWQl4NQNXDNWMILw32BBjrJgN.jpg,410,867,423,493,638.5,458.0,457,70
dvdC=aebeqVytlHMqTPvhYwv6Vhr4NyB.jpg,433,837,420,483,635.0,451.5,404,63
DVE38yinFwhy73jl85vQurNQU96NzS.jpg,298,787,440,512,542.5,476.0,489,72
DVFTN9pe2=pry8_iOHNM7cYv=YDqGR6.jpg,438,817,507,578,627.5,542.5,379,71
dvHu9BQKQWkSQCTMeFPyExCDuhkZSJd.jpg,410,878,425,496,644.0,460.5,468,71
DVjJc6eeFYg=fujLKs82lXxMdHmt9nk.jpg,422,805,413,479,613.5,446.0,383,66
DvOJEQ4hR=VTUPmryZfxDDXcYkMBrTFQ.jpg,275,811,460,540,543.0,500.0,536,80
dvQ29KvlkVXCaehNODhb7HxMxZevCp.jpg,346,773,446,512,559.5,479.0,427,66
DvvkfW9NyQt_jPJGCfjd1IvnK7tXHdJx.jpg,386,818,415,487,602.0,451.0,432,72
DVVmVkSsjvKEM_nM_TWkclH_3_ZlbHCM.jpg,380,905,458,535,642.5,496.5,525,77
dVy1voT_4MWoobNLW1kIV_LB17jfC5s.jpg,369,877,437,515,623.0,476.0,508,78
DW2meoyrueJT6Tnd87VOH1X6wVIgG_oB.jpg,320,828,440,516,574.0,478.0,508,76
dw8b9xU7YGslLjt6oyb5Gd66pVUXtDU.jpg,250,790,463,543,520.0,503.0,540,80
dw9FIkmscpgxaausmnexFb6G1FzlhFme.jpg,420,814,418,482,617.0,450.0,394,64
DwC3qv7o7yujTM7BkD6jq8n1=4rcfg.jpg,334,837,475,562,585.5,518.5,503,87
DWCr_FzdoZJLkwiCMhqOao8Kh_Hje.jpg,293,757,423,491,525.0,457.0,464,68
dWdjbCMHu4jrPCN=6=DjBmeOmvqBOI.jpg,408,793,411,475,600.5,443.0,385,64
dwfqh_RL1J4=T_DTghizSNxLSeg4pMzv.jpg,375,823,463,529,599.0,496.0,448,66
dWhCHf4UhyZl5kuBezfnjH3dkYgyhtCh.jpg,496,773,421,478,634.5,449.5,277,57
dWjUzv3yhNH9G3pOW7bowCuSax_c4ec.jpg,401,810,414,475,605.5,444.5,409,61
dwkJSIcqpzsx2U_QHCh58fbaPvSoKRs.jpg,446,733,456,511,589.5,483.5,287,55
DwmgVzlfF8p9hI5wZtSP1Za9YtmJDH7.jpg,301,845,475,554,573.0,514.5,544,79
DWpBIZ3EdM5CDurJ4jWzYuPmzNq79D=H.jpg,326,776,425,515,551.0,470.0,450,90
dWpUtS2VCEMZfpMvlrMnHCmsC4l=JSs.jpg,415,805,415,480,610.0,447.5,390,65
DWT_yl2Y9BYRxlkDTCQOtQ7CptSUhEV.jpg,480,883,443,511,681.5,477.0,403,68
DwVIml3NiC_MzVpOGtfe1BXJxPu2oH.jpg,472,769,424,484,620.5,454.0,297,60
dwXZSy9x6vNL5KKo8wW4jHPwFFacgM6C.jpg,356,757,421,482,556.5,451.5,401,61
DX99_3SdqETR5Pp9CZfaTUE77WETE.jpg,370,682,454,513,526.0,483.5,312,59
dx9kOEIPWtQsz9X2CcsJ63qWrR8Z52_.jpg,391,804,420,483,597.5,451.5,413,63
dxBDZ2N1eOaLemrFGVDNcE4tWiXlLUFW.jpg,306,987,505,617,646.5,561.0,681,112
dXdyE9DLU4kyQw1_ttz9VpdYGhmqup5.jpg,226,778,458,568,502.0,513.0,552,110
dxgXMS62B5dZcDtsyxqxSOWa6IkqHB.jpg,386,812,429,496,599.0,462.5,426,67
DXi8FP3ZtSvVZOoi7OxQcEE4Xherg.jpg,464,754,424,480,609.0,452.0,290,56
dxIwziN5kwyrOJG25jSs5s5o7NSBXWez.jpg,363,809,423,491,586.0,457.0,446,68
dXmv2L4Mu9QVdLENLUn7PF1kax_rET.jpg,472,863,413,479,667.5,446.0,391,66
dxoEkiO862fX3sp2GOfzstoZhr_o8O_.jpg,272,767,438,519,519.5,478.5,495,81
dXTlr3kOLlDl6KtOmVhuyMCkeUYlGzv.jpg,308,767,429,504,537.5,466.5,459,75
dXUvmS7NR81t9o6lnW5yoDd9zjazVaB.jpg,471,820,463,530,645.5,496.5,349,67
dXXVnkD4LXWjGngyjfbCPd1DoalBkSXk.jpg,355,861,456,532,608.0,494.0,506,76
dxYsNrbRvKwuGsoJZVM1oNwp5bFTcyn.jpg,359,783,421,488,571.0,454.5,424,67
dXzM3G_qK5mn3yH6TlWjQ1RR_Eq6z2.jpg,348,833,433,512,590.5,472.5,485,79
DxzUI2VOQ5XsFgoCMNLj3zDRxXDpYIJ.jpg,374,893,479,553,633.5,516.0,519,74
Dx_bZNZn=OL=k1vFqfQimtjhdCWLoowb.jpg,498,933,451,526,715.5,488.5,435,75
Dy2Dq71nOEWzPZqvTGjikfwSl51Z2.jpg,163,811,512,600,487.0,556.0,648,88
dY6nQg3J6esMcWWnU9W96xOHKXr=omPy.jpg,370,893,446,529,631.5,487.5,523,83
Dy6ulMZwvEvLqBrROfLWi4Lh_KnDYvCR.jpg,411,877,449,521,644.0,485.0,466,72
Dy9=3gth_7Q_zd8aVyd3rxPHPjdHKZm.jpg,316,759,428,500,537.5,464.0,443,72
Dy9Jt6kEJtU4wko7TELbOenoZhq9=rH.jpg,373,683,470,527,528.0,498.5,310,57
dYBiY7NpqTiK9SHyLB8mi=bvRsoMpb8s.jpg,236,808,467,562,522.0,514.5,572,95
dYbO6drlmLK3NqnbgZ5B8j53iNSo=j.jpg,483,772,418,477,627.5,447.5,289,59
dYELQ6yp=iVJCraidD3X1yzjgXqaMLm.jpg,447,871,450,524,659.0,487.0,424,74
DyizywCx=4fDauel44eHj5pipL3n3Kt.jpg,425,857,456,525,641.0,490.5,432,69
DyKR=Sg_DaCCxmZmZx2oeqWnDGhxQv.jpg,298,796,457,529,547.0,493.0,498,72
dYkUej1ZyapmWglCLP_U5zCb6LJohJa.jpg,405,843,426,507,624.0,466.5,438,81
dylewURncZhNa8Hq2lMoP5OUfsHsuMRz.jpg,432,862,424,503,647.0,463.5,430,79
dYLRvseUP_EpVDPFGuBi_iobRBHQ12oO.jpg,290,908,488,575,599.0,531.5,618,87
dytlOjtZhdErxuJBjLJmaBUV2zVa4FT.jpg,345,890,467,542,617.5,504.5,545,75
DyW=dp92L=vEHemnQaQHymr2gEeBsnfJ.jpg,509,804,448,510,656.5,479.0,295,62
DZ3pm1yox2b1eQePdxqfG9Kgbeps3I.jpg,508,780,418,474,644.0,446.0,272,56
dZ44jfuZ9wwkPjomN6lSFQPE6F6tpG.jpg,341,738,415,480,539.5,447.5,397,65
dz7R8vs8Hgstj7mz=EqtOQDB1oW4LQc.jpg,203,1025,543,683,614.0,613.0,822,140
dz7uOLBHblqH_ztl1SfJXtkWqSDcOHa_.jpg,321,814,440,515,567.5,477.5,493,75
DZcXdDticTIF6fEJmi7rjgBhJoTaWlYw.jpg,365,836,447,517,600.5,482.0,471,70
DzDSkdXq=uGYIcli5_mZY2ofYtIOjTQ.jpg,434,863,424,492,648.5,458.0,429,68
dZDtnkr21x1vkQvkE5uU=ZhlUFBSNWgV.jpg,478,817,487,549,647.5,518.0,339,62
Dzexcq=z85OCgjYy8cmvUFVNEFSu_Lo.jpg,330,864,504,581,597.0,542.5,534,77
DzGSeCxDaT5PyKKUbp6ZnG9Q_I39cQuD.jpg,409,855,451,518,632.0,484.5,446,67
dzikC=d1WzsqsNdrWrXZTZiqMlfisXI.jpg,296,818,442,518,557.0,480.0,522,76
dzNPZjb2ItPgXaZEp5nvskUK49V3Hyd.jpg,369,650,414,471,509.5,442.5,281,57
DzxqGD9ooCiwGhn5vkyQlsqIbQoVDZI.jpg,392,902,493,569,647.0,531.0,510,76
DZYszGw73HRTP4kBq1Vbt4X6utw6ON.jpg,443,876,457,524,659.5,490.5,433,67
d_dqToWD=EYawYeOw9c3tgqYCWjX.jpg,297,761,433,501,529.0,467.0,464,68
d_pltF_OVfWsGTndIM=lECcHLNsF=gG.jpg,439,825,407,488,632.0,447.5,386,81
d_XbsxKopnUDerqObl_Qz17fqYROwiI.jpg,452,801,487,550,626.5,518.5,349,63
e11pxxOVhrTmV8cKFWNB9hiIlvtbcZHb.jpg,470,748,443,496,609.0,469.5,278,53
E1kYjsnfCMRbezawI283Tp_cfsFvnecW.jpg,382,819,429,499,600.5,464.0,437,70
e1l49kYWpNhF94_6ZiROm8FNNlG8OKYS.jpg,335,916,516,601,625.5,558.5,581,85
E1mrWCObC5TrpU5qKOXM8JKgc384EDE.jpg,354,899,463,539,626.5,501.0,545,76
E1qXyjeyyIe8xY8EKKL1nQ3RyTl=h7.jpg,350,847,449,520,598.5,484.5,497,71
E1rIqy6ySC5aXTa6W9cHeThB_ntGa.jpg,437,939,491,564,688.0,527.5,502,73
E1vSdQmMGy9Ty4s9uybRNfZ9Uns8xWL.jpg,343,927,525,605,635.0,565.0,584,80
E27PV9XowQ3N6VyzI4phc2YrKgJlRRc.jpg,387,819,444,508,603.0,476.0,432,64
E2GnniqsZn6HJwt9cc_GTDNO_V4DnG.jpg,427,838,427,495,632.5,461.0,411,68
e2JzCXRf_4GuxwDJbbM27RysCY3fCJPI.jpg,441,925,477,554,683.0,515.5,484,77
e2OSFrEL5ezpJrJ9YIpjc4WpQsRzR1x.jpg,416,896,481,552,656.0,516.5,480,71
e2OSTWbxwP3GJupr7TBziIlPOaRYN.jpg,440,851,418,487,645.5,452.5,411,69
e2qopYICrKOKTXtHKJSEs49VVB_xspdC.jpg,297,831,470,549,564.0,509.5,534,79
E3ez3S=3V7Em6VpSSjIOPiDw227bES.jpg,474,886,419,486,680.0,452.5,412,67
e3Fz6Ci2KPpDg1DfTlfwh85eG=245Jw.jpg,452,906,465,532,679.0,498.5,454,67
E3jMxTUOlsqwUTlGo_z8i629_SvlDWkt.jpg,493,911,424,490,702.0,457.0,418,66
e3NHolpdZBhF=yjRb_4fXfMaJN=_MF.jpg,443,898,466,538,670.5,502.0,455,72
E3Qsd=Emea9gHkT3JCI7=lD5Hv22KVK.jpg,302,887,459,554,594.5,506.5,585,95
E3tOdls_LpXN_zEegIGm5dcnML4RVC9.jpg,453,775,447,508,614.0,477.5,322,61
E3WucIayeqxIjh7UQs_z_n5t3bR58da.jpg,59,982,472,619,520.5,545.5,923,147
E49ePy4l6ZIpX_5cJIiVtFjO34UCMeu.jpg,327,678,493,555,502.5,524.0,351,62
E4bDerKJ7tQBVRVuhJ5lIMQJyxCv3.jpg,361,938,471,551,649.5,511.0,577,80
e4BKPegxf9GB7Gh6OCKp8KtpOHOFp36p.jpg,398,944,493,579,671.0,536.0,546,86
e4cRcBVSMUDWEttGQw1vz9DO9RsmXCC.jpg,392,842,426,497,617.0,461.5,450,71
e4WylmNoMahOB1dHKBqeu_dGl7RNMfEK.jpg,375,781,445,515,578.0,480.0,406,70
e5CgvDJ3NjxaGWbgUpNxWoXIEntTWh8y.jpg,424,866,428,498,645.0,463.0,442,70
e5FLuVyOHQF6yNuQGR3z2k1aDXHblh.jpg,269,770,433,508,519.5,470.5,501,75
e5gLvC8mkybgyOwgoV7kCvL88x7x7br_.jpg,457,736,419,476,596.5,447.5,279,57
E5JQlwlGg7m=L9_ipuFFq_VyylioPhtp.jpg,288,864,488,572,576.0,530.0,576,84
E5kykn5Bss_vZUgOXGjQWfxcbSRG32S.jpg,313,807,447,521,560.0,484.0,494,74
e5qx89JfRgwZJ26PSiJKx4jDuZmZd=g.jpg,324,749,415,479,536.5,447.0,425,64
e5sjxxK6r99gKDUyvXydWoiB=KjIk15W.jpg,315,753,420,485,534.0,452.5,438,65
e5V_XwrQ89tBz63db3UNKZC=I7xEs1.jpg,465,887,451,513,676.0,482.0,422,62
e5ZSJLe3MWQ9Mc1V7UbQOk_yFJmdQO13.jpg,455,867,422,484,661.0,453.0,412,62
E65=K4u6ehG6aSu63J9WkiMZtwtIkiv=.jpg,372,749,455,526,560.5,490.5,377,71
e6IJiW4ek9vzrUlNsZ6IMfKWJZG49i5.jpg,389,880,478,554,634.5,516.0,491,76
e6Pezr_lP834H7d42TMh4NFR5E_gnmGc.jpg,339,742,418,483,540.5,450.5,403,65
e6QhXVVxddr11qtBCxXEJEkVQb9=ykKX.jpg,305,850,463,546,577.5,504.5,545,83
e6RSkDhqs5R4SZqTUPtmuNrfNSYoORn.jpg,246,790,462,544,518.0,503.0,544,82
E7cqTJMPgQ2Uo42cJ_uc9XBbjY_gi25Z.jpg,413,943,452,533,678.0,492.5,530,81
e7eMG_JG7fwnOTReHNio6bXPb_WjM.jpg,268,803,489,567,535.5,528.0,535,78
E7hwXK6S5NEdQ8dGi9=UEXuzRUjaj5mC.jpg,334,872,474,566,603.0,520.0,538,92
E7jp1177Yo551MJTTZmWRc41mTpzMuhG.jpg,387,853,440,513,620.0,476.5,466,73
e7laBvxsPsckSOXDWDeIt6ddEhope5aC.jpg,512,789,440,496,650.5,468.0,277,56
E7sqjZZ6XpdxNlWsmvQ6OjI2hKNvXoZ.jpg,389,950,507,588,669.5,547.5,561,81
E85nOinhatQ1DMsYJIDdd=Yyau4i9Kj.jpg,373,837,430,513,605.0,471.5,464,83
E8kuzwd==D7DSrJRg54VUaP9SKZGoDbk.jpg,355,742,440,504,548.5,472.0,387,64
e8NZMmqh8XcVT3cfCeachXKoYameuvn.jpg,468,805,482,544,636.5,513.0,337,62
e8Q6W7KhdUNeZaqBclxTjKVvvOD9Npa.jpg,337,856,436,513,596.5,474.5,519,77
e8wkFhxnIZb2LDZIJKrYWFJPZba6yTB_.jpg,451,797,485,549,624.0,517.0,346,64
e8x4ImmWtkCJvYrOEs8XnfYDDP6j7=O.jpg,531,818,427,484,674.5,455.5,287,57
E93y8NyUJQrCbFMeB2VaOSTohL7TpWuV.jpg,340,845,437,514,592.5,475.5,505,77
e9Mfvd1kh7zidG116F11_iqNgYmIEG8.jpg,434,707,423,479,570.5,451.0,273,56
E9wm7ZGITOxy=_bllKYpxut98iZ5F76.jpg,410,816,418,494,613.0,456.0,406,76
E9X1BnHjNeafKprgtVTardMXS5wKkg7R.jpg,322,653,441,504,487.5,472.5,331,63
e9ZyNJo7iw6=ccRNCR9xKqbDSuC12lCI.jpg,388,705,476,535,546.5,505.5,317,59
e=6UZ5XBoTQ2pL=gy=K=ujIQjNLtULw.jpg,404,700,432,488,552.0,460.0,296,56
e=8Gn6QKcFDz_fIxRUMMR6KKKdtFDi8.jpg,447,866,408,472,656.5,440.0,419,64
E=CywlrUznynDmwbUWc7guqLuw36S.jpg,69,856,539,671,462.5,605.0,787,132
E=fz32FRveRhfu91U=OdaiPLlckDGIR.jpg,404,828,415,477,616.0,446.0,424,62
e=H12BqCqis89LPBvUnkGfLUeV6FzHU.jpg,312,780,433,508,546.0,470.5,468,75
E=k_5sY=yfoDF1jx9Wib9oLxyST5owk.jpg,377,821,421,486,599.0,453.5,444,65
E=nWS=rXLmP7k3cbFF3ENifIuTr6eDl.jpg,327,1172,572,711,749.5,641.5,845,139
e=Uqj2_G83xhfOj2xpeMaR6G8k_uo6.jpg,282,785,453,525,533.5,489.0,503,72
Ea4JgM3n1tNG5vSOGGuvBhQYbcUsNQe.jpg,466,887,414,480,676.5,447.0,421,66
Ea8cI8KT8=L5FoctJhIv6hZq_4JMvro.jpg,367,673,430,490,520.0,460.0,306,60
Ea8otcootrlliQC6NW_l3r8JzSybP5x.jpg,382,818,419,483,600.0,451.0,436,64
ea9PK7NBCU_CE=OkCvQr_dESwdEvQ.jpg,326,864,510,583,595.0,546.5,538,73
EarJC=u6PCGD34nZskpF_NresbVKY4GV.jpg,424,820,417,481,622.0,449.0,396,64
eB2w7MCb3Dwx5BHPMSsFvwvvr_t5Ec.jpg,361,818,434,506,589.5,470.0,457,72
EbacSWzu4U1CwnLCmoWRk_Jnfasuhian.jpg,310,867,468,564,588.5,516.0,557,96
ebaTFk5=oMRH7mBWb5T9KZ7cy5ruCZ.jpg,504,775,414,469,639.5,441.5,271,55
eBbEk9fhp5aCQqkDYEtp2PCZGxqDIMWc.jpg,419,828,413,486,623.5,449.5,409,73
ebBs1gIIt1Bok=htbrUaC9gFw8t6NjE6.jpg,303,755,431,506,529.0,468.5,452,75
ebDbauYGuej4PuPsuspT3iZUdT6QiQz.jpg,240,970,530,666,605.0,598.0,730,136
EbETe5FHwlOOI64bE1bcrMrwhKO=6Qx.jpg,305,844,460,557,574.5,508.5,539,97
EBgT89LuFTLJpzmgvLxdcJImzX3q4ETX.jpg,233,802,475,558,517.5,516.5,569,83
ebIatHZkvQRzHDnTbIeZYv8zde514Ou5.jpg,351,780,439,502,565.5,470.5,429,63
EbjoE=ORZ2sUGqFWXTS1qFrLQb=RO1G.jpg,390,817,430,495,603.5,462.5,427,65
EBKUiRZKbwMCPO_n3s5f7anxkLiLk.jpg,250,786,450,536,518.0,493.0,536,86
ebmSotWHRLDqmE22ts7jW1ZSbzqXGf_.jpg,427,829,414,478,628.0,446.0,402,64
eBmzwx4MvqewF76OcwU7wM3SklB63IoC.jpg,461,771,460,520,616.0,490.0,310,60
ebON2urGua8ZbRqobPxw2B4JXhICm5.jpg,424,951,462,538,687.5,500.0,527,76
EbPCChyewCaLJ6rlz7x=tlnP3V9PI9Bl.jpg,363,833,427,496,598.0,461.5,470,69
EbSBqKvmYqVpvxnQWuRO8jVn5Sy=ir2.jpg,386,790,413,495,588.0,454.0,404,82
EbSZHiraMolTBdMTVZ9ltxL4Q7HZ6pm.jpg,379,962,510,609,670.5,559.5,583,99
EBzg=c6fL9Ur8ZmN1fnny6ft9=JmSi.jpg,408,879,434,509,643.5,471.5,471,75
Ec5iogVrnjv47KfhqwR5nyzVh=fyqv.jpg,295,774,468,542,534.5,505.0,479,74
ecc3VKY9qbypfcyQz2eCxPCBcbHLx=b.jpg,361,744,409,474,552.5,441.5,383,65
EcEqg7OKxk2D6ZJtHqp2su5UyU6mGI1.jpg,319,851,485,565,585.0,525.0,532,80
eChN4VtHVWDo9t=KeQyutvXgcKn=sqL.jpg,412,828,420,486,620.0,453.0,416,66
ecN5HXTcbIGp=7yhLcrLG89aIClhKOa.jpg,374,878,450,526,626.0,488.0,504,76
eCvFOezyuFHVBdwluiEzTtSt=nnth8tD.jpg,359,915,465,537,637.0,501.0,556,72
Ecw_s9r9rlYKm5JS552SmkHnEwdhLG.jpg,411,806,445,510,608.5,477.5,395,65
ED6K5ElYm88Jsb3zXz23u61DT561z9H.jpg,381,821,422,484,601.0,453.0,440,62
ed8OJuLc92dwjBtDBXSUztXgP8pz4t.jpg,387,921,492,571,654.0,531.5,534,79
Ed8RKj7ZmT9Vf3YEGJvuk7Syw5t5DqlV.jpg,278,973,523,629,625.5,576.0,695,106
eDFFoB3kv2SWTE46T_IZe4tf1yinR_d=.jpg,373,843,432,533,608.0,482.5,470,101
EdKzD=xJaoKBvOrpnYyKDWD11dY8rWx2.jpg,408,839,417,493,623.5,455.0,431,76
edrvvivJB5qZbSI2NUz8ELvlup_nZ.jpg,514,1067,458,560,790.5,509.0,553,102
edspBMnVTyDK_lQHIxyb9xjJDixMYhD.jpg,314,824,477,553,569.0,515.0,510,76
EDt2yRPMjLluFNDMKE5o4IL1SX6s5.jpg,406,731,442,505,568.5,473.5,325,63
edWB4zvEjD31uqsCNk7c6twbRH=yRjo.jpg,417,906,479,552,661.5,515.5,489,73
edyYiMaq1VJXqmVLVrqIQ2=kdhbMozaQ.jpg,390,812,424,493,601.0,458.5,422,69
Ee1GfgXzYHQhtoc2Z3Ntiujzget_tnJ.jpg,371,951,519,601,661.0,560.0,580,82
EE8Z3kpKj6GyGFXcGwpOcB=TxkMzugP.jpg,402,892,485,557,647.0,521.0,490,72
EecDfWBPH2FHpmQ5Us8c8utuBgci75.jpg,446,918,436,514,682.0,475.0,472,78
eECurzIzXEaoV3diZ7wLkzSDdyqUWW2.jpg,435,916,462,532,675.5,497.0,481,70
EehOfEPpRmdXH1Pw3RD62DhwIUTzQBqs.jpg,405,826,419,498,615.5,458.5,421,79
EeHZpaM8bOkvdCXhoxMMr4zB1okFNZu.jpg,255,820,461,575,537.5,518.0,565,114
EEiN=18m_cZPFTrdE2EmZyaI_xUGtl.jpg,312,815,440,539,563.5,489.5,503,99
eEIrI4mj_ErjsTmUX7WniXJ9pxs65uu.jpg,433,773,481,545,603.0,513.0,340,64
EEJ4yvELzCtE4Kqn7jjhrz1XmXcgRnde.jpg,473,782,471,527,627.5,499.0,309,56
eEj9XknpXi5Q9TY1YiFp1bhLa7OlMMVB.jpg,396,810,419,487,603.0,453.0,414,68
eEPrKqwyvQTuFQFLEOUTOWFgdRqcKi.jpg,498,784,421,478,641.0,449.5,286,57
EES1oRnhU8V7g6wQFXW7tIz_XyVgiKW.jpg,397,800,413,476,598.5,444.5,403,63
EevnQ5MrXD=Es5fV2ruLxVtC7eqd8Vl.jpg,383,691,439,504,537.0,471.5,308,65
eEVVEo13uUs5G7I5scRFBsEVWbUIWlS.jpg,503,910,420,487,706.5,453.5,407,67
eE_o=Bd4lSv9flrZe2kmCkmQjY5PUYn.jpg,296,807,450,524,551.5,487.0,511,74
eFcJfMU4B69jjyqcm1TPvj_wKSnh9r3.jpg,220,810,491,571,515.0,531.0,590,80
eFiGDbKWHb8YZKRckNYuXlj6f4kd3EZ.jpg,292,882,520,611,587.0,565.5,590,91
eFITGIvVxx5tu9rW724kRxdezQRgQdFN.jpg,406,797,413,477,601.5,445.0,391,64
eFjmBCUMbyxwFj4aqLLZl8q5Y7u4.jpg,455,739,424,479,597.0,451.5,284,55
efk6uyjCy5Z5yJ74j1hYOVLB7zkT_kS.jpg,436,844,438,499,640.0,468.5,408,61
eFq6QaQv12U18U_KV5YzW8qGWhMbHhZ.jpg,360,800,419,486,580.0,452.5,440,67
EFRhGkexb6ccbaRDXy91R=dR8t8aQm.jpg,419,868,440,508,643.5,474.0,449,68
EFUmEETZbz1Y5cp=7bvGi4TwgK2mEt.jpg,447,860,420,489,653.5,454.5,413,69
EF_OT8saps=oEtPN=blxEgJm6Ge4OmU.jpg,377,934,450,534,655.5,492.0,557,84
Eg1J3cq5Fy_vj85BK6wwxJNefX7l5Be.jpg,376,905,463,542,640.5,502.5,529,79
eGctWlHuIUYMpXNfClhhkX7I8sprIP6.jpg,322,806,451,525,564.0,488.0,484,74
egE9MqefU_Cw4OTp=nkq2ZTiL5jJTG.jpg,341,729,416,478,535.0,447.0,388,62
eghGUHnbGKZmwzEzF4PjrvWb7GoY1vI.jpg,310,741,424,494,525.5,459.0,431,70
EGJ=GYgRmaOb4wkaxB9FkTaTJzWjdy3.jpg,394,810,422,494,602.0,458.0,416,72
EgN6bQDjk64R1WB_sPvyuXiR2yi6HPt.jpg,369,919,503,591,644.0,547.0,550,88
EgoskLke3aXD9qSSLScQ1iewommGDPkR.jpg,403,898,484,557,650.5,520.5,495,73
EGQwe57=gqkWPRtW1cG8c3xfzHmbEp.jpg,444,878,423,488,661.0,455.5,434,65
egscX=PbXPGOoasRleLPCLDVc5usBeMh.jpg,347,877,459,541,612.0,500.0,530,82
egyho7Fwj=Cj4g4sLKj8tvTJs=eTegXx.jpg,477,890,422,490,683.5,456.0,413,68
egYsOGXgHHvqhgvELXuwVXd7qrwbMct5.jpg,435,837,445,509,636.0,477.0,402,64
eg_CMtzUzS6Hj4vnvd3KH_xS3XhEsK.jpg,338,738,418,482,538.0,450.0,400,64
eh4_t1zGCUR5tbwNElTT2RiEPrVyraNR.jpg,438,945,448,522,691.5,485.0,507,74
Eh5HogbFflMXXps5vdqkmBnKUsLZcW.jpg,365,830,428,498,597.5,463.0,465,70
EH6cQ8bzq6Pyq7VnbHZKNF=y8guSWr_7.jpg,375,815,424,509,595.0,466.5,440,85
EHazCEg41zb2xIt_zoY3_aWFrS4v94Z.jpg,413,830,419,485,621.5,452.0,417,66
eHbU7rOfez6daFIUNzcZmN3GQM6=2SvG.jpg,407,687,426,479,547.0,452.5,280,53
EHJnwgzyJoIE5nmh5LVINoNmPQ11qFL.jpg,478,800,465,527,639.0,496.0,322,62
EhSsjU6ZCpCJ4tRBJpdDP6iY5Z3n4.jpg,394,951,508,593,672.5,550.5,557,85
eHwbhwVeyI=Ja5NVTCBWIumSuSTTqYHs.jpg,397,807,445,512,602.0,478.5,410,67
eHWVkfnXXNNS_lHhz4VxGJKeICTxreb9.jpg,443,894,423,496,668.5,459.5,451,73
EHyDewQLyZM=omBgeXBGbBg2mFtBsV.jpg,481,802,468,528,641.5,498.0,321,60
EhzqRlwxibpI1jGMGGIkEBJ6e5OVop3j.jpg,437,757,468,530,597.0,499.0,320,62
EhZWO4=qtIi9q1LNFlPB_1Kmwh8c=b.jpg,355,745,417,479,550.0,448.0,390,62
EI2kcjx3zY5awk22KkG2CmRxDZYW.jpg,439,926,478,554,682.5,516.0,487,76
EIcMarzTvNw=iheK_Bop83sx9wMOLL.jpg,452,870,421,494,661.0,457.5,418,73
EIejWOCsCGOBWJSfpi3uOcjF6yIRpNP.jpg,336,644,426,487,490.0,456.5,308,61
Eih6FTMoV1pRgT22I2ecQr89UjWsw3f.jpg,344,923,470,558,633.5,514.0,579,88
eIIcRZoGjdgy2F3Jxl2eodxDMe7P6Qv.jpg,436,847,423,487,641.5,455.0,411,64
EipLVuFHSsOIGdVvdy=St3NndRLtZMC7.jpg,414,806,417,481,610.0,449.0,392,64
eit3MRIasaCjHmJE84whMv=wSsM12z2.jpg,437,787,491,559,612.0,525.0,350,68
eIUajOE5M2PenP_ZlELJVBY5nVp_E7Ug.jpg,380,867,445,522,623.5,483.5,487,77
EiuT2Rnid5jxvZZlVahIlarR9xCEEssK.jpg,386,807,422,488,596.5,455.0,421,66
EI_b7KOSR76ag5biBB6Z=hOZrXIuzab.jpg,426,916,444,543,671.0,493.5,490,99
EJ1z2QF3kskaIFFu_iVuFZk9CFIs9R.jpg,446,881,460,523,663.5,491.5,435,63
eJ3HMgd46bsyH81ya2gQww=eFN_hMVI.jpg,375,887,441,518,631.0,479.5,512,77
Eja=vV6dt6deBjw1DnIh=FeRxF2mUvpS.jpg,501,814,459,520,657.5,489.5,313,61
ejBTxYQV1fMQI27ki415diJmDjlSx31.jpg,464,792,435,498,628.0,466.5,328,63
EJD1SiYLioc=vS=uCTjmq=dnnSGp9l.jpg,234,1009,492,649,621.5,570.5,775,157
EjjD9ky7jCt=MZ1XMOx5ctoL=CRr_z3.jpg,254,827,466,553,540.5,509.5,573,87
ejjLjCHy2fgXxivBVMv8QKXtmuhPU28h.jpg,373,674,431,490,523.5,460.5,301,59
ejk4c6b91M=e3YENcNr2Rl_WM_daM4BM.jpg,369,758,441,505,563.5,473.0,389,64
eJQ88h7llFoXS4b7c4vg2MuNDiWyto.jpg,392,670,429,483,531.0,456.0,278,54
ejy8hdTPfgQ1vuhedm_CQBmnkqn6g.jpg,460,718,421,474,589.0,447.5,258,53
EJYjEIvuRbIF=Wh4PkPnel_OwL=wvDK.jpg,252,836,521,605,544.0,563.0,584,84
EJZyByr2zokWYynNqMcEYSw1yhgql.jpg,321,753,419,484,537.0,451.5,432,65
EK1s9Ka5DnrPYqxpFNG2Wth_owqNRdsk.jpg,480,837,461,521,658.5,491.0,357,60
eK7u73TnmujyNJzPpHhxR_Qff4YOVBv.jpg,439,882,464,531,660.5,497.5,443,67
EkeDavLziVeplnzozpu3I888lv55Qd_c.jpg,425,919,450,520,672.0,485.0,494,70
EKGbYbqfPyOaDhRv4ov1q6HHH2bFaX.jpg,495,771,424,479,633.0,451.5,276,55
eKsSomdEkxs63enb8rsWm8565ETntoK.jpg,465,950,459,533,707.5,496.0,485,74
eKUEP=KUJlIN_lN_mLoFjaPVFwL=L6.jpg,496,797,454,513,646.5,483.5,301,59
EkWTB8XpegUTZwfWHPBDa3WbVxticBO.jpg,331,741,421,490,536.0,455.5,410,69
EkyB87x25RFIWnhLSnmccJO22UrcqU1.jpg,366,790,428,504,578.0,466.0,424,76
elax7at=DEHiqeFxrcJHMQL1l5Zknt.jpg,500,771,438,493,635.5,465.5,271,55
ELbo2DL2W4iYzY2V184r2f8kMhPJvbgN.jpg,192,839,501,600,515.5,550.5,647,99
eLDVN_x5J_tHQU6nqofhXMz6bs4Yu2.jpg,407,799,411,485,603.0,448.0,392,74
eleS9DP6XYjbChyZNFfUtOMUnKTQsiQI.jpg,382,836,429,499,609.0,464.0,454,70
eLlEaz1GC71mK9px9KQQvFx2zbzJ4aJZ.jpg,455,843,484,549,649.0,516.5,388,65
ELMFJgON7wTLtzJ3E54HrifQK5_v68DE.jpg,416,919,449,529,667.5,489.0,503,80
elqRbq9tSGgOs4VuosIpOHIobBDzaM.jpg,431,959,457,538,695.0,497.5,528,81
ELs5=aoYymoy9tqQDMsqcYpf7jVhuap.jpg,284,894,465,552,589.0,508.5,610,87
ElSvj4lvFFtwRsNucltdZSiKOynTfttY.jpg,385,807,423,492,596.0,457.5,422,69
ElwQJqqvFCOpcnGg9eI9KMN34RIeqx.jpg,350,946,467,554,648.0,510.5,596,87
ElWzlpNzyHBvwTzJITp3iUQ2OEkDZXS.jpg,373,828,433,506,600.5,469.5,455,73
elxgxVZqjXDXnf5O7dnC9xeLlBoJ_PmD.jpg,411,741,480,541,576.0,510.5,330,61
ELykUR9IZ3LPEcm=VjY5b7Ey9RntB23I.jpg,323,919,503,588,621.0,545.5,596,85
elzEXFKD5Msiogawj74BwpBN5mQj8h6.jpg,375,945,513,601,660.0,557.0,570,88
Em7RF=vjM2mi_zRtPO_GK5waHhfDP1gk.jpg,450,869,423,490,659.5,456.5,419,67
emBzGF8ytRg_xgMTw5ZXvrWFyc_Xu_.jpg,407,868,469,542,637.5,505.5,461,73
emejTDDx5jGRRvHo_glqimG3JL_kk.jpg,411,830,423,492,620.5,457.5,419,69
emFguutIfkD25MifczIHojBTh_jTcK2.jpg,358,904,453,536,631.0,494.5,546,83
Emnw6KlabkqudZ1zEv_fLCse9hIJUY.jpg,391,841,423,490,616.0,456.5,450,67
empg4Lbs==EO7ovhtGW4h2EyvCRmihg.jpg,429,873,451,518,651.0,484.5,444,67
EMPP=EJRY9JtMP3OMU=Ep=2MKyNUIL.jpg,433,957,475,549,695.0,512.0,524,74
EMViC56gQ65oC=5=ChOXJtUGveZ98TmC.jpg,391,955,506,595,673.0,550.5,564,89
emy_4HKeNEzdXqvsqREgxPmztDUvvlHz.jpg,414,839,414,476,626.5,445.0,425,62
eMZEogD3ekzj4_jHK7WPlIvXrLgNRCz2.jpg,421,887,433,506,654.0,469.5,466,73
eN4B_8geV83HOUgxZcKTdxcDgjz8ZkS4.jpg,363,831,447,520,597.0,483.5,468,73
engi3bto9vHOzD1TEVDGQsMBDvcXPsxF.jpg,349,791,433,506,570.0,469.5,442,73
ENGIB7jGNdOrbgbSjFp_qZ57fs1_v7ne.jpg,352,878,466,544,615.0,505.0,526,78
ENjSDGSnSsCsGLBsvnC6ha24tUolm2.jpg,343,656,461,522,499.5,491.5,313,61
eNk3UIaEnKNzHOyfHVhQag3hiM4X6jjm.jpg,387,796,447,516,591.5,481.5,409,69
enLqelIgOzrGHY3LylgRvOfL86gnKM.jpg,284,763,472,541,523.5,506.5,479,69
enTsXxfqHWSWXhtD1c6IQ4hggtrRScR9.jpg,468,906,422,497,687.0,459.5,438,75
ENX9INqEuQYRYZNcmcipVyuFw14MPj5=.jpg,338,849,437,512,593.5,474.5,511,75
eNZOYYegUwkxD4aZ3bRrrVJk=J=i4T_s.jpg,399,877,482,551,638.0,516.5,478,69
Eo4k7JdVmc5NlsPrstNHHx8IMG9Xk8.jpg,363,948,475,565,655.5,520.0,585,90
EO5tC2pVmeUZpkB_J48O3TmbIu62vQ5.jpg,200,796,482,588,498.0,535.0,596,106
eo=TEWmEa5B42Lue6_7mP1G8LZ62aUUs.jpg,393,829,421,487,611.0,454.0,436,66
EOglcZ7yXL83NWm7j49JfdX3waS8va.jpg,412,818,420,485,615.0,452.5,406,65
eOLpcxqCF76XlRIvWgEcpG98ZU_w9ns_.jpg,253,769,445,542,511.0,493.5,516,97
EOM21gi6Kj86gl66vUlQ8ESxj4HcTh.jpg,248,808,468,551,528.0,509.5,560,83
EOMJi3gL3K6DZMl2ZgRHeGmvpNKmGqf=.jpg,462,739,442,497,600.5,469.5,277,55
EoOnaHpLUQ4pM6h17ancPl_icV4eK6jD.jpg,254,802,471,550,528.0,510.5,548,79
eOvDo142slqkGbnMZbk5_xdCFEq=EWhd.jpg,417,764,465,526,590.5,495.5,347,61
eoV_IstdUiylr3hDCanJO9VbC=_5Sz.jpg,501,771,432,487,636.0,459.5,270,55
EP3eR4d2Drtlh3fGZasFbNzuiSvCH=wa.jpg,451,878,453,521,664.5,487.0,427,68
ep4xV7r965=T3CwltDJrEeiiBlw_pHg.jpg,369,841,437,509,605.0,473.0,472,72
eP6KyndYODqJSJ=ZYowo=6TBPfDLBvs6.jpg,407,833,438,499,620.0,468.5,426,61
epbhm=VGQKf=gfYZt4nohSNfGVq7Gh.jpg,433,825,417,481,629.0,449.0,392,64
ePHu8wzvL6sJQUm59t1d7H7Jh8gn8h2.jpg,404,755,479,546,579.5,512.5,351,67
ePI4fD1uPtRE2rrSTGBovp5QoJU6=j.jpg,400,866,444,515,633.0,479.5,466,71
epMeQFEXurgONL_FSSNwnMON1btQIERJ.jpg,400,818,424,487,609.0,455.5,418,63
ePMniZjVMik7PokBGDvCfDwZjYTJY.jpg,401,837,423,489,619.0,456.0,436,66
EPpKILOhg2t9k61mG5x_DTvw1f2QFyZ8.jpg,373,897,476,549,635.0,512.5,524,73
EPptZOUm27pR2HlmCv5vT64JZ7uzme.jpg,369,792,426,491,580.5,458.5,423,65
ePpzBaplMGBkEDfrx4aUDLKhoZPWXFY.jpg,336,915,474,576,625.5,525.0,579,102
ePrl1ZhCwtjTRkgap2IbRjhCPcJrYWg=.jpg,499,1004,441,520,751.5,480.5,505,79
EptoNimuLnZRyrsrYkYQqnLGuZNoiN=P.jpg,416,903,435,514,659.5,474.5,487,79
EPU1Ws8M98V_ahGOKy59gk4UtYY21hU.jpg,420,859,419,487,639.5,453.0,439,68
epUalRz8xuw65bM=66uXQOmK5pqMORgC.jpg,423,797,410,477,610.0,443.5,374,67
epVsLHPmjVzTjH2ZaYY6KLJjjEjb9GNn.jpg,481,756,427,481,618.5,454.0,275,54
EPXLXv4k7qHZgg=x8nM6jihwXxtZnHmj.jpg,417,870,472,543,643.5,507.5,453,71
ePYdJlSrUzvBEWXGw5PW2m=Mc855saDb.jpg,357,841,441,515,599.0,478.0,484,74
EPYGE8l3iZgKYG=BUZvqtkMkbxjm8Ti.jpg,348,737,413,475,542.5,444.0,389,62
EPZN4BxnKDjqBnXcTwr9jTo8rwksfKJ.jpg,455,839,411,482,647.0,446.5,384,71
EQ3iKWEFPDTDvY2jYqjceHcK=kShLsQH.jpg,313,872,456,537,592.5,496.5,559,81
eQ75xpxYXFQCrzXiCKQL8__BGTx_I.jpg,284,1024,532,635,654.0,583.5,740,103
Eq85vh=C=eXGawcw7x23RMi6FZjzHm.jpg,311,902,492,573,606.5,532.5,591,81
EQdIMjCmSs__=wqMyLIEwJVsaxdTjgI.jpg,405,881,434,502,643.0,468.0,476,68
EQH8Lg_xFts1qFdwvwn2noP9dBWY6u.jpg,436,906,431,507,671.0,469.0,470,76
eqIxFIsQgCx94rHIOrvy8gCh4jlsr79o.jpg,339,734,416,479,536.5,447.5,395,63
EQJndMLVc95aBR3q4SQ3Ylw=ww=tmyDL.jpg,346,652,422,486,499.0,454.0,306,64
eQkxgOl_NHR24i92m1yox3QHIJoJWof.jpg,443,892,433,516,667.5,474.5,449,83
EQlFbx=hQCcSCBFnkBezUq6Dpm1N3iXE.jpg,411,704,433,490,557.5,461.5,293,57
eQQLGb5L5bg1UmV99ve3xHtDV4Mu1bBe.jpg,296,829,489,575,562.5,532.0,533,86
eQrhiopMGpVXYKRb3zB6u5WSh=6z4TJl.jpg,382,901,486,567,641.5,526.5,519,81
EqYKIuM8fmyyuOxXUxXLMftaPluupmh.jpg,445,869,457,523,657.0,490.0,424,66
eqZDU1c2rlVofv5HJCBifw7r7MpfYhKW.jpg,333,848,437,516,590.5,476.5,515,79
ER3dRt6kL5yizYQYgEaORH_bLjCoc2V.jpg,405,823,426,487,614.0,456.5,418,61
erE=pekhnBgNSrudsx7rFmM8jD6Hrayn.jpg,403,820,451,512,611.5,481.5,417,61
ErEpFjk6Bdz1kc4zi2QnzKQ4P2R=xRz.jpg,392,672,426,480,532.0,453.0,280,54
ErglIRDFOEnrCTsEsN8ltg8kkmaQ9x.jpg,290,788,457,528,539.0,492.5,498,71
ErjojnuUD8zq98hSbyY8YNGiK_su4N.jpg,394,812,423,490,603.0,456.5,418,67
erL8emeedHZPnZLN=RTpSg3W57VOvDG.jpg,459,739,418,474,599.0,446.0,280,56
ErQJ1aBGbCzY9yF_bK9aDb8xbMkZtg.jpg,305,908,479,586,606.5,532.5,603,107
errdQ3tpipMxOaPpiBU7f_OEKpf9LR.jpg,245,835,479,568,540.0,523.5,590,89
ERsqhEjSOOYGzjXQWLHClrvb9jUy=9WL.jpg,21,861,558,659,441.0,608.5,840,101
Ervk9TDYRBPHFz=4jeKfX5xrSD3fpwaN.jpg,397,799,418,482,598.0,450.0,402,64
erx=ZWDfvC35ufqsCHusKUx8=k2yBzfB.jpg,459,913,468,534,686.0,501.0,454,66
es2PdT9Pf_S=YTv5GB5UGjd_ZHrY7.jpg,430,1022,472,571,726.0,521.5,592,99
ES5mlRDxph3riwYXTalj6G5EOWauomb9.jpg,385,825,456,519,605.0,487.5,440,63
EsdQZZYVksyv3pNLOKggTeC5K8yrn9RU.jpg,405,851,539,615,628.0,577.0,446,76
eSDrU99xOStME=Va7DZliThV4e6Wr.jpg,291,698,438,503,494.5,470.5,407,65
esdWjTprwogHaswcfxuK3ByLRx9p=5n.jpg,298,1056,527,642,677.0,584.5,758,115
esFFIt3uoNa_Kg_v2JaFLGmXycJQxV9Y.jpg,428,860,423,501,644.0,462.0,432,78
eSKjJ12prmRMiexo3meUhbZZfIBNIaiR.jpg,463,768,457,517,615.5,487.0,305,60
ESLirmmZy1vWkISFn6vfRvsUOhwu9L3q.jpg,361,877,446,525,619.0,485.5,516,79
ESlw2qeZgDpQHGfjTWJkROYJqYPzaEV.jpg,384,831,438,508,607.5,473.0,447,70
ESmS4tHHC4JDsVpuRBXQ2lriKunLpN.jpg,364,670,446,503,517.0,474.5,306,57
ESO6k38BSFMRZeblJ37rh2vd7Tv2dhyb.jpg,318,830,438,512,574.0,475.0,512,74
ESq8iUrwLtp=Jrs8tG=BggL7Mn2_d.jpg,387,801,412,476,594.0,444.0,414,64
eSStKi4yZubG2s_KdgKGYJ5L1pP2aLL.jpg,408,830,527,608,619.0,567.5,422,81
ESswqQ_=M7Xr8UXFmhpLBBOrcEtJpH.jpg,372,818,419,505,595.0,462.0,446,86
ESwG1LUokyaJLUE1XX7Ga2pZgTPmLH.jpg,394,811,422,488,602.5,455.0,417,66
esxD2PUiMasgKc_bydRB6spdP75f5.jpg,386,800,420,488,593.0,454.0,414,68
eSyvlmpCJzTpHSLdgtuVeOyIQvpH=L=a.jpg,408,866,433,522,637.0,477.5,458,89
Et9bTa2Pf_gHiMC=UcHDMD4PmsrrlD=.jpg,427,718,454,512,572.5,483.0,291,58
EtaliXllSMFmi=V=3BxVJ9jXb4cv6.jpg,292,896,486,574,594.0,530.0,604,88
EtCTNGf8lo55EzPk4eZ=uZQt4PlP9sLt.jpg,349,858,446,535,603.5,490.5,509,89
etei4KMSibOBsOpQqkGCQr_eh5pGLBO.jpg,443,882,457,524,662.5,490.5,439,67
eteuwyXdpsC_GmUGHjXXw8GQMQ3NWVX.jpg,429,833,407,469,631.0,438.0,404,62
ETfz_bwwEOwjzaRgyaU9O=cTzKOt92F2.jpg,444,982,450,537,713.0,493.5,538,87
EtpbpkavXUcxs43WVoU1LdtLXVe7EVq.jpg,443,942,478,554,692.5,516.0,499,76
EtpLPx4MrDONIjzkm42T1WJPZNdy1ymO.jpg,439,773,478,542,606.0,510.0,334,64
ETqOraU6guRbCepUpvwB3XVIXD4cJzf.jpg,431,835,413,481,633.0,447.0,404,68
ETVgojfuLIhJ3t4J1UjSbwntbOVRzGS.jpg,380,891,456,529,635.5,492.5,511,73
EtvTSNdQdWKKcKFT_117jsqrXw=NXk.jpg,366,917,457,558,641.5,507.5,551,101
EtXn2KBg3Fj7o6wirNsIFKachYtV9.jpg,406,803,412,482,604.5,447.0,397,70
EtXUIikVXI8QNrhIUSpmOMM35sXJEfL.jpg,415,1231,663,768,823.0,715.5,816,105
EtzyKI4h3lnx3cWTbprkwHDEhBq4aYCY.jpg,459,901,434,514,680.0,474.0,442,80
EU1pVcinGYT_TIRI5MzispbULnffBbK.jpg,434,850,419,504,642.0,461.5,416,85
eU5KT_v6Vvoj9MTeeyD4tzbIcK5b.jpg,423,838,418,487,630.5,452.5,415,69
EU9GXBktq2_N3N=sK4J6Sp5UM6YPx=l.jpg,343,921,472,563,632.0,517.5,578,91
Eufl9eXayEIcWQ9jnSvidsdW7T5iokL.jpg,392,856,470,543,624.0,506.5,464,73
EUmuk=j4E2jhMgg2tQm4cQGijcosTqj.jpg,449,858,414,482,653.5,448.0,409,68
ev2BsmEFYHn1gyuTVty8epuRNJSaRVdZ.jpg,420,1056,526,621,738.0,573.5,636,95
ev2gt9mktkxiauHQLPrlL9IyowQkUN.jpg,388,819,428,496,603.5,462.0,431,68
EV9wZu2HlT8cF4F7TZEwMgspUGbfXGav.jpg,365,873,484,565,619.0,524.5,508,81
EVBIdWQoSuvUoKV=TPpVTNLmhYqEJG.jpg,405,817,420,498,611.0,459.0,412,78
eVeH2gSVGRMZp7fQph3=xQNRXF=NxNE.jpg,407,954,503,585,680.5,544.0,547,82
EVokNiQzYbdNz3wVzmQ3J6JFxgEvrW1.jpg,407,756,433,500,581.5,466.5,349,67
evp2j9pN2XmMlkaQaTaWVk6j5UJ=4Nqn.jpg,451,881,415,503,666.0,459.0,430,88
evuhRRlxX4ialj1f_qDMvap_9uIyfnUJ.jpg,322,839,493,569,580.5,531.0,517,76
Ew2GUIMaxcNzkZm3sudBZIk4DupE8hay.jpg,420,855,417,500,637.5,458.5,435,83
Ew6PBcWxGfrXmKoQSEM_ZfVyaJEkCrk.jpg,289,752,438,515,520.5,476.5,463,77
Ew8tGbwIgjsLUZbn4FN_i2ef5HWCGou5.jpg,348,847,454,535,597.5,494.5,499,81
EW9kHxfx9HBr8CzQUNZt_2Dbk7=Ifzy2.jpg,361,687,468,530,524.0,499.0,326,62
ew=h7wTX73JksX5FDP7HnXVmRewpVmD.jpg,152,1002,574,691,577.0,632.5,850,117
eWC1jBcZWTKDx3DMk8ji45fzuGp6LV.jpg,455,875,447,515,665.0,481.0,420,68
ewCFYTvpT3V_Yu=e68IU3xRvXqJJzzgH.jpg,379,843,439,509,611.0,474.0,464,70
eWjivT4r_1u1C3o9bb=ZT1R1WSrk_QL.jpg,466,850,410,472,658.0,441.0,384,62
EWKBub45evmWpwZJTlDtERO8UH=xi3B.jpg,321,899,596,695,610.0,645.5,578,99
eWlYEPklSMNFbh9ChQ19i6U6=BqiF=uC.jpg,377,659,412,470,518.0,441.0,282,58
ewNywIP85HDW8QI3Yeulv13wUdGD=a53.jpg,425,963,501,588,694.0,544.5,538,87
EwrNz28ijxYYE=3dDupt3=OBmZWhzjw.jpg,390,853,430,517,621.5,473.5,463,87
ewRT9NbiT4d_5RHX5mL57zkT7mXGtM.jpg,455,832,410,471,643.5,440.5,377,61
EwUOC2PJWgToBbOeh9QBUpZvLMcsj.jpg,399,754,491,557,576.5,524.0,355,66
eWYdikhG_KrjuQ5ZHthg1SMTmDX5ir.jpg,398,985,520,603,691.5,561.5,587,83
eX4oTpoM3ccLGPEjQr22EhdEVpv385uj.jpg,414,905,483,558,659.5,520.5,491,75
eX62CGV4nd5SykoTcIdep86cDP7=km6.jpg,346,909,467,550,627.5,508.5,563,83
ex=JnHDYDqolUVLP_xeLQnb_Wc7LLBP.jpg,441,731,421,479,586.0,450.0,290,58
EXD7j4bZPnDhD4xZM9jLqJGJT2dSCP.jpg,403,840,447,511,621.5,479.0,437,64
exf4x6WfduROiiCDnHdj8POVjLF_sEoc.jpg,337,749,420,487,543.0,453.5,412,67
EXJUJKTUg3vFLSWEaInE7ZJy6FTsqSg.jpg,274,840,474,557,557.0,515.5,566,83
eXNtJDW9NYNXMnXVDOMdNmTqVcYv9f6.jpg,326,776,430,501,551.0,465.5,450,71
ExoQjHxa5913Bt6GUJt4kSgsfFsi4fY.jpg,389,814,423,489,601.5,456.0,425,66
expHhKGKymUaYRXyjnrZPU4XeYNETB46.jpg,416,830,419,484,623.0,451.5,414,65
ExQygfXno9BkwpZN=CIp=TnEwfLIzqM_.jpg,311,761,422,493,536.0,457.5,450,71
exSBe8YivWqO1b95r3Ic97wstHUl5YTd.jpg,380,817,424,497,598.5,460.5,437,73
eXVYd5I7WpEoQuNWhfHfyt9sIEUGUNC.jpg,342,768,421,492,555.0,456.5,426,71
ExW=GnRkqkGWv5JJ2RpSPhMNV4bid7y7.jpg,379,840,442,512,609.5,477.0,461,70
Ey2RtEPGBPag3ffc6XiVPLYJHJjq5MhM.jpg,471,771,455,514,621.0,484.5,300,59
Ey=DGBJXJzjdpFCot9nvrqwz5Uyh_jq3.jpg,263,928,501,618,595.5,559.5,665,117
EyBDF6BBK2NK4LTSFZWVPytzYwhawf.jpg,444,884,428,501,664.0,464.5,440,73
EYbqa8J8SB_rRhgbZ1bYiLV9nBjuNo.jpg,232,918,582,688,575.0,635.0,686,106
eybrxUwFDxobwtTgHy9CImT_o_oIZC.jpg,331,751,431,497,541.0,464.0,420,66
EyD6Q33UywmFkFMs6VbaB1pMs2=z9N=.jpg,342,833,471,548,587.5,509.5,491,77
eyGFZw32p6CfVNVeyllMNiFNgM1Tog7.jpg,414,893,444,518,653.5,481.0,479,74
eyhceMLxzoV6p5jpJcSFLJ2Q5F2lO8Zq.jpg,434,854,417,480,644.0,448.5,420,63
EyjaZz=lUo7noIj793FowMX7UBrsKP1F.jpg,443,864,421,489,653.5,455.0,421,68
eYjsUg1FEqf9eaV1zvLYOs_Lwk18KvD.jpg,317,805,451,530,561.0,490.5,488,79
eymyjBXOwwBSTXCipZJFwjjY4HeV_o3.jpg,215,754,414,506,484.5,460.0,539,92
eYNp=fsVj3Jo=gRuTC=bFKQkxa5v8qr.jpg,446,919,428,502,682.5,465.0,473,74
EYotqXY=ws_nDdu_44IBvwnHd_23aRPu.jpg,398,905,472,546,651.5,509.0,507,74
EYrQRCDMDOk8Bd7Ql3rwaWcLmKRM9PX.jpg,424,827,420,483,625.5,451.5,403,63
eYspiVY53kWOY13HKBB1u_NVbOMKH.jpg,355,876,451,527,615.5,489.0,521,76
EyVtGeYLkhPEraNhaNSy6RVFHbt=pXD.jpg,270,782,444,521,526.0,482.5,512,77
eYwQ37fkN9=Q3tM3VOj=hcW6IcHUDcn.jpg,459,939,472,547,699.0,509.5,480,75
EyzKd8wbmt7qcYt_VU3qnxTLFdwuyxpC.jpg,485,748,429,482,616.5,455.5,263,53
eZ3o2qBbBYhnmwaogsC9PPQ8uWGmN6.jpg,404,844,422,486,624.0,454.0,440,64
EzB_Zs2m__32kxuKKRcLRHksbVC5pY.jpg,441,774,456,516,607.5,486.0,333,60
EzeoQFOqFc=bQ6UXzBXpD9eUeZaH3GC.jpg,301,713,429,498,507.0,463.5,412,69
Ezg698oGXCJswL3an9obbKxnq8_b4Pw.jpg,297,714,437,501,505.5,469.0,417,64
eZkmt2XkbHQFSF97Uyf41Wz9hFILWR.jpg,467,931,433,515,699.0,474.0,464,82
EZpnyikxZtGb6gXtBF5ewqg_fovjF_R.jpg,430,891,423,497,660.5,460.0,461,74
eZQ_JD27QDGgb7reMwT4IYSJYKcoT9y.jpg,405,801,413,486,603.0,449.5,396,73
EZuiJiRiZKpYoP=BR=7lveKRNv=CKkxa.jpg,444,771,467,527,607.5,497.0,327,60
EZvWUaf61FXf5_ccPralyqbftxLH2w_X.jpg,377,922,508,592,649.5,550.0,545,84
ezxsrol2H5CpwtGsr=XkEGN9jUeeq.jpg,407,810,445,511,608.5,478.0,403,66
EzZkTU53fP97=Q2ycQ=clzOEdVnnJRtB.jpg,474,884,437,499,679.0,468.0,410,62
E_3mo5djwV86wpTIpiPmBkHnpJU7U6v.jpg,259,734,454,522,496.5,488.0,475,68
e_5raPf9_5LbpOUOJs72=vJ2zs9XwxX9.jpg,334,753,423,492,543.5,457.5,419,69
E_J3Z7q62ytIpUrIph5dL3I6pdEGfK_.jpg,452,887,429,503,669.5,466.0,435,74
E_jJaziH_WrSq8kJuGOw=N=3oUmBhot.jpg,400,829,430,496,614.5,463.0,429,66
E_sfhKqpf76_l6HoYEMompCkZI6Pm3M.jpg,416,845,432,497,630.5,464.5,429,65
e_smQSMMO62HGvnkO_BDbDbQ7NDGBT6.jpg,379,801,433,497,590.0,465.0,422,64
f13V9jSq8dabs1r_bnIjiavLjjnL_QLo.jpg,331,762,425,489,546.5,457.0,431,64
F14vbkEakMUmNJgYo=op_tVft_2PFmyz.jpg,411,812,420,485,611.5,452.5,401,65
f1Ckj4GXOWXfnEOUDcB9Ck1ah2V7wYPU.jpg,454,914,469,538,684.0,503.5,460,69
F1lYBB6fmuEmh1JxQcxwKp5dxZxpf5q.jpg,433,863,429,495,648.0,462.0,430,66
f1pWegemwdInDMoujqTLHbMsz_j1NKm.jpg,442,942,464,547,692.0,505.5,500,83
f1QqxHktoYnU3oCovHU2BZhiN2nTM.jpg,321,866,445,524,593.5,484.5,545,79
f1RIYoKPep6D5hvlRI4ZEDo8mu4Ckz.jpg,408,822,423,492,615.0,457.5,414,69
F1RP=f3SbjC11qeGnavpPnpo5N7KHe3.jpg,431,948,458,534,689.5,496.0,517,76
F1tji6cJm4qV776t5Emc7_C8ViJCJ=q.jpg,437,729,415,473,583.0,444.0,292,58
F1Wa4sLPQlXVuzynfnYBi3RnwRr13.jpg,140,871,522,656,505.5,589.0,731,134
f1XBE95xjF6cPcp_eaRSZxiDoRMku.jpg,358,851,448,518,604.5,483.0,493,70
f2E9NXfCG2ZqGvVtWY3ejdPUV_2eaBuh.jpg,343,1007,538,627,675.0,582.5,664,89
f2FiBvcLqg5j8sUv=kx6eZ1wXTo1sJf.jpg,331,794,434,509,562.5,471.5,463,75
F2GNxEhzQfw=buYi5GCoz6dof72zppP5.jpg,401,717,454,513,559.0,483.5,316,59
f2N9aQN91YVru6mY2oLMHS4BdzC81J.jpg,349,907,475,553,628.0,514.0,558,78
F2PQ7gwj1H_JMj8h9dw2_V4BibDIYmXj.jpg,370,777,414,476,573.5,445.0,407,62
F2PRLXRkDle8bQkLWnc_TS_74Km4wBO.jpg,303,724,433,498,513.5,465.5,421,65
f2V8ZKaRgsOfZqPYejUsE6_4=VGId63.jpg,435,886,442,508,660.5,475.0,451,66
f2Vs7xxhNs=F7WLLIEVjuypwY7qRVgg.jpg,453,866,421,485,659.5,453.0,413,64
f2YxVI73gtZdxdlw3rxoZaN4nJSY8FE.jpg,274,776,434,511,525.0,472.5,502,77
F3G1Vf=9DUBZtHLMRcIm26O7twN=yHo.jpg,445,867,450,519,656.0,484.5,422,69
f3MBXgNadxa2g=Q7NStZWMrswVJSR=.jpg,418,800,409,475,609.0,442.0,382,66
F3o_pk1kT7rxPp2nSZ_qm1oSYHzDYK.jpg,416,801,414,477,608.5,445.5,385,63
F3t8lkUqi3MqSXn7RcF5KV32CZpuM6g.jpg,324,710,484,557,517.0,520.5,386,73
f3WdQ1UDrhgkEx7ClmXoNs8ov7PwIE8.jpg,322,897,518,606,609.5,562.0,575,88
f4E1sCYYzfPFX3_LholwFkMTYVaIGfe.jpg,370,664,452,510,517.0,481.0,294,58
f4ncptlCv7kLj3wwHzeXuVRa1voSZQd.jpg,517,789,442,498,653.0,470.0,272,56
F4pMDYfJ4uBx_aM2cr_6gziDhFknvw.jpg,416,834,426,495,625.0,460.5,418,69
F4rqX56Zm9RdmodP2lGlcVton33Pps.jpg,284,651,447,518,467.5,482.5,367,71
F5vGDdGcCBdjXKZusHWvc4kOYC878QFO.jpg,389,814,429,495,601.5,462.0,425,66
F6CadEkeYGlxpkX=kZnUoh622G96Ppub.jpg,365,837,445,514,601.0,479.5,472,69
F6LNVyGJke5bzKUGGaeuBMEsJ73_ezz.jpg,352,842,439,515,597.0,477.0,490,76
f6mCt=VP_iVMm19_auo6M9jHiEydbPd3.jpg,422,829,418,488,625.5,453.0,407,70
f6oRp7iLrniurIJz3gr6HGrEOwE5ZrHk.jpg,414,833,418,489,623.5,453.5,419,71
f6UQ1fHTm7r_92a3pY5Y5T=2gF2N3P.jpg,366,846,451,521,606.0,486.0,480,70
F7JggvDis2KYidKWe8pvfKnGPbK_SKDC.jpg,414,887,449,519,650.5,484.0,473,70
f7lLTDOT_6QSQDYBvP6ILDtVkPYtFNPI.jpg,373,824,421,506,598.5,463.5,451,85
F7nMb8SegN1dfEvB_j4kFlKS2gCzch.jpg,301,789,450,525,545.0,487.5,488,75
f7p8Rp93sozZUJ_UfT3gSjmnQmMBzn.jpg,436,898,441,521,667.0,481.0,462,80
F7Qsn_ZHkfR2Oyyqq5jHl8cvvWKmYxu.jpg,434,903,440,512,668.5,476.0,469,72
f7RdyKfKEL29Xc6nJrq2be25TTekTb=.jpg,404,961,504,591,682.5,547.5,557,87
F7RVnVOFsc77PiWc1BSF3GY5I8KoFv.jpg,475,776,421,485,625.5,453.0,301,64
F7TbjhW2y9eBqt6uekXy1F=XpvmIIOO.jpg,442,900,431,517,671.0,474.0,458,86
f7VrLbx=FDIvxOp=6obMPY3IlLZDFVzn.jpg,434,856,414,477,645.0,445.5,422,63
F89WQDoB4yePgm4n6FPcg_xU8kBCz1fc.jpg,424,858,421,506,641.0,463.5,434,85
F8QBfk8z5zjj69XEvdiGUGCVwNlOsRd.jpg,448,728,423,480,588.0,451.5,280,57
f8qSEv8PjuEpDxa_OnYT_crf1NQN=W5.jpg,485,884,437,507,684.5,472.0,399,70
F8zRIJFM6891pia4yH3B7IuYnwf2Hmf2.jpg,390,672,425,478,531.0,451.5,282,53
f8_tDE7CFWIJXK=todC5_LtUMpUUFrK.jpg,388,815,417,480,601.5,448.5,427,63
F95QJZap71wd329ayD5d1i5YZuiGfFcE.jpg,336,883,473,552,609.5,512.5,547,79
F96NWZqYcNTmIxo7OYBGoQzzne=KN.jpg,371,946,481,566,658.5,523.5,575,85
f9ejvmO4EpegoXWh95bqlvfxd3PKMFSL.jpg,369,840,437,513,604.5,475.0,471,76
f9KoPjEiUnzQYpUbKUKajxFPRtB1K85.jpg,433,868,419,485,650.5,452.0,435,66
f9l7Rph8L7NBx5ChL9WYo3tIlyRKs.jpg,392,878,441,520,635.0,480.5,486,79
F9yWndt5kt9Ucf78KgvuRFvxumQFzsqv.jpg,314,808,442,537,561.0,489.5,494,95
F=1CDtLtkVHpGhHFdJmCtoiHCkotq4X=.jpg,414,682,415,468,548.0,441.5,268,53
fa5ULNbTq_=goGfvuEQyhCTKneEbDKqc.jpg,453,908,434,515,680.5,474.5,455,81
fa6MX5l8sZGOpEBz526PQnOk8CHhCQ3v.jpg,299,715,437,499,507.0,468.0,416,62
Fa9qSYXDSSt4_PPG1GYt5DM6EzNViarb.jpg,345,862,453,530,603.5,491.5,517,77
faDFut3zL1H2bZOUPqKF=orgmLBMBZ7.jpg,397,828,424,498,612.5,461.0,431,74
FaXMzXfWCIrais1hu3XePgd6mMXcc=7n.jpg,455,765,425,489,610.0,457.0,310,64
fazLNV=P_PsH9Em=W1crryDzUD2PgR.jpg,446,934,444,530,690.0,487.0,488,86
fB3Btl7zPW=aHGRFbvjS7SlSG8iCDCu1.jpg,434,847,451,516,640.5,483.5,413,65
Fb3OOWRqlPZfC55OQwaLQXE3cfaacK.jpg,367,902,463,554,634.5,508.5,535,91
fbfrF3Unb8HttLNl1eP6jm1wJWmHib9.jpg,278,756,449,523,517.0,486.0,478,74
fbIkjf_VfIatYkphZliyqdE1bDBR8rt.jpg,369,779,414,475,574.0,444.5,410,61
FBNOmo3Z8qWNtiNO=bvDrS=QULnj9zB.jpg,237,831,518,607,534.0,562.5,594,89
FBoSM1r_PmUyFYvMJHH9zZakHjUs_e.jpg,336,781,426,498,558.5,462.0,445,72
fbPSzk=fiaCJEdxFhlpusRubZtOPVDO.jpg,428,856,416,479,642.0,447.5,428,63
FBTSxzllEFBwZmH9D=WM36tF_gBBZG.jpg,257,772,459,550,514.5,504.5,515,91
fbyBZ5zNnMbnaemGhGbxzKyqhJuxvKPb.jpg,336,874,461,550,605.0,505.5,538,89
FC1og3DeP=U1jf2PsMGG8dzz_GLzlKCv.jpg,403,835,426,495,619.0,460.5,432,69
FCbyGOnP4Gj7nHWpPGKpTa3Cjduv1TNd.jpg,291,757,429,507,524.0,468.0,466,78
fCGQ6qhyi=kruHlJdoYTzKG4FES56y=.jpg,245,784,467,547,514.5,507.0,539,80
FChiskmIpGawc3sm_fdVOYcB5DQ_OWwW.jpg,436,895,466,539,665.5,502.5,459,73
FCj=L1mvps6tIDoqQr2JhQt5l9f561p.jpg,394,857,519,604,625.5,561.5,463,85
FcNJspiiJB=4H1CFMc5hjlkF3iQExKwY.jpg,400,808,421,486,604.0,453.5,408,65
FCNToZlvmp8Io8YNYmhbl5JTvNlS2Ewf.jpg,442,846,431,490,644.0,460.5,404,59
FCPRBSROzs83Hl_NPvObJJxUnEYxiX3O.jpg,408,791,471,537,599.5,504.0,383,66
FCrqyvnoKQxlNy8qRSPhEeqZaMJsZB3Z.jpg,490,911,419,489,700.5,454.0,421,70
fcssBLThTdFXaWQHHUwm1gGd23p9vgo.jpg,369,1143,550,672,756.0,611.0,774,122
FCT7JfZkHUC6nyszhplMh_LxGM1tXMhU.jpg,454,867,421,485,660.5,453.0,413,64
fcUgSwzlK__VWqzxlJI5FGhR92yL7mZ.jpg,370,905,458,560,637.5,509.0,535,102
fCWIgQrZi16QNTCFENcFohPcMPMk2cP.jpg,322,985,505,619,653.5,562.0,663,114
fcwUULxZWCGs_Ubf2zzkYTH87IaXZjs.jpg,337,1004,506,607,670.5,556.5,667,101
fcY7soOKwaSnGV4N6X5MK5M1lLF5JH15.jpg,383,806,414,475,594.5,444.5,423,61
fd5XjwsLy2P_uszOVdDj_ZiaO6UmmF.jpg,231,789,470,555,510.0,512.5,558,85
fd9dXMZ7hrkt5pM4vfJ5HBv_SEIXoDC.jpg,427,874,470,536,650.5,503.0,447,66
fd=dX==KWwkTDmjWY3r7Jcz8vjVphP.jpg,495,793,451,513,644.0,482.0,298,62
fDcwDtKDwZES_lOlnCC8jeixFYYUIo.jpg,312,756,423,489,534.0,456.0,444,66
fdF31DL9WaBq_DvSCKHNMQo1REoKIhJc.jpg,405,841,454,527,623.0,490.5,436,73
FDl1kkG36uouFhIqXLRKk85iVPW9YnZo.jpg,521,914,507,583,717.5,545.0,393,76
fDRcgbF5CgNajZRRubdzPTepH8RfcEm.jpg,454,758,454,514,606.0,484.0,304,60
FDSxYFc4GCtXS3tNLQ=7Fxi5chvG8Q.jpg,358,796,456,527,577.0,491.5,438,71
FdWGG_2WMmjMldTU=UwcIUq7DKZfEzwQ.jpg,371,894,496,572,632.5,534.0,523,76
fDWo8vjV8JjWbuWYa4gXkSm9v6noKhxj.jpg,399,937,458,559,668.0,508.5,538,101
fe=HRTCZGI8QikZwp9=dVtX=gPnPxdx.jpg,338,678,437,502,508.0,469.5,340,65
FECmoP26gXhgDhd=fSTPThCwihyNNE2.jpg,461,756,431,491,608.5,461.0,295,60
FeflVfh8=Vt=uPD_W4Vvb6mfaBLKy8_.jpg,503,800,455,510,651.5,482.5,297,55
FEGCeM2OB2at5K1329VIW95Jm9ntNk.jpg,388,843,427,495,615.5,461.0,455,68
fei2HqRqEX5v54CM_Dv8oaKtmX7FaVDC.jpg,347,919,476,560,633.0,518.0,572,84
FEiwTE69xgcmC114pdbQ4YgrcoqOyMs.jpg,403,680,428,480,541.5,454.0,277,52
fekR3aFfzLGC7DRmVuybl3ECTsCxf2x.jpg,444,780,476,540,612.0,508.0,336,64
Felxmwu12Cedwk28OH_m5ErvXCoZwwE.jpg,360,860,448,547,610.0,497.5,500,99
feQOf6uBkWlMsGc_9fhvkNuE2Kf=Ramt.jpg,462,739,423,476,600.5,449.5,277,53
feSoyIVFgVMFzaotXEXBmqRY1SPcHOeD.jpg,304,763,427,496,533.5,461.5,459,69
fEwu=o9yr=eag5SbXo2zx5XYetJu8z7G.jpg,371,814,429,497,592.5,463.0,443,68
FeX=2v=8gE_EdninXfGHY9ZjTtbN=sWd.jpg,563,904,453,522,733.5,487.5,341,69
fEXbji=YIip7fvp5De8I4_6f7QV4kaR.jpg,379,850,434,504,614.5,469.0,471,70
ff6SIXEpdSswRqwtEPMr1UQBJIWMDgu.jpg,100,974,582,702,537.0,642.0,874,120
fF8aUnZTGyWNK31nhM8cOmhJGIxSoSF.jpg,411,844,417,480,627.5,448.5,433,63
ffb6Ls9bZFi4IVY8PzI=hZxCUNlfGDn1.jpg,403,858,455,524,630.5,489.5,455,69
ffHWLN7o8XKGcaatI_ZNBClv29ieYG.jpg,283,918,492,590,600.5,541.0,635,98
FFIpjtc_mh9niwnFSdMTWFtRuYKjku.jpg,432,910,474,547,671.0,510.5,478,73
ffJC9mbkFe5maT7R62WiSE7ejp9hCGEv.jpg,358,686,440,504,522.0,472.0,328,64
FFjh_7kzmUhag6NcseW186HV3jsRgwM.jpg,323,774,462,537,548.5,499.5,451,75
fFK4lJHBxjE_Q7wJMX4DqpsGoaOFk6=.jpg,378,944,466,554,661.0,510.0,566,88
FFk5IyTyoE9B=IY2eSm_oFpcJErUP5q.jpg,344,828,485,555,586.0,520.0,484,70
FflHKWa7yc3qsC4LGLGxWSTpslZMlI.jpg,350,868,465,541,609.0,503.0,518,76
FfnMsfjToUnltDG1fF1j_IKjdPsMHgj.jpg,356,763,419,481,559.5,450.0,407,62
FfWVNNjYKEi7VEIlBI2FHI5v7Zo9TurG.jpg,349,856,489,568,602.5,528.5,507,79
FfXuIXvy25nNMjLe4Fd6eLg_3h8KiLZ.jpg,362,880,456,536,621.0,496.0,518,80
fFYPWvZR5rqVWybrx7kYuh_rdSLCrq.jpg,340,938,468,557,639.0,512.5,598,89
FF_BiMw4vC8ehYxcz8UGvaSkdhqXJ3DO.jpg,252,804,512,589,528.0,550.5,552,77
Fg8DVoufg=qwv1UqL=HyF9o1Hi5JhN.jpg,432,797,467,532,614.5,499.5,365,65
Fg=9dYtzrdNBaI46FkXxCGBvcifNSUuH.jpg,529,832,438,501,680.5,469.5,303,63
FGGgZ_PEMJFopKhY9fkljwNQphruXxfN.jpg,350,1179,594,721,764.5,657.5,829,127
FgGvat_uh7Kc8QuB1qkc5U1i8yNpMMX.jpg,360,669,446,504,514.5,475.0,309,58
FGiBFzN34drdTbdeVKh_PLlPLhtbFdb.jpg,422,756,477,541,589.0,509.0,334,64
FgK8KxGTyKmWWi1HeeEQpUbwWionVPk_.jpg,295,756,422,490,525.5,456.0,461,68
FgTd2xRqleZwHtacU6_=BVpYenHNC6Y.jpg,453,883,423,492,668.0,457.5,430,69
FGTgQXCcBEniumUCujaIai2yq4N.jpg,378,659,430,483,518.5,456.5,281,53
fGVgkIGUTC5FkhjXRXjsMEuZ3dBzcoU8.jpg,303,1025,509,630,664.0,569.5,722,121
fGz4psvM4HVkT9J5d_Pp8kPWcferPCwC.jpg,318,763,421,488,540.5,454.5,445,67
fGZ8NyTXEu742Rth7bqgVMmxP6qcm1E.jpg,429,889,460,534,659.0,497.0,460,74
fGZKb5gjxg2jwPqQaJ1CY9=9UayzEXB.jpg,311,764,431,519,537.5,475.0,453,88
fh7DZOcSa_6J6BvfG7sJoKDL2eWgMesn.jpg,252,774,460,541,513.0,500.5,522,81
FHfugFukKdVds2yivbX1P72dbWPUGSis.jpg,337,875,462,541,606.0,501.5,538,79
fhFvwwWfjMbzLe52XeOb9O=D_By2ZdWD.jpg,385,693,461,521,539.0,491.0,308,60
fhHlHjLYWxBOzPFTxQCPOjGpJtZyifvH.jpg,274,1231,591,736,752.5,663.5,957,145
fhI6voSufRgQgpVXgL=1pwGBcnVZE72.jpg,505,877,494,563,691.0,528.5,372,69
FhliYoiKL=uiYGyjGaGKI9u6NDLIDaL.jpg,337,866,454,536,601.5,495.0,529,82
fHN6ZWCW3YK=gmgBW21fDoi4OFuesOg.jpg,442,890,455,529,666.0,492.0,448,74
fhngn8Wd4latbE29O3lKr5OSJtrCsSl.jpg,600,897,449,509,748.5,479.0,297,60
Fhny_OMdZQ5HXTwiJIwUZmkwKabOrxXc.jpg,338,770,453,516,554.0,484.5,432,63
Fhr5cCtMRJ1ZdF3fkECE3c4R8J5qSR.jpg,324,781,426,517,552.5,471.5,457,91
fhTnj2l8G9QbJGlCJK=1iqZEWx3zYw31.jpg,251,773,463,538,512.0,500.5,522,75
fHv=swvndkqqan3fftJy4lSfBuRRKqFR.jpg,456,842,410,474,649.0,442.0,386,64
FHXF8Vp3R_ay8Xe9mwBkvi9bRsu754F.jpg,343,960,487,581,651.5,534.0,617,94
fhxH1To7zh_9HRBPBmyN87RIIzs1q.jpg,433,900,425,496,666.5,460.5,467,71
FId3wXFIN_j1cEzGfk1EGngw15l7KMVc.jpg,396,822,417,480,609.0,448.5,426,63
FIEOYdeYS2ogrbaRBRHuu5ry3MKF2D.jpg,446,872,448,517,659.0,482.5,426,69
FIhWYtniBLeFN6j2enO6yCIB6lzWCSf.jpg,294,658,486,557,476.0,521.5,364,71
FiLLvcZ1usPg78kdB5qvjF8iud68L5U.jpg,409,935,448,553,672.0,500.5,526,105
FimEjmKV5wd892Zq15LiWC_O9DTvSL.jpg,410,898,449,521,654.0,485.0,488,72
fIVDMX7KYna8gnmlTLtgHDyPUW3Kztm.jpg,415,885,472,545,650.0,508.5,470,73
fj6To=hXdZoEZ3Toghqx4qBlE1GBVab.jpg,408,826,418,483,617.0,450.5,418,65
fj8QJYKGQIKYXzOfqJc4eTF7qn8yHScm.jpg,438,848,412,473,643.0,442.5,410,61
FJ9msDVf7fogEIVi4tkMmx4BWnOLuO_.jpg,398,857,424,513,627.5,468.5,459,89
FjdlV1YkJB6_qtVCzuo81QbtP5jsL3YC.jpg,418,841,416,479,629.5,447.5,423,63
FJFcIwkuh74LrSyeRyaXU36ra3yMyN=b.jpg,433,835,410,472,634.0,441.0,402,62
FjioJh1_3YGJI=jGVweBYMzIy56rV.jpg,395,816,415,478,605.5,446.5,421,63
fJlZlhk7iIJt7OrL_c8oaJljVMjqhsI2.jpg,368,823,443,510,595.5,476.5,455,67
fjoIsYhf83mbDhFjgRRoR6kn6=Doph.jpg,359,776,423,486,567.5,454.5,417,63
FjQpJ7pH5vEu8ftwxKMjwUar4r_4rYY.jpg,464,808,486,549,636.0,517.5,344,63
fJUiITRNFPK73ez6L24VuiR9ria6DUWq.jpg,460,915,449,519,687.5,484.0,455,70
fJUuQCms=SI_bDSQLtSeIIb5uptI.jpg,444,893,427,497,668.5,462.0,449,70
FK4qLL3age2n25udBb8bp4JmOjkFBkJ.jpg,374,813,419,486,593.5,452.5,439,67
fk7NUL2dNxiwlbDMsb6T8D_RezXoNf.jpg,408,760,482,548,584.0,515.0,352,66
fkCeDJIEcoksKvsFwMxLQb1UW7OGsSX.jpg,342,648,431,491,495.0,461.0,306,60
FKsMfcYtkZbPuNNnBKQpELbrm8hY5T.jpg,322,764,427,498,543.0,462.5,442,71
Fkw77YrC4W31u7L=r3uRPpYo93kTrWr.jpg,363,913,453,533,638.0,493.0,550,80
fkX9oS6M_dMSMM5Q_woEZhnC4tD5gwvS.jpg,476,987,487,567,731.5,527.0,511,80
fkX9pnsbMXCmwnoDWcLH4LehzutPQGV.jpg,496,779,424,482,637.5,453.0,283,58
fKybQyioW=nddHayvO5Bou9L314XbmYb.jpg,426,858,418,483,642.0,450.5,432,65
fkZIkwZMLI8oiBEQpBIyGvvP=iBh.jpg,469,924,438,521,696.5,479.5,455,83
fkZPTaTIBUqW19mHtbV6v9T28VyB3.jpg,367,841,429,500,604.0,464.5,474,71
fL3Nk4_utLRush82LU9BX8ilkl5ym=Yw.jpg,421,994,475,565,707.5,520.0,573,90
Fl5JhYUMG9PSegEbQUgPcM6c=bnNovv.jpg,438,894,466,537,666.0,501.5,456,71
Fl78Dz_Cf5hUqNVmyM5FTJe3bGs56rE9.jpg,357,900,509,586,628.5,547.5,543,77
flBmeNdQRduPRf6OWMsPXWmTiFznPmc.jpg,413,870,418,491,641.5,454.5,457,73
FLE7BBBzp3oMWaYOuZdOPIVVCTmux3C.jpg,279,761,439,516,520.0,477.5,482,77
FlFBfslWEsyi23qx2MK1kOF6zW2ZLygg.jpg,437,877,417,484,657.0,450.5,440,67
flGDMRb=W3=MMPfMnFcqQ8vLOe9W4W.jpg,398,937,504,582,667.5,543.0,539,78
FLI78Ruj_tr1bx93FZgMRmP=B1iSyo_.jpg,436,765,482,542,600.5,512.0,329,60
flJ2EgiGmwOoo=qe5uOkvb=CuODfpDEF.jpg,434,911,477,549,672.5,513.0,477,72
fLJCiL9cIebUDevBNbL7WnwXmj4TzW_.jpg,473,911,460,527,692.0,493.5,438,67
flJEeovyNuXwPhtCSBvSnr3pn3J_p6R.jpg,369,847,425,502,608.0,463.5,478,77
FLmut9=9KfFfGz91K8uWfC7TcMvnUNUH.jpg,380,922,499,586,651.0,542.5,542,87
fLpIgDUmDWU9fvb4IJBQUGcmlmqUUCY.jpg,357,814,426,495,585.5,460.5,457,69
FlQIeh4SnM=EYKO=J94V5lL28vxxKj3.jpg,402,789,412,485,595.5,448.5,387,73
flrccLK6EaV9BHQN8qQBwmcvWmxiLxla.jpg,488,759,444,495,623.5,469.5,271,51
FLS11c77vPWN2JNUq5435prKMvF1ho8N.jpg,336,920,522,605,628.0,563.5,584,83
FLU4BUMUOW1JMl8zVuov1glJUd=tdEN.jpg,293,898,482,569,595.5,525.5,605,87
FLVp3xVqSH58xl8M8vW1evcpwJPHV6n.jpg,462,749,446,502,605.5,474.0,287,56
fl_bYFyMhNKFh=Z5VBSkuVKQf2eLQuG.jpg,363,878,462,535,620.5,498.5,515,73
fm3TiC7E5ieG1B1tFFf8J1Dsh2keF=h.jpg,434,822,443,503,628.0,473.0,388,60
fm6spQQqj9bfaub9npEiTDx2iG6CqIY7.jpg,394,821,446,509,607.5,477.5,427,63
fM8fUzMgfHesCw8xHsKy5xQifU3V_mMM.jpg,337,966,493,587,651.5,540.0,629,94
fm8S8HsL59KPiexPyBitfqCN3TzqZrfF.jpg,445,888,468,536,666.5,502.0,443,68
fM8_EKBcabgwBN=HRtBsKYTHFDlMz.jpg,300,1124,558,682,712.0,620.0,824,124
fmGz8_lynIMM9tOEpiNF64mCo1Wpj1W.jpg,358,867,482,560,612.5,521.0,509,78
fmigxGLX3j43chV61_TP_xVKY67FGp.jpg,474,792,470,531,633.0,500.5,318,61
FMjnuguaMX6NBcQ1duxUan181uYmL3Z.jpg,418,766,480,544,592.0,512.0,348,64
fMOpWOL6H9NW7x73HlIdxkr5xV9RsEeu.jpg,402,966,516,600,684.0,558.0,564,84
fmPDs6yJTBO94ZKkSpsOQb4L9B2C9kqk.jpg,374,813,444,507,593.5,475.5,439,63
fMpf=YRgJu7yMFbo861Bq95pKlxtR4m.jpg,437,754,470,529,595.5,499.5,317,59
fmtHvkGTaJ7FV4mIpLC5mvVq99EZ9T5E.jpg,340,773,445,510,556.5,477.5,433,65
FMTtr=EIaTkoS6Tlp2lZLdc9DltTfs.jpg,417,948,502,581,682.5,541.5,531,79
Fmvtem7E2dMxnfkcNcCP7E3nspssnhTz.jpg,315,907,526,611,611.0,568.5,592,85
fMzJvsQ_YsGQT9dZ2JPnrhBz_=cLqj.jpg,307,766,435,507,536.5,471.0,459,72
FN7JIyVBuJpk=Bh2TaPvmY3IDysRQd2m.jpg,436,852,418,489,644.0,453.5,416,71
FNc69cYDEyhJJIu43LfbGMIeYfkN1kM.jpg,310,751,422,487,530.5,454.5,441,65
FnFVM8hGlOtdd1OWujKHBHyRGLpzP5YO.jpg,317,803,452,521,560.0,486.5,486,69
fnGwtFuDiCyzQEHaWPQS9qLbMDOw14C.jpg,395,796,417,480,595.5,448.5,401,63
FNjeY6yZnTJ35rwGFCcoqCgiTQjbfXvJ.jpg,358,802,427,513,580.0,470.0,444,86
FnmOzh3Cv3iVpxcj72XrE2HTYO_WfLK.jpg,405,865,423,492,635.0,457.5,460,69
FNRNg9kiD8yCozBFw97KmZJbd4t2Cdao.jpg,367,814,423,491,590.5,457.0,447,68
FNtgNoCvKkvBUyGYmJdVERMxeGSrHE_.jpg,339,806,442,506,572.5,474.0,467,64
fNv7VMbMBmQGl6thikBGewuw_B89RNbV.jpg,535,850,459,519,692.5,489.0,315,60
fNx=WNMq8uthSSLXvbehdd4YhP6w2XPo.jpg,318,619,467,524,468.5,495.5,301,57
FO3=5yUkGN6tzpFJKMvMqR8_ls3xC7L4.jpg,272,841,506,587,556.5,546.5,569,81
Fo8iwNsDZ6w6Ev5KTNnOgknRjLa7K1W.jpg,425,807,438,502,616.0,470.0,382,64
fOELTjoSjhgJbDqoWD9qBihRdoW6OyB.jpg,433,734,424,486,583.5,455.0,301,62
FOHcmJm4IkGXqWjfr9_79fgGzkXUIv=M.jpg,458,718,419,471,588.0,445.0,260,52
FOllsMJkZDxu3wIP=d633gHlX5jEneo.jpg,385,819,428,503,602.0,465.5,434,75
foN5CrqqEaiBnzDJONNfs9MtQgq7Qg6C.jpg,281,766,445,521,523.5,483.0,485,76
foONRyPkcsjppP2EHKcgnd=PpN5bEbh.jpg,300,756,422,491,528.0,456.5,456,69
FOpUUuu7WNpX=xm7IPhvO6sQYWPDns.jpg,351,776,421,487,563.5,454.0,425,66
fOROUIbaPoe53JjXQ6MNriO45hDz.jpg,474,879,444,510,676.5,477.0,405,66
FOSLVYY=wo8z3R1GhgejYav9froFbG.jpg,388,957,508,596,672.5,552.0,569,88
fowmmtf89=BzeYC1dEGR4JsTx=VvE=c.jpg,456,770,459,521,613.0,490.0,314,62
fOzw1jfpvDM5aoYbXDVkLsobzadlkJ9.jpg,392,827,428,497,609.5,462.5,435,69
fpIePhzi7icwXv_7Hs_kZ9ZNKjvJHbdt.jpg,355,770,443,504,562.5,473.5,415,61
fpJpOEJi4RXCcwdGVk_JMGJ2v8UB.jpg,479,826,491,553,652.5,522.0,347,62
FpKXPRsflDrMXIeuSQBQbessBWIgDykI.jpg,407,752,451,516,579.5,483.5,345,65
FPNF17Lf3NbkL7DukSKQjlsRilUO6Blk.jpg,400,907,492,564,653.5,528.0,507,72
FPpvQw4lno1IM67BbVT2N6yC4tfBck.jpg,442,848,411,474,645.0,442.5,406,63
fPQe3ZGxlUefdNT4rn6dUcs3s8VO6X2d.jpg,375,798,443,506,586.5,474.5,423,63
FPtaulcKVq6N_lU4xmIOPwpy2eS=3Wj.jpg,401,762,499,564,581.5,531.5,361,65
FpxnrdWc8LMxEhP6xL4eYwBSfctb3On.jpg,421,929,449,525,675.0,487.0,508,76
Fq8J1G2Mg=yPOEuYMncYLuC3fjk9wI.jpg,379,862,426,500,620.5,463.0,483,74
FQa=a9iwH2NKrVZHnSOlvtoSrpomTB.jpg,376,877,458,532,626.5,495.0,501,74
fQco4bHBE3wM92NE=jG=N6F8KZCNhng.jpg,418,810,446,522,614.0,484.0,392,76
FQdK=aJF1VZtGW4wP8JdzTTLVaX83Tz.jpg,434,880,417,483,657.0,450.0,446,66
FQgfT3OE7HhR4tzZEM6fZaJpFCoW.jpg,282,769,428,503,525.5,465.5,487,75
FQJQnaiGPaHwWeu5FoWWxQkUjfCV_ug.jpg,370,781,459,531,575.5,495.0,411,72
fqJX=OPHWYDQ68nOLwCUWvbv4vcOIe2g.jpg,462,809,479,544,635.5,511.5,347,65
FQk8NEIa1Lhvn_beqNjSg1IlVvds47uF.jpg,162,1141,633,769,651.5,701.0,979,136
fQMBuQKDluRP5vRjW2xa8Hnr4uwaX3w1.jpg,453,843,414,478,648.0,446.0,390,64
fqo=EqMygL1V=2_Eu9wv8hMMG6zVdt.jpg,450,891,422,494,670.5,458.0,441,72
fqOXV9Mt7UOMaEIqEI=R32UB9nI4HZ.jpg,359,833,441,516,596.0,478.5,474,75
fqPcXODq6Dd23L8RstTOQV6UvEE9s=m2.jpg,286,812,453,540,549.0,496.5,526,87
FQtBfUxtQZpYsuaKTsYa17H9VBsbbVDc.jpg,401,810,408,486,605.5,447.0,409,78
fQTXaJy_rGYjePBSUn_GyjHjdSyLfk.jpg,467,906,447,521,686.5,484.0,439,74
fQZpzqfJJ_OVjv6gdcRGBY7HNc4X=BF.jpg,356,894,470,546,625.0,508.0,538,76
FReq3CGVroeG7P6QmpwTovIFacwpIkvl.jpg,481,778,433,491,629.5,462.0,297,58
FreQBMCL_6nJMGFYCMXLqerybH6JI.jpg,299,812,464,537,555.5,500.5,513,73
fRG4wx_59qJ3Zja3VtJbV9ggDhHWNjLh.jpg,454,905,457,528,679.5,492.5,451,71
FRh6Zmj_nBITzEOnFGj7PFmXStjLI5n.jpg,374,848,464,535,611.0,499.5,474,71
frJDfvI1SE9nxURQBaMy5OCRIKJl5Z.jpg,444,848,416,482,646.0,449.0,404,66
FrkdDiF6DOMsmDXov66uZGzkVrYMQjyy.jpg,285,755,423,490,520.0,456.5,470,67
frkJ8fc5O9WDY3xWhvF2Cd=BO_9v5nT.jpg,426,763,429,495,594.5,462.0,337,66
fRM6qwi16xG4vLuxVgUkmfdzusS5WJ.jpg,321,750,422,486,535.5,454.0,429,64
frnZDT_fQHoGLha=QEEiMhUXzMdH81Q.jpg,338,858,453,545,598.0,499.0,520,92
FROJlQX79k6DBBdD2HXKaDZS7=9XFq9.jpg,363,1039,520,613,701.0,566.5,676,93
frUkTWblbb4DUsyYNQdi=HmZKFifruvx.jpg,443,855,447,515,649.0,481.0,412,68
frXvYWY2RBp13kUQiLeRkJUUgnMF3cMD.jpg,341,819,469,543,580.0,506.0,478,74
frYvsxyYkr7WagTbRcIxFaNnVEktXvx.jpg,430,829,419,482,629.5,450.5,399,63
fS3k9FZZllLeJY=8KiN8B9iwE6JWQ2cW.jpg,405,825,442,501,615.0,471.5,420,59
FS55fteBKCJgOnHo6=m42I7dzx6B4wz.jpg,341,761,416,478,551.0,447.0,420,62
FS9=qpLjBhMqkKulIvTgngnDV1MDmXEu.jpg,464,890,416,490,677.0,453.0,426,74
fSc5W_ei9jrnCjne6xohlxeimVEzM.jpg,397,910,440,536,653.5,488.0,513,96
FSgrSi4mbNbMIkGH7sWS_PDh1BEm_.jpg,399,863,417,501,631.0,459.0,464,84
FsHstCM7MVzTmNufIMF=ZC4tOwiemulK.jpg,458,874,453,516,666.0,484.5,416,63
fsnrbljLTmj3DSVLgZhqZWc4wssBhsB.jpg,364,897,496,580,630.5,538.0,533,84
fsun4gDOms2iTaJHj6xFkJxktlUjK_.jpg,435,925,431,506,680.0,468.5,490,75
FsVCYEdqk1o96PnRQXMpyBTmf7p_Nxw.jpg,382,885,473,544,633.5,508.5,503,71
fsXTms2c5s4QKU3ILHx25GmwFMrSe9.jpg,260,880,536,624,570.0,580.0,620,88
FszcaHcWK48upyJ3RXX35_HkMxzaSO3M.jpg,414,968,504,593,691.0,548.5,554,89
ft68fxNgL5ZqFkwUVBSzhGGSUlQ=BtG.jpg,368,905,506,585,636.5,545.5,537,79
fT6E8=qF4Vnr3WvZM6jfoVGqjGBQs.jpg,334,867,461,546,600.5,503.5,533,85
ft8U1v5WHhu5Fx=HCn6ryIk8rvar.jpg,365,849,441,531,607.0,486.0,484,90
ftDxlfpEsOo6HrOkfIuiX_3EdaxZbtoI.jpg,347,879,461,538,613.0,499.5,532,77
ftMN2SZQ2UMsfurySO_e24rxDF8D9E_7.jpg,294,840,467,545,567.0,506.0,546,78
ftNMErKUoVI3xWFx4KYrFCJH39xRFI6.jpg,437,883,437,508,660.0,472.5,446,71
FTrfgPsYbmk6VKsYJ4=qnKrEbgw6sERZ.jpg,458,737,421,476,597.5,448.5,279,55
ftTy_Q=CVXg7aKJfCJ9XeVkWXaYh=P2=.jpg,379,816,419,483,597.5,451.0,437,64
fTUT=buMBjDEOwgNhJ3y7Jho6bv11mO.jpg,346,773,434,500,559.5,467.0,427,66
fTVUNct91T5cCXt1jTxxiYs2eeQxd77.jpg,311,877,475,558,594.0,516.5,566,83
ftxor1NF5Vzshn5ZchjIuaxDjN=ZBRo.jpg,406,876,436,512,641.0,474.0,470,76
FTYQdPr1bXk==1LkuNUyxjeqi_WJS6i.jpg,425,864,417,487,644.5,452.0,439,70
ftyVQeyIIW9bgHkEkYQ6pei4F8TyD3I.jpg,348,746,413,475,547.0,444.0,398,62
FTzxCH_uh4wn1k_BDWRQUq_jgmP4BfKN.jpg,407,842,423,496,624.5,459.5,435,73
Fu533a_oZiHP7hwgDof7UdIzs=Ct9N.jpg,446,925,431,529,685.5,480.0,479,98
FU56E7Sl5OXRIFx15JJIjLfXdovZh59r.jpg,476,898,421,488,687.0,454.5,422,67
fUawZ1fakNmI4wYIPFP9L_FY4b3Bl7w.jpg,302,655,454,520,478.5,487.0,353,66
FubJyHbrGKYhlSlLHR9SdTQxSotrFdb.jpg,474,822,483,546,648.0,514.5,348,63
fuf8IIPuTEHmxqrzRNpNozjlM6QzOJ8.jpg,393,809,422,484,601.0,453.0,416,62
FUFlJ8EEoJGfrbWv11mYjbhGkMhx=vwY.jpg,377,664,430,485,520.5,457.5,287,55
fui4Dupd3iekx=_f2fkq2qO2sruFEZsK.jpg,435,842,407,471,638.5,439.0,407,64
fum9V7NlsdsLyV3o4dqKBz4CWT4l9gm.jpg,412,875,438,508,643.5,473.0,463,70
FUMRJlXLUFmVDBFnn99jHn3Sau3I6m.jpg,478,1002,503,595,740.0,549.0,524,92
FUns_XyuSuhYvLHRnvztrBkrhgHyNXg.jpg,321,750,422,488,535.5,455.0,429,66
fuOlyJ9I4Dw9I6BWHKssCHbXOQ3Drv_N.jpg,405,924,447,554,664.5,500.5,519,107
fUOOv5iUt=eoqFkodFuwOEW5Hf6QWU1.jpg,446,838,439,506,642.0,472.5,392,67
fuRoX5OmJ5=_ULgc9UX=Sl=_zUcrzXV8.jpg,342,803,468,545,572.5,506.5,461,77
fUU=mwXM2ogvLfvFPVfcKf=6wMsrcvh.jpg,327,746,421,490,536.5,455.5,419,69
FUwgWhnz4QyyTvljychGFPP=PDu=91m.jpg,363,831,433,512,597.0,472.5,468,79
FUWogRJh7dqf8flXwNw_USdGQSUL9od.jpg,392,801,421,487,596.5,454.0,409,66
FUYSj6u65k=UECutYalS1BkkNwlKRVzK.jpg,345,740,415,478,542.5,446.5,395,63
FV4=hZOIBOYeCZpLZe1aacpMLCxF7D.jpg,485,826,472,536,655.5,504.0,341,64
fV5zo7rsUl7x9ewltO4XgtbOGgIxoTs.jpg,377,829,425,491,603.0,458.0,452,66
FVdQkfmRw9byM1Sv94bl8Kz45Xbk7Jp=.jpg,393,844,433,500,618.5,466.5,451,67
FVIVpn5RIh=fMC9vXelxTCms1_7QaTI.jpg,346,858,453,525,602.0,489.0,512,72
fvMvuaavl5SGQpWbg12gONvC_PUOoP8.jpg,327,871,459,541,599.0,500.0,544,82
fvs5OEknnbJV8mMy2l7iTnDF=lqKKb.jpg,232,1057,549,676,644.5,612.5,825,127
fVstGk=wYZEjrjb8LzpkL2fTruIVn8.jpg,357,823,443,512,590.0,477.5,466,69
fVwywrxpMH9X=OxXEsv2qlufBQamwgy.jpg,364,663,423,482,513.5,452.5,299,59
fvYeFiyzheeQH6sYj_d31yfxpNna=n.jpg,466,822,493,557,644.0,525.0,356,64
fVZqmerhZsSTY_HEjlKpLNrLj4WQljB.jpg,281,763,429,532,522.0,480.5,482,103
Fw1P2v_eRCb2Ht3bKwn5dROvjqlb2sl.jpg,449,930,467,544,689.5,505.5,481,77
FW213f3qvbtVlsaOGU8S2oppWu_b_wWx.jpg,471,768,435,492,619.5,463.5,297,57
fWEelPviBljMi=HQF_=ql5n_BirBFX.jpg,414,804,411,489,609.0,450.0,390,78
FWejj9FW7cejl=_oR3BfHHPakofMX.jpg,332,733,413,481,532.5,447.0,401,68
fwI1Uody2KBeDGz=eekYvG8xnKufJYJY.jpg,398,822,414,496,610.0,455.0,424,82
Fwi1VlZvOKLEKRWEEH8Oul3i8ES7Wme.jpg,383,744,439,511,563.5,475.0,361,72
FWLXNJZOYkrqLpx4JdPNUpBuUXBmJBHH.jpg,311,758,433,501,534.5,467.0,447,68
FwmPPLRbF=vR2fmgcBKVGqHrS2I2UUL.jpg,220,796,469,561,508.0,515.0,576,92
fWnigwkl54mvTdJsYyb5YXTDWNBtm3cC.jpg,389,893,459,533,641.0,496.0,504,74
Fwny=9xjWxl83NO_WCyGh6WIjSgytFD.jpg,513,970,429,511,741.5,470.0,457,82
Fwrq4rq4XJHoFfe37cTItVKMzDEkjcFH.jpg,429,829,443,510,629.0,476.5,400,67
fwuRQmt7lMdXyeEtIGG184evZbgEqCp.jpg,347,746,417,481,546.5,449.0,399,64
fWv1xtC2z7z6j6moZH=_WFWPdz52k1R.jpg,458,961,446,530,709.5,488.0,503,84
FWyv5qSX==42VYVLwsr1odqfwLO1hR.jpg,437,855,419,486,646.0,452.5,418,67
FwYx=t9o88qkZ16Jqqcf99YgZrNwF2Xe.jpg,340,848,482,564,594.0,523.0,508,82
fwzdsWE53bUNtJnUZ1N4WK4nj2KX.jpg,407,938,449,549,672.5,499.0,531,100
FXbsVamoQrbENFafvBDYys3x=qoyQDgE.jpg,369,894,456,533,631.5,494.5,525,77
fXdlxwnpLvpJNenFUDNTB4xoERk3s6Dq.jpg,461,780,466,527,620.5,496.5,319,61
fxePRF3UC4zq2c9PKmICJDy55Pnt8Rnl.jpg,441,761,444,504,601.0,474.0,320,60
fxf=i5sPs6pEq7B5NgnUYrHEC2XIMmC.jpg,453,893,449,526,673.0,487.5,440,77
fxhWc9xOi9VruYO4WGzCu8DOUu4FIe.jpg,455,955,488,562,705.0,525.0,500,74
FXHwXP8RpeV2IvJT6uMHsBRBwscBzyi9.jpg,362,669,442,500,515.5,471.0,307,58
FxiPkq5pkdwfm7cel3gbOg3S_yKc4lsV.jpg,461,911,468,537,686.0,502.5,450,69
FXn8az_wLzS=5DezJGshVsvZzHcBw5ik.jpg,466,741,444,496,603.5,470.0,275,52
fXpJpxf65uvQJDXSBBzdVtEoh74F7S6.jpg,340,741,421,484,540.5,452.5,401,63
fxq_Lusn2KxjPDb1UXMkj9O4e2jUXJ8.jpg,398,826,419,482,612.0,450.5,428,63
FXtRXB579FkdyGuBIG1G_n4Id=KUQy.jpg,464,748,429,484,606.0,456.5,284,55
FXuT15eKSmB6=dZs6eKnZGuCKfLOjPU.jpg,404,804,423,486,604.0,454.5,400,63
FxwG1nyZlINprgz6s6JhKzQYXBM44n.jpg,265,550,462,519,407.5,490.5,285,57
fxxntMNmOaEm9dD4F2N_PFgRgUZge.jpg,423,748,469,529,585.5,499.0,325,60
fXxVM9Sb=jRLcwpVEVCLIkys4lWNBj.jpg,364,760,497,560,562.0,528.5,396,63
FXylQwSFhlcwZKpW5uB6pFwB8GUg1n.jpg,343,856,448,526,599.5,487.0,513,78
FxZvba9tvdz6xvKPFcKZc7zqgR4yC6_K.jpg,384,824,431,507,604.0,469.0,440,76
FY33Rwr=YU4lECDwhMTSJzzSNv5Ub2N.jpg,341,895,449,529,618.0,489.0,554,80
Fy5=bY15Qu75dIDg4RB=PhV6jBUYxCSg.jpg,388,674,440,495,531.0,467.5,286,55
fY7SvqgCHqMedhKBxI1RoqTiN5Z=Bw=m.jpg,449,833,438,498,641.0,468.0,384,60
FY7uiFT5Br1vwcgyvCQk7dmkl6WEv7_.jpg,441,748,438,500,594.5,469.0,307,62
FYbDu4qhapxd_7PHR4CHhIpKxLTOsjch.jpg,544,830,444,503,687.0,473.5,286,59
fYejdN7IGLvQ6jdTkqj1326zhjn21N4T.jpg,439,847,443,512,643.0,477.5,408,69
FyFjT=614aDwFIlmJzcBdySsD=9=opjW.jpg,353,867,455,534,610.0,494.5,514,79
fYhdwX1x3BFl2nOth=fSFv283QN62.jpg,400,674,422,475,537.0,448.5,274,53
FYI3Ys95j29NL1mag4zh7ED8Q1CESv.jpg,461,868,438,499,664.5,468.5,407,61
FyPYlpIumUzG1SoP4h=LR7cPQHBvsdNh.jpg,453,747,428,486,600.0,457.0,294,58
fyVIRwBJ38Xv1Yxg5cn9gWCQB1=GgkBQ.jpg,479,804,475,538,641.5,506.5,325,63
FYzZVzPf7jrDmrTDgY1nqaW6B=eTwPu.jpg,390,848,423,494,619.0,458.5,458,71
FZ1MUMf1pF6rwoRi=uzR5bgTBIVVK3W=.jpg,353,749,448,510,551.0,479.0,396,62
Fz7XsYvZmdC7Kha8ITMu3xRKDZ772L.jpg,420,712,432,489,566.0,460.5,292,57
FZ8=hpeTIvT=fu99WxmpxzW1jT_6H=r.jpg,388,824,420,484,606.0,452.0,436,64
FzBa3BNqut4mH8uJ2gkydWVH_oUYFDHR.jpg,257,779,447,525,518.0,486.0,522,78
fzBJTdIKCWaMFYsOLHmF1tFekduDP5.jpg,454,899,416,490,676.5,453.0,445,74
fzBm_V==WboiOQ=yE78ZDbs4VEbpo2dK.jpg,326,908,514,601,617.0,557.5,582,87
FzEo2=V_SYauMBa=M8q7pE=1pP3la.jpg,411,917,453,530,664.0,491.5,506,77
FzHQtzqEbK2lO4Xfozc5cuTtcgVzkrzV.jpg,521,1037,435,551,779.0,493.0,516,116
fzI51f4efYuP572e35NlNF9iPwuPtN.jpg,330,765,451,515,547.5,483.0,435,64
Fznf75TFzS_t9T4mS8EC=CpnhU=ZNwXO.jpg,410,990,514,604,700.0,559.0,580,90
FzQlyXpWwXcjkLYFtZ=64vsIDJt9YG.jpg,423,700,424,479,561.5,451.5,277,55
FzqQqq9wC2_bB5UDwftW9I3E4I2vfGu.jpg,349,801,430,516,575.0,473.0,452,86
fzU_B45Mde7=DpCklwa=dM98o46t54e.jpg,397,803,421,485,600.0,453.0,406,64
F_DfQ7vzn8U7kkvOud2QNaNJ8Uo8jK.jpg,456,800,460,527,628.0,493.5,344,67
f_ippEEyIa1h=SWyC2kmBNc=jxImDW5m.jpg,398,811,414,496,604.5,455.0,413,82
f_KjObRehNQjIl8GrQ3OUYgGoDDTmm.jpg,449,798,483,552,623.5,517.5,349,69
f_tZ87h2g8t=lg7=h=YZga5RVJPEYmSn.jpg,428,877,420,489,652.5,454.5,449,69
G13eTVlftlhEKykRkp_eihSDzYxB=Cl.jpg,364,669,454,511,516.5,482.5,305,57
g17pyufrtpTXqCsi_EyHNwQlQHtR77Zl.jpg,406,836,421,489,621.0,455.0,430,68
G1f9lWB7nGVYDHpgx5q7dkx_hYw1rbmg.jpg,382,760,447,517,571.0,482.0,378,70
g1IfhFumCfW2iFjFSW6_yXkszUekueV4.jpg,471,939,443,534,705.0,488.5,468,91
G1WGwB6W11OFTCH91LuiDLZomKdzuf7.jpg,429,789,491,557,609.0,524.0,360,66
g1z71hR18WjSgKyL5SmB5yTjEt__TZvy.jpg,241,785,468,546,513.0,507.0,544,78
g28CS4vC_oUPduQrRvFCgjNquf8DQH8.jpg,497,896,412,478,696.5,445.0,399,66
g2hCD_pW1x5CgkyVyxs44UY6BUiyO6Lo.jpg,376,708,431,497,542.0,464.0,332,66
g2iK88=3hXf49bxfr5tuij9jvk7lrH5x.jpg,383,813,419,481,598.0,450.0,430,62
g2Ioowl3yJ6tIEZrDh6EaOQDPMaoE.jpg,397,885,436,525,641.0,480.5,488,89
G2WKxP8_J4lJahhwDvk1ZWlPbm6Ofx6.jpg,455,980,486,573,717.5,529.5,525,87
G2wXoq_DzUvqzBzHMg3oJe=LBWb6TJlq.jpg,387,842,424,492,614.5,458.0,455,68
g2X9QZe_I1HZqO2mlcNVx_N56aK7F2rz.jpg,346,854,452,526,600.0,489.0,508,74
G2xmZRkaFszuJ3ZhL_LRgj3yRHbdHUOQ.jpg,450,902,419,498,676.0,458.5,452,79
G2zCEpI6dn8eXxB2_XIkkaX5jUiiKhgN.jpg,376,833,426,492,604.5,459.0,457,66
G2ZYuWaGYcl8qLoRG19egVkf=Hvmiib.jpg,362,915,479,560,638.5,519.5,553,81
G35QF7i4JLcFw2rTkmJShrsMQIuMZ_.jpg,428,777,429,498,602.5,463.5,349,69
G3bPNVZ52ZYOxXqNdkHZSvoPaLFFNR.jpg,443,888,421,488,665.5,454.5,445,67
G3j8hl3sNVq2MJZBFzlqqhn8ZKR=ThqD.jpg,324,857,449,530,590.5,489.5,533,81
g3LRJWYRFDYUU4YrHMSUjKsupe1hrX=1.jpg,383,839,465,534,611.0,499.5,456,69
G3Tgj9VmOWg_63NhVkuMWrmB6mdKouMZ.jpg,454,742,454,509,598.0,481.5,288,55
G44PBvryNITypIE4Vfitt7W=yvWjcve.jpg,424,806,472,539,615.0,505.5,382,67
g4i2rY9xuDtdfUblDeqiVlVxcgRkhTuH.jpg,496,774,442,496,635.0,469.0,278,54
g4jFvQgPngq3dfk1iqX3O8gYwfFO1dK1.jpg,440,788,456,519,614.0,487.5,348,63
G4sVsX=aI=HPh1eJvxg9OmkxZb7Q_O1=.jpg,391,898,489,562,644.5,525.5,507,73
G4ux_FdlxRwejEaSOnFQVj=ufBJ=MVc.jpg,417,868,423,491,642.5,457.0,451,68
G4zEyapc6oZrN=kcGxg7ZJFR3Yywen4v.jpg,309,899,533,615,604.0,574.0,590,82
g51U2Pl9OZOlt1ZrfE6f9WZD8ZOe9X.jpg,358,791,421,491,574.5,456.0,433,70
g54_tDh_Rx1fuMtRpjwexvatxDS5X9Pm.jpg,226,842,472,568,534.0,520.0,616,96
g5BUmulT8x4phOJN4T9I37dqIWnC4wkL.jpg,321,748,432,501,534.5,466.5,427,69
G5dSI3ycl5oj2ZXkQbCINpB7x3v_b6el.jpg,404,831,420,500,617.5,460.0,427,80
G5IWF7c21ghmOvC3FcLxd5YE=jpwp1.jpg,298,812,478,553,555.0,515.5,514,75
G5MwnDGdSiVjQpy5nIF525QiS5=2RWCH.jpg,312,857,465,543,584.5,504.0,545,78
G5O4gkq85h_WIhXWmjB=8LrLuVCa6Rb.jpg,415,714,459,515,564.5,487.0,299,56
G5OG96zKivvUBPcsWke2QkFSlqf3I.jpg,504,855,453,519,679.5,486.0,351,66
G61N32CzpISBwR8CQpX8FWeOO7O8sy15.jpg,380,942,510,595,661.0,552.5,562,85
G6aFk2BE9k=DeafZbLQrdD7YgzcEVQ1.jpg,456,832,505,576,644.0,540.5,376,71
g6eRLj2roK78cYoRaWlDTR7FIijgWg.jpg,413,1007,521,607,710.0,564.0,594,86
g6fpsZUyKJwFg=_lcMzC8fsY2nE2QwYw.jpg,416,738,446,510,577.0,478.0,322,64
G6gly_XZaWHw37jfchdMHaloI511ehg.jpg,439,867,453,521,653.0,487.0,428,68
g6KfcgwcGjFESWUuuYh_5Yujp5iueJKY.jpg,318,757,426,497,537.5,461.5,439,71
G6pEVjq17dZBbnItsuVWVot9Z1DBFT.jpg,453,791,472,539,622.0,505.5,338,67
G79pv6LX41m5=2WJKRSyF3rl6PRxI4Gq.jpg,343,840,449,520,591.5,484.5,497,71
G7=FKiubFeM=h5Ysftu7IT1eFQPXFGqg.jpg,466,794,467,530,630.0,498.5,328,63
g7LCl6Ex1XL5u2XVE6hZ5Rw_c8==aWg.jpg,434,855,412,474,644.5,443.0,421,62
G7NyTogvLHtlklaHxVXOqXzy_9OiUs.jpg,413,894,479,550,653.5,514.5,481,71
G7rHMeiNW=_bXNLYYCx1FBRml1g9iYf.jpg,333,873,460,539,603.0,499.5,540,79
g7XqyTekt7r4YY2Whq=1yYOp59mhKYL.jpg,395,852,459,530,623.5,494.5,457,71
G84dU=veaDvHLPB8VqsxE2CtTHIICQw_.jpg,436,909,464,534,672.5,499.0,473,70
G8DvGZkpCtp=XqMzwJb_UymbU=r7u_y.jpg,278,1030,538,647,654.0,592.5,752,109
g8Eg9SPWGpj3lO9zr46aVBhU88DeeFMD.jpg,415,898,434,504,656.5,469.0,483,70
g8f1Ipgbd4UoUr797K_ZF9SO5M7FT84.jpg,432,720,427,485,576.0,456.0,288,58
G8F6oj_J4_M9lNdklsvSQxMfN2xMEMo.jpg,409,965,510,596,687.0,553.0,556,86
G8qOJF2M1y=_Z1d4cgUE5iD8laaMKxo.jpg,434,735,453,512,584.5,482.5,301,59
g8Tz5yXijTDtayRP9qt857GIm_JpMTf.jpg,480,752,421,474,616.0,447.5,272,53
g99djYWVYy8WuaMUqS2RWLSUbUmQYnh5.jpg,295,774,440,515,534.5,477.5,479,75
g99mDVfyzbTzNysyVSv_srvyPZiutf.jpg,430,898,473,547,664.0,510.0,468,74
g9FDmGYr732G=7zkKBvZVRm7XQhS7.jpg,444,875,460,523,659.5,491.5,431,63
g9KfuLp5P=Ty5r8C=xyPsmO6TyMbbrqw.jpg,355,1135,555,676,745.0,615.5,780,121
g9Pv5p5n_WDJpH6FX17ftdfeToc96i.jpg,402,970,517,598,686.0,557.5,568,81
g9RPSCntW6pZedVQrgRP5csHDW4oWWb9.jpg,315,876,466,548,595.5,507.0,561,82
g9sO91=vOn2Hi9BU7pQc9uwsp6bZ1zbO.jpg,337,751,415,477,544.0,446.0,414,62
G9sPyxQdOaWXmP=rHVuNZCXHbsM3IzS.jpg,426,864,459,525,645.0,492.0,438,66
G9yoT=hmTSiBqYDR4Mr79pZrFQBX31Ht.jpg,368,857,447,520,612.5,483.5,489,73
G9z5l1D44PktRWjiq3OcbnnPRQTOf.jpg,428,900,478,548,664.0,513.0,472,70
G==XSwcPg3yaWEHsD5YD_gSthCGJRYv.jpg,319,764,430,502,541.5,466.0,445,72
g=ICUzFCwYlu=Q94CWwbSsqUYXfHJN3B.jpg,368,852,448,519,610.0,483.5,484,71
G=VBfR9hQ=EqujZtc6wvYJ=hYOEpu4O.jpg,331,765,417,483,548.0,450.0,434,66
g=wQmbrO1M6OPEFRSm_loyFuH9jg7ZbI.jpg,457,914,466,537,685.5,501.5,457,71
ga99KLiKaivF3=Y8mkNCmZRnbIvyxvio.jpg,222,957,522,637,589.5,579.5,735,115
gaiQ2dfNpsegV_Oz2ZIhCGSG7tyOQMsD.jpg,416,708,450,509,562.0,479.5,292,59
GaqaDUNduYYqTJsQXV_5=KapzeGqOJJe.jpg,390,794,417,481,592.0,449.0,404,64
GatmIzyhfbWZmCCd1Vl9bwDJFRmg2l.jpg,370,868,436,515,619.0,475.5,498,79
GaWEozP9DnjVWZoagO8QvqwDxyRRwu.jpg,365,795,417,482,580.0,449.5,430,65
gaxnvoTkSoCXUh9D7PBpwcj9Lcdq2qlw.jpg,442,913,436,513,677.5,474.5,471,77
GB3XxrQrgyiCo14jiXH4ckdR772WzV.jpg,388,867,431,512,627.5,471.5,479,81
gb43a8xbZm6VDHXQBmB_zsUfb2efWQ.jpg,388,968,522,602,678.0,562.0,580,80
GB8YWCChDZV1tpy4kR2w5rpV63JZmI.jpg,310,755,431,504,532.5,467.5,445,73
Gbcz4tDQsv2T2ZYNzh_3Q191_72exXVt.jpg,294,811,449,546,552.5,497.5,517,97
gbJFqwK3QtRdq_qPOb9gRRmsK_NSxNef.jpg,297,773,441,537,535.0,489.0,476,96
gbqadKEfeE1JmBdbCV5Q8uM2qQyfJOr.jpg,428,940,488,562,684.0,525.0,512,74
Gca7UhYTnSdsSruacEGyix_LHwNlTo7.jpg,421,842,443,507,631.5,475.0,421,64
gCcmbRI21tx8BWhTMw9swovK=zqF3k6.jpg,431,757,481,542,594.0,511.5,326,61
gcdDh1FC6ER5eQf8XCwSZfoCviscOCsh.jpg,387,825,420,485,606.0,452.5,438,65
GcF9UhmxxgqB3CyRRRwSV8Kgr4Zyq8.jpg,472,760,432,486,616.0,459.0,288,54
GCJzJl5EbgE6J2EFWbuGKqw3yhNVqD.jpg,459,917,435,511,688.0,473.0,458,76
gCnFXmg3zayICQTQdjQxbGr3rwH2=xpM.jpg,401,927,496,576,664.0,536.0,526,80
GCNYd4Be81YaL2s9Rh6JWLz7NLw2Z.jpg,447,853,438,499,650.0,468.5,406,61
GCRzujW41dcFQPIKgJ6lCBGk2RX_Kl7.jpg,407,760,453,521,583.5,487.0,353,68
gcS4RZywTc7g6CjcH48hR=HVq78koB9.jpg,330,940,519,610,635.0,564.5,610,91
gctO1EehHCdliUkoCLWUy82vvmbMo16.jpg,435,901,465,539,668.0,502.0,466,74
gcv56bfC7PTPIeEX3xmBMnnnHi6E1xwj.jpg,281,918,485,581,599.5,533.0,637,96
gCW6ri4q4XkfdcOXmYyc9Kbnb3b6cp.jpg,345,857,433,513,601.0,473.0,512,80
GCxJ1u8HZEMh6KwCU_UMFFlIR6HZRy=.jpg,303,1037,517,641,670.0,579.0,734,124
GCXkP65VF8EVmPKH2h5Gs7kzzsd7z4QZ.jpg,479,782,447,506,630.5,476.5,303,59
GCXuRB97mXuka2kd49OYjvqR5Ne43cOI.jpg,442,844,443,510,643.0,476.5,402,67
GCyHuYdL_gPldZyfIfwSli9xGx7tFgM9.jpg,483,769,441,496,626.0,468.5,286,55
GczJVj9Y6XaCO7EsmY4mqzJ=otMi1LD.jpg,593,915,460,525,754.0,492.5,322,65
gCZkoHnLqw7GmDJEsfr6epDhJz46cLW.jpg,465,920,433,504,692.5,468.5,455,71
GD6BVfmGZW9vzIkIqDTtDzcGswzyQgV.jpg,347,919,471,554,633.0,512.5,572,83
gD7HjoJZU6szPMRXgtt5w5vx7oWNyK.jpg,371,821,422,487,596.0,454.5,450,65
gdDwhRFir_8gT9=2XhNHZwwx1RSSS.jpg,441,844,416,480,642.5,448.0,403,64
GdKKvFRcUa7KX9xF5djkscslaRtOs8d.jpg,397,894,480,559,645.5,519.5,497,79
gDQ=5j8ZI_MzJVCZewlNvWNTVuEgUvDv.jpg,406,850,420,486,628.0,453.0,444,66
GDqfQfEuOKg2WQMOYD42SM6cbkdhls2.jpg,457,956,427,509,706.5,468.0,499,82
GdXg1g=k7eWHCkveow5LMkh3t8p9v47.jpg,337,793,429,500,565.0,464.5,456,71
GeH5bfp=UyLbfChYVho5_8PIUji=h3a.jpg,277,757,442,518,517.0,480.0,480,76
GeHV2Mv8DeEJyWqSZOnG6qrPWxurI77.jpg,403,992,470,558,697.5,514.0,589,88
gELai_dZS_2gPLtTNNZ3jWtHFujI=lqs.jpg,486,787,431,491,636.5,461.0,301,60
GEmmR8GC=Plq5I7fUk966Yqz4fNUb8.jpg,292,782,450,521,537.0,485.5,490,71
gEX_75OaBoer7FFNb8z3IJ_IBizdIwZ5.jpg,402,875,467,542,638.5,504.5,473,75
GF18a35o5L8feMb1GZ1TDgx4jWp_6E.jpg,402,824,422,486,613.0,454.0,422,64
gF=LrJqQmsQX5as1E9Y8JwsaVu=OiF.jpg,389,799,415,496,594.0,455.5,410,81
GffWGigi4uuya7MHkS6jZ5pqNuSWR3F.jpg,430,918,435,514,674.0,474.5,488,79
gfGJ1aGu4OghDihRVCJGW5LUMzb9NK=L.jpg,499,812,460,522,655.5,491.0,313,62
GFHTlYYdTlOY2oLN9HmLQF=vvoQTKYEt.jpg,346,789,422,488,567.5,455.0,443,66
GfINWLZo3QaD=VsW=eKEiHRLJMhukcbZ.jpg,240,884,427,515,562.0,471.0,644,88
gfkUa=BUfwsvk8YpoGn78k3IyFDP_M.jpg,333,754,434,499,543.5,466.5,421,65
GFO2ncMiLm4gUac=7qdsEOd9WTQVMU8j.jpg,299,763,425,526,531.0,475.5,464,101
gfpbTBgN6L=V5Jf5pnldGhMzfSLGqlO5.jpg,431,881,466,536,656.0,501.0,450,70
GFS5hk1KvDwQIii4oQHErZRdC=nG9_n.jpg,390,1051,483,630,720.5,556.5,661,147
gFSM6=4ZrPvBCG3xleJYfXZrEi=HXWo.jpg,434,880,458,529,657.0,493.5,446,71
gfsydrouLbB6IG2MsCGmJ9xN2SuPxDsy.jpg,327,784,431,505,555.5,468.0,457,74
gFtmt9UrwUEEYJ=uPPDDatYlvoHri7n5.jpg,434,852,426,496,643.0,461.0,418,70
gfXUWgQ6iG8vg6_8xwIR8sqJV9ODeaQ.jpg,488,872,510,582,680.0,546.0,384,72
Gf_I81QXdwDmIhEivr4ZKIeJEL5SHlf.jpg,299,806,437,513,552.5,475.0,507,76
gF_vjN3qVbNGyYGH7CBiuLO2YU7YwJy.jpg,465,751,425,481,608.0,453.0,286,56
Gg5ZDublNfsDbHPlWDxNlGlKokUJFEO.jpg,376,875,482,562,625.5,522.0,499,80
GGChYnVun2R_MuQh5MSIfGBSmVtsvDVI.jpg,339,936,520,608,637.5,564.0,597,88
GGFM7pGR7doUiN1bx7B5snTqb3jnuYn.jpg,433,856,424,492,644.5,458.0,423,68
GGGj86fnW3qLhdLOxu7azQ1xeNEiUf.jpg,379,872,432,505,625.5,468.5,493,73
ggGJoqCIYp9Ypcipo_4me6PLf9T7z46.jpg,402,883,444,520,642.5,482.0,481,76
gGid_nO=DGIjmKCIBwXez=pndmO3g1.jpg,344,881,457,538,612.5,497.5,537,81
GgiGGXvWhuGDhsLti3WPoVzYoGsEtgm.jpg,422,874,454,529,648.0,491.5,452,75
gGMTHTbdpK1ga4uuL8431aLKlNlgEZIQ.jpg,343,873,482,559,608.0,520.5,530,77
GgRp4gt6cxY=Y448NC8ndnPe2SXgs_f.jpg,459,910,456,531,684.5,493.5,451,75
gGsuzDDRB62W2O7qW7wru4U2RWlU_i7F.jpg,344,863,457,533,603.5,495.0,519,76
GGwTc9xgEuMb7uMQb2wOOtDipk5icw_X.jpg,435,831,421,485,633.0,453.0,396,64
GgzmR8kYYJS1pVbncqkTmyHE8o9wR3U.jpg,407,726,461,525,566.5,493.0,319,64
GH3FGvJTy=3RO2MkZk7OohYLdYLQYLzo.jpg,253,795,476,556,524.0,516.0,542,80
gH6rHYpT3D1M=UVsBWyDGUH97Wf3Ruq.jpg,307,667,494,559,487.0,526.5,360,65
gh8yDhRgmx_6reimPcqBNwWqKfO7c9.jpg,173,835,499,593,504.0,546.0,662,94
ghj9MvwU24k=WClrmSnVGrmJnmUMC5.jpg,519,1069,503,593,794.0,548.0,550,90
ghlvJf6r8YWjfL4mME4zQbwjMkfXoRp.jpg,445,718,421,478,581.5,449.5,273,57
GHnS36sLmQumIcenGhBxIwIcnuBgy_.jpg,347,957,478,575,652.0,526.5,610,97
ghQwu1txJRPm9Hou=TDCRygLokU=_Nf.jpg,373,967,448,551,670.0,499.5,594,103
ghuEBe2DKt3e79qwr21vl1piXJlHUU_X.jpg,349,738,417,480,543.5,448.5,389,63
ghuPnWLyGt2cu7GcOGzR1rQIbo3vP6en.jpg,453,880,423,489,666.5,456.0,427,66
ghY1jm7FJct7HVR_aZulHLWJDM_eLa5h.jpg,446,863,418,501,654.5,459.5,417,83
GHZaKY9POq5VgfgSE5HgkQgRVuR1OmZ.jpg,404,822,412,474,613.0,443.0,418,62
GhZd8i4kra7smnX5bDS8zTWFqWXEkyXs.jpg,423,842,425,489,632.5,457.0,419,64
gHZoTFhX2iCP9NgoKGqt=m4jw=nTo8Tp.jpg,296,844,477,554,570.0,515.5,548,77
Gi4XcSC=kOCvSYoEwwo7KfumLGbbraT.jpg,383,809,417,480,596.0,448.5,426,63
GI5WZ3Q2OwTyuJxvC_zrexZvqDuMZkR_.jpg,364,894,464,548,629.0,506.0,530,84
Gi5xcH9lDBUE9jokBBQL=7=muaMVw7.jpg,473,738,421,472,605.5,446.5,265,51
GibksfVFzWE7rl33mUWWUhvDx9qzHuo.jpg,409,724,460,521,566.5,490.5,315,61
GIbptoSZBgP9UyCKuR=CooPERlNX2n.jpg,453,749,437,494,601.0,465.5,296,57
GIbwd1=OZjPcBTJru1ZoT6LbWCiU_g9f.jpg,473,797,447,510,635.0,478.5,324,63
GiCrqOLjfsdkkJvGWY4FYQ_wNDMFr1f.jpg,355,653,422,483,504.0,452.5,298,61
GiFey3pVZfkkZgTOQsQpDuoBfdiaqBD.jpg,408,880,471,545,644.0,508.0,472,74
GiGUZwV1LDyt5jbBjF4JCjyKPM78Q7b.jpg,596,933,418,487,764.5,452.5,337,69
GihuSpT7yrbP4J1V=BGzyzFvsTm1f31b.jpg,321,879,475,553,600.0,514.0,558,78
GIICf2xNNKuUyUw6Mhb5xZJ9iFGpo2m8.jpg,154,982,458,572,568.0,515.0,828,114
gijN1raXPJ2Pnp3VuslUtQDVSgMuw=ed.jpg,383,818,427,499,600.5,463.0,435,72
GiJSSE=d9lbgxz4CrICYtJvI1zGSEfz.jpg,450,886,454,524,668.0,489.0,436,70
GiMg9zlT2u7rx8kHOCRTLv19M1MYEt6.jpg,436,828,412,480,632.0,446.0,392,68
GiNeEzEHxWB1Dy7cy1kjgUsm=kPXwo5M.jpg,504,838,474,541,671.0,507.5,334,67
gIqreufQts8tN1Nyl73EVLUcExmTf.jpg,354,866,443,520,610.0,481.5,512,77
GIrzPotSOBVscOK=WC5ZVLY9sue3_.jpg,387,755,467,530,571.0,498.5,368,63
GiU9t_PVMgzTLg3EJ9ED4WhaxQy93IQ.jpg,414,886,446,513,650.0,479.5,472,67
gIUlcpW285Woh_xgYl5ZjOgEe7GCiBxH.jpg,270,822,473,554,546.0,513.5,552,81
GIVYQNG1vQYxfXmfpZsiXJmWHyxHxt.jpg,290,804,485,558,547.0,521.5,514,73
GiwoyBDQjKIWjyPrJmgrxwbth9zQjjM.jpg,303,958,488,612,630.5,550.0,655,124
GiwxBpEw9LiNkQJJM6rdFagKKJKQFWd.jpg,327,751,426,496,539.0,461.0,424,70
gj9K6VRqFxK_y8PTdNfvtRlTqFv671sj.jpg,334,812,436,526,573.0,481.0,478,90
Gj=KTrxWa2dP2DCuMsdo_lt1xLiHYmU.jpg,278,919,505,593,598.5,549.0,641,88
gJaNc9va9_aeh3vPqucFyiX9Fb1N2TfR.jpg,369,875,490,566,622.0,528.0,506,76
GjBPujLHyd6kvwpJuuY=oEIVOJJmRXR9.jpg,474,792,462,525,633.0,493.5,318,63
GJdN3TGVMgCgir6Et2XnwhHoGPMXLITs.jpg,399,828,449,519,613.5,484.0,429,70
gJDuNqcltxVSxVggee4LM2FpD8KI8yX.jpg,351,753,420,484,552.0,452.0,402,64
GJFqxz_JXKd6lq4RwhSLutygXqGLfN.jpg,454,867,420,494,660.5,457.0,413,74
gJIDKqIQhXd8eEdNRrlb7HRwwYgJpF.jpg,435,874,470,535,654.5,502.5,439,65
gjjtNLlEcpKHXzyPMl7KdvBwi9z7xZ.jpg,434,721,449,503,577.5,476.0,287,54
gJNScRo71qmQ6M3wafjIZ12r7YQYB8LC.jpg,397,810,417,480,603.5,448.5,413,63
GJUaymjYWkvSNo4JDbKgrpU4a=GICt.jpg,401,824,423,493,612.5,458.0,423,70
Gj_K8sMbPX3gYsQ2gYuwLo3vCVEpWHtD.jpg,373,855,448,520,614.0,484.0,482,72
gK3VlQnd_pIY7K79_W2NzKMhjcz_7.jpg,420,844,414,478,632.0,446.0,424,64
GK4KwL_gh6q=n=bpreziqgFqCVeYrO.jpg,324,895,477,560,609.5,518.5,571,83
GK8aDx4FYmhmbbDhHk9ZUGrKUgNZPnXR.jpg,397,832,426,493,614.5,459.5,435,67
GKaYLKXuKZV5XHbYUXQw=c5eQCyZGX.jpg,373,951,480,567,662.0,523.5,578,87
gkbsacRDOuWFCOaYHNeyoNMJzhsBUudC.jpg,380,805,418,513,592.5,465.5,425,95
GkdpIT5Kk7WdFTpkGFnfqU75MzHg1.jpg,506,809,453,516,657.5,484.5,303,63
gkDRoXG8yCa8VnJ6ecgOfxLujy8kk.jpg,320,785,437,511,552.5,474.0,465,74
gkDWHKknq2YssyR5JNtXs1xCNnM6oHyB.jpg,363,860,426,500,611.5,463.0,497,74
GKeOKyHbPQd9l=Oi5lDQ7bedP8biDBj5.jpg,376,919,457,549,647.5,503.0,543,92
GKHv14ji8IgHb3CWlCHbH63KPEu61Yq.jpg,454,807,488,554,630.5,521.0,353,66
gKhZXp2MfQXsPM9Ettn3Yr4Ff=u5zey.jpg,448,875,413,478,661.5,445.5,427,65
GkL=ZM5gQbDB6GddDNUoNgZf=KotX7zc.jpg,343,897,505,586,620.0,545.5,554,81
gKlp2BSLlQzqmGyEXgRiv5JWWVoia.jpg,382,830,421,488,606.0,454.5,448,67
gKM7F9UD6G27wHNf6k1qtYF2uHIqrIL.jpg,481,879,442,510,680.0,476.0,398,68
gKMwUGPvivqqZdDsbHs1l7cVcvT3cEv.jpg,420,981,510,598,700.5,554.0,561,88
GkoSzNFV1T6MOvfO6w3XT_y88UmNueT.jpg,405,836,416,481,620.5,448.5,431,65
gKqK1auVrrWM=v8rHxWD5lX=cGEsMTq.jpg,394,823,416,496,608.5,456.0,429,80
gKRNYOEmNgxv6lrkiC2TdghrrOagRIs1.jpg,442,859,418,485,650.5,451.5,417,67
GksQBsnX3wFOUPuo732j_k7_R6ZO3wsI.jpg,427,884,434,519,655.5,476.5,457,85
Gku32mBlKLK=XcYoJsZjts3QJqZrjpfC.jpg,391,719,451,512,555.0,481.5,328,61
GKWWHY==IfafCQg9EOBdS5qL9uG_eemr.jpg,495,834,448,514,664.5,481.0,339,66
gl3VNt12s7uZBGL1Z1_QX5Okip7XhrW.jpg,439,836,416,479,637.5,447.5,397,63
gL4cCcYeRJ7oNkUJD4vdfK=CCuDlbwH.jpg,242,832,412,513,537.0,462.5,590,101
glBWhEUeVftedEqw=qq=mzBrC=gwMyFs.jpg,372,891,491,569,631.5,530.0,519,78
gLDav2bsp8y2vXfnqW2sVYUNp1uOiCu.jpg,457,930,431,507,693.5,469.0,473,76
glfYgRMXt=LBVN8hiSMk4kGkr5LGuVY=.jpg,412,914,438,520,663.0,479.0,502,82
GlGz52M9shO_uSZnVPdhUGDgJFEztcv.jpg,467,754,428,486,610.5,457.0,287,58
gLhGrEiYRWg7HXLjy2ZtzBsxLiXsLc42.jpg,327,891,461,546,609.0,503.5,564,85
gLlfXEqE2PJn_Zw5UyxDsYm4ytWZB=N.jpg,335,674,481,545,504.5,513.0,339,64
GlMgRee_txSZy_FXP1uf3hDZoi7lZqj.jpg,442,829,440,505,635.5,472.5,387,65
Glq5MLjhIMH9sUccZ5fcaqhSxslN1z.jpg,389,828,421,486,608.5,453.5,439,65
glStIJSXZJpD_L5_PXa_HN1zQoiReP.jpg,321,811,441,521,566.0,481.0,490,80
Gl_yRizl8oLjvZaakrSmHnpQ1bu31XVg.jpg,332,768,428,494,550.0,461.0,436,66
gm2vxkn7cj2J6nzR=evKqp7miloC6xN.jpg,403,992,464,561,697.5,512.5,589,97
gm6De_IvNKxkirKvgzK7IzS3=ImZyUB.jpg,249,816,497,584,532.5,540.5,567,87
GM6VYY29aiKW6dlWLX=apsYYnXt7nmOM.jpg,402,999,456,548,700.5,502.0,597,92
gM9lErJ1g=G5Ufnonj6HcOCIt9HLztXL.jpg,345,738,416,481,541.5,448.5,393,65
gM=jit2aDCof6Jortp7yg_Yz46kJjYw.jpg,396,792,446,509,594.0,477.5,396,63
GmiW=MI5ltr5BbrnUOafNyt83Q8yFPD.jpg,411,819,420,486,615.0,453.0,408,66
GMKC4S7oTYsWZdFldRxskWH7YPZO73.jpg,398,952,480,562,675.0,521.0,554,82
gMlZEebD18RiwSwLMUZFR3O3xgFrR4E.jpg,397,951,467,548,674.0,507.5,554,81
GmTSR9KmS33S5RmwmFt3BOuJRIRrmkTx.jpg,352,894,479,552,623.0,515.5,542,73
gMv3IHvRv56GLNoJEeCRz1B7_Wb_22SG.jpg,418,882,441,513,650.0,477.0,464,72
GMwbnMzVY7evn3=Gup_nQ_YOYsSweF.jpg,361,897,489,567,629.0,528.0,536,78
gMwOP6uIjoHbTNn4XCMHfNgIZO9K7b.jpg,386,826,426,495,606.0,460.5,440,69
GMXLbR8KPRs23Pj4UMyaOCoZDfatrB1.jpg,448,859,417,484,653.5,450.5,411,67
GmxOLq9fEQnXJQlQXIz8yy9aVv7oNQU.jpg,315,748,424,488,531.5,456.0,433,64
gn8KPjGT12cFkqiR7Vf84nZg5SLZRj=.jpg,396,745,429,498,570.5,463.5,349,69
GnbsRiB5XvclNI=r6NrfIwie_Ctmigp.jpg,384,844,424,506,614.0,465.0,460,82
gnDFudYacRDyfDPa7GNziId5vkpSCrYE.jpg,401,805,412,495,603.0,453.5,404,83
gNeHtsjmJxo8nFp35hI1H3U2H9HsmdM.jpg,403,829,413,476,616.0,444.5,426,63
gNfFOoVSuE24U2iaZkVkZnxVejWb.jpg,310,827,426,500,568.5,463.0,517,74
gnk2tdCho35CYyQDd8m3UDb6f45CUrf.jpg,396,1013,478,592,704.5,535.0,617,114
gNmN3ozy5FGqeB9M7seWgkf3vCYxYKXN.jpg,360,773,423,490,566.5,456.5,413,67
GNMXnnXf74zzqvPsrc72297pzrSXEnic.jpg,300,802,477,550,551.0,513.5,502,73
gNS2O6lP5es7LqinZhpYvcaTzZHKYdYr.jpg,387,908,458,538,647.5,498.0,521,80
GNv2htg4zCSwl_9MxGC3ONH=g_3jvy7.jpg,485,959,460,531,722.0,495.5,474,71
gNVBLcsmfiV9POPjcivtp4rKIKp21OK.jpg,392,853,417,492,622.5,454.5,461,75
gnyNyVtvcnNhIQBSo3S=4RiqlLx.jpg,411,683,438,491,547.0,464.5,272,53
GO9ZcrkkKWGebI9ND6ZajXePbfOruiS.jpg,398,927,496,577,662.5,536.5,529,81
GoBKKIZoHq6DILpS652C7b2==Z6igoJ.jpg,318,774,425,495,546.0,460.0,456,70
gObm8C8MVXtZDnCX=JBlFqRXVizc76=t.jpg,403,858,429,503,630.5,466.0,455,74
goBQK7KivhwQtiPtu7R7mJYcSwLhzFf3.jpg,412,836,419,489,624.0,454.0,424,70
Goev96GoqkeRcHuWUBVPe2ZWiOpFy1O.jpg,386,664,411,467,525.0,439.0,278,56
GoGznJ_hmHaL6_adU24ZMHutBWhfOqXn.jpg,448,810,501,564,629.0,532.5,362,63
GoJ9BM8PlS3lqEZsEtVmpN5TLszdBQ.jpg,455,732,423,475,593.5,449.0,277,52
GoUPF2lWssapj5ERWRueKGIYG5kFjun.jpg,426,833,447,513,629.5,480.0,407,66
goW9Ym1CowGqbGhrGSNB2cSrLbNWCUjL.jpg,368,863,485,558,615.5,521.5,495,73
gOxyjUtICd51paDsWOS2N788RhsMS2Zq.jpg,424,833,422,488,628.5,455.0,409,66
gP8vbqXfwYEWDjv1ZmFwYxYFuekxO9e.jpg,266,681,450,518,473.5,484.0,415,68
gP8VWXMb2OC9emnz=e_YRr6_3FFUhtGN.jpg,402,799,410,488,600.5,449.0,397,78
gpa8BfvSHdTBk8j7f3gMISb2xNWHJq.jpg,419,863,428,495,641.0,461.5,444,67
gPF2HG5KQcBj3MClYoFh_KMSpgBZi4E.jpg,394,902,454,532,648.0,493.0,508,78
gpHiticu3Q2j_fH_8RyJ75VWPlOrJpZ.jpg,385,818,425,496,601.5,460.5,433,71
GPHw9tz8iFF_jqBcnm_I6Q1kFoGVa8.jpg,381,933,461,540,657.0,500.5,552,79
GPlERdRoFe3EK5GGM7474cpbxkim63C.jpg,389,832,432,501,610.5,466.5,443,69
GPrUHBacbQ1ypI4vZu2g7Bok3WvlUu.jpg,415,778,487,558,596.5,522.5,363,71
gPWnClwSewqBW8Kkb3gsnOW2myuWBw.jpg,412,881,423,498,646.5,460.5,469,75
GPy36=TjKkKffBDzBEyQjPM6BMz_jCMM.jpg,368,823,424,492,595.5,458.0,455,68
Gq41wmHw7F1iKfTMlymqd7w8RrVSSF2.jpg,426,850,443,507,638.0,475.0,424,64
GQmZ=TM6yw=XZ5xixjd6=g4fNCmvf9h.jpg,417,863,462,529,640.0,495.5,446,67
gqPEafXJX7CSnxsrnBGcFC7mKSilZM3.jpg,395,841,420,486,618.0,453.0,446,66
GqpITfJEBlPSQBKBgpaScpcEyKZwRv.jpg,341,698,442,512,519.5,477.0,357,70
GR1HyE3vGCfs1CCO2K5RQnHSDERNG.jpg,399,884,477,548,641.5,512.5,485,71
gR3rSk4_czhDhs=6sPgmLXhhzXXGR6k.jpg,363,745,462,537,554.0,499.5,382,75
GR4SHJvzZUUjQDby5XKuEd19vcYnV.jpg,432,725,431,489,578.5,460.0,293,58
GrI6Z=JkJiIMFdoYjJN33WeW3Z36kN.jpg,268,911,501,595,589.5,548.0,643,94
GrIznaugLlc7pKQE7IEYLkik4UBYpN.jpg,408,834,425,494,621.0,459.5,426,69
GrJ1ymcYpj5Vejaggc_NxKEtV7ns27K.jpg,398,865,458,533,631.5,495.5,467,75
GRj3GDoo=SQYbyKQPhtJq8sWQ4Feu9z.jpg,356,796,433,499,576.0,466.0,440,66
grLx_EGaGKYpmBOKTb9cohT=XHWznSqE.jpg,425,947,497,574,686.0,535.5,522,77
GRub9SijyyPwCrhQYNI=yZiXcMKxXN=.jpg,314,977,514,616,645.5,565.0,663,102
gRuYUd6M=ZQ4QWKq5SCs1oJiU56s5.jpg,397,670,445,499,533.5,472.0,273,54
GRzJT8DQY_BfmsGG3TO2QVG1suYrdc3f.jpg,404,895,446,532,649.5,489.0,491,86
gS2Bd24=1TgxVa8uGE74i5krWFj7bsY5.jpg,348,807,425,493,577.5,459.0,459,68
GS3iBbjRr7RighE3=fGUMI662lh=eZx.jpg,411,821,426,491,616.0,458.5,410,65
GseCCW3NRKMcKKp5PwpoTfZPy4Gm9.jpg,324,659,443,512,491.5,477.5,335,69
GSjqf67f3BSDCX1mj3mcamBd_Il7Pso.jpg,441,904,471,545,672.5,508.0,463,74
GsK11N=eDhPvi7FVepIm5Vlc2QcXpwD.jpg,400,882,426,501,641.0,463.5,482,75
gsPJ8Pe1cM7E9cH_JhR35CrKhXyRil.jpg,410,890,457,532,650.0,494.5,480,75
GSrkJH2kxHWUUzf4bULoFhU8POMhDJU.jpg,436,910,475,546,673.0,510.5,474,71
gSRrQNcH_TkFedX9Ys4JiGLfOWjlM.jpg,361,859,457,531,610.0,494.0,498,74
gsTWczOMGK_=cws8CQbPUYz5UwOviJY.jpg,385,693,430,490,539.0,460.0,308,60
gSwJQEaGJtFr7DXIXUS1BEzH2mNzrt=g.jpg,436,861,410,486,648.5,448.0,425,76
gswvYdyx1gINNxFer7tm11iWOKk2is88.jpg,406,869,437,506,637.5,471.5,463,69
gt7hiJ4NeBMZT1jwEFoKr5tn8uUZX6P.jpg,290,943,503,604,616.5,553.5,653,101
GTbSwBnrvwOak9_L_D5OnbU_ObDxS.jpg,333,763,448,518,548.0,483.0,430,70
GtD8rYYRxUr8XkZFwvr3Zj564N=k=ExG.jpg,403,818,422,487,610.5,454.5,415,65
GtKncfROR76mmPaGEUfIj3Sme_yVlo.jpg,356,882,498,579,619.0,538.5,526,81
GTNgKTYV74Q2qFboGkMV1nejI59qfsd5.jpg,385,1217,568,700,801.0,634.0,832,132
GTUCfqR5wHvCdJtYrZ_tups5=XRmMg.jpg,423,849,436,496,636.0,466.0,426,60
gtzYF4z=9uCnkGjPc14aMds43b5LPoO.jpg,315,892,474,559,603.5,516.5,577,85
gU3lWocWMBZPZzntv6lm85wI2j52KW.jpg,253,1045,519,625,649.0,572.0,792,106
GUahldW_5cx=OTKCx7NkKhOFsy3lhge.jpg,383,843,442,509,613.0,475.5,460,67
gUDTK6p7QhR2LHqgbisNz5vOwyrWnUmM.jpg,410,748,480,543,579.0,511.5,338,63
GUNGVlQ=Mo8JtPjIB6FNKJ8Jxp9w=Ws.jpg,270,742,451,522,506.0,486.5,472,71
GuWtvdcF=K_ztMBrQPaKdS3pNLlJI1Q.jpg,361,837,446,516,599.0,481.0,476,70
guxqIFP51y_X_2gJJLoajBJhq1gR9ya.jpg,403,681,433,486,542.0,459.5,278,53
gv3R2N4qdKxTFjiR6M17ejKd8RuX=bZ.jpg,465,881,417,486,673.0,451.5,416,69
GV4j=H3i3Zuk3D1GCN6FolicN6Jlp_ss.jpg,353,739,438,504,546.0,471.0,386,66
gV5ysyX6kh=5KNaLwl5Be2iEZcJdo5zd.jpg,413,893,469,543,653.0,506.0,480,74
gva=YfNh55b=CGY45WNcUETglbHtE.jpg,323,745,415,478,534.0,446.5,422,63
gvb_J3yTnZnCoW2lDzTu6GXs_zSVJ7kh.jpg,439,850,420,494,644.5,457.0,411,74
gVf9RHQo2Y89QClLcqfGlkqgnPJyBy.jpg,444,838,418,482,641.0,450.0,394,64
gVktX6DZJtbo1Zb17U=j_VEvB6nR8H.jpg,327,754,421,494,540.5,457.5,427,73
gvm_jurJWzHxp_tvfPmhZebIsXxcmu6.jpg,334,764,431,500,549.0,465.5,430,69
GvPpm93iJyQpmq_cDD=7JgQ3KUkLDGw.jpg,333,969,494,590,651.0,542.0,636,96
GVQruLhCIEPRHmGFsX17ql9g2w14hm.jpg,286,676,440,508,481.0,474.0,390,68
gvs3DcoeqvEm4q8ZfhzrHhh3ESCgcxj.jpg,446,872,417,481,659.0,449.0,426,64
gVS_V1kJdubiTekvz=ynPDlFul3nch=.jpg,449,910,436,507,679.5,471.5,461,71
Gvxz=8epLZ4CVOkQHcykLk1vhp=BX.jpg,382,813,498,578,597.5,538.0,431,80
gvyoBVOWeHDhYBi5th4f=rQivn=X8ZV.jpg,354,936,521,601,645.0,561.0,582,80
gvyUQypM4Vpp9f2lzGlZuQpRIF4l=iDq.jpg,356,780,419,482,568.0,450.5,424,63
GW7ChTbNtNIVZSnjvSEdDi==_3gTrbHL.jpg,399,817,413,502,608.0,457.5,418,89
gwB7YhUXnYBCEhVIdagcn_HwJ1drT.jpg,426,833,417,482,629.5,449.5,407,65
gwcU4XpukZlq2hyqZeIw=ywx5tdCoH.jpg,458,842,435,503,650.0,469.0,384,68
gweLEjxPIgGlL2nsXglEfTgVp6EOU9Gh.jpg,331,727,452,526,529.0,489.0,396,74
GWJ5UC5=nfBgs8d6rdn_7nNeZB6Wlf=.jpg,436,970,502,583,703.0,542.5,534,81
gwkiMYfy=22gtsB=xbno9PJrSbI8RY6=.jpg,286,760,437,515,523.0,476.0,474,78
GwlmYQoCgb=ii6t=msnfCK8EWIJMjES.jpg,432,718,428,486,575.0,457.0,286,58
GwUG8h83lKP=DBjZwfBvOB2qqm7GRGj1.jpg,287,853,479,570,570.0,524.5,566,91
gwZ__U1UOeh=KQqHZpjghjCxl2I8x1.jpg,448,835,438,505,641.5,471.5,387,67
Gx1ecS7ENCtcD5J5OC9U2R_L9jLibjKW.jpg,462,750,448,506,606.0,477.0,288,58
gX1zhZIHYro7H3SjfrQSOWcd2dLftx_=.jpg,456,875,424,493,665.5,458.5,419,69
Gx6NyyRYHtrlHeHPi9xBWcu1VjGs2p.jpg,432,847,411,472,639.5,441.5,415,61
GX=xgECdYlO1VZjNUFbE2LDY31_h92c.jpg,437,907,475,546,672.0,510.5,470,71
gxcg4ynitheJTcbvoZWz61n783U3p9.jpg,388,815,428,494,601.5,461.0,427,66
GXD43da7HggLcJYIs7n2S38WSt3Bfuq.jpg,586,889,453,515,737.5,484.0,303,62
GXj1iH5RRtiy9Pv3mLup7g7Dm2CzSvP.jpg,357,838,440,526,597.5,483.0,481,86
gXNE=ZpNHQty5nMO44GfRBxfKwPablRi.jpg,437,883,433,500,660.0,466.5,446,67
gxq8j=NT9WiQxIEuNN6GPurd7xrruQ9.jpg,215,889,519,616,552.0,567.5,674,97
GXXRwdWtY3fiDLLCbL2ftQ9VgVc==B_e.jpg,422,857,460,525,639.5,492.5,435,65
GY2UtLrM_MC1Fvm2KaLkHq_7fNlhf76y.jpg,139,463,464,529,301.0,496.5,324,65
GY5_xk2XabQedMsm7Kgt6Qu3_mi4.jpg,289,822,455,539,555.5,497.0,533,84
gy9DrMmP3ijOmRacI2QzJa65dvDguGv.jpg,478,825,472,541,651.5,506.5,347,69
GyHqRbmzSOg18BPTee1EInvGVVPzLJm.jpg,451,836,411,474,643.5,442.5,385,63
GYHyk8bkqFMosIPEickNtL76Zsm1=GY5.jpg,325,751,423,494,538.0,458.5,426,71
GyJL539Dr_O981qV9BKeaB_tSoqhuv4v.jpg,455,856,416,484,655.5,450.0,401,68
GyJnjoH7a7_B9dLEMyFyOZi5T1QCz.jpg,327,819,456,528,573.0,492.0,492,72
gyKufBUiYKUFVCT215eH73X9sdQBcV.jpg,382,1136,554,668,759.0,611.0,754,114
gyMXM8xIVE51gjfMzOb7vL_UIbZ6=zSe.jpg,401,796,418,479,598.5,448.5,395,61
gynhf_MOtrEm1pJS6hVSUDinO2cPyb.jpg,340,779,434,497,559.5,465.5,439,63
Gyp3BP8N7NxeX_RaP6obLzrdkDeMdN6P.jpg,416,736,431,495,576.0,463.0,320,64
GypJKEuIcqifaMsaWtqTvO49lceY2b=.jpg,345,868,492,576,606.5,534.0,523,84
GYRoP6dj=YSE9cmbxio3N57aTv2WWivO.jpg,413,846,417,497,629.5,457.0,433,80
GyuWKdLmu56pwzrJaixBz_HirE4XrP.jpg,314,777,423,492,545.5,457.5,463,69
Gywp_1hbkMBQgMOb3KB1el=g1f4Oz5i.jpg,418,764,490,552,591.0,521.0,346,62
GYXuFF3_E8vCS7yYETBieYp2uG6v_yvi.jpg,353,682,467,527,517.5,497.0,329,60
GYyuTidQYf7jbvLtqSbBCiYM4Xd_SbR.jpg,221,1083,578,702,652.0,640.0,862,124
GZ2jwVGOhOPdnyxNcSkOVTS_2dD8aQ.jpg,462,874,446,513,668.0,479.5,412,67
gZcKRmlaZ9UNuxypiqQHWE17o_R9Oe6w.jpg,392,823,432,498,607.5,465.0,431,66
GzHvVh3fvd_gLUatlM=F266_uqfinl.jpg,503,808,455,512,655.5,483.5,305,57
gZIRPV7WYBJdb2w712uYFfsYhwDTsq1u.jpg,356,837,424,517,596.5,470.5,481,93
gzKB6i=l8=vO79eE788JCgmMYu1fd.jpg,384,808,426,495,596.0,460.5,424,69
gZNaOzyHMic5sPxGOy1oEdBluZ_O8pBh.jpg,413,835,423,488,624.0,455.5,422,65
gzOr5NYBhylsy61wl1rJsi5pdui49Fn.jpg,428,890,453,523,659.0,488.0,462,70
gZqJq3tQe5BvS5ET1NP4usNrkReL41k.jpg,368,693,433,500,530.5,466.5,325,67
Gzr8R5rgPpZFBWmrtcpWUiWDexBW9wPO.jpg,416,829,444,511,622.5,477.5,413,67
gZV1Rt7IrtQHBBFfidcnJMQpotSg_LRP.jpg,385,847,441,514,616.0,477.5,462,73
gZVC7yEfmPRN1xYgf4v1QaNdPN3.jpg,477,872,438,508,674.5,473.0,395,70
GzxZl84zmu8qOyU6Zjl9Js3CXOM4SLb.jpg,418,850,445,510,634.0,477.5,432,65
g_=SfrKorT3bgcqEexgNBFeHyEwD3Gp.jpg,452,873,414,502,662.5,458.0,421,88
G_BGZOPdHgcp9T1CeJSmC6gebJ2tDoZ.jpg,338,788,424,510,563.0,467.0,450,86
g_KdSc2zMpxZu2Tkh1fzrns==co9aI.jpg,423,819,419,484,621.0,451.5,396,65
g_sa_wLPawnaDvsS3JlS21L7mEuNajs.jpg,378,812,421,485,595.0,453.0,434,64
G_uCQXUZD5Q7IBgRy5IcPyUFHtQ86s.jpg,470,884,428,493,677.0,460.5,414,65
G_vIQ7nQ2NVxgQHd9Sayd3N4QwDNQe.jpg,332,805,427,496,568.5,461.5,473,69
h156_1rUwpxQwJqXsyv5IV1YiSF1_I=.jpg,296,797,456,551,546.5,503.5,501,95
h1Ig9Dm8woHwuLpgn_cQ7Zq9kB9whg8.jpg,420,973,460,549,696.5,504.5,553,89
H1IYgpe89gvz==yIulUMHHGv=dL1yhY.jpg,487,767,470,526,627.0,498.0,280,56
h1LipZ33xxo2CN58aURIgqfCTlMKUva8.jpg,427,866,418,483,646.5,450.5,439,65
H1pkRW8LwyBzON18Px87SKfYeCmXMU.jpg,405,832,418,482,618.5,450.0,427,64
h1QyF2wWEU2CS43qsXie6QrnqD97Kxv.jpg,422,828,416,481,625.0,448.5,406,65
h1rui885D9HzFu47lwDlMKkTGPeyV5.jpg,517,948,451,524,732.5,487.5,431,73
h1xmN2xJVdeEapr=a9o8g45LCjy9rDd.jpg,379,877,449,525,628.0,487.0,498,76
h2BLdimKrPQzEtCgZz_DQrGo6KWdT.jpg,373,802,427,494,587.5,460.5,429,67
H2l_vmR2HJ7KGjyxG8PKJbvOYj4jBtx4.jpg,461,766,431,492,613.5,461.5,305,61
H2q=mROswDr5kwjhvqD5ZVOTm4VPu1.jpg,421,875,428,500,648.0,464.0,454,72
h2quntXxRU9ekc7mRfqVDFMGBX7Hn_.jpg,455,786,474,537,620.5,505.5,331,63
h2YM8LyeZYKh=omE=esYNINXnHb_pj.jpg,475,740,413,466,607.5,439.5,265,53
h384msv1G1GUZU4ZO5GXZxjdedakWJM.jpg,347,815,441,515,581.0,478.0,468,74
H3hZ1DtGsLm4FQgPGzQClCPOSLWEkG.jpg,295,948,528,624,621.5,576.0,653,96
h3iy2QbPOKtFiLhTu5KZrR=GiT2GJoh=.jpg,355,836,480,551,595.5,515.5,481,71
H3oHLh9Kf_Eaa2TXvSY3JG1sHfqE86N.jpg,351,881,466,543,616.0,504.5,530,77
h3ptVN7ZOEBI7CBbdgdsS6cx8mSgzYP4.jpg,404,688,431,485,546.0,458.0,284,54
h3S8tcr5GhCB=vKbZDyy7kkJDITDcFL.jpg,395,814,417,480,604.5,448.5,419,63
h4ERHVIXXdPrZz5knUIS41xgOThVR.jpg,223,888,495,602,555.5,548.5,665,107
H4INNQTT==RTxN3srGlq3iiZOMyNJ9t.jpg,377,810,428,496,593.5,462.0,433,68
H4rdfnHMa78P3F8CQmsQtDqwDOd_sp9.jpg,385,727,435,501,556.0,468.0,342,66
H5MhbcDUU4Klf7jlFtfViUVRLgr8uapi.jpg,424,977,441,555,700.5,498.0,553,114
H5vcSKcjjEtl4Ii5KZ2YfnQevwhiTYqj.jpg,292,889,460,565,590.5,512.5,597,105
H5yfvmyYR89urqo9RCEDCTyTCFmURZZ.jpg,306,875,475,556,590.5,515.5,569,81
h5zIOuMiO7NK6uy7EfUN3BIcyLK1f2.jpg,403,1030,533,629,716.5,581.0,627,96
H6CPg1zHh9ZNuM6gO4C74b4eN2CvYyQ.jpg,324,802,458,535,563.0,496.5,478,77
H6FrsJpFOJgQyp6baboSX3YCuVuBdyy9.jpg,337,834,480,564,585.5,522.0,497,84
h71kC8l3xyWzBSwN664yl_VNV2JoIZT.jpg,478,742,413,466,610.0,439.5,264,53
H76qCI5jM5L1KYKXoDdMl9sQI5qR=VS.jpg,457,743,433,491,600.0,462.0,286,58
h78xE6acgI4w_FTEPqb2R8qhkcW6iwT.jpg,443,900,427,504,671.5,465.5,457,77
H7H8CI1egQsHmea5N5Ik9OPKD_wR1WMo.jpg,440,865,461,527,652.5,494.0,425,66
H7JmGjyKs2y9LxhJia4HUgK4hXYFDJn.jpg,370,838,438,520,604.0,479.0,468,82
H7K5Pn1DNNrDf_RMVs9EDiOpYdfJIWLy.jpg,277,771,449,535,524.0,492.0,494,86
H7KU6kMhNua5ygOdaXC3qE1ujew36Fd.jpg,413,819,466,539,616.0,502.5,406,73
H7ljwjWC5CbQXJZ1o9RxHjp=BQy3j_pW.jpg,421,840,449,517,630.5,483.0,419,68
H7mX7aY4iH=TMQCOa5EnGPsb4Yu7QLe.jpg,469,924,426,503,696.5,464.5,455,77
h7N4EhDexobVFl8uTGRXv_cugcWQk_g.jpg,440,931,454,535,685.5,494.5,491,81
h7NzqD7f7SVObzD7BLft4WYbQCyVSzF.jpg,222,1022,545,668,622.0,606.5,800,123
h7pqUtNwMXfrEPRh2nXX4_EW3OyxsS7x.jpg,463,891,419,481,677.0,450.0,428,62
H7Vl4xNvsvnJo6bCo94lv4SKMeIBXW.jpg,398,868,433,509,633.0,471.0,470,76
h8hjoP1taDm5jjdvSrSO4w4TcGaTUQhp.jpg,430,842,408,472,636.0,440.0,412,64
h8oquP86JLj5yP1l4QPnGstVPPEegZX.jpg,363,818,429,499,590.5,464.0,455,70
h8peQp_CL7sQ3yu9XsR7t=xl4IizM.jpg,412,842,415,489,627.0,452.0,430,74
H8prEK1R4uQOD66zcrSKaOQeaz2FI1Nv.jpg,381,832,429,500,606.5,464.5,451,71
h8PXNPUzJSjDYd4K5Q4NMREToxkXGjo.jpg,420,887,442,515,653.5,478.5,467,73
H8Pzgl=ihYbh1K5qunfJog9Na8WCNX.jpg,390,881,456,527,635.5,491.5,491,71
H8q5aR8SaYx38SEBb=U97d6d683zLtKl.jpg,361,834,427,506,597.5,466.5,473,79
h8rVqC8_s6pVjY61s3i9oa=1emhPLB6.jpg,408,898,480,554,653.0,517.0,490,74
H99kEW2q6PTpxHUfDof=UvaR4EwIr.jpg,470,914,461,527,692.0,494.0,444,66
H99_BulaOalj_BUSlPSJeJqfSEJqZhI.jpg,476,807,470,537,641.5,503.5,331,67
h9c3xmihdnHB7os7J8MotgdpBIQMWSBj.jpg,529,829,436,494,679.0,465.0,300,58
h9gdPpW9q8uXhjsDiJ_ar4pPSU5v3p.jpg,345,794,428,518,569.5,473.0,449,90
H9IjFR7RCRe8wv_SrhN92QpMiqROKdjZ.jpg,448,881,448,525,664.5,486.5,433,77
h9iWUIgoTY1D2HmyneqNSa8zr6j59a1l.jpg,478,900,432,498,689.0,465.0,422,66
h9jw3dlryaJhWid1dS9UrsRJtq6G8b4n.jpg,380,809,430,498,594.5,464.0,429,68
h9NH7OLBqBchg41R2gq6hTIh=JLjRx=.jpg,396,879,458,533,637.5,495.5,483,75
H9QyI7tbmejQ5bMMLLdstEUzU1OYa5j.jpg,384,898,482,562,641.0,522.0,514,80
h9vfz5ksMRPkdmKUmZzuL5N3gtre4QQ.jpg,397,834,426,496,615.5,461.0,437,70
H9W9sZQNnQit2qZrmU=TNRtFZ6iFZCh8.jpg,416,851,453,519,633.5,486.0,435,66
H=CKVgxbWEBFHs5aUP71jLesyUX3ms.jpg,282,799,465,537,540.5,501.0,517,72
HaBN5xXRRWJmO39BmPUUtOlhhtt5QZi.jpg,287,766,444,518,526.5,481.0,479,74
HaBSiEGnahsKdlHllKNpHtwxacQzP=I.jpg,433,957,448,555,695.0,501.5,524,107
han8W57EFRsDrvBMQEGGUynSvii_YP6.jpg,414,710,433,492,562.0,462.5,296,59
haRGbocFXl8d1F3P1DBsBYURZ=kKGqvZ.jpg,348,861,446,522,604.5,484.0,513,76
hatdWHo4CXhBRDnPPwS_u29j1_B=fUtZ.jpg,319,749,418,482,534.0,450.0,430,64
haZ6XWVyON9r5njsMsHSRjztvpETZ7UG.jpg,383,861,434,529,622.0,481.5,478,95
Hb3myfHf8YUKKmXFyLYdMFvkRdt98lgU.jpg,297,728,474,538,512.5,506.0,431,64
Hb5lVGi2D63LQJW4=nkfTlSYIJMXZ.jpg,364,795,440,501,579.5,470.5,431,61
HbbN55PVczICUGXU1QXsrTXls5H7f3gu.jpg,457,907,462,535,682.0,498.5,450,73
hBJ5Fqp_FGBo8GIk9SwVOhLlri9fqJj5.jpg,453,889,446,512,671.0,479.0,436,66
hbJW6jV7Uxq4ENvXLZ4dw8SiMwMh4rox.jpg,422,921,455,529,671.5,492.0,499,74
HbsJpP377QeUUnz9Yc1_Mpb1OPsmp.jpg,402,702,429,487,552.0,458.0,300,58
hbUaYXcykxM3ObK9VMTovQfpWSBQZsw.jpg,480,1046,511,602,763.0,556.5,566,91
hbUP4GoIegidgV4_juPCUdHOIYuqvh6.jpg,476,914,438,504,695.0,471.0,438,66
hbV6JowS3IEfdHENGq5Qe2ubfj3yd7vC.jpg,450,862,421,487,656.0,454.0,412,66
hBX=gh297euSJyvPNLL1GMztGWks.jpg,328,814,461,546,571.0,503.5,486,85
Hb_D9VZppHuHBZkP9LQx2dEQorRKMLSH.jpg,456,944,477,553,700.0,515.0,488,76
Hc3G8uURysapLxguNBOXNPqXMWD6z5V.jpg,436,912,434,531,674.0,482.5,476,97
hCa4HVNP=wzBHmlaV_aqftFnJmmTYqN.jpg,330,781,432,505,555.5,468.5,451,73
hCKeBbb4mg_sZttYwX1ktc_oO7sbjmJ.jpg,346,873,453,544,609.5,498.5,527,91
hcL3_8ws_=eWnvfHmBg8hT5jHmgpRew.jpg,454,856,418,481,655.0,449.5,402,63
HCNyyIwPKmN_pDWE6_FaSRT7SYm.jpg,369,909,505,586,639.0,545.5,540,81
HCp_kGz3SsN_T48sgDnOU8hVzvgahKUT.jpg,417,830,411,474,623.5,442.5,413,63
HcR3FI3MTiFb2UDLNGLsrLC1MsMBEVTJ.jpg,359,867,456,535,613.0,495.5,508,79
hCRYdRBT4WVJN4djrJe8sppfllYMUsKE.jpg,443,869,419,491,656.0,455.0,426,72
hCuw7_RhwaieCT5=bcjyokQq5Xktf3Y.jpg,414,1035,481,599,724.5,540.0,621,118
hcUx3f55Kl7HMEdu1bYTT=QLdGyw7ciM.jpg,331,820,450,525,575.5,487.5,489,75
HCyHJ8wyiZDIChJw92rKiIX5=_ktXih.jpg,433,934,491,563,683.5,527.0,501,72
hd34qzok2_8TVdP9wvVndCX8ooRte4ZX.jpg,407,812,444,513,609.5,478.5,405,69
hD7kst=qbveBQMD=i3arxHlXxfMQGQB.jpg,299,756,429,523,527.5,476.0,457,94
HDfEFQ3km69wq1lRy=IyrnxsqDMMt8W.jpg,373,820,421,487,596.5,454.0,447,66
HdFfMQT6SiQTrTHk6HaaBTtYUQuVF.jpg,329,935,556,665,632.0,610.5,606,109
hDplivz6JU6QbcvoiNkgcBL8fmR5Il1V.jpg,322,649,440,503,485.5,471.5,327,63
HDQP4YP9UUccfQdC2FJDhceiX3V586Vc.jpg,409,859,466,536,634.0,501.0,450,70
HdqRnk6YqMiuEJ=dVGO1cfPvRj1YYHu.jpg,195,809,493,586,502.0,539.5,614,93
HdrJy1dub6G7d7M5ae8CtOPF5H5QM=.jpg,490,806,463,526,648.0,494.5,316,63
HDVZxElaQecpOXiUCfaf22PR3yECgg7a.jpg,358,670,446,503,514.0,474.5,312,57
Hdw7FdKnUppWdZv3kafCsWwQIUJZah9.jpg,447,891,427,496,669.0,461.5,444,69
HEKTkX3rX6zu=zw28qRLpWzTEC64iv=K.jpg,415,812,413,492,613.5,452.5,397,79
HEtxJDabBWho7v2qdN1vH3NntLDnXiKE.jpg,432,876,460,529,654.0,494.5,444,69
HEUv5Zb4_t1ZVBwx8OVu6Fu7u1JSsy.jpg,403,810,421,488,606.5,454.5,407,67
hex9wX=Ym6YY6odkgR_Ly5SqtqVxR=.jpg,204,988,551,660,596.0,605.5,784,109
HF4DvWOeWFIGTxiMflDDyHxhsJsNMTJ1.jpg,456,911,462,537,683.5,499.5,455,75
HF5ev544lwqSC66xt5mjIHjOj8FiezhE.jpg,443,907,469,542,675.0,505.5,464,73
HF6dz5BbZqWFR1pz11yYuoQFBc6vse6.jpg,411,849,424,496,630.0,460.0,438,72
hf6EnDJHBjwWWCe5B9OUoUzDsyR9rv.jpg,395,854,440,512,624.5,476.0,459,72
hFDoDJXnh_K6hgYUJHWCa2TGdNpKYp_.jpg,432,763,475,538,597.5,506.5,331,63
Hfh_E7H4wkIcuqduWVa37sMB84urvRJr.jpg,350,804,433,523,577.0,478.0,454,90
hFnQFVKNsozglK6aTHtIp8=HwRjilr.jpg,378,853,433,506,615.5,469.5,475,73
hfqcb1FcnvYN2C3DVF5qxnsxyn4P_qww.jpg,374,823,463,538,598.5,500.5,449,75
hfQYa2aqX=EoF7rOLwTFOaqVnd8vlWG.jpg,379,812,418,498,595.5,458.0,433,80
hfRkYgMWaffi8rKhNN2j_aR4Pcin9b6.jpg,372,836,431,502,604.0,466.5,464,71
HFY_2lfpGeKCzWfiaLwGMZSl7iPkrKrg.jpg,440,1024,475,563,732.0,519.0,584,88
hg8WY1Fa2bTrbJjDRlDJfZC78V_QFsEo.jpg,415,815,414,479,615.0,446.5,400,65
hg=SKDZqVq5ZHJYXv_M_JX4pi_6RTJpH.jpg,438,898,433,517,668.0,475.0,460,84
HGdLvvX9z=3oF2VESMiggIvIHp5N.jpg,409,922,479,558,665.5,518.5,513,79
HGhbo7MJdtXUxC=J7u8JOuzdwrB4bvya.jpg,392,938,502,583,665.0,542.5,546,81
HgiNUzSdxt3FeoR6BGVjHsBIKX=vRWPJ.jpg,515,790,427,488,652.5,457.5,275,61
hgO6Hl5n99T2F918D1Mqi5Bpu3xa8K.jpg,434,705,421,475,569.5,448.0,271,54
hGQCUFMzE5xcgBTgHJI4gI33eNVscN.jpg,345,878,456,538,611.5,497.0,533,82
hGrbecPUzCssSDcnHSp8O68OWzE_QLaw.jpg,397,791,408,471,594.0,439.5,394,63
hGTE=qFs=fEG8uPNHkJdMmpR92WlkRfu.jpg,449,891,421,519,670.0,470.0,442,98
HgZDvpwLMda7_a4=gRjZzuNEYhmXns.jpg,435,862,421,488,648.5,454.5,427,67
Hg_nuOV_S3CpPRiqrG7jngELlV94xGn1.jpg,332,861,441,520,596.5,480.5,529,79
Hh4HDYgm3mgfLpv=uHml27zG5wwr54cg.jpg,429,823,460,535,626.0,497.5,394,75
hH5t7uQq5w4UV1kaN44uKrWaoZ8SfTlQ.jpg,349,910,430,523,629.5,476.5,561,93
hH6r89uo_2SEUMp1znmgc11YUCvyMoN3.jpg,361,750,509,576,555.5,542.5,389,67
hH8lMORPPjBHiEWT_jhH8zgnaJZJwjw.jpg,341,921,508,600,631.0,554.0,580,92
HhawTS78nIqDFNCCawX4wnRf27HOI.jpg,413,839,421,487,626.0,454.0,426,66
HhB9WdhoRDlKGeo5KqGnF5oUKOFd=Z.jpg,376,855,429,505,615.5,467.0,479,76
hhdvWzVdvT6urqdEsBjQmNrI_M9nVp.jpg,351,766,422,487,558.5,454.5,415,65
HHfoivjhFO77xNnTg844NfpbnYQfqZrC.jpg,479,971,445,521,725.0,483.0,492,76
HHfP1TxUIQ1xjED54hJRPoJ3k6HM3mO7.jpg,404,804,445,509,604.0,477.0,400,64
hHgO2EZcV6w=xIqKm_Ik8lbUlfL3vm5Q.jpg,445,846,419,482,645.5,450.5,401,63
HhGuxuWElQ=NGBBNgyxgo7vypoKs5wd.jpg,317,633,470,530,475.0,500.0,316,60
HHj6GRVCcneg7LgppornvXF=ToJiqMzM.jpg,482,799,469,529,640.5,499.0,317,60
hhly5sqWdGu7Kyp8btb=FlpRTsWDIGO.jpg,399,836,421,489,617.5,455.0,437,68
hhRbnYfutKWbjQNFPlmgcv1p3RSz6kn.jpg,445,921,448,525,683.0,486.5,476,77
hHzHXRnz7qYFXNMdhrbBe44D84Og2x.jpg,400,927,453,561,663.5,507.0,527,108
hhzOq_rPwqDZ8kUZqFjvUh3wdBYjWsY.jpg,335,650,431,493,492.5,462.0,315,62
hI4Pay_WD_raNL8wb1PGcBiaF8MmoaCn.jpg,413,893,441,518,653.0,479.5,480,77
Hi5jWWha77R4eLbN8RvWOLIBqHJVc.jpg,302,752,434,504,527.0,469.0,450,70
Hi=qriFFsZYlddtryqysgYPhHPoR1.jpg,406,843,425,497,624.5,461.0,437,72
HihqU5ZWhwQgJNDat39CYeF2KKLzfb.jpg,318,914,477,582,616.0,529.5,596,105
HImCyS7LfKP5P==TCsffLsL9bL3hj.jpg,364,793,419,504,578.5,461.5,429,85
hImK2HEDJqKrUj45yWfkm2ptwK9eUB_.jpg,399,935,460,540,667.0,500.0,536,80
HIquhfg4JJCUcSyN84=VHpCp5SKOq46D.jpg,376,679,442,500,527.5,471.0,303,58
hiVD5dsE6U8XECWVWlZmiHEt6j7J_5.jpg,427,988,475,556,707.5,515.5,561,81
hiX8xc4_=mSXrrHyDS7ubdTrYiN4mOB.jpg,208,878,505,603,543.0,554.0,670,98
HIzB2amoK=9yN67e=ifaCaOYhIDEXus.jpg,380,945,455,544,662.5,499.5,565,89
hIZTswzFE=RnWfeljTV8C24bWLGT4aVu.jpg,317,751,419,484,534.0,451.5,434,65
HJ83h4eqknpFhixyZVgYydqfXpJHbXb1.jpg,349,834,433,505,591.5,469.0,485,72
hJ8fRRuDpqJYvOo6L3Pt55xoywPHBBn.jpg,322,659,438,504,490.5,471.0,337,66
hJcj5L_H4q7h5MoE8xVJC4Ygpg3byfWl.jpg,406,864,432,509,635.0,470.5,458,77
hjE3cfHNMs6SodhmOFjVmQffuNWxKc5.jpg,382,779,415,488,580.5,451.5,397,73
HJf9meBVnI74EXEPFT9MiU1diqYHgH.jpg,387,752,461,521,569.5,491.0,365,60
HjG24jrT_4CtbHRtx4_x2_9QWHgYRs.jpg,331,912,476,574,621.5,525.0,581,98
Hjgc3vyCxPN1pTcYflL8z3kvo4PaJK.jpg,391,822,427,495,606.5,461.0,431,68
HjHXF9k5vrSJOGu9PeJJFi2c89jsGyc.jpg,439,720,442,498,579.5,470.0,281,56
HJL=rVMY8vSepCOPifH2cMnIUqINF8.jpg,400,818,427,501,609.0,464.0,418,74
hjLnUfkRiouWYLlBz4IKMQJyiW5qG8w.jpg,375,809,416,498,592.0,457.0,434,82
hjlqOwdXK68cEn2HRMlBO2QCr2CgiG3S.jpg,364,726,440,509,545.0,474.5,362,69
HjsyRqOJ=Mj3gpng=JZ4M7v3JecOQzk.jpg,315,769,431,501,542.0,466.0,454,70
HJWHQHNg526sQyzHjC6Jzd_h1GRoVBk.jpg,226,522,459,523,374.0,491.0,296,64
hjWnv=eJiGo5RsOjKpNB7Vppah8pnSjq.jpg,337,803,444,533,570.0,488.5,466,89
hjwubu77eTQwHSUqjbJrxGUqgFl=iuR=.jpg,466,745,420,475,605.5,447.5,279,55
hJxwdyUi1vgh3_CPDXasUJJoM1ihUj.jpg,437,846,450,514,641.5,482.0,409,64
HjyRm38peJZdSR1KFNsxYw33GowPu.jpg,469,852,470,539,660.5,504.5,383,69
HK2kOac6wT8rKRqq3EeqS5bslBRrWWct.jpg,455,904,425,499,679.5,462.0,449,74
hk5HBTdew6QtUDEhQ3P4g3_=jaFWg8R.jpg,388,836,450,513,612.0,481.5,448,63
hK6EwZohENFFyyQ1CI6yiIULkNxNzC.jpg,487,878,437,507,682.5,472.0,391,70
Hkb1jJzaEbEFNq76mhWd1aCn9WW2zHV.jpg,414,891,440,519,652.5,479.5,477,79
HKbyiaEw9IrUMgK=5WR1aGDvySm=CTCw.jpg,376,800,414,479,588.0,446.5,424,65
hKECLcpqqELTUZZ71ZGdjGXY8ySoU.jpg,406,936,502,580,671.0,541.0,530,78
HkHbYIL6OJqGMLJfBnaL=G3lhk_c7Ws.jpg,349,764,423,491,556.5,457.0,415,68
HKhIU6EL9uvxw6kU2uu12BSd4yqbqB8Y.jpg,414,895,427,500,654.5,463.5,481,73
HkRfSnjhLRkGbFJNC7i5_DRFrMsGRMt.jpg,414,965,505,597,689.5,551.0,551,92
hKToXiuQePhnDeH3FUUpwjXC5bgeRt.jpg,439,780,486,548,609.5,517.0,341,62
HKwNQhh3lTxS719RQ=wT87r34eCQUjY.jpg,408,918,422,507,663.0,464.5,510,85
hKZsoYgu1Mxd7kIiKoD75kyRmNgz1NT.jpg,473,782,437,495,627.5,466.0,309,58
hL1vBwNHQofFdGn6E1DZ6RqjHrTThm.jpg,455,873,409,471,664.0,440.0,418,62
hL6cyJ=pd2sxbDYp8BSIY8oHmV=42Bb.jpg,385,833,456,520,609.0,488.0,448,64
Hl6NVcfHm22evm1lZEP21QMmlBs.jpg,185,1037,533,653,611.0,593.0,852,120
HlCL_gr9_fm2L5ajP6p6U=a7gY7GXdHm.jpg,395,785,415,480,590.0,447.5,390,65
hLDj9xGN1CQOjvU6a1u=fehFRTsaTnFE.jpg,414,818,419,484,616.0,451.5,404,65
hLgNWMHpTKN95i5OCYkZD14xCHHXhrh.jpg,432,853,419,489,642.5,454.0,421,70
Hlk9tngD52bM3gzYjGWI4JnEjQwVi.jpg,351,834,446,516,592.5,481.0,483,70
hlM3bfldVBmvKmpO3tuYZ1XFClI89l6.jpg,419,839,451,520,629.0,485.5,420,69
hlni1ZCV_KImoMFQ4hjyLC6=1PC1gD.jpg,379,773,418,480,576.0,449.0,394,62
hLRnaQJDro76CiKx8aR4J59Htmjm5I.jpg,330,849,458,542,589.5,500.0,519,84
hlzXfvQYHyKI3Y13beR6fIGDGj7iGzX.jpg,390,800,419,485,595.0,452.0,410,66
Hm6KQolhzE_asdnWIL847ZOoodwO7VdO.jpg,359,845,480,555,602.0,517.5,486,75
hM7=btHov64hTIwyYEqv1pji5bJoSmg.jpg,380,805,417,507,592.5,462.0,425,90
HM7jKvqDZfdmIcTecYG7rRV_4QU7Entx.jpg,397,797,447,510,597.0,478.5,400,63
hmCmfLr9zcMcBU_4_rmGfkWpNU9jg18u.jpg,432,787,430,504,609.5,467.0,355,74
hmd=Gd1bX=i8eWgiENFg15I6vOlCsCf.jpg,394,845,420,487,619.5,453.5,451,67
HmfKFJtSJ12ac8uEZ_88G4WJ8UKh7JML.jpg,457,790,479,540,623.5,509.5,333,61
HmNN27SVuSYp413K1BVDs5wQgy3XDiGp.jpg,418,903,442,513,660.5,477.5,485,71
HmoNU7=4rfttlcSDuhDE4NH4SN5T6.jpg,446,895,420,484,670.5,452.0,449,64
Hmqp5RRu1L_QowhL98yzzzGEpCBfNR.jpg,402,859,434,502,630.5,468.0,457,68
HMTx8fpyobEcn1GxPPwhHUMHanLkw_tv.jpg,409,936,495,572,672.5,533.5,527,77
HMYqUblabBVkOXU8jZIEkpG5NjEL=yr.jpg,402,912,449,525,657.0,487.0,510,76
hn16lOnQB2wT_Rp4DnFcRSpl=3MGluD.jpg,468,876,494,563,672.0,528.5,408,69
HNBufddHlMQ6BPCRysmz25hl=3IGFoq.jpg,377,851,437,524,614.0,480.5,474,87
hnc1XkfoqqQkLEZocHDo3LF9fkM5VusG.jpg,387,832,427,495,609.5,461.0,445,68
hnFFqqWD2sLroY589ymCZF8aQvs3DPw.jpg,408,795,412,489,601.5,450.5,387,77
Hnh5YVgwgO1_cuIbl_3qIYuFyLg9Re.jpg,403,787,411,484,595.0,447.5,384,73
HnRddwY4TTkoWFF11gqjdTeJ742dNtp.jpg,372,732,473,540,552.0,506.5,360,67
hnw8v6meMfQQDeqnlalIUbNMkxUu4=.jpg,505,860,491,556,682.5,523.5,355,65
ho=VwQZ9VCfMmkgX5J3PnoKNPgrN4Ly.jpg,289,788,435,510,538.5,472.5,499,75
hoCnkjCmFiOGfeUrmUFwKoV=igyouYs6.jpg,393,787,417,480,590.0,448.5,394,63
HoDVdYijO6oFb=XFJ2ITrSc9r2swqqzs.jpg,476,806,450,513,641.0,481.5,330,63
hoFyIkxqBkqLOg1IL3zjnGRNliXsg.jpg,484,851,472,538,667.5,505.0,367,66
hohCJa13cPLvnZQuEQki4oNzcLWrh6B.jpg,307,773,439,512,540.0,475.5,466,73
HOKRE3DtZ=bY2U7_bBZHa2c5Fnl5t2C.jpg,471,801,454,514,636.0,484.0,330,60
HOm1hH4zQat7Iv2dZi1xMX8GqWvvhPlB.jpg,391,806,425,491,598.5,458.0,415,66
HoQPK9McNWRt2OnEfPIocxljPtprS4d.jpg,438,881,425,495,659.5,460.0,443,70
hOSPaHwXXbFHKlyEK4wefikRkIiuDjd.jpg,379,723,482,544,551.0,513.0,344,62
hOsxrQ=iKkqB9Pt5wCQQBwua2ZV==FaP.jpg,398,842,428,504,620.0,466.0,444,76
HOWUw=VbsFqL_dUM8=pPPhKhKiUk=fGs.jpg,323,847,455,533,585.0,494.0,524,78
Hp4lL7opH53NMppNF9SFFU7=l1DNWwQ.jpg,326,889,507,596,607.5,551.5,563,89
hP4pjBBVwSIiRDvSkHFVr18kHER5eMM.jpg,317,994,498,622,655.5,560.0,677,124
hp5SiKpSk4EDLSH4ZhtQ7BRIB9oLUdNI.jpg,407,808,416,480,607.5,448.0,401,64
Hp5xLfxey=aS=y_l46PnEkUh1PV5x_Da.jpg,340,823,444,517,581.5,480.5,483,73
HP7_Ht4gxkGOwX9k8cvjtaQdPbS3z4x.jpg,316,998,498,627,657.0,562.5,682,129
HPC6r_7R8=Wkg1h5XjLfbQlDNCbYbSY.jpg,395,809,411,472,602.0,441.5,414,61
HPh69U3zRSfGBQqYNZYpw_gt_9yKVZ_.jpg,367,663,432,491,515.0,461.5,296,59
hPivVhyL9DIMdWTb5Cjcox4HrWctUdPk.jpg,251,994,525,650,622.5,587.5,743,125
Hpm43vWxVpadMdo4cDtrMOQbDuD7DfjW.jpg,333,953,493,587,643.0,540.0,620,94
HPQwnFe4QNN4Bkauz=UEEanyVEK8aB.jpg,433,938,489,562,685.5,525.5,505,73
hprS4DxO_mwCDp=Hp2pLpeermtnodC.jpg,344,734,413,475,539.0,444.0,390,62
HPWMBwmJt4PnPrWykNNrr9cwPsqZuxJ.jpg,438,915,441,512,676.5,476.5,477,71
HpYkID1f_a2RMQRcDbgQMQl_c2la.jpg,394,885,475,556,639.5,515.5,491,81
HqCOwEdeVVnIuNuiPRdmXOummrqoie.jpg,461,905,427,503,683.0,465.0,444,76
hqdS8q=G6PZxgyzMHYx9UTfMUyLjUr9.jpg,424,760,478,540,592.0,509.0,336,62
HqfQrF_axPoMSEezFCMvVcpkZs6bTz.jpg,349,919,458,565,634.0,511.5,570,107
HQiIOFVKVUlJy4khR947KgMzorliufZ.jpg,369,824,426,494,596.5,460.0,455,68
hqlMdvz9MpP7kdftxzp4CUCdSTp95SWW.jpg,454,847,407,486,650.5,446.5,393,79
HqNwWdZRkWgoZDKdrBJ4_bTK4BTrd.jpg,343,752,424,490,547.5,457.0,409,66
HQr=IhMovgM64TvG4_4K=K4FVItvxIv.jpg,390,861,435,508,625.5,471.5,471,73
Hqrzwiq3W63SlvkKxuq7EFOLtPMf4T.jpg,404,933,451,532,668.5,491.5,529,81
hqVEzePEHUXXGDEbfqGfLhy_R9vXDz9.jpg,323,735,418,486,529.0,452.0,412,68
HqvMREjwv6Y9h75IqbVLPM5YQgGGRU_.jpg,341,847,486,559,594.0,522.5,506,73
hqVOyo49b4dIWBeOuIisC5mTLZsH7I=Q.jpg,238,956,523,626,597.0,574.5,718,103
hqZ_vTrIlbYvkuYrzVa6MwrYl4kHtEWN.jpg,419,820,421,491,619.5,456.0,401,70
hQ_uT88aEXwIU7DM_6jDZ5fgow_n7f4.jpg,396,871,425,496,633.5,460.5,475,71
Hr5LQaJZaiH2wVOwUJ_BvO=2qfS=si.jpg,502,836,476,540,669.0,508.0,334,64
HR6Jf5_eC1VE3gKmHmoNQKGk4LyDxNu.jpg,340,816,462,541,578.0,501.5,476,79
HR=rUiVZ_4gypKtY6mlEqbDygpN8J3v.jpg,384,850,469,542,617.0,505.5,466,73
HrHBN4W_UbDdZe2PKGaUyku5ykm=Oq6u.jpg,306,814,464,545,560.0,504.5,508,81
hRjzLbVCuNlOueVkH4pMn_fHkqEg1=.jpg,288,807,456,537,547.5,496.5,519,81
hrLtchE8c98hMlNiaWo2aZ2D6ja1c9.jpg,414,819,416,484,616.5,450.0,405,68
hROVElOZjDpqCHeFNHgFvYbdjtdJg8Z.jpg,461,745,443,500,603.0,471.5,284,57
hRoyx=CO1TfZ141F9uQ19Nj52oZH=u_s.jpg,435,893,432,508,664.0,470.0,458,76
HRQWkhebNcLYS2ev=NayRCslrxbK1.jpg,319,752,429,516,535.5,472.5,433,87
HrSiFt=7m7=Q_wH_c3gljxzgJC5vxB=O.jpg,379,711,457,518,545.0,487.5,332,61
HrsiYQmMLdHIJ7w5aZBWXViw87z1TB4.jpg,375,890,492,571,632.5,531.5,515,79
hrT7WF3IZzWELhOkNNO8XqLNF83TRun.jpg,388,799,450,513,593.5,481.5,411,63
HrX8_lJzMSPEyHDdZxK7IrIeZ66cX.jpg,430,872,430,497,651.0,463.5,442,67
hRYSWECUzcGx3_aJq_3ee1pfWZ1iPgKU.jpg,420,863,427,499,641.5,463.0,443,72
Hsc4yq7XS2YFlTlCxDd5R7CjU4987f6.jpg,427,801,497,568,614.0,532.5,374,71
hsD2QaHK3OWulK69wSaZw86xVbKUTuqg.jpg,420,838,422,494,629.0,458.0,418,72
HsdRydXLHt6sJi41W2biUiGmFhiwFLF.jpg,412,866,435,510,639.0,472.5,454,75
hsGI9NQMEqPZjj1GrnvwJalVyGIrYr1b.jpg,202,801,489,579,501.5,534.0,599,90
hsIHyZ55UDN=gSojYv=nq3s6NbEenX.jpg,500,789,431,488,644.5,459.5,289,57
Hskp7RRvF9=hSzN6gTjv3=sWs9mlQ.jpg,336,899,473,554,617.5,513.5,563,81
HsucD36rYXR_JNbsSTcoq13PQxG7HpM.jpg,405,853,536,613,629.0,574.5,448,77
ht7NWnw75=O47exkfkXBtDRV_jQsmZ.jpg,391,872,433,503,631.5,468.0,481,70
hT=XSbr11xvdvrCBZkXu8mii3ofom.jpg,388,813,426,493,600.5,459.5,425,67
hTFkTMzhec=Qycm1DkOgejCySQQ7Jh2.jpg,277,879,481,574,578.0,527.5,602,93
htH9HNmfbh27pvDiy1gU4La9qhblZV9y.jpg,445,947,460,537,696.0,498.5,502,77
htHMxmTa2n5OE8OwX9g4vzQBiWlLLpj.jpg,307,809,451,526,558.0,488.5,502,75
HtiUfXaQLO7_NQKM_XPxZ8euL1_f9.jpg,322,749,423,494,535.5,458.5,427,71
HtjCeQfUoQ7vHL8uaKgPWeVDt9OP.jpg,294,669,455,527,481.5,491.0,375,72
htkkCd5Q1i1TEtJZHZHbu4nxQ6=Pkl.jpg,310,880,467,554,595.0,510.5,570,87
HTqhVBeJTvT_VjPQslbhycSBlYGjgaQ.jpg,267,792,465,542,529.5,503.5,525,77
hTrYF_znFbazFn=Ifdcia4BbCiaMtz.jpg,329,793,448,515,561.0,481.5,464,67
HtU_BlNKzT3bDLyK3Rl=yvuwY5z6sVq.jpg,428,792,488,556,610.0,522.0,364,68
HtVqQrzadiDLNq6TMCQyhOPxUXCujdT.jpg,391,831,450,515,611.0,482.5,440,65
HtvrUaH6MyYnrdhXx5rz1zKLXBeT6.jpg,420,863,433,506,641.5,469.5,443,73
Htzg3mOazptcv2wj8gnl_9liPUqDky.jpg,475,789,440,498,632.0,469.0,314,58
hu5LtJYqDdn=LChmZWG4k4frKWQf_oL=.jpg,444,950,487,566,697.0,526.5,506,79
HU8qRTdwdJ4VkZyPi8Dv=bcuU944RkD.jpg,502,779,417,475,640.5,446.0,277,58
HuBNfftmK4XbPjEW3OvyxtUvNIKTLoZI.jpg,215,684,445,526,449.5,485.5,469,81
huC_tEHvnPBfGkFTfO3bvTKEPBOy_lX.jpg,298,760,435,512,529.0,473.5,462,77
hUgLYfHiusBv7Z_43JPaqlXCZC7afY.jpg,470,782,460,521,626.0,490.5,312,61
hUgUBTjwxM7t=1E36FRF3xmNBysgPKi.jpg,365,805,440,503,585.0,471.5,440,63
hUIJi6NSzi3k1z32TVmvhtMB8FPnB.jpg,372,935,510,598,653.5,554.0,563,88
HulDgjbDiGJVYmDD_KmGPDYdtYkqOIb.jpg,499,910,422,488,704.5,455.0,411,66
huLYHh9HjNgtdTyO=bWuSzKm8LfHL4sD.jpg,217,1096,581,714,656.5,647.5,879,133
hUNJIOuvM7SoaMyqHG29vKb4J4UzXgII.jpg,418,859,460,529,638.5,494.5,441,69
hUpLMSBUOh=cvre54YypIxUZPSmGtqM.jpg,389,762,433,497,575.5,465.0,373,64
HUQd5HjdsCoUU5vIK1L8lSL5j2q2EFo.jpg,429,995,476,557,712.0,516.5,566,81
HuQTnZ1_IDI1a2=GP6j_p_98ap7zOvWR.jpg,421,844,442,504,632.5,473.0,423,62
HUTDt_SqvdZZd2MFM68lLrWYKttRuNhW.jpg,454,892,408,488,673.0,448.0,438,80
hUXLYHC5T25oy5clv6gcjVTwfOGsqqg.jpg,394,828,436,505,611.0,470.5,434,69
HuxWx4kaJgWCmO7_5Sjk7dR6MbMhF_l.jpg,437,959,456,532,698.0,494.0,522,76
huzP8S_rOMviUvCJ6tXaF9XKHBOMI6.jpg,386,818,425,493,602.0,459.0,432,68
HV2poezOy2421tFQoXKiZe=wfKYOFc.jpg,230,787,462,560,508.5,511.0,557,98
HV8MwJ5pxswqvr9=RVtFkgLmJfhIcBI.jpg,364,889,460,543,626.5,501.5,525,83
hv9Y7emqclmXNnOhGFGDF5VdxkVqmlWB.jpg,353,1002,545,642,677.5,593.5,649,97
HVCqXTSVfWYxqPtxqV4hJNaX_q3j.jpg,462,864,417,486,663.0,451.5,402,69
HVd5bnIW2TeHcdEhFaPpcr7C6Jdu=dNq.jpg,340,1046,497,655,693.0,576.0,706,158
hVdIMvGdt3TfRNvurrb8JxiG=4PFEFD.jpg,437,864,424,498,650.5,461.0,427,74
hVEUvplkSVbPyEpHhvOvhBjmc9E=Rn4Y.jpg,396,867,426,508,631.5,467.0,471,82
Hvik=d=1IDj4_L12tNZ55d3addQJHt=C.jpg,321,894,472,555,607.5,513.5,573,83
HVMJDz56Q1KJEllRBfBTTl1RVkDk3xx6.jpg,433,854,424,489,643.5,456.5,421,65
HvPJti9RgklgKSEetWfbSgr1HmQv18W.jpg,341,743,416,483,542.0,449.5,402,67
hvpkvIW4yExHXGus7i=t_tt8=eGxPeeZ.jpg,431,862,416,480,646.5,448.0,431,64
hvQ7dzvLwbGJvpq8sjtClZtvpd8TQge.jpg,561,776,359,430,668.5,394.5,215,71
hvqiJkduzdDQtN4ulbLFx1yrtGQmsB.jpg,252,781,445,528,516.5,486.5,529,83
HVS2OV_6NkQ5roWEx6ZWmJEpPh6EhIj3.jpg,381,808,417,480,594.5,448.5,427,63
HvtjutZmI9VRHnWuIEeCmZiEKzMplD.jpg,382,849,423,494,615.5,458.5,467,71
hVv9ezms=yQnj6DNFIUXbPSQHW3s6D9i.jpg,423,724,436,497,573.5,466.5,301,61
Hvw7qEhhqLxFkfkv5qXZrBJLK3LvhI.jpg,458,764,425,488,611.0,456.5,306,63
hVxBbSJKHHyZi7xET6ehtkmIO4sPLz1.jpg,324,828,451,528,576.0,489.5,504,77
HVx_Y5aL=w5KhTPhLNfpJuvV1=wgt7=c.jpg,396,817,415,477,606.5,446.0,421,62
Hvym=iWNlZVOiLO3hZ7m65ckmKVuzvk.jpg,396,942,459,548,669.0,503.5,546,89
hVZd4mSBuwKwtmnsqEsm54qPu2nmxOCH.jpg,439,907,437,511,673.0,474.0,468,74
hW32tpiaWIGlkWnpTYPvMqXL37VBef.jpg,437,905,430,524,671.0,477.0,468,94
HW4Z74HNzbtmLcgl=X6HFt=cyP2c6Md2.jpg,472,759,432,488,615.5,460.0,287,56
hw8fhJ1csFJ6FLeyXw5unWbYnU18U.jpg,434,840,419,485,637.0,452.0,406,66
hWcgGXghq62e_wyUugtIeSBZ9rrtUp8.jpg,364,822,446,515,593.0,480.5,458,69
hwQBVF1Re2iDh=a6tWx42eRMzDzsm.jpg,403,877,447,520,640.0,483.5,474,73
hwqIZug92UOe7fEeo_=hFnu=CwBY_b.jpg,433,877,424,495,655.0,459.5,444,71
hX3zGbUDsgXFUUerkS3VHGL3kIplvlm.jpg,450,741,429,485,595.5,457.0,291,56
HX7s6JWKofoo=ygTduIb9Zvck=ahJv1T.jpg,496,797,422,483,646.5,452.5,301,61
HxaSpV1Y=NYTk93iTGlaCr492EV9hSc.jpg,331,744,416,480,537.5,448.0,413,64
hXBl=TLDVOyu1zUlK7m8a59JmQpGwo.jpg,250,798,466,547,524.0,506.5,548,81
hxD6EgHcIhwVVuwWK2lCQnJR6tvnmFf.jpg,425,1037,488,578,731.0,533.0,612,90
hXNa1T=2VaIBr5EG_UO3pgzN3obqeywM.jpg,267,794,468,546,530.5,507.0,527,78
HxSwD1g4r9flU=LkNESwBExEYnPvYf7.jpg,432,846,421,487,639.0,454.0,414,66
HXUnjm5JSIYF6k==BteZlFNVmHYFxUJC.jpg,384,829,424,489,606.5,456.5,445,65
hxvWQE3tRnrHc6j==bIvv3vk1P5jLcKz.jpg,434,888,461,540,661.0,500.5,454,79
hxxVKhsVYtj7N6n=XRVF8lu7iM2zqjE.jpg,366,760,421,483,563.0,452.0,394,62
HXyEWE9UKPg22niJGh8VO311aTLjLU=f.jpg,396,801,430,492,598.5,461.0,405,62
hy1xCJbPYcHvhz4DyulG9RH=ZPtke1ck.jpg,334,803,428,496,568.5,462.0,469,68
HY3qm1UwKH=GXxbFpPC5m6xHP3v4YN3M.jpg,315,773,423,492,544.0,457.5,458,69
HYbXnsVlZag3NZrlgyv1EtIdQmzumzh.jpg,355,785,422,491,570.0,456.5,430,69
hyExJNdNT9U47jYZ1zSZNNbqyEICxXxt.jpg,437,884,466,532,660.5,499.0,447,66
HYFcR=PVGve49517YxFO81jyK8LnVyzI.jpg,277,960,559,660,618.5,609.5,683,101
HYGuzNBxHtgONG1ywhn7QivkED9qRV.jpg,341,739,416,479,540.0,447.5,398,63
hYGVt7mxoep4=afhw_HwypSo9JvVnPPC.jpg,415,815,437,497,615.0,467.0,400,60
HyixVazRfwv4i4Td1pl5xliqKqmfxW6.jpg,368,799,418,482,583.5,450.0,431,64
hyjVRGhRlc_Sjj5Ohc2nwjbkm84Q7zV.jpg,375,815,440,506,595.0,473.0,440,66
HYKLWyhpnCStoE9CLBeXUVRMIxFT59D.jpg,430,836,420,486,633.0,453.0,406,66
hYle5MQLQBYOSlxseZInZSXQE2E5TN.jpg,366,919,466,559,642.5,512.5,553,93
HyprWW64jx4C28DWLCbRGvpyXRvFex.jpg,430,878,467,537,654.0,502.0,448,70
hyqwli8zeunVfhqyL7oD_Ql6Nj4kFqpv.jpg,376,871,474,547,623.5,510.5,495,73
hYrE4eaMHWf=ZHhzZVtqOWpdCHdLdxj.jpg,329,858,499,577,593.5,538.0,529,78
HYvnDa1UooS54TkYDOFgaUtW2mQdYLRC.jpg,339,753,421,487,546.0,454.0,414,66
HYXCLI4J7KVqmrKiorHFHRYwJuV7slH.jpg,429,794,444,515,611.5,479.5,365,71
hyYO9eChaNaSat2xvYaMqppjmzRnUoPx.jpg,387,679,434,491,533.0,462.5,292,57
HyYs6oLGgQ1GjFa4no_v8DStRfV_Iqi.jpg,406,794,416,488,600.0,452.0,388,72
hZCQQlZF=pd2mQpgf=IjdYYJiMxDbSD3.jpg,401,866,439,509,633.5,474.0,465,70
HzeRzPBvZbqjRnsRBUad95XfU_hf=2G.jpg,418,815,418,484,616.5,451.0,397,66
hZIVQn_43ETF1VRb1SFFHDwJ=E6sR8YV.jpg,429,926,490,562,677.5,526.0,497,72
hzNneOFCrd1tp8P5KPu_eI3SP71QvTzh.jpg,386,689,456,517,537.5,486.5,303,61
hzqiwwb2LdiJIkErsFTEBB2j6PsVUKgY.jpg,444,834,415,480,639.0,447.5,390,65
HZQrHqbisQdVoyNIv5zM7Nn7II4weBb5.jpg,426,845,445,519,635.5,482.0,419,74
hZrilaj_1C6aj7bUjMtqQuef793kUl.jpg,401,885,471,552,643.0,511.5,484,81
hzsmoQVH1imtV5RWqHMgYHqiBm189Twx.jpg,379,917,503,580,648.0,541.5,538,77
HZuqOazoWT5QlnjT373P_lGIeEMpMaMu.jpg,349,730,420,480,539.5,450.0,381,60
HZUq_DW=rtVxrSwq9drZqX6qMCecgSq.jpg,361,890,486,565,625.5,525.5,529,79
hZvREbYuzmzsslhE6a8xb=fpz2BVubf.jpg,407,838,456,520,622.5,488.0,431,64
hzXvwTBayTKOXP8H6SeYnivunGws65.jpg,432,807,498,566,619.5,532.0,375,68
HZz1YVWmi_NlQ9hwYJPgfxyVkaZSSr8.jpg,467,1038,507,599,752.5,553.0,571,92
H_6rOW1wCyOcuoIyb1jUz1F6u4ZnRXR4.jpg,300,819,453,548,559.5,500.5,519,95
h_=Z4FWMdmp=5Z2w5TqC3FpF8ZyGKRR.jpg,397,890,442,521,643.5,481.5,493,79
H_C_QDDf=73aBzVhZl4hKeSJkQ=4rX.jpg,430,809,419,482,619.5,450.5,379,63
h__CmgRwrqR6H1zxQ=9tb_48EMHNXI_.jpg,396,870,440,513,633.0,476.5,474,73
I117L5lbWhpEP4vp7w9P4DZhK_xQm.jpg,392,808,413,473,600.0,443.0,416,60
i1IyM=wfh_9hH72C4rlIh2LgF4NnVI.jpg,421,842,420,490,631.5,455.0,421,70
I1mWI3jfIszZiWCbWrfTdVVZ6eCrPE69.jpg,422,758,467,534,590.0,500.5,336,67
I1WG6HfDtox4mWdakqj3dFjZychEb.jpg,408,925,451,528,666.5,489.5,517,77
i2lRWgZGCu9smmIUHREQFFM65kLwJSCT.jpg,475,760,423,481,617.5,452.0,285,58
I2o37_86PjG2nh_Es1ENPqzqRzFPKH.jpg,385,928,496,579,656.5,537.5,543,83
i2UyfOqR5xZ1EmdTf1OWMkP=U=WZ5Nt.jpg,384,923,459,550,653.5,504.5,539,91
i36jDbViZ6etXExbO9ck5ybTobWZQsnu.jpg,482,892,447,518,687.0,482.5,410,71
I387YOp8PzRCsWwqRukGyJNS1s1p89H.jpg,434,864,422,495,649.0,458.5,430,73
i3gfysxO_zBImwUcFIKkFT1l2rL54Qk.jpg,413,965,513,594,689.0,553.5,552,81
i4nae2Ot3_9gSRbbcpwmjHb1VTOjt3Un.jpg,402,862,427,504,632.0,465.5,460,77
i4SaraZnfzKU1ufQ6_jdJNCXLRIZnhg2.jpg,439,908,472,545,673.5,508.5,469,73
I4TuDBmdZpUXidug=amYL_VxbBijrp.jpg,316,746,426,507,531.0,466.5,430,81
i4tvQLPWE=gJomfYJvz3IhiIt1nvua.jpg,358,803,432,500,580.5,466.0,445,68
I548VMOCaw=u7I1p=uW63PoUVScYGYva.jpg,464,766,457,518,615.0,487.5,302,61
I56ZlM2ijGeXkV9zT1LY6XCcMIfTq1Lw.jpg,256,893,528,632,574.5,580.0,637,104
I57ctqgPpCgnLUaTfaGq7zSUnwJSClfx.jpg,391,804,414,478,597.5,446.0,413,64
i5aQ8utI6M2Tt9Uv27yHQfB3PmtbFttw.jpg,107,1071,544,692,589.0,618.0,964,148
I5lTi2ReK42ZY3VWCc9YOVqVLvB=52f.jpg,337,858,455,531,597.5,493.0,521,76
i6aFbVFdICu=7dqdnh7Shrb8P3O1_m.jpg,414,872,441,509,643.0,475.0,458,68
I6FOpYhzEtqm5q9g5ipsPnH3mqtWFj.jpg,389,864,431,508,626.5,469.5,475,77
I6qPitXd=jKLcVFqNOMmPYQN4rOFY3Ex.jpg,465,774,461,520,619.5,490.5,309,59
i7CdN2cq81mIrLpm=DfVpkRsKptHZKe.jpg,445,730,421,477,587.5,449.0,285,56
I7ffNChNW_3iTw8Xi_GkxinrEKKs45.jpg,360,887,465,543,623.5,504.0,527,78
I7IuBWzZjWJZHvfrKc2yEUzsEP=5y9a.jpg,365,776,418,487,570.5,452.5,411,69
i7jcqL2guUyq23BZkJXbPubwDJ8pMsO5.jpg,467,758,423,480,612.5,451.5,291,57
i7kvm=PMZy6rndp6uyw6w4egpTdjweUL.jpg,492,910,418,487,701.0,452.5,418,69
I7LI7iaRoXSqnpPUyy5FS59H23RVv2Ek.jpg,384,808,425,493,596.0,459.0,424,68
I7obSuB1E1aUinO=M2FySz3oVaT41s_B.jpg,216,1109,572,700,662.5,636.0,893,128
i7pk6qnxJGjVIByBr9QqYosyHnskbe.jpg,395,822,417,481,608.5,449.0,427,64
I7ViinMQKZHXzOjlPrNQYlB1YUQn_23.jpg,427,851,416,495,639.0,455.5,424,79
i7_cPZbF6eF9mO8ZTvGc2OMk8iLIF5l.jpg,387,698,428,490,542.5,459.0,311,62
I87vLxOYWXUJIoSY_VbmjHI6Yuw=DXk7.jpg,436,862,416,481,649.0,448.5,426,65
i8EcwPUylIflRyvFRxmmpMZnf9LGO_TH.jpg,391,807,414,478,599.0,446.0,416,64
I8Fg6ZfmFgfFBCdX8NWplvv1ttwy3DO.jpg,375,831,440,510,603.0,475.0,456,70
i8IaIhcgC7IyV5p4U3Ny86jcu3BgFNSx.jpg,461,878,453,518,669.5,485.5,417,65
I8jp=8UHJIfZggJYwUtZg8K2QeTJ418.jpg,413,957,462,547,685.0,504.5,544,85
I8kvWlDVnh_q1fW6ui3UN32BKk3g_WD2.jpg,444,877,420,483,660.5,451.5,433,63
I8L3NVJl7rqsv45knwlaBGYmcIDSfzn.jpg,329,996,505,595,662.5,550.0,667,90
I8OD7_nvJvj69EK3ENS1PzhZ6fE42j.jpg,393,945,456,564,669.0,510.0,552,108
I8qEcxcM=kSC=2esMUDGQQeVj6xgCk=u.jpg,395,825,427,494,610.0,460.5,430,67
i8qMBeYUxW5oUMfIZesiEDil5RdtL2X.jpg,448,961,482,561,704.5,521.5,513,79
i8wj6z=3LUQn2w7bKIwegRj6ZpPlr9.jpg,443,841,411,494,642.0,452.5,398,83
I8wTTcmRlJNnmCjgDQZ3n8bFxICXx9X.jpg,376,813,418,483,594.5,450.5,437,65
i8z561SkBwPLkVgb5qmaC=MEXeV9Ljv.jpg,466,817,465,527,641.5,496.0,351,62
i9d99yzTJzip3HWo5v3MOuWYPfWktL4.jpg,264,741,467,540,502.5,503.5,477,73
i9DMWGQSsN_ZozKEuXS=UkcE3jDuuoq.jpg,429,1008,461,570,718.5,515.5,579,109
I9EK3BtGaKxJDEecq2FywcZKoopYWCZ.jpg,277,774,445,522,525.5,483.5,497,77
i9JbNkcQ6oypzl6t2cfffidgmZg7PC5c.jpg,489,776,421,478,632.5,449.5,287,57
i9ucbSlzFfCo4_CsUXgMzFdkCJTcCJN.jpg,333,763,454,520,548.0,487.0,430,66
I=9MylD8oEfPnH4hdoH88mjfplJNE.jpg,459,750,425,483,604.5,454.0,291,58
i=gaXqKxpMjzzoDdYTuskdSTv=WzuxUz.jpg,318,824,449,530,571.0,489.5,506,81
i=kgc2XQZt9qyRIsyGX_XO3jZIyg5P6.jpg,381,919,456,533,650.0,494.5,538,77
i=KW8KOV_VdBHMJCGxyiYax3xy7779v.jpg,346,868,492,575,607.0,533.5,522,83
i=vyvXuHnE5Y2uh_anKfcn4TFNYl=r.jpg,385,822,426,493,603.5,459.5,437,67
Ia76xHxrDSVuV5xUjqoV1F3UIWlzzW.jpg,442,884,424,495,663.0,459.5,442,71
iaamsx3zm4R_gJtweLWUZGLXEMcpKm4Y.jpg,350,652,435,496,501.0,465.5,302,61
Iaoci787gCm5naj_IhMSVN4Tp6ljndd.jpg,327,701,434,498,514.0,466.0,374,64
iaZYpvnpcEVUwELEmqUvSJs18a5qOS.jpg,376,903,468,541,639.5,504.5,527,73
IB4dHwq2P1yjm=2R9XYoEqpMpWf8lnx.jpg,342,785,429,503,563.5,466.0,443,74
ib4KUv4V7Up1OX3wb=o9tNd3iCa_Gi.jpg,342,811,449,520,576.5,484.5,469,71
iBaiJtH5jk218tvnWPPzwEvESwHCDFvN.jpg,397,787,413,478,592.0,445.5,390,65
iBbtp3M4eo=Jn4k5jM9l5pVamgPaP9G.jpg,401,994,464,593,697.5,528.5,593,129
IBcSMoYZlKhSCthflgl2nx55vKM35xg.jpg,448,783,475,540,615.5,507.5,335,65
IBDPOair54uE1kWD8Q4v4TmQLVDQiToT.jpg,418,849,416,480,633.5,448.0,431,64
ibJ9DUNok6RfFGVzKuhYdNTnq5MCKzc.jpg,310,766,425,506,538.0,465.5,456,81
ibKDp8r3gzwMvhenPbT8EkaDDEIX.jpg,406,937,490,570,671.5,530.0,531,80
Ibn=_Yf6gS6trRa4rwk3=bgYxCJwZk.jpg,340,945,486,574,642.5,530.0,605,88
IBnLPPhGO5I=rTb=qPXWQxYYLcsDoEjW.jpg,384,926,459,549,655.0,504.0,542,90
ibokQ1CdIt5KYLs7n37amGIcqyqPkyl1.jpg,419,902,447,518,660.5,482.5,483,71
iBP6R78q15OPSmJL_5R2GK=zVgPvtnB.jpg,384,792,413,495,588.0,454.0,408,82
ic2OHG2yW2eR4ryqal32oYpsao9fFqN.jpg,410,941,454,537,675.5,495.5,531,83
icDFiowPO=w8Np1Doe4QcZZ4iHT56f.jpg,404,883,447,519,643.5,483.0,479,72
ICdY=6RBjdmdYR9_ndSyO3F63PddB1N.jpg,412,1047,571,675,729.5,623.0,635,104
Icf32ryEXvx7Ra=xMuLjtNjqYbtkxJ8.jpg,373,803,451,513,588.0,482.0,430,62
IcgIVfRm4cfEOCF6UI1W76MJxCB3QZ6.jpg,438,796,493,560,617.0,526.5,358,67
ICMjXtu8saf4LswJ4aGRYkn=_QbHXdq.jpg,469,815,486,551,642.0,518.5,346,65
iCPVjZnyVbFHjdPt1KIU5opQSE2momha.jpg,417,892,475,544,654.5,509.5,475,69
ICquivYGWb8yeMo27hhV=hKjEX9RiHa.jpg,501,790,452,508,645.5,480.0,289,56
IcQ__FnOfFcYLno9t8Uy8FJtQ9EO5Rg.jpg,416,832,422,488,624.0,455.0,416,66
IcVwXH4Q2fuu3PoXsv37JEg64ruqSh6T.jpg,409,853,418,483,631.0,450.5,444,65
ID8rv58SJISrWeKoEwDtmaGKw7tec8K.jpg,375,674,436,494,524.5,465.0,299,58
iD8u3s3i4eZaQdodB5HTXu6iWdlDF.jpg,100,855,534,647,477.5,590.5,755,113
Idb3vQFcITXybyUzcQumqIN7W2ibF.jpg,415,831,416,500,623.0,458.0,416,84
iDBKY1Lq3IwPaNXMHCFyB5WjJqtsl4SM.jpg,360,936,519,601,648.0,560.0,576,82
iDkbgQyL36x=u6hXgxcUORQjMNdT3di2.jpg,385,815,422,494,600.0,458.0,430,72
IdM_=LsEVT2ueeMw5QSO9MV=6j33EK.jpg,315,780,430,504,547.5,467.0,465,74
IdnLIUKwRar5GKNPhQIytzsW7revu.jpg,373,879,455,531,626.0,493.0,506,76
IDrh=ICqDUtPZsT=yMPLbvHbSefI41.jpg,292,777,442,529,534.5,485.5,485,87
IdulCyVOPeXJVy2kUYLVBNqtKyFc9gvW.jpg,432,824,414,480,628.0,447.0,392,66
idvzVpGYTmxfvEDTCFfK4Dxhw4mO1Ogp.jpg,430,722,433,487,576.0,460.0,292,54
iDWgq7TEvKpvL1VKCQ9pShtXWOkQJY7.jpg,424,898,427,501,661.0,464.0,474,74
IdzKjjmmNq3Hp4DXa98hDoQwmzcy4.jpg,381,919,463,547,650.0,505.0,538,84
Id_TLNQtNWotsTVf83lpLFxTSKNlZ8.jpg,435,761,469,527,598.0,498.0,326,58
iE11trxhhXk=bS1dajpiUx6bQx3ZH6Gj.jpg,448,895,433,506,671.5,469.5,447,73
Ie9YLCsrKPkLtSQQDLzaRiP7Sb8NGTR.jpg,392,871,477,552,631.5,514.5,479,75
iECczdCHK9g8aEsePwdLNHgoG=mbE8Vz.jpg,423,910,445,519,666.5,482.0,487,74
iEf_JgzV36F4h81bh5H2Xwx_SvXWQCyk.jpg,440,875,455,525,657.5,490.0,435,70
iEgf2zcovJ2x2Eip1EBBTaogIb9S47I.jpg,437,931,474,557,684.0,515.5,494,83
IESsopKBSrkhogrLXSNDqHHn7TUkac3.jpg,404,810,422,483,607.0,452.5,406,61
ietOnu7UKQju3MtUwmYfXYKDY=FpHN5K.jpg,461,751,456,511,606.0,483.5,290,55
IevvjfY_fWJdkgsMrn6RexRo8rmoQVs.jpg,435,824,416,478,629.5,447.0,389,62
iF2fckBV6tmMkBD=PyO89ScIh4pi3N9.jpg,287,830,506,586,558.5,546.0,543,80
IF7PzBIX=DdMe1121yDv761V6gsJdg.jpg,429,902,469,543,665.5,506.0,473,74
iF8DOb2luH33Q88832MUYebKlSDfx6c.jpg,439,909,444,518,674.0,481.0,470,74
If=LKHsly3hK6VGdOkO7ZUCDH3tNQ5M.jpg,310,833,486,556,571.5,521.0,523,70
IFDRnEK8W5ae=KDUgI=oBUN7u4zVx=w.jpg,396,817,425,492,606.5,458.5,421,67
IFEzUfTbDt8WJ6WWKQyqEY6JYxqjdGmL.jpg,394,968,472,561,681.0,516.5,574,89
IFiUiWO3mCHrkLFVTWB8ppKzRTUunwjo.jpg,412,901,486,557,656.5,521.5,489,71
IFJ_JF_sOUZexOxTmIQcludDpfv1k=nH.jpg,327,779,427,500,553.0,463.5,452,73
IflGfgljxROfq8EwC8BQZcaW4PwBsQ.jpg,349,923,470,558,636.0,514.0,574,88
ifQr7CnFYxIP9yWBH5LUT_QFo23JoEGk.jpg,452,838,441,503,645.0,472.0,386,62
iFrO1ZgcGBWNgwyJfs3UXmOrHEqHpuIe.jpg,331,887,461,541,609.0,501.0,556,80
iFSTM48hJOl_3B7dZH8qB9JWvBE1TsGg.jpg,376,788,415,481,582.0,448.0,412,66
IFvJxewb9cdSmQWxuF6gL4R=D3j4Tb.jpg,444,847,447,512,645.5,479.5,403,65
iFWtUFFH886pXT6jdM1jkLtDvWZhd.jpg,379,906,461,538,642.5,499.5,527,77
Ig4IGIfjZ5vJscqwss4JbmPwTQNZDKC.jpg,386,872,431,528,629.0,479.5,486,97
ig9RHUbkaj9ofQrk2Gzrq=NLFoV_bo.jpg,415,867,465,537,641.0,501.0,452,72
IgaiQowymp_RIiReBGtjnhcaUgehJdOu.jpg,381,821,414,497,601.0,455.5,440,83
iGBjYLaaptmh13nflFmnDo6HY65p=S.jpg,400,872,432,497,636.0,464.5,472,65
iGCGNJ14x9q7IZb5cLMlewEt8IiLk4.jpg,236,1007,544,658,621.5,601.0,771,114
iGkCP7ro=fYBTQc3bfh_PLSYiDWlbdS.jpg,299,757,423,493,528.0,458.0,458,70
IgMcMOEg7yi8w4JaBoq88=6BOYfSHOiM.jpg,407,836,426,494,621.5,460.0,429,68
igvMiUfdG89fP5j156dUObGmkqWHP.jpg,394,899,493,565,646.5,529.0,505,72
igzOLiYFJyE=Km1eLjQysyWcNTPdvr.jpg,387,707,447,511,547.0,479.0,320,64
IH1jGKMxFH5SZfgT3m6KWo6niU9qdaM.jpg,350,770,420,485,560.0,452.5,420,65
ih2xNZPoll=yB7S1=G8L_3TS5NiSNRr.jpg,383,848,448,526,615.5,487.0,465,78
ih73FcSLOLgezTYbYz9vd8P3apJ=d.jpg,489,813,474,538,651.0,506.0,324,64
IH=WC3zOraErT3ndW5Kjm2FDzZ9QcD.jpg,464,847,437,501,655.5,469.0,383,64
iham87ZFdJc1Ly_cDbRCk8b6EG7eYI.jpg,231,1231,734,851,731.0,792.5,1000,117
ihmy54TFNngnoelxqQBCbcidv7ExzBSy.jpg,471,885,447,513,678.0,480.0,414,66
IhONW9OpSWtl4NlDte4HiuPveYFOwr8o.jpg,369,760,452,530,564.5,491.0,391,78
IHx65QD25e9k14=IL_SeYPnnZvKIuQZ.jpg,324,752,418,481,538.0,449.5,428,63
iH_=VkDTpRGtnl6OdYcZprfTX7RJ5or.jpg,364,758,416,480,561.0,448.0,394,64
ii4xU1_FVPBdbTwrzFWSKnCNGcPfPq5.jpg,262,779,478,561,520.5,519.5,517,83
ii8n8w=tSK2tUpgDtCk5NhIDHEFBM.jpg,383,923,469,558,653.0,513.5,540,89
iI9dDEWi3oVHSRGwudnur1GRGXbiblmb.jpg,284,802,495,574,543.0,534.5,518,79
IIjLqbWY3qMlCtZpMLSbqnHYwxxw7lE.jpg,422,830,422,489,626.0,455.5,408,67
iIl1tjNp9V4zxW8wwdmpfsyoCjmRh2.jpg,349,831,429,523,590.0,476.0,482,94
IIN6onvICHeOMdxwnyUNPEBm8J=95if_.jpg,381,675,433,490,528.0,461.5,294,57
IINqsC5mhwjwppeujZydjy8vqlFEGKF.jpg,480,745,411,464,612.5,437.5,265,53
Iir4Dgr_=Qcrt8QM694pkuZojf9W1XsT.jpg,436,773,486,551,604.5,518.5,337,65
iIv3JS3H1ZCD6DH3dsRLl6UEhzUFpL7.jpg,461,801,445,512,631.0,478.5,340,67
iJ8L2TbvGH3_jkWukVB8cFEN2vtBMltO.jpg,352,805,434,498,578.5,466.0,453,64
IjFKHRXYfcQrW292_=Y=lNTZjol1V_q.jpg,266,918,500,593,592.0,546.5,652,93
IjiurmnUGqkXhSpDs8T8UpXofKy52KX.jpg,413,770,444,514,591.5,479.0,357,70
IJK7Iwabsm7dtWBXrqUq38Gc5FqJCGy.jpg,506,788,445,502,647.0,473.5,282,57
IjrsFeLdOkdm3YtBc_8ViQUtxkQIfZg.jpg,355,879,444,523,617.0,483.5,524,79
ijTEszVl9FSmeCNiVPwoMuxnU1Srb7b.jpg,473,778,453,518,625.5,485.5,305,65
IJWXKnvS3=jHqbOZr4FqB6tZnQC14uWo.jpg,216,798,467,575,507.0,521.0,582,108
iJX=ZS99LaI74MIZLpLiI4Lx7y34xy.jpg,393,1017,529,625,705.0,577.0,624,96
iJYvtuDLJHGW1qu2xQP61tNPvMxLv.jpg,324,925,532,618,624.5,575.0,601,86
iKbhWofy3fS7ryCtvNh3rRmq18sNpF.jpg,472,861,439,504,666.5,471.5,389,65
IkdIFhBDS=PImCWnsFOYpGgSPugeZPXo.jpg,352,790,427,495,571.0,461.0,438,68
iKEQUSY7YFoOlRXJIlFEFfONl=5s6P.jpg,462,795,485,545,628.5,515.0,333,60
iKhlLIWJxmaMGqjCck_PO_EjeC5YZPL.jpg,431,812,411,476,621.5,443.5,381,65
ikLIXcYKkanf1woxVBEacEFqUsSDRFpQ.jpg,481,911,443,522,696.0,482.5,430,79
ikLzNeKvhYsIo9HLgKpue9rCBMk8X.jpg,362,866,455,549,614.0,502.0,504,94
iksgm455qgqIHevhLwJP=L6w_CdnGIDu.jpg,432,860,458,522,646.0,490.0,428,64
IkSiHekGTFwTjKFUXmxBCwru5DqfhZTv.jpg,378,853,425,518,615.5,471.5,475,93
iKTnI779Nd7MfoC6N2HFk7iPIv1sf9D.jpg,358,787,419,483,572.5,451.0,429,64
IkVKuTjDPu7yxzIF28CFM=ZmCgDzZrR.jpg,471,889,456,519,680.0,487.5,418,63
IKWSgbLYGXWQ=f4H=xa4NhL5KJjhIaS.jpg,372,651,418,473,511.5,445.5,279,55
ikx=JfTec6chk45vIdWXkoMyyGXxMf5.jpg,312,770,441,513,541.0,477.0,458,72
iKZWsDw7D2BwvifUi6GznRv6sSb1aBb.jpg,351,757,422,507,554.0,464.5,406,85
il7heY7IbcgXCwBH4p4EmktENx=WLl.jpg,437,700,414,467,568.5,440.5,263,53
ILEUr4Xvm5Bz3YSCdI2lLdaw=2WmV9.jpg,324,779,432,502,551.5,467.0,455,70
ILiNOrVPigt=mj7LuP76IBDzxUYq1F.jpg,435,893,430,504,664.0,467.0,458,74
ILOcbKmKVCqYIixvoyvCdilJ13FjSDZV.jpg,339,787,432,516,563.0,474.0,448,84
ILPxMrCiw4j7HdxE84GvkL2CwnvbdtX.jpg,455,925,458,531,690.0,494.5,470,73
ilrUxid=GeSnnNEi7vWImxmeySue.jpg,391,815,429,494,603.0,461.5,424,65
ILrVz2b=Gj6q292YUCyG8_hHmhd3m.jpg,414,821,414,480,617.5,447.0,407,66
iLSx6TGxwrIbTGdsWlxsiMN4QZb4HKI=.jpg,329,773,458,521,551.0,489.5,444,63
IlTBgl8t5VflDba5gGFYRGKI9JO55LiZ.jpg,464,917,434,504,690.5,469.0,453,70
ilwtIF=ZiqCpe8Pvbi6uE=7UjUB_ZSf.jpg,382,923,467,545,652.5,506.0,541,78
ILZDvRkfo1blhlZqBPCybXdkPVVgJTBe.jpg,382,845,438,506,613.5,472.0,463,68
IL_mLDl=vqdaP27GqHmiimVlsxxK14F.jpg,266,784,453,528,525.0,490.5,518,75
im4iJs5II=GONdYuIXoVZBUOEoO_Rzsr.jpg,205,989,555,665,597.0,610.0,784,110
im7vE6QZdcvN23JQaI4_kHnFkVbtrqzL.jpg,410,858,418,485,634.0,451.5,448,67
IMa9HlJH9fD=acpQpvJs4qkg59kPixK.jpg,414,980,505,593,697.0,549.0,566,88
IMe6Dz=x=f4myr8iKpVq=wKH3J9dG.jpg,422,822,416,483,622.0,449.5,400,67
ImH8CyK1alwOLzrsJoY1ZOOZtl9Y==G.jpg,159,1057,584,711,608.0,647.5,898,127
IMICLX6LmbVVXpyeYuCkhnQHoZUY9bOg.jpg,387,836,420,489,611.5,454.5,449,69
Imjp8_NOioDTs3yeO7hjHraRZ=1FOYg.jpg,397,931,457,543,664.0,500.0,534,86
IMmyqwFjjfklvpJXZne2D4EvDkoUEl.jpg,347,994,475,570,670.5,522.5,647,95
ImoHRcBj6M4FWqcXkR2t9WZGUD7EcXi.jpg,347,772,422,492,559.5,457.0,425,70
iMOSKBs=cGMf2cj8sysdlNf3UkMNTk.jpg,147,720,489,569,433.5,529.0,573,80
iMPR8t_15jci5ln5aZ5l18ZUpJyx9.jpg,342,763,423,495,552.5,459.0,421,72
ImPZ=fg_XL2GHCf_o6ErcVzbUw_9HT.jpg,408,1111,562,668,759.5,615.0,703,106
ImS9FrSxTRHUWjMrPTdS6uQDUb2BjeBJ.jpg,415,880,467,544,647.5,505.5,465,77
ImsYwewNvImojuuP=ckhmMbxIK46Fzz.jpg,444,932,444,518,688.0,481.0,488,74
iMU=aRlNIMI4kxX9s3MGICC5HGrtVDf.jpg,476,757,444,500,616.5,472.0,281,56
in1ziZ532ahJuoJzhk8PL8VimuE1taMR.jpg,341,893,457,538,617.0,497.5,552,81
IN6lqCFSX=1wS8S4d98w6oZtEZN2UD.jpg,416,850,417,482,633.0,449.5,434,65
INatYZcpWaE9=xpSo87vC6TjGsnu_pF.jpg,364,793,443,506,578.5,474.5,429,63
InBZRTzMlf=J=MTUeBiSfE2K3P2X6Uyh.jpg,376,920,498,581,648.0,539.5,544,83
INEPIdPFnfXgLw3iLPQwDYkdl8ybzH9s.jpg,425,839,417,480,632.0,448.5,414,63
infc2T4RDv5CBf_tus_CHsXgBriToPV.jpg,447,872,445,508,659.5,476.5,425,63
inKNKRLQw2ZLPlD9NOIsf95sBoa24Sk.jpg,203,851,509,607,527.0,558.0,648,98
iNlLL=f5MPkx_eEkhLpF1MFsS3_RQg.jpg,387,770,412,479,578.5,445.5,383,67
INPdXMiEb4FFWwCZkRsHexFcR3ksij3.jpg,259,845,518,605,552.0,561.5,586,87
INsqHCQUhc_Gv8IcDHt5YzpmFlVQFW_y.jpg,402,803,418,487,602.5,452.5,401,69
Inu_t8vR2SzvTxRUZeKBe2x2yGpITizR.jpg,412,909,486,559,660.5,522.5,497,73
inVtJgQKPKO=Vk11GwoGFN4_QXuaO5l.jpg,372,965,525,612,668.5,568.5,593,87
inXXD4nmHYbrZnl3aHeNXzYyYNivriR.jpg,436,868,422,494,652.0,458.0,432,72
inZbMiWo38XGNP=FMtXY7Xrcny8WZPym.jpg,413,848,429,497,630.5,463.0,435,68
InZZPuel8vZWEaZHoLVIZ9sqV_M7X=Po.jpg,353,738,419,479,545.5,449.0,385,60
Io4a4RN9x7R7Btw2nJf3e_7=XilM8T.jpg,405,843,450,512,624.0,481.0,438,62
iO8VqOFUZnWdPG1sRptQpJUrnoz=m.jpg,369,807,450,514,588.0,482.0,438,64
iOcY4hK44KEVpbvZXgevGrLQF7dt8V.jpg,294,867,472,566,580.5,519.0,573,94
iOFl84u_UbvN9e31dipFX=SxegIIP3g.jpg,442,912,471,544,677.0,507.5,470,73
IogTjnhjke2Nypkgq6wizx1lmRgZBC1.jpg,364,761,415,478,562.5,446.5,397,63
IoihIjJrfQbIHCmLZrwhIg7t4QLWwbX.jpg,402,839,418,483,620.5,450.5,437,65
ioj2xzwjMuZkbNzGUUQspCBd9hWMVn_W.jpg,427,897,441,516,662.0,478.5,470,75
Iom9fPvMIV89nZT6FH7LWZoq7UOh32w.jpg,296,874,492,573,585.0,532.5,578,81
ioMqRIGodzDKwsIB38tjjFIOd4lxhzcu.jpg,410,826,417,504,618.0,460.5,416,87
ionkXB2HPlRv1vF3EjQf6wsCCf8=Y_y.jpg,268,769,434,511,518.5,472.5,501,77
ioRxHQe5IglxEBYXVUsB2qsCRmM4kRiE.jpg,413,830,415,478,621.5,446.5,417,63
IOvOJYutS8iRPdjmLVKgCax1hMtLEVp.jpg,426,903,427,500,664.5,463.5,477,73
IoW5dPdZ=Bj7NknX4eLGUs3o3q_s6.jpg,468,850,437,502,659.0,469.5,382,65
Io_v6VYZ63c9fJd9lyYgsItjfdWJj5ba.jpg,445,876,420,491,660.5,455.5,431,71
iPfeMWMfojLLDMrjK1Xi=dyh_X6BsjEm.jpg,343,746,421,489,544.5,455.0,403,68
iPhgb2G_MxwxEjfTyh9Je6HjZPwp5lKV.jpg,313,859,462,554,586.0,508.0,546,92
iPi36PCGf6ICbrZUTVjhxucDQdKVXnE.jpg,388,806,420,486,597.0,453.0,418,66
IpKEt3VzaPhSbaraVJIhWd6eitgIZDx.jpg,394,878,435,511,636.0,473.0,484,76
IpKOY1WwucSEth69SBJy5mppGXf7y5=y.jpg,529,914,409,472,721.5,440.5,385,63
IpNM938dx_JTQnrWIV8=iP7FXJrHo.jpg,434,854,420,488,644.0,454.0,420,68
iPPckIUrn_XQX_dn_oGsnlaQ1vKFbdnB.jpg,271,782,456,529,526.5,492.5,511,73
ipqGTTxiwqdrM8p7=47LaC5jSYkfRG.jpg,419,770,486,551,594.5,518.5,351,65
IPSeWLZLhGlqKY9dnBFzfsKulL9Df=x.jpg,387,811,528,606,599.0,567.0,424,78
IpvSuo1UyOiMbiV2gOlHkGeyWPTrhMr.jpg,396,921,485,576,658.5,530.5,525,91
ipVtgea8iP8tIp=NEEoVYJqsLpbcpV.jpg,361,826,438,520,593.5,479.0,465,82
ipwV_vtnlWXSKGXmi7j9UgT6wIprU_e.jpg,400,824,425,493,612.0,459.0,424,68
IpzJ9gWj58vZI8ROCawF_7o187ERGZ=.jpg,321,752,419,484,536.5,451.5,431,65
iPzTl_kr27xpxXcZeaaiHTiDgonm3aIE.jpg,464,859,407,492,661.5,449.5,395,85
iqFuM_thS7V=TW51kSu6l61e_S6psaHZ.jpg,393,805,420,484,599.0,452.0,412,64
IqJNBagQzx2HN=MH5Oxogwp_z=sQqnk.jpg,415,903,439,515,659.0,477.0,488,76
IQNkqCOFKr4ZlFVtG32EXOm6oIrWTE5.jpg,446,855,449,517,650.5,483.0,409,68
IqPiLNLrRbG_49oy2OIlZ3Px_eF5j7n7.jpg,296,809,452,527,552.5,489.5,513,75
iqPPsxHMyIo1b1X4F6wu5d3t5zXSpT.jpg,285,765,437,514,525.0,475.5,480,77
iQtdaD9Er8EqQcyGEOxbem68RMNF1JX.jpg,344,810,425,495,577.0,460.0,466,70
iQUb5qTmW3btfPy3eL6hk6a9CwG1JnaQ.jpg,422,920,456,533,671.0,494.5,498,77
iQXnHOwPokjmqkagnkZtCXaTjdsLGQ.jpg,452,853,417,482,652.5,449.5,401,65
Iqy1hh1j553vYLdif9_H9iRT7_l4TpxF.jpg,331,787,430,503,559.0,466.5,456,73
iqypmmQWVnjMbE761YSL=xGVKGYK9zN.jpg,456,993,490,568,724.5,529.0,537,78
iQZPCKVdqT53g=PLTaOYeMHlZ4bV847.jpg,390,705,442,506,547.5,474.0,315,64
IR9uN_g4M1WPraSb=QlmgnTQnhFW_XNF.jpg,419,820,417,482,619.5,449.5,401,65
iRc3lCMYKbmzh8IYMS5Npv1hLS_o=V_F.jpg,369,820,428,493,594.5,460.5,451,65
iRdeKtgNlHWicFbHeYvWEYLI2s6fneYt.jpg,413,789,458,525,601.0,491.5,376,67
iReESq_DU1662DvtC15gYddV7J8_krB.jpg,432,858,415,479,645.0,447.0,426,64
IRjY7RB8k4kTrJbHvp9S4tiDVjaTPyzN.jpg,332,682,461,524,507.0,492.5,350,63
IRLRmJHTgz5LCN5JpgOWt1vyYdM8ZgwF.jpg,389,822,432,494,605.5,463.0,433,62
IrMOIQ9MtDDpnss13Nz9hkFLaIZRMqt3.jpg,421,886,467,542,653.5,504.5,465,75
IrOYGIWfREny9qcGChUlq3Si_WQ_rwT.jpg,402,676,423,476,539.0,449.5,274,53
irtuNshmTuyJ85f=X5rGps=qbXN6oX4.jpg,361,840,442,514,600.5,478.0,479,72
IRvVWf_aoPhFjkWENR3l8LmqwZnM3P2U.jpg,329,1046,505,657,687.5,581.0,717,152
Irwi1ywtYWV97S12v2CnjqEqqWMbDC.jpg,369,986,546,634,677.5,590.0,617,88
IRWnROsINIiOmbcXwxh4U7v75NK66WW.jpg,401,941,468,549,671.0,508.5,540,81
irwPT1=XjzdTCoOl8Rbp_QUhMKaXrIJ.jpg,420,710,432,487,565.0,459.5,290,55
IS7_qDl=3hTXB34VblTqbr2=x6jtmd.jpg,450,1003,461,551,726.5,506.0,553,90
IsBxEgxKisDyyk57mlHI_nW93RrQ3p9Q.jpg,512,835,444,511,673.5,477.5,323,67
Ise3qNscrHo8C6_8v4wIVw871CC34wta.jpg,386,872,464,533,629.0,498.5,486,69
IsqlwykcxVHCItk=x9uqf7harP1vjYW.jpg,424,990,515,601,707.0,558.0,566,86
iSTGaEBwLZFebjJozSzxKNuoBR2oTh15.jpg,468,787,469,529,627.5,499.0,319,60
ISTsDHPJ6lqdvW4RL6TJlHpFtrU9XCm.jpg,283,745,448,518,514.0,483.0,462,70
ISw2I4EVolf9Mvo=k17MXN776VZRx.jpg,443,822,416,478,632.5,447.0,379,62
isxaNxgFuTW1=fRqfp62Wsw5PyURZd6.jpg,407,811,418,482,609.0,450.0,404,64
IT3qr89R5C2wFTCP51MM=IIzu4BtbcjZ.jpg,207,987,548,655,597.0,601.5,780,107
It7LRbB5tCyt8X2yv8G97Jmi8p9gtyG.jpg,453,716,418,472,584.5,445.0,263,54
ItBXm5oHb7wyu4vSkbMSomb_ooSi53TD.jpg,271,764,448,544,517.5,496.0,493,96
iTDCpuH8fKtTZ9JOHMncZLrrNNvI8v.jpg,405,804,413,486,604.5,449.5,399,73
itEeRjIJ976IPKswvhqdv3zWXVXoqCY8.jpg,400,898,490,561,649.0,525.5,498,71
iTeVJ321h_KsGVdgG=iBwmOegQIsUf4.jpg,420,870,433,503,645.0,468.0,450,70
ITFB=6ob6iFGOZGp8_oupPRs6qbfoNT.jpg,360,932,460,564,646.0,512.0,572,104
ITOSF_IBiJEoceKM556e2bXXJvGhmM8.jpg,356,787,417,482,571.5,449.5,431,65
iTpts6JHJDXlRn6WsMg8eoxpJqpbWPo.jpg,469,772,460,522,620.5,491.0,303,62
iTQxiCRHSInYU_SitEFVkBVmJtSRPZ3.jpg,419,974,506,595,696.5,550.5,555,89
itSHpQ1gZyIM8NrGngDyHvJ3sskOcR.jpg,410,912,491,563,661.0,527.0,502,72
ITSJrNdUxaPQJOezG7PL3GRHOstVw.jpg,445,848,416,502,646.5,459.0,403,86
itTI6f5dNHm4Y6W89tLCozkoqVEi6Sb.jpg,384,797,421,486,590.5,453.5,413,65
ItUNhknDVjjn_6x4FadXQtBomgKRSw4.jpg,376,737,473,538,556.5,505.5,361,65
ITVa_t1vKPF6fQsscsgWHazIC5xRllvN.jpg,264,814,461,543,539.0,502.0,550,82
ItWgiheiHD5GSiuMxeK6pNBz=Bznzxyd.jpg,372,813,431,497,592.5,464.0,441,66
ItZao19hkWmN6NE5V7m6Xi1rzVdnUk.jpg,401,736,458,525,568.5,491.5,335,67
Iuf7omfw2_oYPKotdb398Uob8ofN3ImL.jpg,474,891,420,488,682.5,454.0,417,68
iuGZeWCYJKJQ9nKbqnr7LHfKyZccvZe.jpg,417,805,414,479,611.0,446.5,388,65
iUmS491D4L8TEzRkezbyZPFakLek2yd.jpg,297,957,503,607,627.0,555.0,660,104
IurhkrhDb7oBJ1MOSgtG4ejrHw3bYp3o.jpg,449,857,413,482,653.0,447.5,408,69
IUS3SojXoKMWynU_Bt3XviqmfobCkx.jpg,371,891,501,579,631.0,540.0,520,78
IuuFpQgnmQHyiYi9XygIISSeIgo3awGv.jpg,276,787,489,567,531.5,528.0,511,78
iuVB41=cUKBpgnWTha56uxuLhtjcQrs.jpg,310,736,441,509,523.0,475.0,426,68
IV11RLZkDoCJgyTdfdSYWdi65IW5d.jpg,96,1231,693,847,663.5,770.0,1135,154
IV3f5DhzrTeXHBk125QsBO4sMR1nlP.jpg,475,885,423,489,680.0,456.0,410,66
iv5trwmCVJZnKce_84pvz5nJ8ujNNGv.jpg,378,943,473,561,660.5,517.0,565,88
iV8rY81OhJ3M8goIqJB7s_HG=wzmDZc.jpg,369,851,434,522,610.0,478.0,482,88
Iv=FY8F8b2lXiz6Fhu7w58WkffrT41Sj.jpg,407,1056,540,636,731.5,588.0,649,96
IVbtO3RLz1_UUgTB7qDF5tkfsk=W.jpg,489,787,422,484,638.0,453.0,298,62
IVfz5KwwPgTaO2UZWkg3OXQvNTQxwPg.jpg,406,896,489,560,651.0,524.5,490,71
iVhSVF6ZbtqN74y7tcUI3RNemX7sHq.jpg,311,748,427,498,529.5,462.5,437,71
ivJCczOxiZ57THhCc68ZZQdpSJ37Mz.jpg,348,851,436,511,599.5,473.5,503,75
IVk69SuhMCBklNcQY5Q265YeYLuzH7a.jpg,395,818,415,477,606.5,446.0,423,62
iVn1wqYNLfj24PeCo98GPYgV8CCTqfP.jpg,294,824,456,540,559.0,498.0,530,84
ivNQ=drd3h6l6huPwMEJL355njfz=N.jpg,467,941,431,509,704.0,470.0,474,78
IvOENscugCqJknjZn2KBQIGYWCherTV.jpg,410,837,419,500,623.5,459.5,427,81
ivQ2URr_pxk1HnoURu6xCssN5Q2Xtdi6.jpg,452,855,415,481,653.5,448.0,403,66
IVQ5wOgbSBzPtyvPdOytgLdy9ymLYNq.jpg,411,916,492,566,663.5,529.0,505,74
iVuGsFkWacTYP5PkZjDzluEOfbfZzVFR.jpg,240,995,468,580,617.5,524.0,755,112
IVUP8QRtCTUZx4zPGi2RygI4xJq_WS9z.jpg,433,714,428,483,573.5,455.5,281,55
IvwLhJy3HH1qZKbJwd4BsVMuI4uhJC.jpg,290,766,431,504,528.0,467.5,476,73
IVwltXEQQhuErByFGO9u4hpfgkzcT6hc.jpg,363,889,454,549,626.0,501.5,526,95
ivx7zxSWhSuhJGVg7Pc9TnXuz5WjXSiR.jpg,444,787,458,521,615.5,489.5,343,63
ivYByRcnKfgEpE_ZKpX6zFTkVW=Qft.jpg,434,838,420,486,636.0,453.0,404,66
IV_62RS6ssLO=qYUvH18HrOQ2pybmJMc.jpg,425,716,430,488,570.5,459.0,291,58
iwamECIRXojhLIpsKKCEsYCxBnoZJKu.jpg,388,817,425,494,602.5,459.5,429,69
iwCjXIbTisDVh2J1IETkfLEfZpY9pwel.jpg,257,698,536,619,477.5,577.5,441,83
IwCM41J=eOB7yn7mYyRiKQ5_YGiRTKg.jpg,386,820,426,504,603.0,465.0,434,78
IWfXkni9M9GMwoqdLepfikHhSIIn.jpg,476,828,487,553,652.0,520.0,352,66
iWhoEh6GqMG3G4H2o1uYwpsrGyv13mhe.jpg,350,778,427,494,564.0,460.5,428,67
iWJNvy9FYcXGnXFUKtVWwR6B_K8V2rX.jpg,372,919,502,582,645.5,542.0,547,80
iWjXwDNFxlvrPEQD_UqXTHdBjc8Vlw.jpg,421,961,456,540,691.0,498.0,540,84
iwLmqu5nXP=kkfYnb3VQzdrIU4FUa3r.jpg,374,899,458,535,636.5,496.5,525,77
IwRRceJBO2pFTT7u2OYaB1e5ZsGZcdd.jpg,132,754,485,570,443.0,527.5,622,85
IWtcI3rsCgi18kZNOTWtTl3En46RvJ.jpg,427,902,469,545,664.5,507.0,475,76
iwtDHvzinr6x37Jb1dnDtMBeIvfpLOeR.jpg,426,936,494,569,681.0,531.5,510,75
iwTf8iYQF2reno6bbWaZYWgwzyuc364t.jpg,404,826,441,505,615.0,473.0,422,64
IX6mcnJli6MQgl1sXztwHLm7YTiJJXVO.jpg,461,839,504,575,650.0,539.5,378,71
IXb4BCepRnRUt6SeKt4J3esw3qLurmd.jpg,402,840,425,497,621.0,461.0,438,72
IXBiZV_DTR3RQQOV=EjHMlCzowrXSkRF.jpg,420,842,449,515,631.0,482.0,422,66
IxC=minz93xsLzjWjhFV5zInf_xYPz3X.jpg,478,793,463,523,635.5,493.0,315,60
IXe_6cTpJL=1JSdgREyO1whEneQXxwo.jpg,357,651,424,485,504.0,454.5,294,61
ixIukXnXdd9RvLHsRCrMgV2fTwhVtp.jpg,311,891,483,564,601.0,523.5,580,81
iXO3ogm8PdzG25xaUQdp8Ira53IdzQjY.jpg,133,820,556,646,476.5,601.0,687,90
IxqoqSYWouaLYdd7J8=bYB6aCSHeaC5E.jpg,349,702,489,556,525.5,522.5,353,67
iXtrHBCwPek=xPQQaS17ff5QRVlRo=8Q.jpg,415,790,436,496,602.5,466.0,375,60
iXtrUmC6xxz4sdHqSqwlfOdpTTn6dY6.jpg,454,879,422,489,666.5,455.5,425,67
ixTzCaOGw48YRbMI_xYNoMQ5cUo2Yi.jpg,357,944,532,614,650.5,573.0,587,82
IxUp4myw5e6YDH6jNocwvtCE9yC9JM1.jpg,411,861,420,487,636.0,453.5,450,67
ixUtG8Dfb1kIGB8fGIxccQL4IgNKoYUu.jpg,430,862,425,494,646.0,459.5,432,69
iXVMHSpPRHPT7aRtkrmGWGfCgxGVVaj.jpg,411,817,414,485,614.0,449.5,406,71
IxWyo8WqPyH1odeTGDciWVs=cQTpHSY.jpg,305,861,466,564,583.0,515.0,556,98
iY1QVZETyOUofZ_2MfTjRFqYkBIXl.jpg,474,809,476,538,641.5,507.0,335,62
iY5YuqpVhSsZT=O=fPv3hp3hy6vsmgJo.jpg,315,915,459,548,615.0,503.5,600,89
IydFXDjFOULiux6U6Biz77HzUyaB6Vv.jpg,378,823,420,486,600.5,453.0,445,66
iyIMvMNrZh=FuIDXPnmgUOvgtEHdjyNR.jpg,506,917,415,481,711.5,448.0,411,66
IYo64nqEkjCLV8lms14LMtX1494aq9U.jpg,387,856,428,500,621.5,464.0,469,72
IYovdEB2DMWvJvmhM9Na3MWixVp.jpg,422,859,448,514,640.5,481.0,437,66
iysyt7rjHppu3bgaUka97zJzPiZ2eYaQ.jpg,255,902,544,643,578.5,593.5,647,99
IYUj2_v7ZLmSxhHb4CFZlbYtOzVlf7Z.jpg,438,853,418,501,645.5,459.5,415,83
IZBGvoSYOhvja4fLKJB71ODgaKoOnBB.jpg,307,858,490,575,582.5,532.5,551,85
izCO3utrO3DUPucXqFGC91adoKsJqWz.jpg,407,856,436,503,631.5,469.5,449,67
iZe6CiOzc_hj=Rls53vOfTxZeUzaGw.jpg,353,914,469,546,633.5,507.5,561,77
izEX7m8eg=5S6ZsKtZOWjaFa=JzdVNCh.jpg,376,897,452,532,636.5,492.0,521,80
iZFZWsz8QCZxBDwqKuIEn6_bmKbmXX2G.jpg,211,1108,572,703,659.5,637.5,897,131
iZQsOF5fOR8=q=SgbPwalurKs6_TJWHa.jpg,382,868,443,517,625.0,480.0,486,74
iZZtanZVlKeO2mD9rNyMoLheXkkqrow.jpg,480,781,458,514,630.5,486.0,301,56
i_99xx5kVBIiV2ujZWQVSPd_qeNl=a.jpg,441,935,442,524,688.0,483.0,494,82
i_O_RRCE7GlDlko3t4kg9ml7aw8bF.jpg,418,915,434,508,666.5,471.0,497,74
I_y4=qErf=HXdMZpWkHDMillXoKO7iE.jpg,398,817,421,487,607.5,454.0,419,66
j1iTd_XKu2u3dBZbPNU7ZLnjC=jo7=U.jpg,389,840,421,490,614.5,455.5,451,69
j1nKquhGLqzE4P9GIpqlLxojsVrPjTp.jpg,335,745,420,484,540.0,452.0,410,64
j1sBZF1fWa_rxQEUEElUfejwt=7HUB.jpg,95,846,520,664,470.5,592.0,751,144
j1Wnh7tbNboBlSUFOcMvmIlW2UaPSN.jpg,409,874,441,513,641.5,477.0,465,72
J1yF7_q2KHSgIJ73kXi4i1hTQnerdGlr.jpg,365,791,426,492,578.0,459.0,426,66
J1zb7zCdy9k74yXJGXotIQeKJhB7vkWW.jpg,398,676,428,480,537.0,454.0,278,52
J2aUq2wI=oZyicKsPvunMnXbX46P5=.jpg,434,829,440,505,631.5,472.5,395,65
j2IMqKFWqG_eazatBlfsuRrqUSkGy1.jpg,382,916,452,535,649.0,493.5,534,83
J2ip=RSdvTmNDIY1M_ambFGx_a4z5TJB.jpg,402,796,414,476,599.0,445.0,394,62
J2mmtJZreosEGGMZ6vCv1Gf4MnpdfUe.jpg,355,678,452,513,516.5,482.5,323,61
J2NsnB1x3PEXaQEeOmrcYuiHHa96O5qq.jpg,303,818,485,558,560.5,521.5,515,73
j2nZ6Wvk6QOMx8iOagkiJuDDkbibfEI.jpg,436,860,443,504,648.0,473.5,424,61
j2VBoWPESZ6JQ1BBwZvmNkrGjSlgXm.jpg,310,749,432,501,529.5,466.5,439,69
J2x4MVwxsLPdfbXsQZaMwYpKtGL8t2.jpg,370,967,487,577,668.5,532.0,597,90
j31cvYIsdRUCeCnhaXtO2WG5RLlv9.jpg,493,762,421,475,627.5,448.0,269,54
j31nvIXUGGvBWwFJvcwivf3zKnKPkB.jpg,423,743,447,509,583.0,478.0,320,62
j3k=kc=1wEiYEeIGDz5L9B1ykzLGtVI.jpg,405,892,464,545,648.5,504.5,487,81
J3n=jFSMYodeEaXSCvc5ZorNeOplViuh.jpg,407,913,431,505,660.0,468.0,506,74
J3T4_2S8oQmLw7CbRwydnVm2aexjtQ3T.jpg,255,709,455,526,482.0,490.5,454,71
J3uvbDom4ORv994_3nFrclOTLj3qlB.jpg,310,662,487,552,486.0,519.5,352,65
j3X_SMDTUnc7ttN_GNdgKlmimzlOT29.jpg,523,793,438,493,658.0,465.5,270,55
J3zEiqUQrrnV5i59InDVTqlQYmPcCcvU.jpg,443,959,457,535,701.0,496.0,516,78
j41fOly2WLWpVlmCNPawVyHTalifL.jpg,333,889,491,578,611.0,534.5,556,87
J4HRalSpTNSsEaF1fv3T66RS1QU6FO.jpg,410,933,490,566,671.5,528.0,523,76
J4i3KKrzVm4UExpsCgdqOv5l6LYZXsv.jpg,451,914,470,544,682.5,507.0,463,74
J4mNsVT_gZFxgJuL2Oa=uUbJzvC6sj8o.jpg,385,814,432,504,599.5,468.0,429,72
j4Ne6YXvMjFr_rFpcjhCeB8jwDWOZHLq.jpg,366,827,431,521,596.5,476.0,461,90
J4qrxak1y94FCIgfq5u8amjx4F=MKrH.jpg,484,884,441,508,684.0,474.5,400,67
J4wwlqGvEs=JmxFHHCPzWljs5JqhZhU.jpg,407,870,421,490,638.5,455.5,463,69
J4xQmYPF_7ylL4Zq5OfbxujFmHHI7feh.jpg,333,796,439,509,564.5,474.0,463,70
J4_DMGtuzeie6TrceJPOVlmB3sNsvP.jpg,230,1031,543,653,630.5,598.0,801,110
j5592K_3xF38LUIRjdQhhQWEYduBFOV.jpg,421,849,421,505,635.0,463.0,428,84
J5=Mp8cBVw5khbbv6qxfozJozh9vZ6e.jpg,384,802,419,489,593.0,454.0,418,70
j5DXI7fdggPq8SEhzrpYsEmYizC5etvP.jpg,417,914,480,558,665.5,519.0,497,78
J5fFmhR5XYjYLynjhxh15rMV1tS8nn.jpg,422,856,454,527,639.0,490.5,434,73
J5JbUeTOqCmuB1rr55QYC2hWVC_gmXKC.jpg,412,828,421,488,620.0,454.5,416,67
j5sQBr1ifHU7lDuwzq6IMYrf8soi=rS.jpg,407,914,447,526,660.5,486.5,507,79
j5thNiCf43UvWPqeK6QcdDWy3SrwJpef.jpg,424,799,478,545,611.5,511.5,375,67
j5Ydg_Jv=5Btot9LvrX3j3vfdSNM6lu.jpg,414,914,447,522,664.0,484.5,500,75
J67fea6vzlUJ=qkH3dokQuBdvEMVit4.jpg,481,890,415,482,685.5,448.5,409,67
J6CTbHZUK7i6lB7aVWDN4MLVayDNsHOU.jpg,452,778,476,538,615.0,507.0,326,62
J6dKylG_CUo9wPT3Di9r9=JYz_bMlk.jpg,432,898,440,525,665.0,482.5,466,85
j6ghvtxTlqymVtNENkhDuuBiCPqg1R=1.jpg,392,954,453,535,673.0,494.0,562,82
J6K31FKMzumWpPfuXlcC3SpN1Mkvpw_.jpg,481,886,445,515,683.5,480.0,405,70
J6keKlNx8YxfI7vPZjI6vNHehRphMa.jpg,414,845,416,481,629.5,448.5,431,65
J6Mi2nnomG3MmU74zwwhpkpwQ9HP7mE.jpg,353,748,418,478,550.5,448.0,395,60
j6rbFy7DIDzr4vsRGpkIqa5JVK_65.jpg,271,939,506,622,605.0,564.0,668,116
j6XXc3tWj8xjMOIxHpQxsuZ7k7NpMerY.jpg,562,867,454,512,714.5,483.0,305,58
J75_l15d2qUgoPehDKQZuryncTGnviy.jpg,312,798,427,504,555.0,465.5,486,77
J76HQehjG245WkoHtJYE137LIBPfuzq7.jpg,86,1231,753,894,658.5,823.5,1145,141
j7E7vQbhS7v4nPuCLafuaRWuIU9p5KO.jpg,387,897,491,566,642.0,528.5,510,75
J7Idb3xWlLGQpl8GUruTcnuYH=mrFUM.jpg,516,959,421,503,737.5,462.0,443,82
j7m7E3RdYkkJRdGuZID17IqKxrnULM_.jpg,441,880,507,583,660.5,545.0,439,76
j7rcZV8IE7claj6KJKK6gP9WyfO6sn1.jpg,447,719,439,492,583.0,465.5,272,53
J7vePlnZURM29aHOh=T7uc7US=Uy=Bu.jpg,417,812,413,476,614.5,444.5,395,63
J7zqhPxM5VFfFzxa3H8xOaNPXys8TXW9.jpg,334,753,415,504,543.5,459.5,419,89
j85yVoVQNYt9UZoohDTvVcszndx_MMmM.jpg,385,878,451,526,631.5,488.5,493,75
J8LjIHdf8=GaomB4TS=yDxu4MpbQZh.jpg,372,830,466,535,601.0,500.5,458,69
j8nPsSb=6j=KlYY5FtzabReCiD2Pw.jpg,422,896,449,522,659.0,485.5,474,73
j912bRUHG9kElr_=ovCuwEOIowPEsYH.jpg,325,813,458,532,569.0,495.0,488,74
J97VmmdMQsb6fOWQ5n8cjkvqPs8ZpZv.jpg,524,819,445,502,671.5,473.5,295,57
j9ax9GsKyMinf4mL6hbT3ngzVZ2iTHP.jpg,397,808,421,486,602.5,453.5,411,65
J9D7zSdUT_Cz182p1b_erCsWJ==UnDhb.jpg,389,869,459,530,629.0,494.5,480,71
j9eN_Fz64ymsy_VZEe8YVZYeUhWyF1hG.jpg,443,945,490,565,694.0,527.5,502,75
j9hruww3hV8eQ=MqOCbb6sZgZD8q1iZk.jpg,328,739,421,487,533.5,454.0,411,66
j9KPuWBtFdHkEyy9Sd7inLq_POmIyJl.jpg,318,975,507,619,646.5,563.0,657,112
J9lztN5Ftz6bURvjJMboYt219XnmzhB.jpg,276,761,441,516,518.5,478.5,485,75
J9UnrHmw4i=te2SRr5XKbjVIlrjgEDP2.jpg,454,753,437,496,603.5,466.5,299,59
j=2kq1gHmNiqzTjafo5Tfly67jehtG=.jpg,275,968,563,662,621.5,612.5,693,99
J=54zjTKI7VD17diScQeLL1Ecvc_=aH1.jpg,413,950,468,562,681.5,515.0,537,94
J=9OKQR_WIiOF2tfDeSMFnioCHKIiFn.jpg,272,1093,572,700,682.5,636.0,821,128
J=f=9QN2DT5_zsdk_h8uriYd65Ls.jpg,403,868,431,509,635.5,470.0,465,78
j=g6xPuiwLgZ5bERpr7PdT3fCSWP4OdL.jpg,474,854,509,580,664.0,544.5,380,71
J=HknoCrs4pXTtDebFCu8U8j1xJ9Zaff.jpg,225,837,497,581,531.0,539.0,612,84
j=tXQzDgE9cG_qEj3fWRu2VPRh5plyYd.jpg,367,824,423,488,595.5,455.5,457,65
j=ut3dBNH82sX2uOygxp4dQ9pQvZnRZ8.jpg,468,745,444,498,606.5,471.0,277,54
ja8f55usoaDKJxL6MrJg1=CktTNbG.jpg,419,851,413,499,635.0,456.0,432,86
jaNkslwMLDjCVvIvDGOSWlYV4iHCahB.jpg,326,871,466,565,598.5,515.5,545,99
jaOnRwJnkikLwhvGif4Sz5HrWZULI8.jpg,374,792,423,491,583.0,457.0,418,68
jarQFQKkhyxusuZijTuX6zeunmOn38R.jpg,344,863,458,550,603.5,504.0,519,92
JatF8BcmGNWHzaGDgqSpIbRIG2wtC7U.jpg,393,748,489,553,570.5,521.0,355,64
jaZ5f6mt87od3C4SjJhUgLYT9TLI6Zt.jpg,251,746,460,530,498.5,495.0,495,70
JB9WvPK6MiEjmUfDIT9uftxviwD3REoc.jpg,512,1004,460,543,758.0,501.5,492,83
JBcG9JaiyLBphtkxlu6euWFdqdocxpC.jpg,362,885,443,520,623.5,481.5,523,77
JbDUgS3FLo4xCcymIMk=gFsdZGm_6D.jpg,355,875,472,550,615.0,511.0,520,78
jBgUSnnSrWGSywcnfrFXI9f6WvW6KQQ.jpg,380,871,446,529,625.5,487.5,491,83
JbI=iYUDsa2_MORrD6bJxLfnyngo.jpg,457,900,430,501,678.5,465.5,443,71
jbiEMiiuDWv4cMQ1WQZm5UJzCHyp.jpg,409,999,478,565,704.0,521.5,590,87
JBkloH9Qr3kP3cLS5kNa=I6uNnQnz9Jj.jpg,424,893,424,496,658.5,460.0,469,72
jbLckcby2k=Slq7MZsVyM=twd6Q7_9f.jpg,439,722,446,503,580.5,474.5,283,57
jbrOrIvn93STEpRDoiLGSQtnE5L_O.jpg,424,789,488,557,606.5,522.5,365,69
JbRX5__bFdsuhihtkc6iSFYY1bwi9hT.jpg,501,824,468,529,662.5,498.5,323,61
jbwYBxjfMym1hrGdOGt7l2WuBDaErFgm.jpg,373,823,426,492,598.0,459.0,450,66
JbZMfFMSYfxKEPJzi3XqSmTpkGPqZi.jpg,318,751,420,485,534.5,452.5,433,65
JC1xM7d8WfKaIJOulJnMGCq3ypL3XBtJ.jpg,350,884,498,580,617.0,539.0,534,82
Jc3hHFMhYsDSOQy5rRgZC5P_urEJXria.jpg,370,838,450,518,604.0,484.0,468,68
jC9l1zIjejmJ=Nr=lmQxFKJnLChF.jpg,364,780,421,488,572.0,454.5,416,67
jCagoJrHz85UrHWU4bgT3jvwZpf7_l=.jpg,397,897,441,536,647.0,488.5,500,95
jcaWY9itwakfC1bbuUJ8OvBTCMpkW_Fb.jpg,490,808,469,530,649.0,499.5,318,61
jcF7M_NN_d_5u=1zX6=gwNMcwpVOD.jpg,409,888,437,513,648.5,475.0,479,76
JChVxtn_r8NaRoV2tnwjGtlQ71HKg.jpg,423,831,422,486,627.0,454.0,408,64
JCi_E4_dTrl=VoexzmBbHeoUec4Eo=l.jpg,386,830,432,498,608.0,465.0,444,66
JcKvSHcc9tkgPTiW4fPvBnLlgB1EqKU.jpg,447,806,437,507,626.5,472.0,359,70
jCLbkdvlo5NLXxh_4R_tCN=QVUOcogt.jpg,373,669,435,494,521.0,464.5,296,59
JCnJiHoEztbG3hDZZPYZ4STEpgIdHFdz.jpg,311,759,430,504,535.0,467.0,448,74
jcqugs6UuD1sEDE9ugWg2KYJWvY57k.jpg,341,772,430,497,556.5,463.5,431,67
jcVMMtlHZPJnlaP8dr6fqNJRJFGsFJ.jpg,387,841,459,529,614.0,494.0,454,70
jd1HLHk8d6rxcbSP1tuH_P=pT2I_xax.jpg,466,877,442,514,671.5,478.0,411,72
Jd=K2JDbpf3_i5CBsyIqfeLNa_baqQTJ.jpg,344,815,472,549,579.5,510.5,471,77
jD=T2gEphJheYMEra7gs=rZnrFhJjo3.jpg,412,975,514,597,693.5,555.5,563,83
jdDwotSS5miLCg7Mw6UPekYfKDdoEcp3.jpg,318,891,474,564,604.5,519.0,573,90
JdgJP5ZCtyRsU25WCzNhV_RXagDVPQc.jpg,236,874,492,589,555.0,540.5,638,97
JdiN_=kWulT4i8oq4zSLy9imS8YQoPoI.jpg,353,794,420,486,573.5,453.0,441,66
JDLhY5sNBW7gKMlxEMQSbdIBWofKnD5.jpg,450,804,449,518,627.0,483.5,354,69
jDLVsKgcCEmlL6YIXDS6kp_ii7ffL6Nn.jpg,463,931,445,517,697.0,481.0,468,72
jdNNcX2wTxgKNsmtaBH2Mw1XgZ_JOijh.jpg,371,941,472,555,656.0,513.5,570,83
jDvE2qyzo48JQoCl=7trbXUTyf2kxn8y.jpg,460,917,452,532,688.5,492.0,457,80
jdvundnh=zb1fUGkjNPr2lXLJ62ab5.jpg,456,797,442,510,626.5,476.0,341,68
jDZH_QsWc54x4MUsl9yZPwW1UYBiHh3=.jpg,423,897,431,509,660.0,470.0,474,78
jdzsiZrRYXrc3=nmihUNiotwRXakpKH.jpg,356,826,482,549,591.0,515.5,470,67
jebu5DE_UdSyY7S4j4K1KD1ctE_ZM3.jpg,244,799,463,547,521.5,505.0,555,84
jEbWcTP85LSa9xKhq5SUGY3MRc=aGV.jpg,438,870,427,494,654.0,460.5,432,67
Jedt8ZlkoggPj3KOGIoucNmYODwLtrZ.jpg,536,804,420,473,670.0,446.5,268,53
jeeoETInvb_2I84a_lc6VJqr9QJJTG.jpg,375,684,439,499,529.5,469.0,309,60
jeGvoewv143hZJQPyhoES3MJP_EdNHj.jpg,443,765,448,511,604.0,479.5,322,63
JejlWSKhiuK8HyzkXFDELKSDGIdxZc.jpg,198,935,524,631,566.5,577.5,737,107
jeniDaFDiy=1VRbtsHq7tW5lBUTKZ5=q.jpg,422,869,430,499,645.5,464.5,447,69
jeONtgZByH_Ihm5c6maYaG2HHOvgR7l.jpg,364,770,418,481,567.0,449.5,406,63
jEZp88YqcyI2cmcP2rYSfrpU9x3e=7hB.jpg,395,831,424,494,613.0,459.0,436,70
jF2VrB9WEGbC3RTq_hYqrUzbZwt6yo9.jpg,435,858,425,495,646.5,460.0,423,70
JF35D_8pLgu2j=tcRdnV4DI=TxVp4hNj.jpg,449,879,425,496,664.0,460.5,430,71
jf4TEOM2G=y9bpcntI7y5bpsWpNpoFQ.jpg,435,711,421,478,573.0,449.5,276,57
jFBQlKgycTbm8UV5c9Sgk2Qj9t5uEH.jpg,326,748,422,488,537.0,455.0,422,66
JFea2JQ=G1Jo5Ru5ZOoThuxOZCbtLRJq.jpg,539,868,463,525,703.5,494.0,329,62
JflWqYgF1UlxMPp41ui8K9q7fzl7jghn.jpg,436,716,421,478,576.0,449.5,280,57
JFoF4G7W6exfouaNdpp1b95G2rjEyM.jpg,301,781,432,503,541.0,467.5,480,71
jfQanB=n8d5jYd45qokUBB76y73IUMO.jpg,469,906,455,526,687.5,490.5,437,71
JfUYJKSMbovppBJGvuZJzI6u1RQcG14.jpg,387,903,485,567,645.0,526.0,516,82
JFWVLLD9gDXvGgbt9v=mMullQmFU=G.jpg,228,963,517,627,595.5,572.0,735,110
JfxC=i1PgswF7=HDOec_CkkMm75ykmw.jpg,462,880,415,499,671.0,457.0,418,84
JFXMcDminQdj1GctVP9Zo6n_8i4N13.jpg,123,933,539,648,528.0,593.5,810,109
jFXmDaohryLTNWCtEmMDJLGyx3zJfMQ.jpg,370,911,487,570,640.5,528.5,541,83
jfxxUgZZ7mQGcyXGvi=DNWIiPmu=24=i.jpg,404,894,440,538,649.0,489.0,490,98
jFYLjPp95N5oeEZycXYklDD2re6abNkG.jpg,467,897,426,493,682.0,459.5,430,67
jg7WxMLoGPGa2K6IfQupapqE5O8nio5.jpg,418,835,447,523,626.5,485.0,417,76
JGDcWCyVHxMrROfYb6OSfFsoKks.jpg,407,822,421,504,614.5,462.5,415,83
jGLbQmewgKBvovF2ignoz1kB=3ggM5B.jpg,278,786,493,568,532.0,530.5,508,75
jgNfY69CuDra8gozmGBR4grsFBSw8IO.jpg,382,824,423,492,603.0,457.5,442,69
jgNRyEZS3pOmQvpe47dxZ89NLCdOMSE.jpg,360,771,418,486,565.5,452.0,411,68
JGuKp6FvR=6LyVu9MHvW58ePJiBl4eff.jpg,433,882,426,497,657.5,461.5,449,71
jgv82tvDi_hnpPOzztFaftJmQS56t.jpg,319,804,455,524,561.5,489.5,485,69
JgYUazQXaFphq3P_KM3r7iHniPvdjWV.jpg,408,831,412,490,619.5,451.0,423,78
JGZ74MlI6raVB99KUHgmXXJ6lKxTLhJ.jpg,372,827,427,494,599.5,460.5,455,67
jH6cOmuYW1MZ7ko5r9H35M8YnaBKKQQx.jpg,515,874,464,531,694.5,497.5,359,67
jh8Lb9tNnWHUcP6epjekOWFv5rk=sTyV.jpg,449,913,432,507,681.0,469.5,464,75
JH9ZBraXD1WY2_Q3G5i2bZv2tFr8=O3L.jpg,244,783,463,545,513.5,504.0,539,82
JhbKLWqgmWm7G_HejdtSLq5MIjkFfgIW.jpg,386,830,424,496,608.0,460.0,444,72
JhD1xhSCDoaluOGE5pg_W7xsqxp21yuH.jpg,353,793,429,499,573.0,464.0,440,70
jHdoXFrxaCYUSx37ieEPMWus3iyBaKR.jpg,411,789,480,547,600.0,513.5,378,67
jhGyTHbJg49ME76kiMwDMis7X9za4CJ.jpg,425,937,449,549,681.0,499.0,512,100
JHigPE1zlkhOpudg5MTDSoxXitnoSp5G.jpg,414,865,430,506,639.5,468.0,451,76
JHjagfHvMqDixQLT4bPcSZPmIMbP8lfi.jpg,386,801,421,490,593.5,455.5,415,69
jHj_XUXYFeLuBr73M7GwaEFF8IV=ucua.jpg,358,777,437,498,567.5,467.5,419,61
JHl2_5BFCXvTXRI_DJt1F2ifWhGvztXy.jpg,314,1031,521,647,672.5,584.0,717,126
JhNR=qMFDBj6GXj9TCC51_eGanonMzLP.jpg,437,852,452,516,644.5,484.0,415,64
JhnyUNUGKf7hbNjlZ4O2JkGrbfaKlFw.jpg,389,921,467,551,655.0,509.0,532,84
jHol97tvcoSte4HFmIusCyCxHs9kWkf.jpg,307,844,461,557,575.5,509.0,537,96
jhSUwggTCMhfsS5dgqDXVI28SCetS.jpg,408,831,421,490,619.5,455.5,423,69
JI3sVSMzRduPEywZRTttQ3GE2GLfhHve.jpg,427,741,468,525,584.0,496.5,314,57
Ji4wpiz_=dBPJ5nawxlw2I1kwoWYvUT.jpg,533,898,499,569,715.5,534.0,365,70
jI9sgjNDOTlxuk_is52T3oVCUDugk5Gm.jpg,393,829,419,485,611.0,452.0,436,66
JIbIT=dTQ2y=SJ=QuLmanE5qSgZ3.jpg,365,902,494,577,633.5,535.5,537,83
jicslXBvh9b9SFsYC7BtnlD3SqfDcCw.jpg,406,840,417,482,623.0,449.5,434,65
jIcthY1oShpUdhGssMyx=Xtr5buj6=k.jpg,422,858,419,485,640.0,452.0,436,66
jiD4=RGiEtTbrQn8_4ciugvOSVzYkcz.jpg,413,908,485,560,660.5,522.5,495,75
jIfTg7fkdqWfRemqPKk6lInlVyYaPza=.jpg,384,844,469,548,614.0,508.5,460,79
Jii_MUK=uL_BWf_aSuBK3qcd39reNnz.jpg,268,770,444,523,519.0,483.5,502,79
jijwG_H8PQl1N4w9cuCXiXZwLDf4OgUQ.jpg,349,911,511,593,630.0,552.0,562,82
jILLTnbVKMYfvjJSx9yepE8oBhwqz4mh.jpg,421,859,434,503,640.0,468.5,438,69
jiNG9wGtvy2_WHJM_eeLB7rZM=_GhKw.jpg,421,758,475,539,589.5,507.0,337,64
jIsqXdsUkQiPSvexZcU7NkNmbyxjWV.jpg,292,1005,517,625,648.5,571.0,713,108
Jit4lBed_WJJU4wBOMXp1Yx7RKJD=wKi.jpg,419,877,431,506,648.0,468.5,458,75
JIu7BEN5df4JSQcmsB_yr_kwkmPNbIbm.jpg,414,717,434,496,565.5,465.0,303,62
JIwrgW5eNVeuaOwO1GpGCgh9MtZx9yU.jpg,305,891,476,575,598.0,525.5,586,99
Ji_VKDbjkozBMlfJBRO=DIQ8_RNhXOl.jpg,194,884,500,626,539.0,563.0,690,126
Jj3cwbPSzW4RUPhcx_FQFEc_QHPHCGWZ.jpg,419,838,417,488,628.5,452.5,419,71
jJ4mId9FhQwLigwqOzlQGQj_a4d=Z.jpg,361,748,512,576,554.5,544.0,387,64
JJfw6Dw7N1eHIxICazw8mEgH8tLMuXpI.jpg,404,866,431,506,635.0,468.5,462,75
jjHR=YTBDHMbL5J5XfMIsV8ys6saS.jpg,477,760,421,477,618.5,449.0,283,56
JjMPKohID5fBd_kWxdgDiQnprqzMYSCb.jpg,449,742,435,489,595.5,462.0,293,54
jjPGy7wm1SiX9DDYMM74i_mmeZi8Lajl.jpg,361,823,428,495,592.0,461.5,462,67
jjqncmeNv4WTkxfcNrD1rnStZs9celyH.jpg,365,746,410,474,555.5,442.0,381,64
jJQTkP7CFUCTrn7ULUk6cULpHg7S=aeO.jpg,426,867,433,500,646.5,466.5,441,67
JJuOjfb8gMP2frtkmjEGFPjLDo64gLPl.jpg,425,856,452,523,640.5,487.5,431,71
JjWlDN7Kty1DS2V9PFfE48yuUo3SnfJq.jpg,447,845,441,507,646.0,474.0,398,66
jJwyQN7BriqkbRp1yTYbyvPWQmwiTTO.jpg,408,846,515,583,627.0,549.0,438,68
JK6kozoijHyYXsf_4lk=jNK_51lKvIWG.jpg,325,762,419,484,543.5,451.5,437,65
JK8pgFv3xIyWcZ3wF3pf7PohowqO8UnT.jpg,449,879,463,524,664.0,493.5,430,61
JK8uhMa9u7SnMzN3HGh17I=HITMs24.jpg,216,1047,544,670,631.5,607.0,831,126
JKbGMvUwZHc=7vv5KH5VSJieUlCnaV.jpg,344,841,461,537,592.5,499.0,497,76
JkKxhQ2zrsZBdPNfEOijqN1pSXcgmCtN.jpg,393,894,442,517,643.5,479.5,501,75
JKl734HqH649o8JuyOK4EazfO=ZSPwH.jpg,459,931,426,497,695.0,461.5,472,71
JklkjsiM3pMRl_QZfURspgLwUyG8NI7.jpg,422,763,448,510,592.5,479.0,341,62
jkmnSY5qLIz5kCo_LMdf3tmulDkjdHZT.jpg,419,967,465,546,693.0,505.5,548,81
jkPZo=UktKVE6EPOI96JWdQj3=ybxiR.jpg,334,749,415,478,541.5,446.5,415,63
JkrW6fbS5uPVIB=9GKFhn=yRmpT8Nq7Y.jpg,364,809,423,486,586.5,454.5,445,63
JkTm1uy5yF4F7dU76tL71jBTxIZOl5Q.jpg,415,879,466,537,647.0,501.5,464,71
jKzKzrxJUElOceywx7oJybRlcJ1RCrB.jpg,354,666,437,497,510.0,467.0,312,60
JKzLtBcx_KNFbZRZYnhFM_tzxq_IyXT.jpg,468,824,452,521,646.0,486.5,356,69
Jl33rDoYgqydIVWCgcywGCQE9f=aOC_.jpg,390,808,426,497,599.0,461.5,418,71
jl64oRgLLNxMpbsYUgMCFpTeIOxLlt6.jpg,229,994,528,651,611.5,589.5,765,123
JLCfqWE2yMm=fYyisMk2hmSOoFM7o.jpg,444,886,433,501,665.0,467.0,442,68
jlEPSQnI8t8cO3NPajCllv2_waIeZQ6Z.jpg,307,785,473,551,546.0,512.0,478,78
JlIh81IO_Z_2LfgLku4zoSe6DraMd.jpg,469,893,450,521,681.0,485.5,424,71
jlJovtJGnLpR67Y6IJGWxT6K2GpTcG.jpg,381,910,464,543,645.5,503.5,529,79
jlM_qZzJt2D9gcG24OPHYgK2oP7K7P.jpg,394,833,425,509,613.5,467.0,439,84
JlN5cViBNxJJT1gQuzhwSnUlOiKDIbg.jpg,485,799,441,501,642.0,471.0,314,60
jLneJ49fqgSTPEix_jGunQk1nr2tCfh.jpg,240,719,470,545,479.5,507.5,479,75
jLvfjIfBGexiX1K93UGO5RNUBNHcbQQ.jpg,430,858,526,599,644.0,562.5,428,73
jlVk4vIYPEdS29zGLhwshFDHQY9fNpG.jpg,444,964,457,538,704.0,497.5,520,81
jm33wc7KxK1YeW2UB52DhLraT6=Q788.jpg,451,865,419,490,658.0,454.5,414,71
JM5M6eOV7vvLjcz61bTlFW1lw6uDcDeS.jpg,449,915,422,495,682.0,458.5,466,73
jm85agd8RyzlDBl6jjnpypYIuVw7BTvb.jpg,438,873,420,487,655.5,453.5,435,67
JmD4xK35Q=HIJ73kx6u4l5ovs7ToIz1i.jpg,344,946,489,576,645.0,532.5,602,87
JMfTpoaOD67sE5SICZmugGbysQj6Gcwj.jpg,336,808,441,513,572.0,477.0,472,72
JmmHIRGokQiYojfZavREYCrUrvznLeqO.jpg,325,751,421,488,538.0,454.5,426,67
jmsS1JeXnGG6L1htVW5oiMHeKqPcO9U.jpg,439,946,454,532,692.5,493.0,507,78
jmtnB3CrBcJKyz7MT5=I3yjtk23eRT.jpg,383,838,460,533,610.5,496.5,455,73
JMVmKt6heByVWIcj3GZjeOZYZXnF1LS.jpg,446,807,499,567,626.5,533.0,361,68
JMxDBIBxt5dSiUEhy=MmxrdxSBG1rBzn.jpg,386,664,427,481,525.0,454.0,278,54
jmZiOQ3RC4d6LzCkeeGy5Smtf2Fhp9Ps.jpg,435,932,482,556,683.5,519.0,497,74
jm_xqWyaMrtb6SGxEF8vOcbyocRLKN2l.jpg,480,898,426,495,689.0,460.5,418,69
JN2RglOFyPKWkE6ht7SiwfOHjyYJxCq7.jpg,274,811,506,584,542.5,545.0,537,78
JN4m5XaeQjux6RGMMdYVGTxgvLVN=e.jpg,230,809,509,591,519.5,550.0,579,82
jN5phB4FoD1e53KQZnqzTLexdYTtesKS.jpg,455,891,427,495,673.0,461.0,436,68
JN6Tbxu2od1GLtixfvx15CZ4MjHUeWe.jpg,451,885,433,500,668.0,466.5,434,67
Jn7kn_gpW7b9FEKEiDyPTS8MS24oB.jpg,378,721,480,542,549.5,511.0,343,62
JNagVIDWzEKEdKtrU6B5nsJh1T1FqM2a.jpg,425,826,417,480,625.5,448.5,401,63
JNJ7R=hNRlWV1Opnry1uOnEMcZkVxq8b.jpg,358,832,441,513,595.0,477.0,474,72
jnjK9gKRwH4ZgxcyTqJ1ohFpsUX6H_hE.jpg,405,878,474,549,641.5,511.5,473,75
jnk5mCLHZR3tV4Rb9o5yFy=6Hgom5r.jpg,292,776,435,512,534.0,473.5,484,77
jNkRWSdcUUL2YYLpzZCOS3HssurVr.jpg,363,878,459,550,620.5,504.5,515,91
jNlpKhwXnSBRFYcbdZpt3dairjvjpG.jpg,333,851,438,514,592.0,476.0,518,76
JNmdeaCUss85Q7T=UeinnVtnZH4J4ya8.jpg,199,836,499,596,517.5,547.5,637,97
jNpMr2cinLoaQIqWjW4CStXgw2pGTuC.jpg,488,789,433,494,638.5,463.5,301,61
JnqOSxJX38TruF84hLXyiLp17eGdIqz.jpg,405,831,439,500,618.0,469.5,426,61
JNSNGeiTtkP6jj=N6Iw1K8=cVFnRSn7.jpg,212,792,461,560,502.0,510.5,580,99
jnTxZ9T7pSwrR8Yp97GBPHut8D_xwfxg.jpg,417,819,410,473,618.0,441.5,402,63
JNutFmQXQt6lt2GvgLHn2a_ikW7gjo.jpg,397,857,423,495,627.0,459.0,460,72
JnX6G7RZ_c3_rWzO2Q=yab4bGB8Lryjb.jpg,395,903,408,491,649.0,449.5,508,83
jnyzCmZperfMNCFqv3HpwLZzhFPlgp.jpg,411,883,433,509,647.0,471.0,472,76
JnZdxKuE_QIZsYxsRtYBR3TQ3CSiQk.jpg,371,862,487,559,616.5,523.0,491,72
jNZJUzlQ3IkpkUbJMw7Caij7auhheD9s.jpg,382,777,512,585,579.5,548.5,395,73
jN_pv67DaBpLUspccDlo_CkUqQnXb.jpg,513,823,461,519,668.0,490.0,310,58
jobyZ3S5y7yO=mnaJWzCCQp2RnvrZ.jpg,212,804,496,579,508.0,537.5,592,83
JochQzFRwmY4qw=2KHrvIjM8MK4teWY.jpg,472,930,468,538,701.0,503.0,458,70
JofYK8XjyPcl25s6R3Bdvllm1fnKs.jpg,347,781,421,484,564.0,452.5,434,63
JOItOc6wDFpYUe3NG_e7wqMFwHs_DhD.jpg,348,760,429,493,554.0,461.0,412,64
jOIVmPSI=5uDkUCWyXLa9WP6coNt6fGj.jpg,377,905,461,543,641.0,502.0,528,82
JOJsRVEHIC8bT85cfdNRN4FHjZsK.jpg,479,832,492,555,655.5,523.5,353,63
jokns1iONTLDcdNQ55EipEhrarxam.jpg,335,873,461,556,604.0,508.5,538,95
joLJ_9yoeGHJzkouh9SBVND1ErspQGJ2.jpg,297,896,472,589,596.5,530.5,599,117
joQ8XKL6xjjJ9O=s8LuIgenZpQHHUg9.jpg,464,749,428,484,606.5,456.0,285,56
jOt8Bq2nut_GuQXzGW5eeXKnBHiiex8y.jpg,338,855,454,530,596.5,492.0,517,76
joWfn8eZb2Xf4hIc=Uec=2glP1chSx6l.jpg,458,888,418,505,673.0,461.5,430,87
JOYf82tNmQIsvOozWKUN2ojTIbKLlh5=.jpg,320,746,422,490,533.0,456.0,426,68
jP3H9wD4SwlbW5KfJquphhmzfk_97Id5.jpg,426,906,464,542,666.0,503.0,480,78
jP4mdNXqecSLLvqkFWBagYjk_J7s7tm.jpg,385,909,487,568,647.0,527.5,524,81
Jp7QxOHHosrtms1kzDx3nS75Rl4pgot.jpg,463,768,437,496,615.5,466.5,305,59
JP=kYUS4V1BtLdWQvJYft7FtE2sVKEgH.jpg,269,826,472,551,547.5,511.5,557,79
JPbI2HuMW4gsJye5u9cFM8Dd4shsaD.jpg,324,746,418,479,535.0,448.5,422,61
JPN9DSmplCsQCvyfrT5iiISmO_mrO.jpg,411,860,474,544,635.5,509.0,449,70
jpT2Iuvfxc=SoXPJlzKoVurKD72Rmg.jpg,440,861,419,489,650.5,454.0,421,70
jpTuHdBn8Mj_CSztiFbgDe8NytXRUf4.jpg,381,948,460,551,664.5,505.5,567,91
jpx2W86prXbOEuuiMsFb4B5XWJGUUh4G.jpg,396,813,424,493,604.5,458.5,417,69
Jpx7wqvhG7X7sD3dio6EeS1JX2OSXcL.jpg,422,898,445,518,660.0,481.5,476,73
Jpydkqe9WzTlQv67saFq47YgwI2Z2.jpg,378,833,433,502,605.5,467.5,455,69
Jq1bxy1RDC22BhgqPyao5VCmpqdlp3eg.jpg,313,751,422,509,532.0,465.5,438,87
jq7DT8GsMeK3zubh14UI2aXi7lFgu4.jpg,397,852,445,514,624.5,479.5,455,69
jQ8yZqX2DU=Eg7Rr7fdrI5qSSBU2O78j.jpg,377,866,475,551,621.5,513.0,489,76
jqDstHHbCwD_LFSrzwPi=Kra5qJJLSt.jpg,386,805,417,479,595.5,448.0,419,62
jQefnTca8lIV_CO1CcLgb3gVe4l_gpE.jpg,338,1021,516,624,679.5,570.0,683,108
JQHaWWUSFPtsOUsYUHqIyOEUNv49z2.jpg,465,867,415,480,666.0,447.5,402,65
jQhTz9x26WcDkwqkZgKkmv=tOj=DE6TG.jpg,446,909,426,526,677.5,476.0,463,100
JQn35mS78FtvVp1PXfz5qUBsM8NKP7ch.jpg,376,788,433,494,582.0,463.5,412,61
jqy8yJt=5JeHQEf4Y52o5SUKrwpwH.jpg,466,810,476,542,638.0,509.0,344,66
JQZawDLnseE4LKF4UCWBHUkq=a33e.jpg,281,914,531,625,597.5,578.0,633,94
JQzUmxB_ss=ElYRuyK_4XreqkS1cKn7.jpg,409,807,418,481,608.0,449.5,398,63
jR4hDmBJq5hGixK1xQvrWBIaMjrKPa.jpg,437,896,441,515,666.5,478.0,459,74
jR5gI9c1TIl4S3xDatbJBIu3qNiuk6WU.jpg,278,785,463,538,531.5,500.5,507,75
jR94jiC9bT252HOT8F2lj5Jsr5HCPE.jpg,445,880,418,484,662.5,451.0,435,66
jrCtTqDaSmMU99pzVrX7NFb5T=86nRH.jpg,429,814,438,501,621.5,469.5,385,63
jrDZE5RurTt5NPVl4Do5iT3CR84TQ.jpg,438,942,448,533,690.0,490.5,504,85
JrgPjfJ8DsNRRB9vXsQKnmqOm5kfpiSy.jpg,412,906,446,523,659.0,484.5,494,77
JrH=hL9X6Ls=tSru185mpW6jymP_iCT.jpg,444,893,423,493,668.5,458.0,449,70
JrLzQM2Je4ZSQY8h6SUeljshjtSBZDG.jpg,290,783,455,530,536.5,492.5,493,75
JRLzR85mCflJJCKuN=MlR1laj8RD4Wc.jpg,423,903,482,553,663.0,517.5,480,71
JrNMQ6SQ4a5kbkCYqPSinXhbjMvOb7=.jpg,449,929,446,519,689.0,482.5,480,73
jROgIZyy6TZe7bhwhW17z_oZKFyQBJu.jpg,544,941,435,513,742.5,474.0,397,78
jrrpKSJw2doa5uNWulcuW9iWmesx_Sj.jpg,497,1004,478,568,750.5,523.0,507,90
jrskEaMkyFkMDQVxW=7NEFNVnahmpNNd.jpg,368,801,418,497,584.5,457.5,433,79
JrSOreRXsUOlhrbyzvwBE86tN2xce8FU.jpg,460,900,419,488,680.0,453.5,440,69
JrT6FVlha52j9qhYK6=p21xdZWmbisj.jpg,299,679,450,523,489.0,486.5,380,73
jryGDxcLV5PcpaqTciOn8Chbf6XwS.jpg,464,867,491,554,665.5,522.5,403,63
jRzuKEf_HOCp5KaF2ibIdKMHKVZ=zN1.jpg,299,814,458,538,556.5,498.0,515,80
jS1YTv=gMUU6j_YUQ6bhSpS8DfRbG.jpg,383,922,458,538,652.5,498.0,539,80
jScQD9DOvQ7TGgU1zHZgYMsYRcZZeb.jpg,428,865,429,501,646.5,465.0,437,72
jsEGxP=19lhGJFJjHwSwZlWGVlFC9pC.jpg,344,812,439,507,578.0,473.0,468,68
JSFRilaTGh9oBK79ZsXSTsG6vyBbJIky.jpg,352,741,483,552,546.5,517.5,389,69
JSkYsqefO8ZqsfXTonzERdsQxjguDX.jpg,450,883,429,494,666.5,461.5,433,65
jsMm9GSjbxSThITYqfmU=Cmci283O4Ji.jpg,439,895,428,505,667.0,466.5,456,77
Jsn6EapGOo9xZ7wUvNQ5pTgNWaq79Zn.jpg,434,835,417,480,634.5,448.5,401,63
JsOchjhTyYCsuPBOWEr1VYsCszKa3gx.jpg,388,873,467,541,630.5,504.0,485,74
jSp1ILozBY2LNx3lUGUcllRysS4ItXKv.jpg,447,897,434,513,672.0,473.5,450,79
JSSBCUnIZtSati5OzFC2d5EkIjku_SRc.jpg,490,769,425,481,629.5,453.0,279,56
jsukgPq7XkijlzfeqB1R=Y4xU3eC7t.jpg,337,761,432,498,549.0,465.0,424,66
JSV1_B6HoorrEEvn5XGTOaaGII=V6T5F.jpg,373,927,459,567,650.0,513.0,554,108
JSwPuNwcxuNxO69hB7bDg_iH2t56He2.jpg,265,831,515,599,548.0,557.0,566,84
jT5f68Z44t6DDeUBCkgW7DsPJMSj.jpg,285,791,480,558,538.0,519.0,506,78
JTBbhfv89IsoC3mILwjPk3SxJ2YI2Z.jpg,471,822,487,553,646.5,520.0,351,66
jtFUbOgzvEiXSZWUwhvzsVRhkCCiC5.jpg,453,882,436,502,667.5,469.0,429,66
JtJyGbMDDoC9GpoTgjQRaTJNPdXjmy4O.jpg,400,816,425,493,608.0,459.0,416,68
jTKrMOYlSYSSch=yHfBaZUXuCn6RY7yb.jpg,295,908,481,591,601.5,536.0,613,110
JTLIfH6Tc9FvV1whiHWWXcx_GZ3ykQoH.jpg,336,803,446,519,569.5,482.5,467,73
JTNLfDTSFcb_J4K7CU_=9CEhtPN64_2N.jpg,313,818,478,560,565.5,519.0,505,82
jtOTMRcf77MojcDfgjxtbSoylPfXqCcf.jpg,410,925,436,513,667.5,474.5,515,77
jtoX49UC4GjwwSLJQqvRrReDDpTJaM4.jpg,422,796,477,545,609.0,511.0,374,68
JTqxQCgQnVYVeZp=6jfuepPK6WKz5W9.jpg,462,885,419,494,673.5,456.5,423,75
JtRbPhIKWo3GsWgziUzVTx8q7nP8LhE.jpg,350,860,461,535,605.0,498.0,510,74
JtYkfZJ5DaNJn3E1zbTwNMGlBXXq_q.jpg,415,839,408,472,627.0,440.0,424,64
jU14YCuZZUxT3QpzQbYRid2zHt3lQ.jpg,406,844,419,484,625.0,451.5,438,65
Ju6mZ6BBSqaNZnFaG2Lm7hyTtbFxSnhn.jpg,429,731,461,517,580.0,489.0,302,56
ju6WkkHwixoEYaBJ6ZHqSDazca7QK67.jpg,325,949,530,622,637.0,576.0,624,92
jUFbB7Dwb=BXbugGWnhZ=EBjSew42d3.jpg,301,744,461,529,522.5,495.0,443,68
jufOK_WD49HDVCE3GznF9IVDa1JqpNw.jpg,407,1126,479,613,766.5,546.0,719,134
juHlVTvl1il2q=Ke=TFjoPyeXKoXTwk.jpg,327,740,428,490,533.5,459.0,413,62
JULB2Kh9ZJnzFThNbX6EMdfIBYLrZXT.jpg,443,897,436,514,670.0,475.0,454,78
jULuI6Bj5PM=ki7d4x6DZiXY9xROHG.jpg,355,898,467,544,626.5,505.5,543,77
JUoP9zjuHGPClS3jUCFbIrwrnbO9zXO.jpg,361,770,417,488,565.5,452.5,409,71
jUPfzhrBsx9jPZhWwh3atiqy7KwxI.jpg,275,833,469,551,554.0,510.0,558,82
jUuoBVNXGcrHwS=y3x3f79avOotFJz79.jpg,354,788,442,505,571.0,473.5,434,63
jUVnknan9IJmPM1w5tGqexBxNCRboMT.jpg,221,800,473,559,510.5,516.0,579,86
JUVsOvLX5N2NnEcxhSmq9nyVb5hPxBGh.jpg,383,871,442,517,627.0,479.5,488,75
JuxO7HYwCPg_koDv1UJxLZRMMELNcpdy.jpg,375,809,424,494,592.0,459.0,434,70
JVa_sLTwOV4uUbPIwTO2uKgzOdRWFjwN.jpg,393,822,430,492,607.5,461.0,429,62
jVd4ZRY3rYgDLE_X5LgBqwiaEIc2wktQ.jpg,377,954,520,608,665.5,564.0,577,88
JvdrSvtJKY=Lwy7uGl_Q6SL34pZLVrn.jpg,421,908,477,556,664.5,516.5,487,79
jvhL1V=fZRxQuKFiC7JMvCmPiudwR6Za.jpg,482,801,471,528,641.5,499.5,319,57
JvjmHkbuJfb__H_hW5dF6=XeXCz5io2s.jpg,374,791,422,490,582.5,456.0,417,68
jVL8EHsrfvGr1ji_lvcBu3JHQ57=nDBM.jpg,420,822,417,495,621.0,456.0,402,78
jVNcSMVNI5UHYpktdR5f=HksKsIXP.jpg,416,712,426,483,564.0,454.5,296,57
jVnD1wa6nl8Pxb6LupUp7XxsMvq7K7r2.jpg,457,927,463,540,692.0,501.5,470,77
JvpaRqF2FopIZox7lgdQuCeYXO9JJNj.jpg,327,889,460,571,608.0,515.5,562,111
JvQwyR8VrWRFKDoWI8hWGdOcTF28H4v.jpg,404,932,441,519,668.0,480.0,528,78
JVvnhCxzd7HlSwLGnEqcbX7v8W7q2vXz.jpg,361,875,459,532,618.0,495.5,514,73
jvX=amZ6s_BUn5lv4S=Nj15LCU51rGW.jpg,261,764,458,531,512.5,494.5,503,73
JW1GcKPLb=IQwEymjFWeVEaF_c8cKUb.jpg,270,767,445,524,518.5,484.5,497,79
Jw53fnY36LiZQDwzfjyBeNQUrD9r9PQ.jpg,414,982,514,599,698.0,556.5,568,85
jWCpb1p=Gp=JFrtBKWlNk3cf6i_VcMmQ.jpg,320,984,509,612,652.0,560.5,664,103
JWeJP=4VxHrsmQ7TfdyPJnUlQXg3p3a.jpg,416,829,414,477,622.5,445.5,413,63
jwHD1JdbCim2fEf4NHJpE=XkVNW1.jpg,402,834,426,495,618.0,460.5,432,69
jWiRYPTvvJXlThmLJzNvBliyYfcaOTaG.jpg,326,641,473,533,483.5,503.0,315,60
JwJ4rGOyROcgVYTiUYoC_OsIyfLpHSRJ.jpg,372,866,456,528,619.0,492.0,494,72
JwKBQpT9lLi2mSLGHHW4qWPx2P3Qe8M.jpg,408,899,473,547,653.5,510.0,491,74
JwM7PxwK=qHkhbmRirK8b7PTR1ETIFv.jpg,373,821,423,518,597.0,470.5,448,95
jwMFy8Ld9nchkS_dbRHnNN3hv4dt7f9p.jpg,2,915,587,707,458.5,647.0,913,120
JWMzPuPYI3m=cVVXew2FC=6bvy9Dulnk.jpg,426,877,426,498,651.5,462.0,451,72
JwNWmesSywH4XkWSmysRstRG=Wt1zC.jpg,394,881,464,542,637.5,503.0,487,78
JwOnTWLXzSmXPlYlSlgEJdwLKBXlLDx9.jpg,422,797,501,569,609.5,535.0,375,68
JwQCVqD7KzmDUTykKjph_z85WUV_i8oz.jpg,438,840,411,472,639.0,441.5,402,61
JWsIVYE4TiLmblSsL6hxH8cVWfxnd5.jpg,411,820,424,496,615.5,460.0,409,72
jWSIx5Z9S4CSuOqh4LZqhZN9aLrbr=.jpg,210,1209,624,767,709.5,695.5,999,143
jWSRxgLGZIKwVgbWKvN_kr24R8MGQXbT.jpg,419,889,441,513,654.0,477.0,470,72
JwTbQjyWgJxXlKvNBrmVC6Zjzaq4f9wP.jpg,448,900,452,519,674.0,485.5,452,67
jWUVuSmNWznGz1ICaF5rTig2BJ3bN.jpg,410,900,442,523,655.0,482.5,490,81
JX8_QpKQ5h_7yWLBEKsR6sPSIzyvcgo.jpg,416,876,452,524,646.0,488.0,460,72
Jxb=m=vk_CQtWQLn6jdVTCTEp964Rv.jpg,381,799,433,496,590.0,464.5,418,63
JxKQJSOWF18cFQnmkY4O9amh4VTM_zDT.jpg,399,805,422,486,602.0,454.0,406,64
JxLglEgy_Gs4f6B7pzImp=xo2Sdg7mg7.jpg,406,813,420,485,609.5,452.5,407,65
jxLlqZO8FEYvWUzIGeRmLxphXreXWn.jpg,420,813,517,589,616.5,553.0,393,72
JXzCwC29jaWiMKNdpmLbrNmG1Odgk3.jpg,342,764,417,480,553.0,448.5,422,63
jY6Dz7GVj5a9tziVUnVu7RW9RhUTJXs.jpg,308,804,479,551,556.0,515.0,496,72
jY9z34=bRtZQz7=eVl3lyD8okHqLx=T.jpg,431,885,467,537,658.0,502.0,454,70
JyBlMEISJ7eZy6vxjxmwU1dHqIJxVtVN.jpg,473,904,425,496,688.5,460.5,431,71
jYEHxFlSzeGtcMJhiUUqufbb=_=qpx=.jpg,416,757,488,548,586.5,518.0,341,60
Jyf8TE9LOa99vuCbatFlLenouDSaqVWm.jpg,343,739,460,534,541.0,497.0,396,74
jYfvYvqVU9bpKGbbK2mHBhfrJNRGen.jpg,354,811,430,501,582.5,465.5,457,71
jyHErl_OgifROZB6sP52PS3W4XuGJX.jpg,400,750,487,551,575.0,519.0,350,64
jYMY7VEtd6OOiRUYMxoo2drTLW9qgX.jpg,360,847,430,501,603.5,465.5,487,71
jyPxa7bxFq_cnxiIXdqZYPgxwKVr7JE.jpg,410,958,457,544,684.0,500.5,548,87
jyq5tepiynGys6rS9gIIX5UUGytRhV.jpg,388,841,423,489,614.5,456.0,453,66
JyqGbRGSPFbkUI4YgGqVtRN3hHFlcitE.jpg,492,875,509,582,683.5,545.5,383,73
JYsG6sBLq6OoMBGcmqvVgnFmdibNdXYy.jpg,358,797,509,582,577.5,545.5,439,73
JySmhckhZoQ6PK1GFrJHQZkIMEgdmU.jpg,354,915,466,567,634.5,516.5,561,101
JYTzKIgV7pjMHoN2Rw353xBTuiUz8HWU.jpg,322,654,445,508,488.0,476.5,332,63
jyu12MRREQr1CJnTR5K74l7jq=3VMhr.jpg,410,883,465,537,646.5,501.0,473,72
jyWXWslO6BfFjWEwrMYDOOP5hJaYS1z.jpg,421,932,484,563,676.5,523.5,511,79
jyZph5GtElhY_iagj_kfyxs5EHExtO1O.jpg,359,823,435,509,591.0,472.0,464,74
JZ1CT111uO96hluf5wVseKtKjma4s9Dg.jpg,474,805,472,536,639.5,504.0,331,64
Jz26WBdyx=pDnQnlR8Kmx5wYSZ6L1b.jpg,370,966,519,611,668.0,565.0,596,92
Jz6z3IelXCPmHJnrD974l7G_rM3rLTr.jpg,406,858,465,536,632.0,500.5,452,71
Jz7Q2wz1kvh2iEEssYT3eNRTYNfr67T.jpg,362,705,442,508,533.5,475.0,343,66
JZLare5e5zv79p8EPvttHONPBDiRwLq.jpg,405,750,446,511,577.5,478.5,345,65
JzLIubVMfazTvKRp_dOyL7ZmEmJFup5.jpg,271,775,452,528,523.0,490.0,504,76
JzmNicqYRQPwaoHZacdhxtXRO_ENy_v.jpg,404,812,420,489,608.0,454.5,408,69
JzNQM66D9HDXy8bvH6_Ijje1sH4_v3.jpg,466,990,501,579,728.0,540.0,524,78
JZN_=EB3EbKTPlxzSOoygdIPLy2w3Hk.jpg,375,666,430,487,520.5,458.5,291,57
jzongEPyOTY4r=K2sm5vsVP1Pz5Kj2g.jpg,409,896,480,555,652.5,517.5,487,75
jzP4xo5_bXSJchnvd5fXyX53ha5Ob5J.jpg,279,905,510,615,592.0,562.5,626,105
jztday_=PGu=vTUeyxaBMInmI2BmeND.jpg,342,773,424,502,557.5,463.0,431,78
JZTkrJ2Km7rMjs2QEdHK6T7q6UzC9.jpg,424,972,464,550,698.0,507.0,548,86
jzTnCicg3vre93vxvyplZOoGhrcnupG.jpg,377,906,458,534,641.5,496.0,529,76
JZXOuNs6us=kPde6CJVh6aptskClkzpf.jpg,430,896,462,539,663.0,500.5,466,77
jzz97nGaT3W7SpZf6lSI5Xew6tErn8.jpg,393,741,439,504,567.0,471.5,348,65
jZZbqLTHNpWHGWOqTeCRHvufSEfQvmWT.jpg,401,794,440,505,597.5,472.5,393,65
jZzjRrlPETGj4RZB1vk7PXhx1r6I7ak.jpg,411,835,446,506,623.0,476.0,424,60
JzzNlwWbg2sWN4NEKR48lXuurOrNvfxm.jpg,313,760,425,492,536.5,458.5,447,67
j_cL=ea5RmaEWufnQgna7KTIq1X2ajj.jpg,420,853,420,486,636.5,453.0,433,66
j_DooQYYkXEGZbYLLcDZ932fJMlcVkf3.jpg,410,836,427,499,623.0,463.0,426,72
J_TBZmVcw8tbv7hljLTDSLSga=uVjG.jpg,519,808,447,505,663.5,476.0,289,58
j__XJaRRM=3ml54CSWJWor4tHyXJpVz.jpg,476,975,488,566,725.5,527.0,499,78
k1=EfxclTbmdUph8yF_cr2XSzHKixfhR.jpg,450,845,417,481,647.5,449.0,395,64
k1hDBfcI3Ye_2KhJznht8M6lmlK1EuZz.jpg,404,865,421,490,634.5,455.5,461,69
K1hJdRtr6B=rgPzj4YQHg_LJHUZ6eN.jpg,316,813,476,553,564.5,514.5,497,77
k1Nh8WvMQxFqVkdtnF3soGVQGNoBm.jpg,369,897,435,517,633.0,476.0,528,82
K1StG7S7HuFGWKFW58DBxH8pHLsvyjRo.jpg,344,909,477,561,626.5,519.0,565,84
K1vHqiq3r_GqIrLZexht4lz=Y7ul2e1.jpg,368,898,481,562,633.0,521.5,530,81
k24c6kSBCc=GdB7oGL8T7W8bWQSrcbvW.jpg,434,899,470,543,666.5,506.5,465,73
k29yiU7tzt7wqb4IhyDhOqMP22vROo.jpg,449,900,422,502,674.5,462.0,451,80
k2L7wTFdIPR=G5BY9QV8oQEGGTVMlm71.jpg,458,934,427,499,696.0,463.0,476,72
k2PLpi4lmfwk55h5FnpQSttL1fJaajxI.jpg,386,801,415,480,593.5,447.5,415,65
k2QH56jpIgRmoGjzVjrmSbKX_CHu_xLq.jpg,302,763,423,493,532.5,458.0,461,70
K2VZhrZna8eSfEYMK7xzvMwSf8BdE5fa.jpg,345,761,421,495,553.0,458.0,416,74
k2wESzopXvD=1NpcMzwsl4UNt9gyri.jpg,282,1120,569,693,701.0,631.0,838,124
K2WVwuj44jdNGCJBtLu=XIKl1K55f1g.jpg,481,894,419,487,687.5,453.0,413,68
K3=afWTsCjkwnmlMM=BwbPOnSMmk6Hy.jpg,384,882,467,540,633.0,503.5,498,73
K3DbfvWajsTYswgY15KGwIzSiWiJQWZ6.jpg,392,877,480,550,634.5,515.0,485,70
K3fbJVbBkM3tKiFPmQ6p5foMX8ikt.jpg,449,735,427,483,592.0,455.0,286,56
K3ourX33_bCU=zkv1ODgcrLcgqqWHh.jpg,228,793,453,534,510.5,493.5,565,81
K3pQvwCDZ54QlQuRWBrdw_TCnlpbu1.jpg,435,818,411,474,626.5,442.5,383,63
k3qqP=KMyRpTCkYrsnFwK7rdZbjReapD.jpg,382,813,424,489,597.5,456.5,431,65
K3rezBKMJJkaz3VkwOwv6BQtkX_1Kpy.jpg,447,886,421,492,666.5,456.5,439,71
k3UOWKDxdPkcZBFvG7hRYZIshNzpn.jpg,341,756,422,485,548.5,453.5,415,63
K437_an1D6kvu5Sfe2RoE5SYdDgvqxKS.jpg,456,903,428,501,679.5,464.5,447,73
K44tgixMhbffqbInZmXzjvqvfY=mfeF.jpg,468,928,462,533,698.0,497.5,460,71
K4deaI6DcVLrfvRVYVjDYlzqSJH1dD.jpg,420,857,425,499,638.5,462.0,437,74
k4IzF8KLrGnpekj78J82VYDmVmv3_Uk.jpg,445,910,425,505,677.5,465.0,465,80
K4lqyKt9zQuShtZ8e_WfgQzeUQ49uZ.jpg,356,866,459,533,611.0,496.0,510,74
k4lranY8q4LzK9Lfku=sK=klgul8OOl.jpg,374,820,425,491,597.0,458.0,446,66
K4NZTcNiIJwR8T3QnncPHTt6Hl39zPZ2.jpg,453,869,446,516,661.0,481.0,416,70
k5g6flpeVGRr7XZJiEwMS6CMwmV_afk.jpg,422,819,415,480,620.5,447.5,397,65
K5gI1KX=Y_7DMtWzJCFxk_KJoYN9jLb.jpg,425,864,420,486,644.5,453.0,439,66
K5iiBtWoEvtEZaG1zstC_hX3GQFLyKVG.jpg,398,816,425,490,607.0,457.5,418,65
k5ky5U6Z1bHGrLzRvT7bGyjceuJINT.jpg,443,747,440,494,595.0,467.0,304,54
K5S5xiQXyNII7liRQVHDMBSGptIBZx5Y.jpg,461,783,471,533,622.0,502.0,322,62
K5sks_et49RT_vfynpEPGB7Pr=ihqY.jpg,376,779,417,479,577.5,448.0,403,62
k61_5IZvL7bgfQmDL2GPHCGSYMUndEt.jpg,374,927,463,542,650.5,502.5,553,79
k65PU9N4o_DU2NX4Htru1lbcH1hqz.jpg,425,715,430,486,570.0,458.0,290,56
k664kS6bdulxkK_gR7K7Sc=DmuBwfng8.jpg,387,780,443,509,583.5,476.0,393,66
k6JfVftykzo4riOCQxWJ57Xh_obOx53.jpg,405,806,410,472,605.5,441.0,401,62
k6OmwtR3fMLsls4UrEBWpJUGtguBFSH.jpg,288,787,437,518,537.5,477.5,499,81
K6p37Jc2adQHLrLaxTFfhTqDwlPescX_.jpg,396,705,424,486,550.5,455.0,309,62
K6pICrz5Sm_24T1GdNGtqHdV4CyrWhrn.jpg,409,838,417,482,623.5,449.5,429,65
k6uYh4jklS4dsFMiZpSYN4=2lc5YJjm.jpg,411,839,426,494,625.0,460.0,428,68
k6vVDho==JC3_mL5Cmr5GeLrVYhpNZ.jpg,403,946,457,562,674.5,509.5,543,105
K6WdXnuFpJx3l4yMVOeDMbnlBf8_ix=v.jpg,330,775,425,496,552.5,460.5,445,71
k7EnaU=WytMR=JjK43s6ZDyzkS1ddWf.jpg,418,895,438,510,656.5,474.0,477,72
k7Gk3D8fakvwskfmdiKC6TPeOHUiDYh.jpg,402,920,436,518,661.0,477.0,518,82
K7hFHQISFf9wP5Xd5XrNuceizDGOf4f.jpg,332,898,506,593,615.0,549.5,566,87
k7iM2pxycqsYYVcY=8uu2GKR9DU9fkSV.jpg,97,941,570,690,519.0,630.0,844,120
K7QGPVvHd2U1YhIeS51WLs_wj51JI4X.jpg,342,868,457,530,605.0,493.5,526,73
k7T7oFwwlmuWiqkLX6wOZ8Fb3QUiaub.jpg,328,773,429,501,550.5,465.0,445,72
k7vKd=3WrGoXukXwvtFrhfj9rmFJn1nc.jpg,424,710,428,485,567.0,456.5,286,57
K7yBOq2v11W2l4iUIKx_ScqVg5=tQkjh.jpg,319,906,524,605,612.5,564.5,587,81
k7YPRUMmokbTEomCrdmUSk8Nx9zn6=_Q.jpg,414,940,494,576,677.0,535.0,526,82
k7ZEr53ixnJb=6aFDyUBraHoH75kLOeE.jpg,322,747,427,494,534.5,460.5,425,67
k88ZcPgh4jFE9K7F7DtzyUDdsc16qk.jpg,294,850,462,554,572.0,508.0,556,92
k8fNLNWt7Y1pFVdEbMrppHphnG2higrG.jpg,439,890,452,534,664.5,493.0,451,82
k8KnmL3PGYQp4IZ4Zr86qBzHjfq8RXFj.jpg,453,802,450,518,627.5,484.0,349,68
K8RPrwTqv8VriGIb4sWru=JJuehsjI.jpg,358,837,426,499,597.5,462.5,479,73
k8sP5oOLZG2DZWpZp3tN3v5auIhfL8Ti.jpg,475,894,418,486,684.5,452.0,419,68
K8vbjVefy5YkilLa24ePBQ56a3fCueXK.jpg,354,833,430,500,593.5,465.0,479,70
K8XXLc7enF1yhjCWSkOYIXyKUkZhnc.jpg,365,837,436,504,601.0,470.0,472,68
k9acU3fcq_xnV5vKIJbaRq=1bH3fKSi.jpg,298,1044,543,663,671.0,603.0,746,120
K9kYM3Lb_=l9yqNUi38jkcuLtpat2cgs.jpg,365,842,441,512,603.5,476.5,477,71
K9Pjv9=dla6YOH=c3alzVcWSh69UTNi.jpg,400,957,467,574,678.5,520.5,557,107
k9ytdKYTH=IXFa8h9oNg18CFJ7r4KlQv.jpg,466,946,441,516,706.0,478.5,480,75
k9Y_f4VfojaYkBO9cmPw5yloYNxPZ.jpg,234,790,456,571,512.0,513.5,556,115
K9_D1XL_pcXyqMIV7kstGXrngZkO84.jpg,531,837,448,510,684.0,479.0,306,62
k=5pwRKCwygrG3smbS57_dNEqh=ZqPS.jpg,374,951,466,554,662.5,510.0,577,88
k=9FG5gyFyvhPPbF=ntNDXRzwz33XJjg.jpg,440,833,416,481,636.5,448.5,393,65
k==3PbOjDNtepPMiZoW8Fdd9VPP1HF.jpg,445,802,443,511,623.5,477.0,357,68
K=ETqtCLiWa56ZTfhIdafYLQuIIX4OVs.jpg,399,800,415,481,599.5,448.0,401,66
k=HKVwx1zvKn_e8a=VN8XwJ6UQ8mk_s4.jpg,329,750,423,491,539.5,457.0,421,68
K=wq7nDX_gkBp7kK2sq1ep87BNY_Oa4r.jpg,480,899,420,490,689.5,455.0,419,70
K=WQuC12dFWBuIrZjp2BV735xMPhP6H.jpg,317,821,443,549,569.0,496.0,504,106
KaaTcthDsBSeO9TCurK9TYBttYX48xtz.jpg,436,818,436,503,627.0,469.5,382,67
kamBqnoFY6LnfTxvXFQMgcoWYCBgH61S.jpg,448,895,456,525,671.5,490.5,447,69
kax5Wdj2flsSYQU3vS65ffY7Z2kQbBs.jpg,451,765,458,519,608.0,488.5,314,61
kaX6sZOeZOWsGWEhxZ4KFzLbbegRln.jpg,457,867,444,514,662.0,479.0,410,70
kb2QPU2DmdzZThurMhlw1dpCRNtE1ja.jpg,446,884,454,528,665.0,491.0,438,74
kB6sbmwQbtU_XuYNuQkxMwYo5O95WWh.jpg,406,804,496,560,605.0,528.0,398,64
kba4e6e39YqDdtlH_R6nM7Uj6USSO2r.jpg,335,847,457,531,591.0,494.0,512,74
Kbg5nDbQkq19yPyCLHXZObOMezr1eCY.jpg,356,767,418,484,561.5,451.0,411,66
kBg6oXQnL28mJO6pbPknqYFPaKXMrw5.jpg,446,899,421,491,672.5,456.0,453,70
kBHm5NI4U=xnhtTIN_OD8yw9USfk2uvP.jpg,435,930,438,519,682.5,478.5,495,81
KBiOqLWJoIlorSJQysySg52Bu1yo4ow.jpg,410,951,501,584,680.5,542.5,541,83
KBjiuJTLh3fgfSUKf_u5eeOu2ELER5V.jpg,326,764,425,504,545.0,464.5,438,79
kBLURwt7www86aW91DXTi5OYNzk6Gep.jpg,347,747,418,482,547.0,450.0,400,64
kbQLS9e5cwz2QH9=3Ce6kOxXTmKozJQ6.jpg,387,852,424,497,619.5,460.5,465,73
KBS=p=wpJhchV2BCEUL7gvPu_t7xBl.jpg,392,707,469,528,549.5,498.5,315,59
KbTUSXBb6qR7o15WhT5ZdN6uOYWav.jpg,398,860,418,494,629.0,456.0,462,76
kBuiKgnsizb2r=jR7X8aODy8kx=56F.jpg,391,831,421,486,611.0,453.5,440,65
kbUw8UCq9XBvu5NrdXEkptVo2yhh=V4t.jpg,248,780,445,525,514.0,485.0,532,80
kbY=RFp8VBTodfQ=G2bPum_sdnMjqbf.jpg,389,913,443,522,651.0,482.5,524,79
kByW4tw6_b3nKZHdupfU86MqmcdhZQGS.jpg,285,765,474,550,525.0,512.0,480,76
kc3eP7eang1E296i8KtzkHHisraIYz.jpg,441,803,468,538,622.0,503.0,362,70
KCaGB7ESQkkp4l3QRe9uGIp8Dv9PVoY.jpg,290,1231,607,749,760.5,678.0,941,142
kCC9quvhYkPNQQz7LYvcCjwW3aQZ4Wh.jpg,456,914,467,537,685.0,502.0,458,70
KCdWn1G86ZpRPDSxU9KK2VfNBNRvgn.jpg,424,780,409,472,602.0,440.5,356,63
kcK1gjXO2kpVf4MDmBOO=TCL4EikgQM.jpg,332,741,420,487,536.5,453.5,409,67
kcLCfCGq739SpXsckIrxI=dw1sKJoIS.jpg,452,937,481,555,694.5,518.0,485,74
kCsPpawirNS3zHHlbDcapPqVjbxTbHb.jpg,382,832,428,498,607.0,463.0,450,70
KCx1SpuVh4qpnGFhD9Tb1UbHDQKBvrq.jpg,343,740,422,484,541.5,453.0,397,62
Kcx5dcVLVQ14XEseSh1Qzojxvr3XrvmR.jpg,401,930,466,547,665.5,506.5,529,81
Kd25ee1wkiTLvmm=qk1K5HsmCqQi6E.jpg,380,877,449,524,628.5,486.5,497,75
kd9BXUVNgr4f1VnDb9RN2JOvB45Muh.jpg,391,816,446,514,603.5,480.0,425,68
kdB7BrXNu7o5oY6abWvlLhVeucSELBwp.jpg,401,927,472,549,664.0,510.5,526,77
KDcJ=b5xfI8ytCaOdKtY1miRmrdvb.jpg,389,815,426,493,602.0,459.5,426,67
KDdrq8tpS7saPDy1bSg2aUh_lJggb1o.jpg,314,971,521,619,642.5,570.0,657,98
KdiFq=w42qt1qr6D4xJRuP98mXV6_s2.jpg,398,897,449,530,647.5,489.5,499,81
kDjluVLySYHrZpNvcESv9bEsicEBPi4.jpg,399,918,489,567,658.5,528.0,519,78
kDmPCKWB1uGcO=O_uDEDWHxtrr1HLcv.jpg,337,761,420,483,549.0,451.5,424,63
kDNamrCz1ZJOxrbKuE1IkmM_Vv5h4X7.jpg,331,870,461,542,600.5,501.5,539,81
kdOMzHqaOWN5RrUXdn2cDCspCQ3y16C.jpg,387,833,439,516,610.0,477.5,446,77
KdqHGcmrCJLr2TJG2aKR3R7hWUn=2L.jpg,395,804,449,514,599.5,481.5,409,65
Kd_VbSzbiVpK1jOdu7esjB1ODt61ka.jpg,440,838,417,480,639.0,448.5,398,63
KE4R_l7W63O1vYVd3r8Yfsn5DkRZlq3.jpg,399,821,418,481,610.0,449.5,422,63
keJSBbHhWz68w5C2M2Tx4ontzWpQklx3.jpg,441,880,468,532,660.5,500.0,439,64
KeMj=7R1vbmrY1oJnhbHUXLX6iEsvF.jpg,422,737,464,524,579.5,494.0,315,60
kEnBSbwJqWyWd=_7DoidqW2hl_GsrXHm.jpg,259,713,437,508,486.0,472.5,454,71
KeOWYWkIilLQDhV74dsyQFCvDFxsM5.jpg,358,834,437,512,596.0,474.5,476,75
keppn8JUQH6WJS2bzQs57QjEvYJScLXV.jpg,342,839,436,511,590.5,473.5,497,75
KErypavXxVus1hVPZSSeEJq5QTOzRYs.jpg,433,889,418,490,661.0,454.0,456,72
keSH8FJtDokuTq2Wp3_S7zrah9qT9F_.jpg,332,783,463,538,557.5,500.5,451,75
kEwwN2lbKK4DEcKJ=DtRKt7lERuzqG.jpg,328,762,426,502,545.0,464.0,434,76
KexL5ShKKiPJtp_nCTKTjvZ3yUCqBnTi.jpg,419,760,481,544,589.5,512.5,341,63
kf2DUH7C3ZzuxDvBxXCS2kfkG9Ba4GcV.jpg,387,881,439,518,634.0,478.5,494,79
kF2HJc7COpLCdwB9bHW9MePVntXU8cZ.jpg,291,853,465,557,572.0,511.0,562,92
Kf7lFKEfvWG_fSQd21WzbK1FO4ilYkES.jpg,370,985,501,591,677.5,546.0,615,90
kFdM8mUTaBIgClogiTlzJtVmf=Ij3Rt7.jpg,350,855,443,538,602.5,490.5,505,95
KFGjPzzivMUjv3V6uK6Hvuf8QV7D1Rk6.jpg,340,795,438,508,567.5,473.0,455,70
kFI_YuRTPvvmFw1YDqtortnakG9nyx.jpg,343,920,473,583,631.5,528.0,577,110
KfLpuiLqwjUmQtPUCPwTETXj5_WNH_rz.jpg,405,679,426,478,542.0,452.0,274,52
KFoqukXCfcGGNbhYNkhFjCNeeLcfDVLP.jpg,474,778,459,515,626.0,487.0,304,56
kfqalZxFXa4B48sTKISEkfLnHKfd8lr.jpg,394,831,421,485,612.5,453.0,437,64
KFV3VTaWBZdoPG6dDfLPflwLuyScTGd.jpg,535,850,464,526,692.5,495.0,315,62
kfX9=uDtbt6IrRJ9_tUmQHgtIgnys4Ce.jpg,306,891,477,562,598.5,519.5,585,85
kFXpqJ56ZLrMHSjVRXOadT4GQJ75FsvR.jpg,257,746,469,541,501.5,505.0,489,72
kfYUwgbdx7kRPDE=x8VueYhSMHjfrMR.jpg,323,865,506,586,594.0,546.0,542,80
kfzPf3UrG9Wz3Fxjxp2tJp2fr3o=HZ.jpg,467,805,450,512,636.0,481.0,338,62
KG5Z6bsynPzEHiBQzNdBxiWBtHhVZUk.jpg,408,793,448,520,600.5,484.0,385,72
kgccuR1Ia48t=u1Ea91R8XFXc7Fw_.jpg,264,803,469,546,533.5,507.5,539,77
Kgi9oJRPX4lZxWLOwz6N7pS=7l314e6.jpg,256,841,469,560,548.5,514.5,585,91
KGKXQOtN8SESbvofIdf5nNLih_4k6r26.jpg,350,759,443,504,554.5,473.5,409,61
KgL_F4ZjfUZQSRJLnqqvENbbhDxjjsJ.jpg,472,960,438,514,716.0,476.0,488,76
KGQZ9gfSwtKhk8lIxLSMUFBSMV5UFD1.jpg,435,930,487,564,682.5,525.5,495,77
KGsD1_SFSXU4aULpVuxiLBpxS55e8Q.jpg,406,892,477,550,649.0,513.5,486,73
KGSnlmJDlzERx6473awoj=wg7K1=Qs.jpg,360,664,440,496,512.0,468.0,304,56
KgTtxRD2pzm8JH2vtkRy5Bw7BTLnqx5Y.jpg,370,773,417,482,571.5,449.5,403,65
kgvUjvtPJFBtd3Wf3J8FrIQH2wq__S.jpg,426,755,475,537,590.5,506.0,329,62
KGYhxYqReEzmjmcub6ZIk=_eW1yIbv.jpg,507,869,494,562,688.0,528.0,362,68
kgzPVJW5f6f4tI2bRy4sYfdL9ebrhPu.jpg,331,1064,531,647,697.5,589.0,733,116
kg_rPzBIG2LHCL5s_IgUEOBycFS5OoYd.jpg,293,945,518,608,619.0,563.0,652,90
kh3rW8SQxTbt5i7ntLm7=DZx5qS7oEz9.jpg,456,896,429,495,676.0,462.0,440,66
Kh5iFszqRDn5GOlu4LIY8kTdru9cv9d.jpg,300,765,449,519,532.5,484.0,465,70
kH6wXXVKGyh4Yvq=bVtnjcKI8PYGN9o.jpg,304,812,452,530,558.0,491.0,508,78
Kh7aW96rzh9lKD_sc6Stl8KKm1kS7gBt.jpg,400,891,446,522,645.5,484.0,491,76
KH8RhedUOIz1v6vH7s36lcyKW9Z9tPq.jpg,425,847,456,524,636.0,490.0,422,68
KHCDhYivK6EfTl95hGy4CleTMzNmqzJ.jpg,375,824,421,489,599.5,455.0,449,68
kheak3YIgRayUDcrBDhiWgHE2esus3.jpg,394,949,478,564,671.5,521.0,555,86
KhN3pT6MNbJ11ezHeI7EvJTIH2KGzt4.jpg,329,649,439,503,489.0,471.0,320,64
khPet3Is4TMp9d8RYmEzhgM9iFOK=QX.jpg,260,777,460,535,518.5,497.5,517,75
khQZGm5sUivI1p53Bqw9WBWanPyooEtj.jpg,346,738,418,481,542.0,449.5,392,63
kI35P9NhC923jE1Lnv86kzHSZwMbbz.jpg,447,930,444,517,688.5,480.5,483,73
kIb4F3ag=v6Tid_Z5qI3j8HU6RIVFOMC.jpg,452,883,428,493,667.5,460.5,431,65
KiiTq=rR=3JBhXS3UTKWpbD=2oauc6r.jpg,423,846,430,496,634.5,463.0,423,66
KiJdCN5fbrZz2C9ZUXXpOy9_wll_E9c.jpg,402,906,458,528,654.0,493.0,504,70
KiLCzc84hWGpHeKJg=lCacmB9rWK=o5.jpg,396,835,427,495,615.5,461.0,439,68
KIR9QMpeVIKYoWrrErU_zkmwi8ujEi.jpg,406,935,493,575,670.5,534.0,529,82
kIY7rYdnsdQX2ePm=iWMfmqorJCVqfk9.jpg,465,874,417,484,669.5,450.5,409,67
kj5lyguxmzM5_hKfn=688H4zUFjSTs.jpg,428,880,431,505,654.0,468.0,452,74
KJboMaiEJkzKX9IHdIJQgx2lf1bjPs.jpg,441,869,461,525,655.0,493.0,428,64
KJC5J65zZEIMxxeqOLljru5K7f1dRVJ.jpg,424,877,429,501,650.5,465.0,453,72
kjfXjlINP51=OlLoHEHSm6f2C4wk33D.jpg,378,860,453,526,619.0,489.5,482,73
KjGCIHDlwos2WUf5qBmyofao4svQBP3b.jpg,354,840,433,506,597.0,469.5,486,73
kjHmMPovsRqvpTcVEPlNtulfnnWHVh3U.jpg,400,892,451,525,646.0,488.0,492,74
kJl=zQJisK79JdFLeCsDEUH_lfFIyxd.jpg,456,737,442,494,596.5,468.0,281,52
kJlGooJRXY==1vwObHhat2kJcjLl1xq_.jpg,378,822,420,488,600.0,454.0,444,68
KJmhVqebREdacnwSOzisI96EVPBzkmX.jpg,302,898,484,565,600.0,524.5,596,81
KJnG9FqQVFU6qs8lSRCFW=k_qj3rHoV.jpg,338,898,498,576,618.0,537.0,560,78
KJOfZcu=Sv8amssn1ragpgLyY6Do2L7B.jpg,455,744,433,490,599.5,461.5,289,57
kJP=OR2uPOmacsB6YUgWE5I1kcokSOeP.jpg,436,825,518,590,630.5,554.0,389,72
KjSvDrwxpEQgD=ISRDjxe7NVelU5sGoe.jpg,387,836,429,498,611.5,463.5,449,69
KJWV73hvEjzv=NSf1Ux73=gEmRqfsvvg.jpg,377,837,441,521,607.0,481.0,460,80
KJY5NbvHW7N1bs6n1ObvFkzzlp8uJ8Vh.jpg,330,899,480,565,614.5,522.5,569,85
kJYKjhtGv2tVldwH1O43K3Y1zvxrUZ_W.jpg,314,844,451,531,579.0,491.0,530,80
KJ_KIc8OmHgNN_fPnDCFWwEL3Wyy7CL9.jpg,301,842,466,556,571.5,511.0,541,90
kk4TO1xjSLdgffn64DqIk3Mtp_CpHr.jpg,418,849,426,506,633.5,466.0,431,80
KK9ltTTshQRCQTvo2am1Rkcybb42s5sK.jpg,409,898,451,533,653.5,492.0,489,82
KK9NRp9Fy2cC3lG5ox6S94oEuG4hPeOQ.jpg,349,859,450,528,604.0,489.0,510,78
kkeqHSr7yviNjYgJ17ss1QV8jtEiPHU.jpg,444,818,435,498,631.0,466.5,374,63
KKh2XYnxa4D=6bI23VhEMlV2_Vf=TNpx.jpg,451,1175,526,665,813.0,595.5,724,139
kkkHjepqb1EEmBfz8bH3DYG7gs_QazGL.jpg,397,799,411,475,598.0,443.0,402,64
kKMWoupiL41dzWXxtbaVk2BUF3BEzjV2.jpg,389,809,423,490,599.0,456.5,420,67
KkRIEQn6kBfXXjjiVj1UnSBEKxruK3My.jpg,324,839,446,545,581.5,495.5,515,99
KKSfoMl=nd1L47nF96ftoyHDVmZj4mZ.jpg,348,922,483,567,635.0,525.0,574,84
kk_aym8UhjSBtgrttOPL=lWEkwwmXdZ5.jpg,452,859,415,482,655.5,448.5,407,67
kl1M1HqjHThqZLamEc_5Oqh=XbhjP7H.jpg,502,930,456,527,716.0,491.5,428,71
kL2NmO6H1LpXGUUJe8urrzQhdmHGg6eR.jpg,463,782,423,485,622.5,454.0,319,62
kl2pB9MfGyG2rHVkFnhlbNwiO=hK7FW.jpg,382,933,474,559,657.5,516.5,551,85
kL96BtzNHVJFnqC8fF9XQhczMRliPW.jpg,402,817,416,479,609.5,447.5,415,63
KLDxGhwl_BKyDYTHDoXnUOwgMsMCjqv.jpg,435,739,435,490,587.0,462.5,304,55
KlEFt=TPmZpMWXYH3_TYJSK1judVuK.jpg,382,819,467,532,600.5,499.5,437,65
kLeOgogb8L5COpaL7mOFknR1ROuj.jpg,314,904,481,590,609.0,535.5,590,109
klfl1zapRb6upfM5ooLjSHT=_ULQ96=r.jpg,414,950,476,557,682.0,516.5,536,81
klIuOlOuxgwUNfzRVhUgYD6kFfsMqH1k.jpg,449,838,410,472,643.5,441.0,389,62
kLls2VWuPWZPnkLWgOzUvTsEdJ_Q3d.jpg,395,903,458,535,649.0,496.5,508,77
kLogpuSh5tqpNpFcidpLvlVzTjKJnYo.jpg,307,778,435,509,542.5,472.0,471,74
klvj=tgg1Mod6HVd1eqjoRHBKUGx1WG.jpg,441,807,475,539,624.0,507.0,366,64
klyuxWdOX8pbcvlnnlJJKj2P3tNqmV.jpg,414,764,491,553,589.0,522.0,350,62
kM2nFZx4iVmtv6WOQOf7xnb6cxMNEJv.jpg,414,818,418,480,616.0,449.0,404,62
km8rSBXDPo3ZDGSiTSgcPMC7xXscw6.jpg,373,897,491,576,635.0,533.5,524,85
KmBfowwquM9l6vsB7=oCBG1i7ErHa8c.jpg,355,869,446,556,612.0,501.0,514,110
kMdn=R1JuXift6tEuTx492J6EhQQy5X.jpg,265,769,445,525,517.0,485.0,504,80
KmJhv_dYXeQxe=WQSEnRbgbbDwNI5dYp.jpg,282,809,458,539,545.5,498.5,527,81
KmpduHqZM_=oOoaCgvlgv38EnNTNWU5O.jpg,430,968,507,585,699.0,546.0,538,78
KMpQxsuxK5RsBknKfSxP5YPve4fSfnuc.jpg,405,811,418,495,608.0,456.5,406,77
kMS=9O8jTuncI5rm7ka8R2jRZWi2m1Iv.jpg,398,851,435,506,624.5,470.5,453,71
KMxTBKw38kfLQ9pjPxNk_GDFQj8Pxejk.jpg,419,894,474,548,656.5,511.0,475,74
KmZSgSrE_E4yvSD8y6qpSJSfTuO59I1T.jpg,492,905,415,484,698.5,449.5,413,69
KN4o473wLrcQt6UeOjmlRc8EiP=6_r_6.jpg,436,882,421,516,659.0,468.5,446,95
kn5fzGPFF1LwdB4K_RhqRW7i6aMxd=m.jpg,448,824,492,567,636.0,529.5,376,75
Kn9=Fk2LdUfMuUX=7ukaWGQ5WYVqhbc1.jpg,423,863,430,500,643.0,465.0,440,70
KNCw=s5UUemwu3OtIo8CDFMm8sHo58i.jpg,289,771,469,543,530.0,506.0,482,74
kNfl2QsjZUUUPSOIKqWDYdcykkiSFjLC.jpg,419,814,416,480,616.5,448.0,395,64
Knh7uaFYo5rQsok77C1GzgZZv5PnoPII.jpg,249,951,456,596,600.0,526.0,702,140
kNhiDmTVIgsRSoVa87SUfghvULc7JD2.jpg,298,824,458,538,561.0,498.0,526,80
kNPSQmzx1nFoBy7t9IvOT5QBuziGs3.jpg,366,658,423,482,512.0,452.5,292,59
knrUEsnOd3oZg=Os_ZSu2hNC6ddots.jpg,423,942,488,570,682.5,529.0,519,82
KnW8F3I4HwUlpS8Xyc5tJqni6B=Wbg.jpg,328,859,461,552,593.5,506.5,531,91
knWrVk5aru6e4qsCVLI6dULDjoIn1wM.jpg,356,720,438,509,538.0,473.5,364,71
KnYF=aClJvt2Y=RV8Fylj3VUBcCNsnpw.jpg,441,785,492,556,613.0,524.0,344,64
KOkH3XiQlevO4XZ=D5mPnFkfo4lOorm.jpg,505,781,420,476,643.0,448.0,276,56
kOKXKZX2J=Co56ZWu1NchpuhfFlP7XH6.jpg,333,974,510,645,653.5,577.5,641,135
Koq4zp8=fx=RrQYlQfTI6TtksTPNkfx.jpg,418,803,456,522,610.5,489.0,385,66
Koqb=3_cubJuzpRLhCFelTH9zXmp.jpg,470,896,452,520,683.0,486.0,426,68
koQMWRgTgjRZKwyu=BVCFDfULjMGV4c.jpg,462,786,470,535,624.0,502.5,324,65
kORZRIC_Msu7elqQx4=vlrILaPdxUUN.jpg,437,913,429,532,675.0,480.5,476,103
KosGaOEcBospeUMlpkKmrmHm22efzBf.jpg,471,896,417,490,683.5,453.5,425,73
KostZJeGypxKFjSJWYHY_6pPy9777m.jpg,368,896,447,527,632.0,487.0,528,80
KOVrlGgBq_FmoiJRDEVLkCmP_=rXsKr.jpg,383,806,411,492,594.5,451.5,423,81
KoYXcwCKgwYjMi__K=L9RoRqD5iN5i.jpg,363,937,510,599,650.0,554.5,574,89
kP9hJB_lnrGmUItRuPpzfDcsL_ul7Ur.jpg,313,790,443,520,551.5,481.5,477,77
kpBIWjENcthv6oPZ6xCWLwOCbYUH2h.jpg,470,790,467,526,630.0,496.5,320,59
KPbMsLnmECyRLDXSwwOLke=EKNmK_GD=.jpg,385,812,418,497,598.5,457.5,427,79
KPBufCog64fj_gC8iEpIHJQivYFQbkL.jpg,310,870,478,565,590.0,521.5,560,87
kpDDnffI9yfPStqPTvarUUvQrM1_t7=.jpg,438,765,478,538,601.5,508.0,327,60
kpdeHs=oiW7s2prPXnvyMGG_34IwkBB.jpg,396,827,440,505,611.5,472.5,431,65
kPHtkYGWgqzziUonVKgN3bOeRZ5xC.jpg,398,808,418,497,603.0,457.5,410,79
kPLGC=Ro5kMFJI7TTB8Irjs47TJfz=mZ.jpg,411,889,475,546,650.0,510.5,478,71
kprZ5Ez5ipREF9pTrnUTFohuPGDZTIfS.jpg,416,703,425,481,559.5,453.0,287,56
KPt8cdhp_5ouu6JWpg3rM57c4rV3=ND.jpg,412,945,502,580,678.5,541.0,533,78
kPteVGgrzrHZeGukEvnrDmaYWNXf2vs.jpg,408,929,468,553,668.5,510.5,521,85
KpTlLpkExyvjgfX7CWkz7CDyYtOQl6Xt.jpg,489,960,521,606,724.5,563.5,471,85
kpWi9o5fMoWUGZpoYU56rntUMxi=4oc.jpg,404,799,443,509,601.5,476.0,395,66
kPYQFKhdfccXnCZdVybfWRLMWWUcmk.jpg,442,870,414,479,656.0,446.5,428,65
Kpzio_lW8hQsOjpVLzWKZ7TvIsiXOeS.jpg,483,746,413,467,614.5,440.0,263,54
kq3woP=avZTTE3zYRP24FjEodNeTiM.jpg,364,960,519,606,662.0,562.5,596,87
kq66MyFauGHJFpqvGdoRerHt_mQ6=r.jpg,347,834,441,515,590.5,478.0,487,74
kQ6bLineQBKfSDTLRdYTYwE7XXyDif.jpg,189,877,456,553,533.0,504.5,688,97
kqa73WRsdGOUfwofM_wJfp23OhmKnTci.jpg,392,799,445,510,595.5,477.5,407,65
kQCBwnyrg87FXRXUbLz5lKnUEQUm8WyR.jpg,395,898,449,526,646.5,487.5,503,77
kqcoBL74C9cVlC1=J4kCeDDMv47NCxT8.jpg,319,857,460,542,588.0,501.0,538,82
kQgqqVrKY7mqFLPYiDBt3bSkw_E87i1.jpg,416,812,444,513,614.0,478.5,396,69
kQH1ai487x1wvJt8739nqCXj4qC=p=l.jpg,298,754,437,508,526.0,472.5,456,71
KQImWmRiwRXpfnL8Jb4aLxnD2qCsB.jpg,407,900,431,505,653.5,468.0,493,74
kqk21XDQGbHfYCkTt=q9swUTcdo3nl_7.jpg,285,704,506,574,494.5,540.0,419,68
KQo5aqY6UO41Y=oG=o=5X28OcorFrJKJ.jpg,440,734,434,493,587.0,463.5,294,59
kQSeo6TuKjeUvapNoNLrkailoKQQ8K.jpg,316,766,428,503,541.0,465.5,450,75
kqUN4v7rjhQKvunDp_U75IO5eS1DgR9Q.jpg,329,753,417,480,541.0,448.5,424,63
KqXnhES8GMgvjE=xXxFzJeL2FxhTGKS.jpg,220,738,465,542,479.0,503.5,518,77
kQ_8tj2dYNtd9sfE74QlpZw_yU7eB12.jpg,418,856,425,493,637.0,459.0,438,68
kr1g9INzFnu8O1=PMahtUnRiCvVDM_Jo.jpg,564,1073,489,577,818.5,533.0,509,88
kRdPplL86s6C2WzKXHZjIPkV9_Qls6u.jpg,525,819,449,510,672.0,479.5,294,61
krEpwPW6YCFJ3yLuy3UGSUzXJffyk.jpg,321,849,502,579,585.0,540.5,528,77
krFHDHYL6TlbLW26Sx_byI32zfp1Pnv.jpg,401,809,417,501,605.0,459.0,408,84
KrpgOf7ix_=GtOnHtoaLUjhJQmmEL2PF.jpg,326,741,424,490,533.5,457.0,415,66
kRPM7eBaiqpTEr4s9UD_GVq1rFy5yUIJ.jpg,392,871,424,515,631.5,469.5,479,91
KrUatP3NX7v2=uGjoPUt8nOQBnPEmvv.jpg,457,934,435,512,695.5,473.5,477,77
KRzSC1SQe1U=ZVLCoY5CYjXjhKP7hP.jpg,468,852,439,504,660.0,471.5,384,65
ks5fwEg3pCzDiQtywiatLeBSpRtwKv.jpg,363,762,456,529,562.5,492.5,399,73
kS62JofdY1c3f7UEK=GmqOMOWWrike.jpg,375,714,442,507,544.5,474.5,339,65
ks7kdFURnM5zc_5HkFdomNVLQS7x=Hp.jpg,437,874,450,527,655.5,488.5,437,77
kS8xjBM=LNrhM1GN7kK7NwPowNNsq3.jpg,329,853,461,542,591.0,501.5,524,81
KsaeQq2sLY7pf6djlFl4CG4i=FTx.jpg,305,722,416,481,513.5,448.5,417,65
KSBP8HESjDVvbvgBiJiQjqHXiLkaDmH.jpg,398,818,424,495,608.0,459.5,420,71
kShSuYdo7HHhFVp7BKmOzQgXyDykjK6.jpg,323,841,475,550,582.0,512.5,518,75
KSNh=ITI5VS88G2cFNxRhvs4S6knS.jpg,345,865,458,534,605.0,496.0,520,76
KSPwleoXid9lmzCX3z3B8y7b9En92Ie=.jpg,407,858,428,517,632.5,472.5,451,89
ksT8SJtn2qZCpY7Hd5Xoueidfkxfl=Ep.jpg,380,804,447,509,592.0,478.0,424,62
KsUF=TgL6zS43KjEWDwLIvr_KoQOL.jpg,443,935,481,559,689.0,520.0,492,78
KsWyltuDIZBHBzVwUJfEFRUl84nLoEc3.jpg,435,848,418,484,641.5,451.0,413,66
kSxMCuYkjP_uYLHB8n9S4MYwNmKHRtb.jpg,396,736,437,502,566.0,469.5,340,65
ksYVP1veJTdP18n3EhqaOe8_wKnlCSl=.jpg,527,1004,434,518,765.5,476.0,477,84
KSzyhQGrJT3Fl_xgn5F6GCfuXrE5L6.jpg,352,768,415,477,560.0,446.0,416,62
KtBPwTU4RazIsfXHtMOi7s1XkDdggLd.jpg,318,800,439,528,559.0,483.5,482,89
KtCxdXs4LRbno9sjNo77kW755bPVkntY.jpg,493,821,206,461,657.0,333.5,328,255
KTiSQcmX5y3KwxW7d5Mtu9XOSMBnJ19_.jpg,320,847,455,535,583.5,495.0,527,80
KTjJlaSMxwYhMPHlfPdqPKunJfvKHh5z.jpg,487,906,526,602,696.5,564.0,419,76
kTLed5Idw7deiHnU=3qd72LTFhtIxobN.jpg,404,815,448,518,609.5,483.0,411,70
Ktoy4c8jUXQcNS6kzWFBrwkbelvZ_JoG.jpg,436,850,419,486,643.0,452.5,414,67
kTqsUFJO=KcPpYFvlOJlGXsCIkVgwrFu.jpg,388,839,460,526,613.5,493.0,451,66
ktrmUMBnyzVYKhogW3FcLVoI5D41owUG.jpg,441,875,408,504,658.0,456.0,434,96
kTufLrl4JOMM5vWdM7C3=aRo8ZBxH7.jpg,429,703,419,475,566.0,447.0,274,56
ktuw5zwc34qktUsQxVLZIa=Rdp9F=r.jpg,488,892,413,481,690.0,447.0,404,68
KtxJOYh3MmPiHhFvkEDiJkOTVflhlW_.jpg,340,862,479,557,601.0,518.0,522,78
KTzfjz_NzTR9Vjj=IPml8LRFNndQbVTT.jpg,328,884,470,567,606.0,518.5,556,97
KTZUz=jdfO7d2sPsIa7cfnOaSuI5Nmi.jpg,355,685,422,488,520.0,455.0,330,66
KT_ECfSujeN474317SkYkwDOxTO=ibXZ.jpg,431,977,457,540,704.0,498.5,546,83
KUb5J7qvPtEPIPgzZ2s_feoDqaq41.jpg,450,832,502,575,641.0,538.5,382,73
Kudh7kFXvMYsDn9x6vWHH4n1rh35vdL.jpg,436,858,451,516,647.0,483.5,422,65
kUEJ_vD554HqZi9k2F6583tc3c_3errm.jpg,355,650,446,506,502.5,476.0,295,60
KuFdZgn1JR9r1yo5g7Tey24sBtpI1gX.jpg,418,850,425,495,634.0,460.0,432,70
kUfSEBXQYws9Y_sl91hu9hCOsO8CozMc.jpg,388,807,422,494,597.5,458.0,419,72
kuhy9JKgfwIaoTycaCnooJQThM6kh1v.jpg,438,878,448,514,658.0,481.0,440,66
KUIXlyHBVmp4PYFPVgdKii9stN6pi.jpg,392,701,431,493,546.5,462.0,309,62
kUKiUE3L7r2p=nvHz3sIYNezOxZQcxUa.jpg,570,780,331,411,675.0,371.0,210,80
KuQzDnpwePqZdVlhayLMlbfGBWzlv22.jpg,198,995,542,657,596.5,599.5,797,115
kuSkLQ=1smlISd_v5BOBq1DWQq43ynP.jpg,415,858,430,506,636.5,468.0,443,76
kusSpWyg6zGEfKXub4NzQ=5PcBBXuy=I.jpg,430,872,420,492,651.0,456.0,442,72
Kuu=XMPjwhnLyGWrWY=oRtlx69a1JZF.jpg,437,863,416,488,650.0,452.0,426,72
KuVNHK9dw7MZpzq67U2H48kroSCrroM.jpg,470,736,412,466,603.0,439.0,266,54
kUyBURFhcK8GhFDRWJB=FwmQDTZWc.jpg,361,652,419,478,506.5,448.5,291,59
KUyRKziQFbDUJHaa8FIhwdzUlw32IO.jpg,482,760,441,496,621.0,468.5,278,55
KV6g5l_F6lUYhOanEXMUdX2k2vt4Q2Jq.jpg,421,752,448,512,586.5,480.0,331,64
Kv7IbfTIJwN6GwhWEhOS1me6SkZ7F3.jpg,352,837,427,502,594.5,464.5,485,75
kvazg92=3_khq9uM49HYX9V2lP7wHTu.jpg,359,885,491,571,622.0,531.0,526,80
KVbBuo6P=Pv4FsTMGW84LHFgiK2H2=nU.jpg,450,920,441,519,685.0,480.0,470,78
kvbHiTd7dUJCLxxnYjEHxGCuiI4S8C.jpg,437,838,412,495,637.5,453.5,401,83
Kvb_8vCgxyzI3sJGFreTtIS9Xq=i7eVI.jpg,349,886,497,581,617.5,539.0,537,84
kVirj93IcnQULniS8tgOCwC8ge3oU.jpg,360,666,432,493,513.0,462.5,306,61
kvLBccufZ8T2V6vzjcqstT7umvZzcdat.jpg,395,826,432,497,610.5,464.5,431,65
KVm3PwECvI4lkzLJzlabwYorMHtO=av3.jpg,442,846,417,482,644.0,449.5,404,65
kVMsgC3oq1HPWFiB9nkVD3lPmLORyQw.jpg,289,780,452,525,534.5,488.5,491,73
KvPfHTWOCughlav4tYCQFivCjFgVyoTJ.jpg,389,806,414,476,597.5,445.0,417,62
KVpnxo8VIanR5wRgd7RMtgpah4rsgyh.jpg,342,804,489,562,573.0,525.5,462,73
kvPzifp6wwXSnG6gXJaamfXFIaP2xU.jpg,347,873,430,507,610.0,468.5,526,77
kVp_mL3MsEK6Ym4v5ZglY9JG=sNO8h.jpg,431,795,444,506,613.0,475.0,364,62
KVqlrg13EHTuqftUdye2bsoJ1C2fHww.jpg,447,743,431,491,595.0,461.0,296,60
KVqvpwuvCQnbFM8aOQfhpovuWjPHVBBF.jpg,308,832,456,551,570.0,503.5,524,95
kVzP3eikr4djN17PhJQ8vVwGLCLn3qCx.jpg,343,765,431,495,554.0,463.0,422,64
Kw3h229glf9VPr2Jtxe9orSITH9Tivt.jpg,381,984,515,597,682.5,556.0,603,82
kW3Q4nCaaysjrY8XjEc6fwQLTo=lUBH.jpg,444,868,428,502,656.0,465.0,424,74
kw3qb1MsSxuuliT11Bx2IJw73b8IoQM1.jpg,324,662,436,502,493.0,469.0,338,66
kw9h=VcQ_b7zbpCmxNXfgCevU6SuywFr.jpg,320,841,483,561,580.5,522.0,521,78
kwB6XQRseu76nzsiwGLGGPMbkrbaj.jpg,296,752,432,499,524.0,465.5,456,67
kwdSKe2whKYULEqnyWTgeXo_YoPBPdf.jpg,455,876,454,522,665.5,488.0,421,68
KwEJ2GUHngmtBUL6BZW2xWj57uKFvjZP.jpg,346,929,474,564,637.5,519.0,583,90
kwKa3tl4E3NL2ExlXWXJn6_wSSvcQiz.jpg,229,786,470,551,507.5,510.5,557,81
kWMfcKrrgMUL_noWam3ay2jeufnEtV.jpg,460,741,420,476,600.5,448.0,281,56
kwrsCWU=2IDSl5da_PcXiLvCGomlwDkd.jpg,284,816,472,550,550.0,511.0,532,78
KwtSgvhl2mVqBMRldqitpZommSCFt44.jpg,125,1060,569,700,592.5,634.5,935,131
kWx1F5e5HaLtErcpHLqcRhRVMvbprq_k.jpg,441,858,422,488,649.5,455.0,417,66
KWz=v=mJqjYcJ32kZ9HRe1v9TZobB9.jpg,420,861,431,500,640.5,465.5,441,69
kwzwkeH51lBTnyC4OPIikrzfeQz3nd7.jpg,422,736,464,527,579.0,495.5,314,63
KX5rbIStyBzfKpSDpBEuMQNNE=EqvB.jpg,415,971,465,554,693.0,509.5,556,89
KxazHOkrQtTrH6Wso=enLCZ=1rk4Y3hX.jpg,462,876,420,486,669.0,453.0,414,66
kxcaB4t8wzmUmhRvYPWP=I6D1ymcvnD.jpg,443,878,421,491,660.5,456.0,435,70
kXiNzNOXFbiBt5LPvTbJmYJxFJop9hWE.jpg,443,722,423,480,582.5,451.5,279,57
kxpeyJ3NWOuYRyPiCjF9nVWpjM9buMmk.jpg,275,1075,536,665,675.0,600.5,800,129
kXQuuCGjeIrtCBnClZeVEzniSmJBFiu.jpg,359,826,435,510,592.5,472.5,467,75
KXRg=h3CycWwMltp3ZWX8Vky_GECbgR.jpg,476,795,462,526,635.5,494.0,319,64
kXrthJ1Wj=9HUk1nIX_O_sd5Rxzu=3P.jpg,408,833,416,508,620.5,462.0,425,92
kxSMNDl_RPfMOIrFKJ1FddS3DgH_Xt.jpg,308,859,470,560,583.5,515.0,551,90
KXSzjErKU3ypmqLIHRFWK12KbWjmNsQ.jpg,327,763,429,497,545.0,463.0,436,68
KxVZTL2apNOXyVchUmFKh=PBLzVZVhn.jpg,410,880,472,544,645.0,508.0,470,72
KxYSyXDTsVsoKDrBNW9CFyfpEYx4.jpg,446,860,421,489,653.0,455.0,414,68
kXz4gcfCxgRlCcWbDH29W8xMzdomRsaq.jpg,387,841,422,491,614.0,456.5,454,69
ky2yOTrs=QKOJgQlrJ15i45lqtEjGr=.jpg,396,741,474,540,568.5,507.0,345,66
ky72lxENh5vqCkWDcDatQEslWMqaWs.jpg,293,1139,551,679,716.0,615.0,846,128
KyBd53UpnOeiUwTIXzGkkxlRBoB7oGI.jpg,345,944,532,615,644.5,573.5,599,83
kYCJGQ5raWtLYq3Pz17Q=fwbFILMCtp.jpg,451,891,424,496,671.0,460.0,440,72
KYf96tXmuOVG=zlQPDL9kz8CQkD2Q.jpg,351,829,443,517,590.0,480.0,478,74
kYfizd7Ty6FmdTs6br4BRt=EZhaBVGS.jpg,385,827,420,492,606.0,456.0,442,72
KyGjLDYnLLuKZucTlMB6Dg6CpPWe8Jy.jpg,494,822,447,510,658.0,478.5,328,63
KYLxxqzon=l88xZdXh=FGySp9XgFE.jpg,398,884,449,523,641.0,486.0,486,74
kYnfQSfruDomXc=JfWlp6vL12Shw1fb.jpg,453,881,421,508,667.0,464.5,428,87
kyoXii__ZtW_f3bBGtjdM_ZF4wQRWu7.jpg,358,855,431,503,606.5,467.0,497,72
kyQg=rhxokmfr66Bw8WuHn4bTRWIT.jpg,353,815,426,495,584.0,460.5,462,69
KyQMUGOBv=4aYvXE_Phm7qhRugXmHs4W.jpg,384,1086,509,645,735.0,577.0,702,136
KyRn=EchqDldhtb5GEgmuzJR6suHwO.jpg,510,903,438,507,706.5,472.5,393,69
KYTwKUhQ6XWFP6MPkOublDwUIKUFwV15.jpg,412,899,455,530,655.5,492.5,487,75
KYueXKMm5d7mh5HlkTJLw2UBL_MPpBg.jpg,377,666,429,486,521.5,457.5,289,57
KywX4YaG7TH43qnl1ZueUfl3D9qIeGI.jpg,424,951,461,542,687.5,501.5,527,81
kz5ayZmOmpoam_l4h=9dmGf9MSm9Bd.jpg,209,783,493,574,496.0,533.5,574,81
kZ8itD2Uwuvy9MlEbV6Vgwmfhvw5Qxh.jpg,404,824,454,522,614.0,488.0,420,68
Kz9c96IL7PN32hqlVIHv8SRiRFKmnWDx.jpg,454,739,449,506,596.5,477.5,285,57
KzbaC8pqRxMRZMesc7fBd8XPyCaQGfv.jpg,297,715,451,519,506.0,485.0,418,68
KzC2uvhs4O9cfJ3UqII6F3nwPelRVXk.jpg,390,810,429,499,600.0,464.0,420,70
KZClnQPQGXv95GgREfoqGx1OIqEvU=.jpg,405,948,437,521,676.5,479.0,543,84
KzfebLFb2tF88N_T5B5R=N2Td_rFkKNF.jpg,438,835,417,480,636.5,448.5,397,63
kZo92Qea7s5upBL96Y236GLztpmcW.jpg,368,898,457,535,633.0,496.0,530,78
kZwk8rqWx9OIqg=E_chMNtx3IPquq.jpg,369,649,415,469,509.0,442.0,280,54
kzYH1bceRDKsb_UG2=LfHZ1GSsbM1wf.jpg,346,738,415,478,542.0,446.5,392,63
kzyX3dGsECPyejfBO6EMq5O1yI31=ZB.jpg,443,945,481,557,694.0,519.0,502,76
k_fPDNlVC9O9o=CHviXmwuMgN5W8Tu.jpg,356,835,469,543,595.5,506.0,479,74
K_Ofjzlr8T4REqoRVORbl78ksgN7Fszq.jpg,309,926,488,585,617.5,536.5,617,97
l17_W55f4ugKTDwT15gphE7K9Y3BcFe.jpg,361,849,484,552,605.0,518.0,488,68
L1EK1EfxOOcXJbkWJfcSGKog2B55iTK.jpg,361,899,491,578,630.0,534.5,538,87
L1MEMuUe13QsCcZ5WdKCk4wZdB28bcs.jpg,285,875,488,575,580.0,531.5,590,87
L1Oxbq1rC7NLssOzUnWbvxLXkcb==V_.jpg,280,938,508,606,609.0,557.0,658,98
l1pYxPdeSmLwaSDaWbW6GWjJJpOFqWv.jpg,429,824,441,506,626.5,473.5,395,65
L1sF886U3HILkPcWqTqh7KgiFSIRpecI.jpg,384,686,441,500,535.0,470.5,302,59
l1VkYPK22vmuJuv1kzTdwvUi43QH1ax7.jpg,443,734,431,487,588.5,459.0,291,56
L2=6PKi6VPMCymdSqrDq295RYQHnuIF.jpg,362,1143,535,660,752.5,597.5,781,125
L2EXw4I7lfZFOSEL6IJaD6dsmPqL4M.jpg,411,929,464,539,670.0,501.5,518,75
l2kb9G=7ehiw7P5VRpyyVy186M6C5op.jpg,456,883,458,524,669.5,491.0,427,66
L3FBDWF9rjYf6JuPCfyzIS1n843OC.jpg,464,745,445,501,604.5,473.0,281,56
l3HbucdiS_fHiu9FK5I9UVLQ5yHlY2.jpg,306,967,497,620,636.5,558.5,661,123
l3LFQ5SQH9j1nWuaUyqldw7BoE7xInK.jpg,229,519,461,523,374.0,492.0,290,62
l3OBicsp9LLksaUjmV8ECjNRa93dquv.jpg,205,784,469,585,494.5,527.0,579,116
L3ZyixeTbxdnI=Lx62RLeVWzJCB4ycl.jpg,403,950,499,580,676.5,539.5,547,81
l49OKRcfO1i4St54VqNFwL5MO5BPDMx.jpg,381,822,430,500,601.5,465.0,441,70
L4bQxDMbz2o4RKHCTdnpGs2F_YnCWl5.jpg,244,733,460,533,488.5,496.5,489,73
L4ekqLq=IfQ6DQmGqrzoXzWxY=u=mW3.jpg,403,811,420,489,607.0,454.5,408,69
L4iNnPEdPIFf2lGG66xEjx6raPoBT.jpg,457,937,427,502,697.0,464.5,480,75
l4SsJCUYWdPPmcjQ31Wo6dyfp1cEUq.jpg,329,750,419,480,539.5,449.5,421,61
L4Uo5sPv=8=NdTQQxOYW2bcxrMlkQRIH.jpg,466,844,435,497,655.0,466.0,378,62
L4W2eHc6dglbVtM597lzy65cc3E=FFHP.jpg,398,839,425,491,618.5,458.0,441,66
l4xs8lQZ9xTehooTjV3BMluKbh58rESj.jpg,429,896,424,496,662.5,460.0,467,72
l5FhrjJpYQUb8Hhr5EuLlNelwmLyl4.jpg,419,702,416,472,560.5,444.0,283,56
l5MqxFNoX9OstpMLk7Ql8sMhMzz1g=i.jpg,395,665,425,477,530.0,451.0,270,52
l5QWlxUHjtqZpl78TktocmP6bovvpVDb.jpg,429,827,422,496,628.0,459.0,398,74
l5QzO__YrsiUOSmU2SxajrbNFnCDV2Yo.jpg,416,961,463,560,688.5,511.5,545,97
l5ZyRO=IFj5Opdj9UC8SmFL9jD6Uvw_.jpg,421,954,490,575,687.5,532.5,533,85
L69a5MzRjG2a_f649PDHgBsqhG1ezPn.jpg,461,807,483,548,634.0,515.5,346,65
l6jUML2=br4nnwagZCDHKkt96vHVE7p_.jpg,442,885,465,534,663.5,499.5,443,69
L6MPL=fX2KyB89ih72_NEVTbEL_DuQd5.jpg,436,900,460,529,668.0,494.5,464,69
L6o8_4U3o3QUuRPwYRqu_Ef5Ze=KR6X.jpg,365,751,415,478,558.0,446.5,386,63
L6XT6kHHxMQGQq5ppOyZFkVTyqPZu3_g.jpg,400,848,434,512,624.0,473.0,448,78
l6ZZX3=INXmjkGf_z4tHZwf_wRJ=fFt.jpg,384,823,429,494,603.5,461.5,439,65
l7BSLIFESUioLl6YRCH_ajLOc6=Djl.jpg,359,933,516,600,646.0,558.0,574,84
L7mVn1rhj=JzFcYbWs7Vyy5VYcp_.jpg,520,795,424,478,657.5,451.0,275,54
l7NZYdKhx1RUuvbIQC42pkzmIsrQkmvl.jpg,416,763,482,545,589.5,513.5,347,63
L7ruKjB5LelgBR_fZ5aTL=tII1xt.jpg,306,724,436,498,515.0,467.0,418,62
l7X5gTHbFTomgeP5Z5MD3g1XrqahTbs.jpg,403,720,431,491,561.5,461.0,317,60
l7YTKglT3MqdsB8pZTndQEhLHWha1c=.jpg,446,857,420,484,651.5,452.0,411,64
L8iHs73JRa54V61JejHltyQ1wP_f48Y.jpg,439,794,433,504,616.5,468.5,355,71
L8K36yKe3jP=biml5gYY2mjxbsEXUz.jpg,433,824,415,481,628.5,448.0,391,66
l92Y_Wr2K1UEHBYqHfcmaZktGInVjIBF.jpg,400,818,419,487,609.0,453.0,418,68
l96=FKi4O7Qo9BfmQlrWrwi1Q_PPHaq.jpg,337,742,419,490,539.5,454.5,405,71
L9bUgtaDregTtve1C1HOKWrwEG_nt.jpg,225,796,474,557,510.5,515.5,571,83
l9IzHg_4Lt7b51bpkXwFgjbJlGwbWvc.jpg,371,757,448,521,564.0,484.5,386,73
l9kJRaYZ7QdflQRqk23UhGJjYQ8gjD.jpg,365,938,514,596,651.5,555.0,573,82
l9P9QS3iEKC3qtu=R7CdYaGeZ5hkEmy.jpg,401,804,416,482,602.5,449.0,403,66
l9pnMTep9N2elhTPlroE9FH3xYOpk.jpg,421,835,415,479,628.0,447.0,414,64
l9qdP1Fbesax5=1oxucsLXJZ1SV84y.jpg,399,848,449,517,623.5,483.0,449,68
l9Rd6k7r491BoNlcDt_5KBh5RLZdNqJh.jpg,349,884,463,542,616.5,502.5,535,79
l9XE7gPE3EfGwqdyz4PZjlZqa8JcKOy.jpg,377,791,417,484,584.0,450.5,414,67
l9_dbxvDgP8qSY6cqs13W7ZsDPcyQC.jpg,430,883,460,536,656.5,498.0,453,76
L=8n4hlg8itdOUMqtJmJ6yK5GWf2gs7B.jpg,433,965,505,583,699.0,544.0,532,78
l=EzVM1pZ2_ibnZC1YfmpRPnbf6piWZK.jpg,453,906,421,489,679.5,455.0,453,68
L=JR2rCVgL9SiNuuMk=7NyngPFsS=Z.jpg,476,790,443,504,633.0,473.5,314,61
l=jyqhtPsu84xC4rZyPZOJ1qtHOVZx.jpg,376,889,491,564,632.5,527.5,513,73
L=O7fU1wxcXlgZQospssTvZodc28iK.jpg,411,847,420,485,629.0,452.5,436,65
l=qLsv8lw=tB6VuW7jFRQ=nBs6gyhsi.jpg,331,906,482,564,618.5,523.0,575,82
L=rtJrL=X6JLsXxBDpaDrUzeikKRf.jpg,321,764,431,504,542.5,467.5,443,73
l=TKlsQZk_erDgtFUeX_231iziLqdQWd.jpg,387,881,452,528,634.0,490.0,494,76
L=Z92JWepnQ2z6JrDFi3VKuLNF7kbEo.jpg,268,822,467,546,545.0,506.5,554,79
LadwInxcwkxVZMVFgLZTbbpU9R8PUXkC.jpg,409,856,432,503,632.5,467.5,447,71
lagMgL2iuCnpPaWapMujTWFBi2m4uZKe.jpg,264,894,538,628,579.0,583.0,630,90
LaK1MZsmZZvaQNotXahwCJfBz=t1ph.jpg,383,777,411,494,580.0,452.5,394,83
laup4yaW8p6s9NhSLWQR4QITyIcwL.jpg,397,804,415,495,600.5,455.0,407,80
laVL1WXkPbrEfCusGOonRacKQULptmay.jpg,344,639,457,515,491.5,486.0,295,58
laZGX6VHNXMTvbOvNSZMCEdYcaLPK3C.jpg,399,835,433,500,617.0,466.5,436,67
lb4E4RJQrbOzCWNb6UORdiXWNXaimVg2.jpg,392,812,424,493,602.0,458.5,420,69
lB6Y5ZHHh7QKsBvIWVBiyfbS7JfU4D8.jpg,473,911,449,527,692.0,488.0,438,78
LbB=XO5acFxKv52JgyQHlyZMXnKztQEy.jpg,422,947,455,532,684.5,493.5,525,77
LbBBYlMS=MKNrs3fJRIUc1vrM6hbQVj.jpg,57,1212,669,814,634.5,741.5,1155,145
LbDVogcj4b6RJkgBm_XRM4_ffMpVFQJ.jpg,406,838,416,482,622.0,449.0,432,66
LBExNHok5RryRv=PiHsJHaf6SlTniHp.jpg,468,880,429,493,674.0,461.0,412,64
lBnUQeOQaL5er=ZvI=Lz4eQ_RBbfuLj.jpg,329,751,422,491,540.0,456.5,422,69
LbNwPeUJ3Tc8oKevDjYuWyaxsptkzOU.jpg,388,971,522,605,679.5,563.5,583,83
LboDcUurmCy7eJ4I3OxZvzsTJoy_Q.jpg,430,847,421,487,638.5,454.0,417,66
lBP2vWdP1zrViXecf4=zHgeI7T9BG32.jpg,242,945,516,615,593.5,565.5,703,99
lBP4JZINcmOHTN=1sNcoGcKrev5Xml.jpg,373,830,430,505,601.5,467.5,457,75
LBRXMqTSbP6eVemYjivlkanEd3dx4Dfw.jpg,395,935,518,596,665.0,557.0,540,78
lBswdJmnnJJHU3le5Cdd_s_29CP4otpZ.jpg,400,875,424,498,637.5,461.0,475,74
LBYXYTXHqtVz4oLpluo=JonGKTBCHHrB.jpg,341,942,526,609,641.5,567.5,601,83
LbZJR9kjijW6DzK61SKJ46FokHIgenV.jpg,435,834,444,509,634.5,476.5,399,65
LB_icTl8bhjs22spw_TugvW4nh8NpDU5.jpg,370,844,439,510,607.0,474.5,474,71
LC4ML59nOu8VOLyf2s89uyinuajhUX1E.jpg,377,832,429,505,604.5,467.0,455,76
lC6CbNCrIftaQBshwf_b28wIgh8S6n.jpg,384,825,425,496,604.5,460.5,441,71
Lc7=vDm1qeioJ_npEqUpVo5YZHmSHN.jpg,521,1001,472,549,761.0,510.5,480,77
lCBu4f7nDbzQCzO7hHIFaN3yYm1DTvI.jpg,381,810,426,494,595.5,460.0,429,68
lccIOjCD5DyHmkaP9yyhOSyI98kIW.jpg,409,856,451,519,632.5,485.0,447,68
lccYptY6D8i_BNW78HmKuflVYh6YnvV3.jpg,422,786,433,504,604.0,468.5,364,71
LcdllE6IJel5L2C28bnFUGWKgDKbNPX.jpg,420,881,422,490,650.5,456.0,461,68
lcDnmPzeT68UpzeZyIPQ9c5oZPT8o_DP.jpg,397,673,431,485,535.0,458.0,276,54
lcfr9M2LYTahZWBrhCkGqlqscSTv3Y7.jpg,373,777,443,513,575.0,478.0,404,70
lCgxJsU826_WVGbmjswWzpgpGZ=bIM.jpg,391,679,446,500,535.0,473.0,288,54
LCHCKOspPEpgYEY1Be5bPIFk=NbELP_J.jpg,237,776,464,553,506.5,508.5,539,89
lCmksVbcv7KbRiLp_x8EK=E=1qWe7YJ.jpg,357,823,457,531,590.0,494.0,466,74
LCnqx3MWv4K9u7LXbcPap5QwCzWCP5e.jpg,399,678,448,502,538.5,475.0,279,54
LcrUCKQ1U=TUPxzhCOM=q6F7FXGUOg=.jpg,423,817,441,505,620.0,473.0,394,64
Lct1VOr1FYXykpfwTNG81_7UqFTBOMTE.jpg,447,746,440,499,596.5,469.5,299,59
LCthOiJb2xmIjVJP4xs=vo4_cTdMZS.jpg,537,970,447,524,753.5,485.5,433,77
LcTzl9RYvvqq51iXt5goxtXtz25arHU.jpg,442,786,453,518,614.0,485.5,344,65
lCUNRDizp_vFhqdYoNUlMNvQ_xYGaaYr.jpg,396,829,431,500,612.5,465.5,433,69
LCvhk9vuWL36MBLCz=bhScIIMfKJ36D.jpg,438,886,460,528,662.0,494.0,448,68
LD==tVmtCTFUJTlfIlmjnUksMmu5.jpg,369,856,427,502,612.5,464.5,487,75
ldaGSmtcWFhfj2UBvsRX7bUbcY7Iv=.jpg,377,816,421,486,596.5,453.5,439,65
lDbmTXfOdPPGfRyYXQliDwFHCy4j6wwk.jpg,348,754,423,486,551.0,454.5,406,63
LDbwRRDVUUiogIn79f7WIfn3xg=KWl.jpg,365,729,439,512,547.0,475.5,364,73
LdckemohVFiCZxTjsVnkqrRb9QKE.jpg,495,783,431,491,639.0,461.0,288,60
ldCRdTrhRhCVyWajU7Og3nwcK=onrma.jpg,437,840,421,483,638.5,452.0,403,62
ldEeI4qzVeUqyZIIIeBNKLN8kQf18Re.jpg,390,889,494,566,639.5,530.0,499,72
lDGVxL3tN8lU1lwa=TYHaE3bhnpH8CL.jpg,344,756,414,474,550.0,444.0,412,60
LdhXvt5O9946x_gvlxv=z644YY_rYXB3.jpg,488,781,451,508,634.5,479.5,293,57
lDIG1cta4DMjXnzWm8yHufpL6teMO.jpg,421,844,421,500,632.5,460.5,423,79
LDlFFx5mrMrSXhExM=SDNUpFTufTpqKH.jpg,372,766,416,480,569.0,448.0,394,64
ldnCWXgt7FQye1_GxykyLjiSpP8IV.jpg,456,748,456,511,602.0,483.5,292,55
lDOO3RcpWNS7B9GuXC4OzSXRNiVbu4mC.jpg,331,750,424,491,540.5,457.5,419,67
lDPM4phIIPXfPURpxOcOGwvXwndmINz.jpg,336,887,467,551,611.5,509.0,551,84
LDQItJxvPk24gGcgXZUD7TMaUmpcxnY.jpg,422,889,428,523,655.5,475.5,467,95
LdrwtSB5poNP3MBYdarhM6dc6X84RQtu.jpg,410,768,496,559,589.0,527.5,358,63
LDscQB7UhVo7I4HWSrNPabaFZR4vSgJu.jpg,384,853,446,513,618.5,479.5,469,67
lDUkqgpMK8rBvF8FnPYDl3c8ejTyvX.jpg,452,855,416,479,653.5,447.5,403,63
lDuoHP_osDm8DDeszDbNgW8KY7BTCaiK.jpg,329,778,419,503,553.5,461.0,449,84
lDXll5YjGqsVag9ceSxlXO1nzKsdLCpk.jpg,421,752,476,538,586.5,507.0,331,62
LE8_wkKlpjRc2ZTaB2g_kmyhLL327sv.jpg,410,856,459,529,633.0,494.0,446,70
lebHRFzWGg1_JnIp37noW6eadhnHzZtX.jpg,482,786,434,496,634.0,465.0,304,62
LeHQBbdmSESpLGv6_LL3Nt2zQXIuszHg.jpg,460,911,462,533,685.5,497.5,451,71
lejQyotoCFqh7pDCoVHY9Jr_DRUc=HCO.jpg,476,977,449,532,726.5,490.5,501,83
LeKa1_XnXdn3hUg8fgeBtqPRoCyXqie.jpg,365,775,412,474,570.0,443.0,410,62
LEkaRiNwDUaT=WiJ8_seXkY9y897oFB.jpg,369,904,453,530,636.5,491.5,535,77
leMl=gnEU3gsFQXs2GRNFhXIDgFz3bt.jpg,393,891,473,546,642.0,509.5,498,73
Leot5vbJ2ET17gfzq71aKi37198F9bDF.jpg,381,763,411,475,572.0,443.0,382,64
LEQ67uaCxhJk32yq4N47GI=6Fybalo.jpg,342,927,515,605,634.5,560.0,585,90
leQpR2yVYSJp89sQ6XBwiF1VB7S8V5D.jpg,401,820,415,477,610.5,446.0,419,62
LeX6Ze5BbW6nEdf86Yb8J1itIBkkD.jpg,412,789,501,569,600.5,535.0,377,68
LF1Fdfi6ZUQtXZj=YYDqD3oscQSnzp2.jpg,448,943,457,530,695.5,493.5,495,73
LF3cR_tkckH532YLJ2NMwY5Pqn66xC4z.jpg,482,740,416,469,611.0,442.5,258,53
LF445P4u=HIzX4txXbavM1rCyhg4cIRq.jpg,403,830,417,480,616.5,448.5,427,63
lF57JduG6LG22UsYTiIIwKshSaktccC3.jpg,441,714,445,498,577.5,471.5,273,53
lf5eBi==V9DgZy6=Bs9CMBzdu6=WDsfV.jpg,289,768,447,520,528.5,483.5,479,73
LfE695iDLz4Rartjubd5uPSrO1mf2kjK.jpg,318,851,464,542,584.5,503.0,533,78
LFeKqS1=xV6cFzn2KWRgzw92P1CiO.jpg,383,840,433,504,611.5,468.5,457,71
lFfcwHM3etx9UdylFnCnc1R8Tm8cYdJz.jpg,435,901,435,508,668.0,471.5,466,73
LFGK_ueRK76=9k38LGlNsE1WFgDFEEYx.jpg,476,802,478,540,639.0,509.0,326,62
lFIDFi6u1qyG3aofRJHIgVP4eVQo5fOe.jpg,340,856,457,531,598.0,494.0,516,74
LFIDrZkIFiPzM6PM3_5Ej9Bhh7kG4LBY.jpg,399,941,463,549,670.0,506.0,542,86
lfolivWpiETU6Wy43MEk7c_x4=uuCCH.jpg,399,694,455,511,546.5,483.0,295,56
LFPpm5KXu79syqfmWuH4EolxWtartutg.jpg,424,994,466,579,709.0,522.5,570,113
lfSIxaoYzpWdJWuDVwQYD=u1Jch_KTQe.jpg,346,926,462,548,636.0,505.0,580,86
LFuwwBb3_gvIQPkkEk1cwbc8r5XCpD.jpg,255,836,461,543,545.5,502.0,581,82
LfzHa3mCQ5tLZfPhuLqBVZVUZCkYU.jpg,338,859,458,534,598.5,496.0,521,76
lG6huw2wz7YO2S6UH9bCh_acx3zJeQU.jpg,463,837,498,566,650.0,532.0,374,68
lG=nxBv6HcseXIrLcu86xmhGpdPLFge6.jpg,385,959,475,567,672.0,521.0,574,92
LGavKwvQVpFOumRfhmLiyVV2yvjOaEv.jpg,383,831,429,497,607.0,463.0,448,68
LgC5Zz5tumCnMF56F=f1ECGaNjFqJKhH.jpg,457,727,421,476,592.0,448.5,270,55
lGcMaF6OZeKJBa26Fh_a4RTFiCU7E=8.jpg,430,954,457,535,692.0,496.0,524,78
LgJfkcr_CXo5jvzUcBtzIbxzTI8qdh.jpg,414,890,427,499,652.0,463.0,476,72
LgKMyhidBnZ3ewDsYoOHLaKvIcyHDOp.jpg,350,771,416,507,560.5,461.5,421,91
lgKsZroWCFRzptWBi2IMyMP8Fa9N8.jpg,437,836,444,510,636.5,477.0,399,66
LGlfWCyijNjMbGPe_WVjqrOUspiRoy5.jpg,314,744,420,485,529.0,452.5,430,65
LGLu3F91YNX3NDJlx7MgTsR9ZDdTi6Fd.jpg,315,785,433,502,550.0,467.5,470,69
LGMqPcYfLdI5NxwpodNNSu3ShB7Pvf.jpg,494,991,468,549,742.5,508.5,497,81
lGPxKW9r2rMS2UcISnzi49Potps6nuw.jpg,17,856,557,676,436.5,616.5,839,119
lGR2dWJg8HwxjkcRKMqJClR_nDsUTS.jpg,269,811,465,543,540.0,504.0,542,78
LgRW9QQoG=qmQr3c55h2odMp4asslgZ.jpg,454,933,470,545,693.5,507.5,479,75
LGS71BsGd4NS6xKetot=2nHwqB9JjbYo.jpg,525,979,442,521,752.0,481.5,454,79
LGTngcNUvLydCtDoHc56SSfo7=T1_n7.jpg,441,720,452,508,580.5,480.0,279,56
Lgw2n3zZDKvaV38WkBM5Ro1cCcOkgK6B.jpg,363,887,450,530,625.0,490.0,524,80
lgWJCIBT9wP7t=7cLTzczj6SVROmfR1E.jpg,307,794,447,520,550.5,483.5,487,73
LgXT3VuZq938P7q7ZjvhihCCh3Zn2Fpi.jpg,459,948,448,523,703.5,485.5,489,75
LGYYOsjd_BKZSU=_HCJqKD6j_F_GBb.jpg,400,829,423,491,614.5,457.0,429,68
Lh3lPPTfEcahcunGln5cD8TsIoSeKC.jpg,455,856,414,483,655.5,448.5,401,69
LH4lVeksLUbWlcxw3HUwktG_VC=t8ZKC.jpg,372,781,413,475,576.5,444.0,409,62
LHBS5BWCURvBQPaQ81L_47acgrgIrD4.jpg,444,870,420,491,657.0,455.5,426,71
lhDx48JN2s8JjslOnO8oOeY9mK5ELDHW.jpg,345,913,455,538,629.0,496.5,568,83
lhe7aomTn1FK57hZOauampmcFyynEdIm.jpg,413,876,438,513,644.5,475.5,463,75
LhgbiW38xtK5iNXhXhOwRRPgsypNzWB.jpg,280,844,508,596,562.0,552.0,564,88
LhKoXBOaIGikK1zcBSucDLaHUikER.jpg,361,788,421,488,574.5,454.5,427,67
LHljUerIg3Ql84sC=YDUPZkx7Xoq2U9a.jpg,346,796,440,509,571.0,474.5,450,69
LhMdsM7wjJg_Chb_W183WOv6KsriUCq.jpg,349,876,464,540,612.5,502.0,527,76
LhvmfsLGGDsiZGJTt9mo52jwbZ_kU7v.jpg,386,818,419,481,602.0,450.0,432,62
LHVvTJQD_IntxH6uLGqtDUZhtJi5f.jpg,410,844,417,483,627.0,450.0,434,66
lHYnCOd9BL57S2QovWDpk7xNvw1_2H.jpg,361,832,429,500,596.5,464.5,471,71
lI25XpNweQPxQ=jQsyUuDuhcZVpef45.jpg,381,833,424,493,607.0,458.5,452,69
Li7BewJHGgE49EH8MSM8TfFjjtbTrVZs.jpg,422,732,458,516,577.0,487.0,310,58
li=QyrXmamSOFWz1bcTi3MR6SCaWcp.jpg,340,1015,507,615,677.5,561.0,675,108
lIDlRambmHbfDZPzhfG55axBBU7Wpaan.jpg,454,900,428,513,677.0,470.5,446,85
lIFn_2JzQU=4wC=QftMzyR7gVafRIcX.jpg,380,783,414,492,581.5,453.0,403,78
ligPC8XkObT3MI=KhOY8UF94EdSM2z.jpg,449,825,451,520,637.0,485.5,376,69
lIh3GxHG7d76fOCrbk2XQhLyud_4n.jpg,439,814,462,532,626.5,497.0,375,70
LiIJLMGuL1KUYldN_enCJnwqlauD6W.jpg,498,841,489,552,669.5,520.5,343,63
LILaQ=cQZz1MhTddFmQ83Z9P1jwOIFeM.jpg,412,845,433,499,628.5,466.0,433,66
lINet_EGQnzmEanz1cvKMLFBVmTQ_fZ.jpg,364,842,443,518,603.0,480.5,478,75
LinfQ=moJNekNanmjcCIVd7TikZBXyN.jpg,402,811,417,495,606.5,456.0,409,78
lIoBa48Chnz5M969q7ebYkoVgi1UBbH.jpg,374,816,454,528,595.0,491.0,442,74
LiSc=n_fQ1RmL5uCkupX8yQdl=MsOlyj.jpg,365,832,445,528,598.5,486.5,467,83
lJ76GqHScdzGHkXU_F2OWObJMBsDrQXT.jpg,294,903,455,545,598.5,500.0,609,90
ljB1z5pON7y8mW2Sa2gk7UwUodojtw1.jpg,364,888,441,532,626.0,486.5,524,91
ljC=6H4NpKBKzjgx4cpZVl424lXzJmZb.jpg,431,961,541,627,696.0,584.0,530,86
ljcoHfRZEaEMMev3xro95qk9WF8LW8fL.jpg,395,878,442,517,636.5,479.5,483,75
Lje1melDRqeJJpbkO2uh6avp=y57lG4.jpg,459,890,427,494,674.5,460.5,431,67
ljEgNvlfHrOuDHznJrTF4E=nV9jRsE.jpg,321,735,421,487,528.0,454.0,414,66
LjKNsGf1q8m=jXTaxOkiZdZq7rvV1ZMK.jpg,382,825,430,500,603.5,465.0,443,70
LJM3BVmKOLcShbLWwn6rqhdteUsMmiK.jpg,446,870,450,520,658.0,485.0,424,70
LJqQB9EGtY6OOdZhing8v4Pm=XTO_.jpg,385,820,420,487,602.5,453.5,435,67
lJqZHMLdnoMOEQ_tZfTl593SgzdOlgen.jpg,377,886,452,530,631.5,491.0,509,78
LJt_EoNECtbCMV3JafrMMm3hqnlsXOz.jpg,378,840,468,542,609.0,505.0,462,74
LJVmRJB3rtgDuRtW3eC89jYZEuImMckf.jpg,390,790,420,482,590.0,451.0,400,62
LJVnGSw5H6Ts32Wt8G838kEsMlIJg_pC.jpg,512,802,429,486,657.0,457.5,290,57
ljWrFddDQ=UfiDMJJuEOM5_XfwJpR7.jpg,392,816,416,479,604.0,447.5,424,63
lkHuJbxLgJpI9rxqC5vFEUnIyVkYE5Yv.jpg,350,758,418,485,554.0,451.5,408,67
lKJ7icXSPUkman3Nuqy2xZmN8v1nMfG1.jpg,308,771,446,517,539.5,481.5,463,71
lKjmbcgMpOz4L1eRCZQLKVzUar_lQk.jpg,285,863,466,585,574.0,525.5,578,119
LknB7KTVIpztX6gLEpDqbh159jt57BL.jpg,488,899,417,480,693.5,448.5,411,63
lkNnLY1t1lxKGI1x9S1kkHVhdkek5=X.jpg,397,922,449,528,659.5,488.5,525,79
LKqtuLp3iYfqsP_VdwQR5T4O7hDPzHW.jpg,446,878,450,514,662.0,482.0,432,64
lKr3cGYrVxZid7Bou=SVhBGBrNOSp7Ga.jpg,474,744,425,477,609.0,451.0,270,52
lKV4GXz3f_lhFt1eU6=PaGM8eURzu39.jpg,426,839,415,482,632.5,448.5,413,67
lKX_wS5El3mHxEQUEC8n5L72iBuEi7I1.jpg,446,859,448,514,652.5,481.0,413,66
lkZjfv6rjTV9CGmC15eZmMyrXlLrEeZ.jpg,480,885,443,509,682.5,476.0,405,66
lk_iwbOr1rFvy2=cTHa3_7d=1zq_DVN=.jpg,356,881,501,577,618.5,539.0,525,76
Ll2uqLR1WdMKQyCmlCLEsLhe9ltQB.jpg,162,844,523,620,503.0,571.5,682,97
ll3Qvu4pE8TkKVBe54v4FOhUnry3y12.jpg,452,850,416,480,651.0,448.0,398,64
Ll972ek6Z6S4tnPzV=us6mIjjwHCRPL.jpg,408,925,476,552,666.5,514.0,517,76
llaYdMReMayVmyk=4gLVz8iYZnLVhbw.jpg,431,759,473,539,595.0,506.0,328,66
llBBcoTOR8wKVB42iL_V7OQKy4bNz.jpg,437,982,456,561,709.5,508.5,545,105
LlDnbaflpEfxUzYSok7uYdWjwSYd9GVq.jpg,433,826,442,505,629.5,473.5,393,63
lldtsxO39D6xYcSg2ICDQGynmHWE2UbM.jpg,346,864,456,555,605.0,505.5,518,99
Lle8Jat_T4bQyMUd81YmjkwNQDHB4pi.jpg,400,782,478,550,591.0,514.0,382,72
llHNzdk_YJIxzZ5Wt_xOIp8SiMiXQpD.jpg,320,748,419,483,534.0,451.0,428,64
LlLJGG=OZeeT7JZMtvs4PTMlWxXqnD3a.jpg,360,854,486,558,607.0,522.0,494,72
lLLmh4TICQJlGuBCkT6zVsaTWGVfi.jpg,277,725,445,512,501.0,478.5,448,67
llrV1MvpuSHiyj1zMqnqbke8XR16eZ.jpg,464,838,429,491,651.0,460.0,374,62
llyzqfIluwLIspr77H1pSnUtdGoKg.jpg,456,916,469,541,686.0,505.0,460,72
LL_ZuEl7vHQexS7vsJMu7IUXyZpG2=b.jpg,429,1015,523,608,722.0,565.5,586,85
lm3uqf9Nf8i75eJkBMixmnxuJ6VJ7Qe.jpg,325,949,425,525,637.0,475.0,624,100
Lm9VSurSnK_SjuZuStoOWWq7iJL3qX.jpg,411,815,414,478,613.0,446.0,404,64
LmiOJFYip4DiwfZ364_G3L1lTNRrII.jpg,271,771,449,527,521.0,488.0,500,78
LMNt6EB33wxGE2iMrCy5wBRs_lgNNbu.jpg,202,953,519,643,577.5,581.0,751,124
lmp6houdirW74wrJuBq8dcf5wFqaPNc.jpg,229,796,481,571,512.5,526.0,567,90
LmUMxZEJ6udq4mvmKQLbvv7pR_T8PVP.jpg,191,796,487,576,493.5,531.5,605,89
LMWP=TDKC=E6btB_2nq16HUh2QPjFzl.jpg,257,863,520,613,560.0,566.5,606,93
LmxxDOzu1mUZiJyN6CmnxWbDrcVsYl.jpg,382,798,449,519,590.0,484.0,416,70
lNDCfV8Y4riz5O_Mtcu69kV1Y2YiXu.jpg,295,819,453,554,557.0,503.5,524,101
lngw_XMtfse8ez_gvoshjS=Zh57OFxS.jpg,383,806,418,499,594.5,458.5,423,81
lnIfEU=TVNVnNpqyfIKu5WH5wcFXG6v.jpg,457,937,481,556,697.0,518.5,480,75
lnNowSRG_CyCH_R_qz_QGsjDIu99vLQD.jpg,422,867,459,530,644.5,494.5,445,71
LNQIB8zvQlUFkINlGs4DyHfyR_jNUWz.jpg,432,872,442,507,652.0,474.5,440,65
LNskVFYhSSkubJx2FX8LPHHQyqYQHSEG.jpg,332,753,418,481,542.5,449.5,421,63
lNvVPvw7I7D9_8tfMpGTBjnT3CVsWu.jpg,428,711,424,478,569.5,451.0,283,54
LnXFg3PmToCBZOeS54Ppri1igRw7np2H.jpg,359,760,456,531,559.5,493.5,401,75
LNyRY=3T4Suc49kU6DM8ZcF1DJ332ZrG.jpg,442,877,430,501,659.5,465.5,435,71
Lo=Bam9zSikiMexFtIXe_cJ958C_U2.jpg,399,1044,540,634,721.5,587.0,645,94
LOEbMVRsm2l_82bpEUBtZ=zJ54fFokez.jpg,565,796,330,416,680.5,373.0,231,86
LOel=gt2=r2RrPv4gVND4NVFpZaXH.jpg,377,664,450,508,520.5,479.0,287,58
Loh7s3NCtV3TsUT9aov4BQLrZ6WPm9zm.jpg,482,768,433,488,625.0,460.5,286,55
LOjgpEdV6ZWxCwcxlUlokI2u5skpXbU.jpg,392,976,517,603,684.0,560.0,584,86
lOp9ocUzo_bG7S9=IB5Uzt=SZVcC2W.jpg,387,857,449,518,622.0,483.5,470,69
LoqzIs1gD3wFM2XcmmeffgXrqoWVsp.jpg,361,912,469,561,636.5,515.0,551,92
lOYqGO6GXsJ1W919KCy=JB_O6DGx1heM.jpg,365,863,479,556,614.0,517.5,498,77
lo_euHXqM1FfDrCLjIow3FYQ5ap3fM.jpg,333,825,442,536,579.0,489.0,492,94
Lp4nBpddg4bZeUMMiw8zJxZ9dvwZfpz.jpg,434,935,479,561,684.5,520.0,501,82
lp5V_XwOC=OBJvZ7Tr6_Pso36mRtIMof.jpg,295,848,475,553,571.5,514.0,553,78
LP=qo5Yrxn_Djotp8ac2cy=Pajuw8HLQ.jpg,336,812,465,539,574.0,502.0,476,74
lpau64VnZRrx6NtMJLrT5FrVBnaUppt.jpg,504,856,457,525,680.0,491.0,352,68
LPhqO6RexIKb4owrCnu_xRFWJJqnX2vl.jpg,295,753,424,492,524.0,458.0,458,68
LPjaapn3xr88pzzYtf4cZieeTh53N2dI.jpg,430,836,419,482,633.0,450.5,406,63
lPKVnbQFsChrk9JvMPiSLBzOxCzuSod.jpg,347,1167,599,724,757.0,661.5,820,125
LpL_UslFBK1DM2HMnEhmRsgfyJnpww.jpg,464,928,431,512,696.0,471.5,464,81
lPM=h5YUpkmwl4sas8xouQ=mvnki25lR.jpg,435,902,464,542,668.5,503.0,467,78
Lpr37I1ttPrvda1OcfNvTzUgwrl2MmTJ.jpg,282,884,475,589,583.0,532.0,602,114
LPr=Gvk5s1mkB49MzuVaLlNkD49ip74k.jpg,340,918,516,600,629.0,558.0,578,84
lprXxwxEgmguO6v=OJEavo54I=5IMdG.jpg,294,739,424,515,516.5,469.5,445,91
LPvQjCTYSCvIdp8nVy_W7uxHw75ZE_.jpg,357,850,450,525,603.5,487.5,493,75
LPzrLl16p8WSp5ff2dsHHIzwyIZzs.jpg,346,750,419,483,548.0,451.0,404,64
lQB9OHH4qg4gUUUqkXB6Ia=N5naup6bp.jpg,443,879,462,525,661.0,493.5,436,63
lqBCmF2xl_Rj3LIphkmYBYaeVzSjaw=.jpg,432,842,423,486,637.0,454.5,410,63
lqDMayXYGdXYH6ZxB_ZeD9DSim_5eBK.jpg,347,934,473,565,640.5,519.0,587,92
LqdPkqzDObnVxOZ3IRqlKeoS9cTmLB.jpg,491,762,414,469,626.5,441.5,271,55
LqFJBjkLfmLGvlOVZgtObKhFfvH54RlR.jpg,208,854,495,593,531.0,544.0,646,98
lqHBYkLGjVH4h9yzSnLN9dbEpYdPzkxm.jpg,142,647,468,552,394.5,510.0,505,84
lqHh6s8MRC_8dtSMpW6l2gnJCRwlFVDQ.jpg,361,901,445,531,631.0,488.0,540,86
LqiE9=XcnrsNHmLe4zR3M=HLciny5CXb.jpg,479,777,456,514,628.0,485.0,298,58
LQiqHGw5NNlCqPoiqZWNCVr71=jak2tL.jpg,400,821,436,498,610.5,467.0,421,62
lqlK4d2jxdnMGguitx_my7vodOsOfxC.jpg,346,770,425,492,558.0,458.5,424,67
lqlOaQKE2rNYOCCO8L3_BZ9ZzQY34U.jpg,449,987,459,545,718.0,502.0,538,86
LQmqr6PDwvC5QMdQFMdt_yJXxVPo5KT.jpg,322,775,424,492,548.5,458.0,453,68
LQPKGrlOCEQ=sUYvDcyGXZG8wNxpbbCp.jpg,383,795,413,475,589.0,444.0,412,62
LqQ=ehajQN9gbQSPP=h5OFmteBQJV_Vh.jpg,459,937,472,548,698.0,510.0,478,76
lqu7OL2Tgwj_=FywboiCFHsW6EFaikO.jpg,354,794,451,516,574.0,483.5,440,65
Lqv1sXiHqzwqDyvfoItuLY2FqP4Qbj.jpg,389,798,413,477,593.5,445.0,409,64
LQWjbOnjqBMyfwccpCNgMhV=WuB9Egr5.jpg,251,716,467,538,483.5,502.5,465,71
lqxaBnTrlGwSLrd2EYOgBvKJ81LnwIeq.jpg,421,865,461,534,643.0,497.5,444,73
LrCfPU7gwkheN1P6U9YbE9=HYeDyC3cd.jpg,372,824,456,526,598.0,491.0,452,70
lrfIjbxJ9QxiNBgOczDDMvz165W2UYY.jpg,390,905,491,567,647.5,529.0,515,76
LRFR=3qsFpLksUfMhshNpKLMvJBOsqc.jpg,393,777,439,503,585.0,471.0,384,64
LRG9h7xRVgWtHn6QcZkOlX1O3iPSjp.jpg,366,851,442,517,608.5,479.5,485,75
LrhehaepUbcxbKY5U5YiHiwcwVdW7e.jpg,532,968,429,496,750.0,462.5,436,67
LrL=2U54_wdrPIo9RVXQkPwFd3cEZjxi.jpg,377,866,486,564,621.5,525.0,489,78
LrNgryau7b=BM_MubXLfamw9Bf=Q52V.jpg,439,854,423,505,646.5,464.0,415,82
lRoFskFfDuwHWZQaJ2MvNnb8c1bn2Sf.jpg,419,717,434,493,568.0,463.5,298,59
lRVkiofOBNwtFgwtRF=ZKkz5hRnTH7LS.jpg,397,851,420,491,624.0,455.5,454,71
lrVkWdgpIgET2arJc4NpSvi1smhChdHV.jpg,282,811,463,540,546.5,501.5,529,77
LrWUF1kESXE8jJXR4qwVfvlr3upzr2xm.jpg,419,835,420,487,627.0,453.5,416,67
LrzE=mIK=aWZB2dkQM64UtJXBOk1Say.jpg,496,962,433,521,729.0,477.0,466,88
LS3JdqNB1ame=DK1n5coyMWc7sDwcB.jpg,204,990,535,677,597.0,606.0,786,142
ls3wjbpFSvSnRHVICojanRPNHqPkP_HN.jpg,448,849,428,488,648.5,458.0,401,60
Ls8O766fdgDToM4PXZ9eXEJfjb8_xLu.jpg,360,757,417,480,558.5,448.5,397,63
LsBLiJGClGrlnOpYq9T6Hyd7d8nOjJzB.jpg,378,661,423,478,519.5,450.5,283,55
LSBm=gTdTswm=rs9nX9=Bt45gHoiJg.jpg,386,928,450,535,657.0,492.5,542,85
LsbtFJI6rzg4OjVgoc7J_pG4wgEh34.jpg,444,910,427,496,677.0,461.5,466,69
LsBtjjRiWC6dcFw7j8lRGezEVlwBt.jpg,386,850,469,541,618.0,505.0,464,72
LSFpaZY4fJikv2ZzbCRDRxXDhP2NIcPa.jpg,407,776,444,515,591.5,479.5,369,71
LsgIbSXiZIeNJ=IGNMWDxXDbJ=sKGST.jpg,413,867,432,501,640.0,466.5,454,69
lSjBRSYGS2TeQcR1Et4QEgGs8krs17Em.jpg,421,756,441,510,588.5,475.5,335,69
lspDXWr7IKXIv__sht2sxDTNeGsSv9xQ.jpg,324,746,418,480,535.0,449.0,422,62
LSQ3tnKu=371Kh5omdBHoGDiEf4jKxeQ.jpg,327,825,433,505,576.0,469.0,498,72
LSqyJOUgfStZedCHpxB65JOG7S4yinO.jpg,392,824,419,481,608.0,450.0,432,62
lst_Ot5Q9MoayRxmSgUeCzjW76w8uy.jpg,393,842,453,519,617.5,486.0,449,66
LsvdgsYd2xZ4NO_mZ1stVrDrdjcMBgp.jpg,385,926,453,536,655.5,494.5,541,83
lsvGK9sTOVMI=siQEcEH=gfV5VXa6J.jpg,337,1051,534,644,694.0,589.0,714,110
lt1Kaox_R1GNo27CKJoz7xr1Y9JGUQq.jpg,378,826,436,503,602.0,469.5,448,67
lt4Iw4N3ExUF3dmZMY9Zs1njHNJnv5.jpg,399,862,429,505,630.5,467.0,463,76
ltaleM42Nmue1nhNkc_8OB1MaadMKJhT.jpg,465,859,443,506,662.0,474.5,394,63
lTceU35WseCJXtwUJ16BamaEg19bNEg.jpg,436,807,476,544,621.5,510.0,371,68
lTErv1PGwWeLBg8P8h7EdZsduyesHl.jpg,381,869,442,514,625.0,478.0,488,72
LTFE=i7fn5pJFrhZjZz_HXXBaLg1.jpg,224,725,471,549,474.5,510.0,501,78
LTJqfluzSGQgf=bUQrDREMW4iBNNKMsX.jpg,407,717,466,524,562.0,495.0,310,58
LtpKZ6rfBIeap2aOIdo6adpXysyia=K4.jpg,319,708,455,527,513.5,491.0,389,72
lTZLEFbf6XluUYnE5LKwCKijwJYfloB.jpg,455,791,458,521,623.0,489.5,336,63
LU23UXhGRp9OhMI6r42KUsKQbNX6ywrr.jpg,431,714,420,477,572.5,448.5,283,57
lU6LEDnsf76_Ego7NQsucu65Gr9qaW.jpg,398,809,423,487,603.5,455.0,411,64
LU9jHEc3O88=3uR2E_GCvjXyYixp5oI.jpg,447,905,437,509,676.0,473.0,458,72
lua3M_8sZ5PEkdJIG7TQ39JlZbYBfYZ.jpg,441,854,448,518,647.5,483.0,413,70
LuDmxHBTtgmUBBYw1l_Eq314lOascMOL.jpg,410,843,451,520,626.5,485.5,433,69
LUdTa5QWCVHSrldqrToPP1CEpq2RXFEX.jpg,447,874,436,501,660.5,468.5,427,65
LUiCOcLZ4gtJeOBjFE31vtkXvqa7YDB.jpg,447,900,463,534,673.5,498.5,453,71
luJhY8bDXziM7GKb5rq57h_8u_1pUP.jpg,354,836,440,515,595.0,477.5,482,75
LukNJlvHY32rdqF8i6ZWylVVMgXIX9.jpg,432,844,423,487,638.0,455.0,412,64
LULpSdX=QqDjcptavgBLLDbfrFVxTV_.jpg,384,990,485,581,687.0,533.0,606,96
lUqzEnnYCS5qTjsRx3eI8JV7MBsCtp4.jpg,427,910,442,514,668.5,478.0,483,72
lurpXbwSm6unaEw8ts3KdxhO7PjpjG1l.jpg,360,789,415,479,574.5,447.0,429,64
LUTyrmgYDmYO488Pz7BDgOh_9qbOEky=.jpg,397,947,467,551,672.0,509.0,550,84
LuYEB9PlaFzdp7c1teFs6Oz_oMSng5Hm.jpg,456,951,456,533,703.5,494.5,495,77
lUYxBE_NS8I62D3vRq=728XrX=8ieMD.jpg,472,874,417,479,673.0,448.0,402,62
lV2Y8F7WU4DD3caHl5HEheDN6QqWLIXW.jpg,487,811,472,534,649.0,503.0,324,62
lv8kKbYSTEx5yaXKWMZuWhL_yi9p1X6.jpg,341,885,496,577,613.0,536.5,544,81
lVeTjpVcrSGXmxp1cHngYcNWoYxUnrh.jpg,403,736,447,513,569.5,480.0,333,66
lVFIY3xvtZ5vhUubJFu3eUEtViFmollb.jpg,297,797,431,510,547.0,470.5,500,79
LvFjsiO4aO_s5X=Ys59Gl5cdYmKr7Kw.jpg,234,1097,563,696,665.5,629.5,863,133
LViU6uCPaXsay1rkINNcOKHe5jJQUb.jpg,451,833,446,516,642.0,481.0,382,70
lVKIkexP_il4ErhYFY_nh6mZjaZBou.jpg,340,747,413,474,543.5,443.5,407,61
LvKL14hziyFfVUeBS=jCf=pNTgpMC2.jpg,249,775,455,553,512.0,504.0,526,98
lvoxpqf1NSMd4m4mRS4ZUPtYaqtdETR.jpg,331,817,442,518,574.0,480.0,486,76
LVpqbas=Slv3dMoy=h5TLKWJkS1YvVv.jpg,309,879,466,553,594.0,509.5,570,87
LVqhPcs1BWILUdJnB3ikGeE2E4B55K_.jpg,471,744,425,476,607.5,450.5,273,51
lvttIJpX7BY6GvOTC3xvakQxFDtYHxp.jpg,453,866,413,478,659.5,445.5,413,65
lvtVnNI4KorWxM7tuGBdhZHHolsUPP.jpg,398,986,509,615,692.0,562.0,588,106
LvVfNaLgHMCSSYphg8ItB34kjv4rwa=.jpg,423,835,440,502,629.0,471.0,412,62
lvV_DI8jOoSbXtmNsJldR74=W8Z4==W.jpg,412,688,410,464,550.0,437.0,276,54
lw8lvEzsvExF8QQIfTTkyH7qTk=WZ5F.jpg,412,974,519,599,693.0,559.0,562,80
LWaHd5gJHJ_tUjvBs=T5kCcdQRu_PuP.jpg,397,790,418,484,593.5,451.0,393,66
LwDDzFe=kugQN7f=zDgbLGjJbKdubE.jpg,350,780,423,491,565.0,457.0,430,68
lWDQgxByp3h8KxnT9oqY4BkjQmHpIrkk.jpg,428,860,447,509,644.0,478.0,432,62
Lwdzy4Q3ZZamrZy8Enhqgwf5HfFiP4u4.jpg,393,699,439,496,546.0,467.5,306,57
lwej=mOlZ1=iYjMRJB5Tkw6Iimcw51c.jpg,440,813,506,574,626.5,540.0,373,68
lWeTlSGC8lztwReQH6t=XYO8jfrZ52S.jpg,467,830,427,506,648.5,466.5,363,79
lwG3BjCE2Ix7sUGX99Txt6Fiaq6Vhz3.jpg,363,857,448,521,610.0,484.5,494,73
LWjtG7p25nUT7eOepBUwdPZgqvLgt.jpg,407,953,457,544,680.0,500.5,546,87
lWjTlsfQVdXxeemM2ZUhnthqGLzY3hm6.jpg,384,878,478,550,631.0,514.0,494,72
LwJvCap5fNZ=NrqlprnILck35DCX8Lc.jpg,467,881,420,487,674.0,453.5,414,67
Lwqhk8bNaQC9xsxE=SpwzjUGW35==jpF.jpg,455,980,496,579,717.5,537.5,525,83
LWqx8mCKIGBWa1krlwpLtkRT_QscJRq.jpg,391,820,416,478,605.5,447.0,429,62
LWsgQ68OQxeqE6mmHzDq2fHW4E6BMTVo.jpg,472,956,437,528,714.0,482.5,484,91
LwtGTRoIQKgeLY1MtOxijaEFILRlgbjd.jpg,379,740,459,528,559.5,493.5,361,69
lwYBLbi8FzQuRR_Jw7rzVybn3rsJ=2c.jpg,342,882,464,540,612.0,502.0,540,76
lx7K9rEp5I=1qhC4nluk6GfxnPyJx3p.jpg,448,996,448,561,722.0,504.5,548,113
lX8v2ffFJ15hQ7LMDOnIInFCWnF3nk=Y.jpg,399,719,451,514,559.0,482.5,320,63
LxaFRJwEi4q3Cr6yzUq3zx2Om2coHM2b.jpg,396,869,459,530,632.5,494.5,473,71
LXgnHduoTcKaKfmefzOXjaBGBdjl=yg.jpg,318,878,519,603,598.0,561.0,560,84
LXjiQUWg_vDvqlRIWmVIicUVbzQD_q.jpg,394,967,512,605,680.5,558.5,573,93
lxkbwO3=yxvD39wqizbTKgmGB=LEsP.jpg,389,939,506,589,664.0,547.5,550,83
lXLr6QWOD9V59cp=DwNHdph8hDePRGnC.jpg,429,882,424,497,655.5,460.5,453,73
LXmu=ujPMik71iv2IiIGMORe9MKs=R9.jpg,510,783,423,479,646.5,451.0,273,56
lXMzy4Np_zTyIbDuZlSk8SPIFloQiUC.jpg,453,896,465,534,674.5,499.5,443,69
LxNa5dunE8IiYmlThtQ1o8XOILHdJm2X.jpg,344,693,467,530,518.5,498.5,349,63
lXNGDqlLUyGiWGBrhrqN5axEu2JK8=D.jpg,411,872,434,511,641.5,472.5,461,77
lXNHnHFIrxOf9v3jM4hrd4S2FORUtOS.jpg,329,754,420,488,541.5,454.0,425,68
LXnUWF1xnTIadYce9ykn_QEIVhnigTJ.jpg,402,882,437,528,642.0,482.5,480,91
ly2N7GNcl7s6Z1TTp9BQYiIURqvRnTR.jpg,368,677,445,502,522.5,473.5,309,57
Ly4j5bm3gruURzYRy9RIf6skWeG_sm.jpg,494,766,433,487,630.0,460.0,272,54
lY=gjfGFoUL7kOjBwofPLUoEP1E=xO8U.jpg,467,735,418,471,601.0,444.5,268,53
LyI5lH8RnjUcikHtEbhiekd9xLfE2DWs.jpg,398,841,424,510,619.5,467.0,443,86
LYMGNmK89agDdrjsEQYT7FGPLCUI4.jpg,278,782,450,527,530.0,488.5,504,77
lynadU55Uv6bjNyUMcRzRfuCKxn5vL4.jpg,366,847,445,515,606.5,480.0,481,70
LYpZWul9Qi5_vwnOwfc4v2mWJ_fQns8f.jpg,427,908,440,513,667.5,476.5,481,73
LySmFD9CJz4I8mBYR8WiNkZXTcgNlINO.jpg,442,772,428,494,607.0,461.0,330,66
LYWwNCtepHkLEGe9QPNTs1pIedyqdQ7S.jpg,402,825,452,519,613.5,485.5,423,67
lyW_RJvhJ1tx7H7R=B7MerVHaRWqMOn.jpg,374,821,424,491,597.5,457.5,447,67
lY_TeLyuBgcnpMbJ6JVKrS8F7ruJ42b.jpg,413,854,433,499,633.5,466.0,441,66
lZ1VZBhZLkjv8UxpQQVEZ9StDRT8dYS.jpg,416,890,424,496,653.0,460.0,474,72
lz7SXrdP7KvqZG4NeNjHTLye7Dwz=wfa.jpg,342,784,421,488,563.0,454.5,442,67
lZCPQMlYf6SMGa=67mgkepIa_vpffha.jpg,317,843,450,532,580.0,491.0,526,82
LZFn8fj8vSfXqKL6jp4yO85PirVdWfF.jpg,372,858,441,514,615.0,477.5,486,73
lzGHhKp2LO7xbRU5WXcXRwl7ypklWex.jpg,419,838,423,492,628.5,457.5,419,69
lzGTOqLtqjpqD54K89EVm_l1Ox82oQd.jpg,558,902,456,525,730.0,490.5,344,69
lZH71NgpuW8SMQIy4i3erafsIsCu6YVu.jpg,389,876,448,522,632.5,485.0,487,74
lzJKkuaw2RVSUVZ=boZZC7HW_9=HD88.jpg,337,956,541,629,646.5,585.0,619,88
lzKRrjoxVUdXo_VFhxiT42s3KBasOxW.jpg,331,740,448,515,535.5,481.5,409,67
LZNeWsvRYooHrT4y4Tbk8IbO3fgsrs.jpg,423,876,465,537,649.5,501.0,453,72
LZPk6h3hRM3wx9d=YzIE6UZqbiXs53l5.jpg,413,856,432,501,634.5,466.5,443,69
LZSj6ZmIhCpIMEofFBe2=aXF_W=m2c.jpg,336,1042,604,722,689.0,663.0,706,118
LZueuMeREeaVblykt4liJ7Eo=gRbHwvB.jpg,494,763,441,494,628.5,467.5,269,53
lzVeHV8B6uWe5gzYCGdSJknWZx6CC3ru.jpg,406,677,418,472,541.5,445.0,271,54
lZxxEDVYwFHL6S=i=QUQhzaTbgd9qHk.jpg,392,700,445,504,546.0,474.5,308,59
Lz_HilXxXg=emfVmUc2B9oqZhD73vUQ3.jpg,447,784,448,513,615.5,480.5,337,65
L_16JF_9gq7iUf5SKeqqRU4HdVJUKM.jpg,391,837,430,499,614.0,464.5,446,69
L_8CI9T_X647x9en4sX822bTd4vIp4t.jpg,313,796,436,515,554.5,475.5,483,79
L_cZRomXqiRMiXTEFQnk_RQSixDwVGoB.jpg,352,734,412,477,543.0,444.5,382,65
M17qEGWOwMWb7bt4uxZQm2ezHVpDIf6p.jpg,306,892,479,573,599.0,526.0,586,94
m1cq1s4MzKe148WdgZ4ayk4oK52.jpg,414,909,433,506,661.5,469.5,495,73
m1pwj5eeu5_kj8l6eZZJVqSf9gNwBb.jpg,357,657,422,484,507.0,453.0,300,62
M1QniJrvilXKU3WMRcCqvHd6tWf9G8.jpg,323,863,511,587,593.0,549.0,540,76
M1RXOPb2jPsUdUyK6CIimeyRht=hkaRR.jpg,332,776,430,500,554.0,465.0,444,70
M1VGkHf5DS_R94hkp==Ub6CM638yaeJ.jpg,407,787,451,526,597.0,488.5,380,75
m2Dvgn7BaSK_KwxJqitxM=TLp4WD_txP.jpg,487,886,438,512,686.5,475.0,399,74
M2y6iZK4y5mTh1qutBjGpK3cdEBINQQV.jpg,337,921,477,564,629.0,520.5,584,87
M3cUOl1R34wijdzd_795I4CYCMUZBE.jpg,443,758,455,516,600.5,485.5,315,61
M3zBMdXlbYHur14MlbBjG3aCMK4tSd.jpg,429,988,504,588,708.5,546.0,559,84
M4cgjnBNeKdmqJ_DPRky7ryrZIpedGcS.jpg,438,739,458,515,588.5,486.5,301,57
M4k8lyo=sSQmOyRMuRtcWUUUIqgXG4gP.jpg,339,829,438,514,584.0,476.0,490,76
M4Qz88vSGWoBY2yq4gzbFy7lgqGRuTNG.jpg,435,844,416,483,639.5,449.5,409,67
M4S1uTGN2QYGxTu=oJh1JZslvCR7LD.jpg,398,897,475,554,647.5,514.5,499,79
m4zsx6QPablaJvlKWzLaONhLNJfvrq.jpg,358,887,506,580,622.5,543.0,529,74
M5arwecpl5ijmxaab8RcpHKU5Xy1pL6.jpg,362,822,467,544,592.0,505.5,460,77
M5dg9Fz2LzzYlqHHxsEvzsk8qjdWag.jpg,341,932,524,608,636.5,566.0,591,84
m5LP=WmavorwaLh9iM9anaDoM_qhLi.jpg,413,952,453,537,682.5,495.0,539,84
m5MPxTxk2pOkNXWjvOalo4hDXp=vO=o6.jpg,399,820,425,493,609.5,459.0,421,68
m5rLpwwg2MstHlY_ei8pPURE1xX5yReI.jpg,385,812,418,481,598.5,449.5,427,63
M5tlZt775an64CT=7yP5XB6Dw31vhoc.jpg,280,769,432,507,524.5,469.5,489,75
M5UbQgSR8KYzuP3RC42cj_hCuNDHd_W.jpg,380,803,422,501,591.5,461.5,423,79
M5xzHCDhQe9ZTnirXx_O1lhFwWPqQ8.jpg,375,812,453,520,593.5,486.5,437,67
m6HGqRiZohhcq5GRp2Vk4cFF2cE_ei1s.jpg,495,957,432,498,726.0,465.0,462,66
M6hTxenLp4gLVdtpU3LEWerSabd1RN7.jpg,413,845,417,481,629.0,449.0,432,64
M6IKUpS5XXYpjHVBVlcYqZO7H7pROIi.jpg,378,865,431,507,621.5,469.0,487,76
m6mc==rj6ku6JnfuXDrHa2sBJChHGzx.jpg,392,726,483,543,559.0,513.0,334,60
m6pOgj99_yBZTMFvFzDzaIpEI_HF37.jpg,272,836,507,587,554.0,547.0,564,80
m6x3cSe=amzo4jZROaWVoPGy26VZEt.jpg,365,751,418,478,558.0,448.0,386,60
M6ZfR4Y=UGNnIZdsa_QRcSKFiclEfsc.jpg,444,867,459,522,655.5,490.5,423,63
m71G6PBJsSygmVk5cOyKT4mL5yvvicN.jpg,324,795,427,498,559.5,462.5,471,71
m7RTCw5VHCMl1KHS6oXDFconOTd4=O.jpg,323,910,480,564,616.5,522.0,587,84
m7T4HPslI61_i4=7LCNMwKr4KKYm_osG.jpg,474,838,498,568,656.0,533.0,364,70
m7vROUHlVf69y1zvsiP2hVPC5smk5TMc.jpg,464,886,427,499,675.0,463.0,422,72
M7x1QUVmxdxScHRmI=QiXHa2Np4Hb1D=.jpg,501,799,432,490,650.0,461.0,298,58
M8bDqBX21zihYZrK_v9_XZO_gRZrT12q.jpg,410,826,413,476,618.0,444.5,416,63
M8CIkxIeJrSNrlYRJ1n92ZkX=aoZvY1D.jpg,426,874,437,506,650.0,471.5,448,69
M8CtE4b9pk=L7lHqd5RZVLhXDlgVLit=.jpg,433,857,422,494,645.0,458.0,424,72
m8jr2bBwt4v7dbpapDY1RQSQMiq76YG.jpg,446,833,438,506,639.5,472.0,387,68
m8QxrnbJOZGQGEDuDhj134Hvry3bZ4m.jpg,395,736,439,508,565.5,473.5,341,69
M8uolOZZC82T_IVQrDkhcqwNwKVHvIo.jpg,308,746,434,509,527.0,471.5,438,75
m8Uom=3HfUOcespuJWZOnjo64ZHOGXY7.jpg,298,774,435,510,536.0,472.5,476,75
M9IxUDrJQqydx85rLRwbG7ez8WWjW1n.jpg,388,856,448,532,622.0,490.0,468,84
M9lvT9SIhJEaElLiT5ajIBcdJbjzGFk2.jpg,409,957,466,549,683.0,507.5,548,83
m9mJUI89XEW=77lVZB9Rie9SQ6gvyxou.jpg,267,939,508,628,603.0,568.0,672,120
m=1Cxa_mQSx7NnWo46lEepaONg2pi4w.jpg,338,769,443,515,553.5,479.0,431,72
M=7czmmy63Iw5CzjsDXzZ22e4w32rQ.jpg,416,923,450,528,669.5,489.0,507,78
m=tokqH7VlwkRFfkw9DczCURl3aeij1.jpg,421,978,509,594,699.5,551.5,557,85
Ma=xoqruxxTPB9ROEjwVwtk=bXqa272Y.jpg,395,799,419,482,597.0,450.5,404,63
MaCbIPG3QlrHC8dJWmREgLJ4QZ6nHrE.jpg,409,853,426,494,631.0,460.0,444,68
MaKO92IIXj2ZcvyZdtUMHWozMrfkxpwD.jpg,461,868,420,487,664.5,453.5,407,67
MaM_yBsRC5qa=wqxydIpcKcWKU5zug.jpg,391,822,445,509,606.5,477.0,431,64
maUzWWKEFkOBJq=Js155Eqt2OoZ7Tzpz.jpg,263,808,460,542,535.5,501.0,545,82
MaZHrNdGzuBwjU1xqj6om6pwfig=BL.jpg,376,832,431,503,604.0,467.0,456,72
Mb1bPjEP5vKSThaNyCcyYu4IiZIU.jpg,378,815,422,486,596.5,454.0,437,64
Mb4LusJOvUXLpdUBFU5GQBk=Gj5qt.jpg,374,964,527,610,669.0,568.5,590,83
Mb9CV8loN24=FSeQBQc9WNh2TuoVNYh3.jpg,201,606,473,541,403.5,507.0,405,68
mbanrYkr2CD9NBUXtF7nMN7taOcDvkjH.jpg,220,1063,544,660,641.5,602.0,843,116
mBdo2K1ZFQkp3i7kyDFcMg9XHQM_D7I.jpg,404,858,445,510,631.0,477.5,454,65
mBE5PM39K7=tceiO9afRvu6zjZMma2Vk.jpg,372,905,458,543,638.5,500.5,533,85
mBfGKrOh=lHLLyhOUhxDlS97ECEYm1yj.jpg,342,760,423,487,551.0,455.0,418,64
mBHMrFGgUCK8lxF=DKKrnEyTlaw_hKON.jpg,274,771,445,535,522.5,490.0,497,90
mBjhIC2doK5xkZ_KyitvJNVLB1bFCKH=.jpg,394,1056,557,664,725.0,610.5,662,107
mblLf7u=CjtPeUsHGDJMEGRFb8kJO.jpg,454,1016,515,601,735.0,558.0,562,86
MBoIPvUCCcgMEaVVlkhMVbkyHg1Ss4H.jpg,333,802,452,525,567.5,488.5,469,73
mBPlnmivYk7rzLUFzO5yVjPE8TDmCW.jpg,387,862,469,542,624.5,505.5,475,73
MBUG6BqawmlLIUH3UURm15msmXkoU3.jpg,463,739,420,473,601.0,446.5,276,53
mbvoSnkuQO8hBe9Jk4LWtWVblNiofLj.jpg,372,770,419,483,571.0,451.0,398,64
mbwiqVQqVcldybhhad=lfXgfJUKGL65f.jpg,299,752,434,505,525.5,469.5,453,71
MBxdR8_Pp=a7IFw4QTU6jVZh4effv6z.jpg,388,888,438,512,638.0,475.0,500,74
MbYBd1Tqm3KYaDXNoYbdnnRNUzHbdv.jpg,328,743,416,478,535.5,447.0,415,62
Mc=awYJcH=1Qt2lgSkmQoGrC435lgc_.jpg,409,840,477,556,624.5,516.5,431,79
mcCWX79OkVkfJTX6Pzwm1zXblu_=wwb.jpg,475,948,464,540,711.5,502.0,473,76
mCJWR6B=NfzXJXVLBj6tGMlFFn1pXYQ.jpg,448,754,438,498,601.0,468.0,306,60
mCKveUwjQPUTO3OQKZp2_MI9iNWamg3.jpg,421,872,428,517,646.5,472.5,451,89
McsQWM8goMqeQUXi9YxZLYiegX7cfKs.jpg,506,781,441,497,643.5,469.0,275,56
mCTLrJGoOdjK7b9HEbuyqsN=QV=gFR.jpg,401,791,439,504,596.0,471.5,390,65
MCWhZeGmHIe_NHxIz17dB4C6Wcpnn3r6.jpg,388,832,430,497,610.0,463.5,444,67
MCWIcTTXgJXfe5hn4fmJ3KMsY=uRueq7.jpg,486,756,422,475,621.0,448.5,270,53
MCwrSvaiN1xuCmFsOPB1KvMWwZO4o6Ip.jpg,376,893,462,537,634.5,499.5,517,75
mCXiPtFJifzuUz5qxxgo_BLhNvX6PlG.jpg,426,738,465,524,582.0,494.5,312,59
mCY11e8SZaCoB9dSxpk8SwvTt7Qu9gDW.jpg,407,789,469,538,598.0,503.5,382,69
McZEkoCEaSGuC9X9YHo9gPKBCij8hDYL.jpg,449,858,447,515,653.5,481.0,409,68
mC_d6GlX5GdsfZm67Wl7eEUcD1EFMaM.jpg,368,799,495,572,583.5,533.5,431,77
mDBMuPMHFI9szMrTjwsrF1eqh91BQ35.jpg,437,876,453,530,656.5,491.5,439,77
mDBN7oq9wFkquzVBmI7nxurFCxX9jgf3.jpg,435,905,442,512,670.0,477.0,470,70
mDCFXuZ2yja4mLXBLLVZQLcDMdjihO.jpg,346,871,493,575,608.5,534.0,525,82
MDdk4rdowBTx37CPPaTftxTfErbxuX.jpg,367,863,442,538,615.0,490.0,496,96
mDFEOLfZhyDCGQMGopWvr8JdneC1iJ5.jpg,343,1030,512,626,686.5,569.0,687,114
MDGViOWTy=7ldFlgUjbQmpUpKmcv_L3.jpg,431,703,424,477,567.0,450.5,272,53
MdJV8cWtqUw_aZP7IS=MZQh9bPI3WKS.jpg,383,809,417,481,596.0,449.0,426,64
MDLfJ62l15MIPd5vWhhonaXgIg6pX_RW.jpg,355,912,467,549,633.5,508.0,557,82
mdpB84jzLIbZxOyPCZhwQbg2MxXfcZZ8.jpg,313,674,475,540,493.5,507.5,361,65
mDptWIoum6WNx3TS1UIC6snayQdUxp.jpg,303,746,482,561,524.5,521.5,443,79
MdWcOI5FtcO_Qa4BxHr5MFFDY1z5ZQRY.jpg,451,923,442,512,687.0,477.0,472,70
MdwDYVd_FjyZLHy_mME6OTFuk=bB7_Rp.jpg,419,853,456,526,636.0,491.0,434,70
MDWl739sSSH7Pp5URYGDWxxleYFBem.jpg,480,958,476,555,719.0,515.5,478,79
meEzS6fhRKvWSJniyJDcFHG5fHdHbmv.jpg,429,899,446,516,664.0,481.0,470,70
MEknKLd5cJaROjXslPlOkvlVi=N_Szv.jpg,435,861,425,491,648.0,458.0,426,66
MemQttnG7318ICZsCSyMGsrWyouZGC5.jpg,419,887,444,534,653.0,489.0,468,90
MEn5NJxib2Dnx5rbKmfO_2X9U8NhgQSL.jpg,423,879,427,500,651.0,463.5,456,73
menisfLWi5ZdVrISBXxn1F26V1BVTo4.jpg,350,869,458,546,609.5,502.0,519,88
mEnTQDJEEr1k4rOI9sGvJaq5tzvqMTdH.jpg,377,862,472,548,619.5,510.0,485,76
MeprOeWl5X8cSzU8gfkR5hbWM8dHsx.jpg,457,880,451,520,668.5,485.5,423,69
meTk6GSYWfRWD3tYlfuZFkdw3qk897.jpg,318,1098,523,661,708.0,592.0,780,138
me_1M6KLqcE3BjWIoGXWlQd9gyESbF=.jpg,351,780,429,494,565.5,461.5,429,65
mF1aOdiSE8hsU3WJJRWzUBMFYM9DVo.jpg,451,905,437,510,678.0,473.5,454,73
mf9PolzKlFx6ORdmUMGnSHC_xEjmCYPN.jpg,340,853,481,553,596.5,517.0,513,72
MfaB3pjR3YgdD8KkXEE5GDRFY9aCpBYe.jpg,345,815,476,547,580.0,511.5,470,71
MfCi69rMJhxZyqsv4Ci5MZW72cMBspHx.jpg,460,932,439,515,696.0,477.0,472,76
Mfg5EZQ9fO_z3dhWQDoGSMolyyGaVgJn.jpg,401,796,420,483,598.5,451.5,395,63
MFKcthd8cTcTMrr57uq1F=DhDDRhm6UO.jpg,372,763,433,505,567.5,469.0,391,72
MfN6ZH_upx2ucJfoXHo3uptshML9ng.jpg,394,815,421,490,604.5,455.5,421,69
MFPdBrdpLTOQ7JXFUkkLCjK2arxgMN.jpg,388,900,449,526,644.0,487.5,512,77
MFSBRg9frG8PX4g76=yhXl5izkbFF=72.jpg,609,912,445,507,760.5,476.0,303,62
mfSg4KV31BGXgczPFL6R4jdpqqYgZ=.jpg,295,807,452,541,551.0,496.5,512,89
mFwsBOIc_F7KtMYIdQ74fBZHb8oVkp3.jpg,453,944,442,518,698.5,480.0,491,76
mgalyOjcGIIX3WpHtizDq=ZGV1Dt9lLK.jpg,450,868,410,472,659.0,441.0,418,62
mGCZFT8vDGCLKvpnPdZlScqzSm=Sg2.jpg,330,939,480,586,634.5,533.0,609,106
mgdk_T=ViheUn2w2aKN98YJsuuWrDU7D.jpg,393,753,438,508,573.0,473.0,360,70
MgQoS3zgzjUwPRbwseZvma27lqJYQX.jpg,498,831,479,543,664.5,511.0,333,64
MgtXrIKZ87IgDpHREsvdboK3KUi_56W.jpg,241,793,455,570,517.0,512.5,552,115
Mh=C2fKpkPNFayvo8CiTkCESzTahT1.jpg,493,772,447,501,632.5,474.0,279,54
MHaL6aonT9ieI_maNLhBkFoaUQdnRyQ.jpg,282,808,451,537,545.0,494.0,526,86
mHciO48X3fuUsBDcKvwFXHnDEsNsgv3Y.jpg,445,847,446,511,646.0,478.5,402,65
mHfljIlr5tgEttwD4L=HkOYUtN9RSLa.jpg,395,843,436,505,619.0,470.5,448,69
MHhK8jIBYkQSykcKJQkXiLzoGw2JH.jpg,259,800,465,545,529.5,505.0,541,80
mhMqkSyVBYmcRDe7Bx61INRTd6vDrnWI.jpg,449,741,451,507,595.0,479.0,292,56
mhncuwbCTpQvnb53ztldNs4GlkXSMupg.jpg,435,855,413,477,645.0,445.0,420,64
mHNgF=lJLxsmts_1PVLTIuTzuSk3bHO.jpg,451,728,421,476,589.5,448.5,277,55
MHwIM2qhHVLgMv865LBv6wFOuMgoYF4K.jpg,336,735,415,479,535.5,447.0,399,64
MhzGIvvxHYEuErz__1u_G7_XF7814cM.jpg,396,864,441,514,630.0,477.5,468,73
MI2IpYiH6eMthRSjnrCf_MuQH9r96mG.jpg,390,862,423,497,626.0,460.0,472,74
mI3FGjYI5mRJEY5Dgv1SUbrNoctDf3Or.jpg,487,866,434,500,676.5,467.0,379,66
mi4SFMNN1_y2fuvumRonSn2GyNwDVfgc.jpg,416,892,475,549,654.0,512.0,476,74
Mi63DcuLGG=SWMU1BCNjY5_zWt8hzc.jpg,432,844,412,475,638.0,443.5,412,63
miEQ3oz1B94njfq6ufQDDFXin28O2Eb.jpg,313,748,449,515,530.5,482.0,435,66
MIfIiTyyCnoHv1=NqetvceBCVFZLa.jpg,352,979,538,630,665.5,584.0,627,92
MiFQyqnSUmosI6tYy=WF_9ka5a6nHYGO.jpg,442,900,430,512,671.0,471.0,458,82
MIgjUX4elbRGx35RwBkt4CWlXr=jOiTT.jpg,399,861,432,507,630.0,469.5,462,75
mim1yl1sXPBDxqILdn9OqawMDVLGFUM.jpg,452,890,459,525,671.0,492.0,438,66
mIuHkzUlXBpZY1L29ZHSPM2CXiQtbJz.jpg,401,815,420,484,608.0,452.0,414,64
mixilwSpwB=NTr6PWXp=KET5lSe23dD3.jpg,470,899,417,483,684.5,450.0,429,66
MIy2OlYcbFXJDwf8whwSqggBekpCQ4I.jpg,403,822,452,519,612.5,485.5,419,67
MIZepQvM31wTFe_66biD82vjJjXZrYP.jpg,363,913,460,578,638.0,519.0,550,118
mj5bIghXWgUFJCbHJwdWwYNQSuk39x.jpg,376,840,428,501,608.0,464.5,464,73
mj6XQL1EParfbsqt=iCdYlHpnqrQXuT.jpg,294,1173,576,717,733.5,646.5,879,141
MjbyLmKxX8=tcjRuDqV6qC9qffylDBm.jpg,344,793,426,492,568.5,459.0,449,66
mjIaC9r28tondFWfYKBCHwcSQ6lCaO5u.jpg,420,843,442,506,631.5,474.0,423,64
MjnVU_2N=qlt2yp7Xj=OVtmzCapUT8o.jpg,360,890,431,510,625.0,470.5,530,79
mjpN79SSKVktI7E=79bB6KguoFt_xk1.jpg,361,809,470,538,585.0,504.0,448,68
MjsKeGgtaO1JOtZZjt5v8QJkiGK6JopX.jpg,348,781,428,505,564.5,466.5,433,77
MJurxFDJPhyl3XSC26b76ltNsTaV3i5.jpg,433,849,440,503,641.0,471.5,416,63
MJWhI5a_h4bGXc1PBPrSjU3oGsNFSyO.jpg,359,908,453,553,633.5,503.0,549,100
mJxrPWbwKVyLKb=HNTqIfod84puvRHm.jpg,407,962,504,591,684.5,547.5,555,87
mJYtdI1Zr4Ocb22f2jUdDmBMY8L4Dl.jpg,429,879,428,500,654.0,464.0,450,72
mk2B49PsgvGyW2MBJBVnmk9js_yfeDfw.jpg,398,917,457,532,657.5,494.5,519,75
mK6bXsxlvxSU9m9ELSDe3sTzONvt3jDZ.jpg,463,878,423,492,670.5,457.5,415,69
Mk7nHbsJgzMoxnDIytmtG=GgbvIN18kg.jpg,372,919,466,548,645.5,507.0,547,82
mKEoX8SdN4v28RTsjthc2JyXBGNk5lu.jpg,293,775,454,527,534.0,490.5,482,73
mkfXcsdP2HhNT_uislJxD4XrNyN53vYR.jpg,310,823,492,565,566.5,528.5,513,73
mkGRGrHMkNhlschxpemp7kdYohCOoLr.jpg,446,968,455,535,707.0,495.0,522,80
mKGzFWxE==XldbwZdF=Nu972x9aOLud.jpg,386,699,442,502,542.5,472.0,313,60
mKKRRUlG5WribFCQRl5q9PKliFc=n9M.jpg,332,756,423,493,544.0,458.0,424,70
MKl3K=flOhPbnph8SdNeEWN4qVBjMjC5.jpg,387,935,465,550,661.0,507.5,548,85
MkmHGWgcoe4n6EravDxHgZPSxZ9ulG.jpg,437,1016,460,552,726.5,506.0,579,92
MknpHFTTO6_OBrEaH_B96ZuQ6YBqblhR.jpg,416,864,429,499,640.0,464.0,448,70
mKnyvZlxePhGUmVSz8b3r8qSTb99Qs.jpg,348,840,434,506,594.0,470.0,492,72
mKtNLR6dyBQF9QD2cwQ3FDCV9pUOIJXp.jpg,402,681,442,496,541.5,469.0,279,54
MKut4SvPkIfEUj_WGKXg4JjeTZZKGB=s.jpg,418,915,481,560,666.5,520.5,497,79
MkWyJ64uOylTOokvlEkzdg39nX6TJH.jpg,377,859,467,544,618.0,505.5,482,77
MKztMwZ3lLIehw_C8kGxQDOJ449CSTon.jpg,436,906,443,519,671.0,481.0,470,76
Ml3eO3_6LSy8NUUwWIOngUdv8xufBmV=.jpg,363,751,440,504,557.0,472.0,388,64
mL8JkttgT1tNlvd3_rJowMXzoexJ6IdB.jpg,322,946,493,592,634.0,542.5,624,99
MLCE_qeguCbSNYfj=mbKne2_cwWgrWd.jpg,429,851,421,487,640.0,454.0,422,66
mlcIGM3VLT_6v7jfV8EVPMuemf1QKHz.jpg,331,745,419,485,538.0,452.0,414,66
MlCM_okPe1h8Y6yksvJanqLTt=pgDW.jpg,460,814,487,554,637.0,520.5,354,67
mLdIHK1DZXBoQU7yN9l2uckxnK_idsmz.jpg,422,907,451,521,664.5,486.0,485,70
MLeLal7c_z19n7a_JtIjo_fhtn6RWKGi.jpg,346,786,439,506,566.0,472.5,440,67
mLfmqLMkRPlwMNdVYL6nWL2pKBVEsn8O.jpg,406,756,460,527,581.0,493.5,350,67
mLfUdPK9xhUxFUcOl1YdLmzFcpqImY.jpg,350,823,477,548,586.5,512.5,473,71
mLhHwS=WijDSZdOIoYVdIxUSb4fnE46J.jpg,386,667,426,481,526.5,453.5,281,55
MLhqlwk=11S7Pjv_Moj3rzo3EUcVtf5.jpg,415,984,453,538,699.5,495.5,569,85
mlLSBfJd=vDrlC5TFO1uCEXT5SDh.jpg,388,825,423,489,606.5,456.0,437,66
mlmnHYYmrVI9IzMtbQ8V9tK9kDr_4B2.jpg,275,827,463,546,551.0,504.5,552,83
mlrQFeyTilyacFrlgeYQ=KCWPw84itn.jpg,380,836,460,534,608.0,497.0,456,74
MLyV_Q8tGLHk7X6=TTNMNLQYzGxDHVFe.jpg,412,865,456,522,638.5,489.0,453,66
mmaqP1JSdJ6gv3UHrI=q8jUzUdPSm.jpg,444,965,448,536,704.5,492.0,521,88
MmCIsxm6PVBz8nv8wHxUmDrpB3I6_W2.jpg,450,873,424,489,661.5,456.5,423,65
mmcSPc5m8Pb34RMp_wZ6kX4b5WSgCJ=p.jpg,320,800,448,514,560.0,481.0,480,66
mmnDfgvCJjE3PjyDdexo=ZrKqVjh6Q.jpg,343,746,420,487,544.5,453.5,403,67
mMq4aLqZq_5HhXaUG4rfTmgO9Vav9=r.jpg,473,895,420,500,684.0,460.0,422,80
mMqe9Lx_8lgW_kPxqylfexbfTKddEDZ.jpg,377,859,435,509,618.0,472.0,482,74
MmXGWNlQFtD1z1UtvtELZl2yae=5jm8.jpg,412,901,443,516,656.5,479.5,489,73
mMzDvXdNU7Khf=PCbmtY2l9h9EnlItY.jpg,346,879,502,577,612.5,539.5,533,75
mMZQmvy6KWpr1u=b7IfI2mB4Q7apICat.jpg,365,858,434,505,611.5,469.5,493,71
Mn=KHeGGwWe2U9ps5cU_bBTrKHysaIR.jpg,321,805,430,513,563.0,471.5,484,83
MNai2V2S2Ec9R2HuQWYuxg5E18kiBagc.jpg,366,1026,541,642,696.0,591.5,660,101
MNaxczUsYN_zksfE5F9_UFFJisEBU4rB.jpg,325,742,423,489,533.5,456.0,417,66
mNbJMBElNLTLqUd9EpHvcZg6WjlKC_ep.jpg,362,813,426,500,587.5,463.0,451,74
MndYXRSqF2Nu7p5_BTaIOuJyUrTEPVsN.jpg,375,667,435,490,521.0,462.5,292,55
MNh8WwT3zg1ClPzx_WD9aM1sfpHSWtK.jpg,423,691,442,494,557.0,468.0,268,52
mnheu8R3bPPB5U99=KnhF1e54Pd7avj.jpg,326,759,432,498,542.5,465.0,433,66
mNRZKTUkf6pRVZfgi2C7DO=V1pLFgYS.jpg,464,806,440,506,635.0,473.0,342,66
mo2N5mpZU2hy5Ljh4zZFmcWtS5=Dmejr.jpg,424,831,417,483,627.5,450.0,407,66
MOcqDl8J_QN5vMwd4jL38iPukSnEg.jpg,369,824,441,508,596.5,474.5,455,67
MoHoHkxcw_FFbLuSZibb1GdT22Cs6M.jpg,423,883,440,519,653.0,479.5,460,79
MoIP4WTdhx3tsWMgqXKz_PXjNCu_NTP.jpg,469,895,415,479,682.0,447.0,426,64
mOKCCgVu1xJSFjqXsdmlr6uY6jdBpfVw.jpg,336,771,435,510,553.5,472.5,435,75
MoL_LYMuPGGeHKJc1xeQyEyhtWcO3zW.jpg,393,889,478,557,641.0,517.5,496,79
MoMoVe_eTHrMCyIvuiIup611k_5MH.jpg,269,773,446,522,521.0,484.0,504,76
MoondJXFbJnUgTjKSjfZCzPfnQpsf5x.jpg,184,842,502,593,513.0,547.5,658,91
moq7JIajSYSsrp7f7JIHGPoQ67TsixP=.jpg,387,1014,537,631,700.5,584.0,627,94
mOQ_HzyMEm_fp4GCqRqsBa2mxRcHXkE.jpg,407,795,415,479,601.0,447.0,388,64
MOsDupIzl4sUjaFEF8dXML74PXMptIX.jpg,396,690,435,491,543.0,463.0,294,56
MovFQbrYmiaMBNTdjJLYqSnq1lqyNGqD.jpg,472,904,455,525,688.0,490.0,432,70
moZ8nbByS2EUU3wVaLhCIxwQaW5m8H3.jpg,420,829,410,484,624.5,447.0,409,74
Mo_WVptv9=mehbU7m8Ez541WtbMkv67b.jpg,423,880,467,539,651.5,503.0,457,72
MPaFvGXXhnsMz1WmXNJltFeHJgvzd7.jpg,413,881,465,547,647.0,506.0,468,82
MPEHDlBJEaKE8YD35RdK66tuTE9TcYKm.jpg,189,1102,535,656,645.5,595.5,913,121
MpEobVQ1_q6m_Ell2S1VLlvvuexzyXKo.jpg,343,831,434,504,587.0,469.0,488,70
MpSuOCykN_hUcebShM1TU6Xgz_GvdS.jpg,372,837,435,507,604.5,471.0,465,72
mpVMfg9aKb72TFqPi=nD4M=i2CXIv.jpg,291,793,453,531,542.0,492.0,502,78
MpWFQMYgK=_7Qz4UQGT7XBGsUjC2sGW.jpg,381,871,449,522,626.0,485.5,490,73
MQ3gXcNch3hv49R=WKtd5lXrCKY1DUQ.jpg,462,916,434,511,689.0,472.5,454,77
mQ5c9OGsHomGVCtca6HFUu4YPjObUIn.jpg,322,749,418,481,535.5,449.5,427,63
MQ7xGzdqKaa97QgpPwQouw7DxVT=cERD.jpg,383,946,476,572,664.5,524.0,563,96
MQ8gGpCMxL2RqFBhH6jTGRfmt4_TZEQU.jpg,438,845,419,484,641.5,451.5,407,65
Mq9X9UtKnuHUwBcLzbJawfdH2bKZc6cC.jpg,438,833,415,482,635.5,448.5,395,67
mQq_ry9ZHWbbEfqGsvwuBdbuL1DNgk.jpg,446,745,460,515,595.5,487.5,299,55
MQRBwkOcGSc=RKrfyPxLa4n8D=l2XEt.jpg,384,804,417,479,594.0,448.0,420,62
Mqw_zTrIIkiHPBwqGFm8RTknBz6eSoHW.jpg,338,931,515,608,634.5,561.5,593,93
mqXXQJRnQoOyHvaCF=ux6UE2zpy2R3.jpg,404,873,425,522,638.5,473.5,469,97
MR1l6BlKyUS2DNjLLJb71Iir5aLjQUgV.jpg,437,881,429,498,659.0,463.5,444,69
mr4xaavWaiv=uMdqMHo552EDNcqk1r.jpg,412,846,425,506,629.0,465.5,434,81
MrCoWeMYCJB9vxjb=3vY9wJjcyMLHPt.jpg,356,899,463,544,627.5,503.5,543,81
MRFij4O_JL1j1avfaN1SRMBRz8I2Dxp.jpg,336,803,434,512,569.5,473.0,467,78
mril3Y1h1r68uEE9PmCaKnkaOXNff.jpg,377,809,420,484,593.0,452.0,432,64
Mrj7uyRgi3V_bNLLgqUJ4NcNPpsjsS.jpg,424,903,431,507,663.5,469.0,479,76
MRjTjS1FVJSOBDeqEmk52QErMPP9F8.jpg,374,922,456,537,648.0,496.5,548,81
mRPpk85CvZzQI4c1IW4LyZk7r4qu5.jpg,313,752,422,488,532.5,455.0,439,66
MrQbxnRMoZylvXkQkbESOkzQUBCsel6L.jpg,157,811,507,605,484.0,556.0,654,98
mruH8SZoG4QP4nqIjJF8pYZpfVzUtxZ.jpg,397,798,423,484,597.5,453.5,401,61
mrvaya1Zt9UeDJcMSuxrfxncRTBmW.jpg,366,806,422,488,586.0,455.0,440,66
mRWip16RHQ3Z_17oKt8hDw8qrQaXQnO.jpg,376,809,426,496,592.5,461.0,433,70
MrXn5r4DRGOGM6vYXtB2w3Cea=erT7.jpg,259,778,479,560,518.5,519.5,519,81
Ms1ZDcZ_3QjwFmj8XYbsjELkK3c5Qie5.jpg,384,953,519,601,668.5,560.0,569,82
mS1_OCEeDvNwNs1_LM8Tq_Cu_CPSjGW.jpg,203,793,514,606,498.0,560.0,590,92
ms7SFhem_sXnGVxpDnLqvfLXWIRlnc9J.jpg,342,877,455,532,609.5,493.5,535,77
Ms7TC9NiG9DulHPItR9_Eyg1JZUMZ_WF.jpg,365,861,438,511,613.0,474.5,496,73
mS8=njgx6zxF9MWu124HONMyi8Tl9Z_.jpg,516,957,411,510,736.5,460.5,441,99
msdTFGiVHQS8cFwtuNCdMp7uWVdvw8o1.jpg,408,757,434,504,582.5,469.0,349,70
MsIThrIKv7bncjcsYjOSlF8uTE8bq4ys.jpg,359,860,443,520,609.5,481.5,501,77
msjtk5wVFCREqP7UStRmfQDGw=HKy9j9.jpg,496,769,420,474,632.5,447.0,273,54
MSjzN21VILe5tMtTuE6aU4op77yXmdy.jpg,374,690,463,523,532.0,493.0,316,60
msl9mI2fYSHdm=5GIppPwg=ef1GMn7Il.jpg,388,856,424,500,622.0,462.0,468,76
MSMouUWHfq9FyHgYF9UIUYtbZNKYw8NU.jpg,309,764,442,519,536.5,480.5,455,77
MsNExgsEc=ljKPMssD4ukCjUium8cyK.jpg,287,912,520,608,599.5,564.0,625,88
msp2K9lYdQG6FZHPsEnMDMRDGgKW5yX.jpg,415,939,459,555,677.0,507.0,524,96
msRK_zzLv2HD9p1achZLB_R63H3XvIjz.jpg,303,793,441,520,548.0,480.5,490,79
MstGaEF_N5ZJRJiNdsqEMMsNPVwIOip.jpg,397,796,420,495,596.5,457.5,399,75
mSx95vd8WxTI_Qe=tX5I3PqOYWhTI.jpg,347,812,438,517,579.5,477.5,465,79
mT1szdxyZGatFpR=Pp6V=dZ2i9fyPwV.jpg,418,798,468,540,608.0,504.0,380,72
Mt2zmrZorH6nGE9D8Y6H3pf6Gngy5Xxh.jpg,454,861,447,510,657.5,478.5,407,63
mt63BRT3Lo4CD8fMTFfx9ocLMd7Ybl=K.jpg,362,763,439,507,562.5,473.0,401,68
Mt8zv6NvVj=dLjm9f3H4I8bSj8NXE8V.jpg,275,930,503,596,602.5,549.5,655,93
mtBXizuR=LN9nQe5gdgqbpBmND2VWNJG.jpg,276,770,437,517,523.0,477.0,494,80
mTCfyU7kd6Fl=srsB8KZFVv4SHhOCeW.jpg,389,805,413,472,597.0,442.5,416,59
MtdsE54ZL7U2Zfbx749Ls1Gvoh5q5Ip.jpg,370,939,462,562,654.5,512.0,569,100
mTIQVsbYjrKiI59=jw5vz7V2Y14RP5.jpg,246,656,467,543,451.0,505.0,410,76
MTjjjChBIy9v33P8VyvwxIdHqzHJhaF.jpg,393,809,450,517,601.0,483.5,416,67
MTL3=ULE9NOt24OJjFcxOhkxjWQ3lXW.jpg,338,918,521,604,628.0,562.5,580,83
MtN9xcBrWQVuVC6m3HN1NOkPwYY4GH.jpg,374,781,452,516,577.5,484.0,407,64
mTOqlUXWNY9I1_5jub3vZilYDVbDhm.jpg,314,756,428,502,535.0,465.0,442,74
MtPgpRMb68inJmFhwxtc5i=VxKyD9jN.jpg,294,824,455,535,559.0,495.0,530,80
Mtz3XO_HWcVhdY8a4wrz2j4s_a8lV8H.jpg,338,849,454,539,593.5,496.5,511,85
MtZjuO_4SVUGPq9jTl26QmqDLZVT1es.jpg,239,782,459,536,510.5,497.5,543,77
mUar8=UT6XfeaWDBRtrxYxzB15=SE972.jpg,406,865,442,510,635.5,476.0,459,68
mUcwqZCvyj6S6jzPBlKKYNed=rl6Rrx8.jpg,460,932,476,549,696.0,512.5,472,73
mUicTfpodrcMf53XM_v1XvVe_k4bNk5.jpg,400,925,500,577,662.5,538.5,525,77
MUMdkXKktqvuFEbIzgBTaDFreyr_Euz.jpg,459,843,432,503,651.0,467.5,384,71
mun6KxtSpZFpn=f1Yi2wlZhfrbRwN7m.jpg,414,749,455,518,581.5,486.5,335,63
MUPp6kw56YcQgMrMs1ivizQhn3193SpD.jpg,286,808,469,544,547.0,506.5,522,75
Muq2ZWg7DLL4BWXNkVF2=Wd6to_D9r.jpg,321,808,439,541,564.5,490.0,487,102
mUqcfCLVQcMDMziaqQLCSzEe=pMWQMF.jpg,367,838,437,510,602.5,473.5,471,73
mUSHkWhXKENMOorWlsOrbWW=sFRXWlT.jpg,391,906,460,537,648.5,498.5,515,77
MUupM8enVYCZLL_olt8Zee9GwQLLCFwN.jpg,414,818,459,538,616.0,498.5,404,79
muZ4mQkwqiZSS6vuwfnU6MNnM7gBvOwL.jpg,389,779,411,472,584.0,441.5,390,61
MV5FzDTdJ5fjtaNptC8egfEBiXR1E4SI.jpg,456,869,447,514,662.5,480.5,413,67
mV6la8NKIubmzf81ER3frvzMJuKK_EcG.jpg,458,904,418,487,681.0,452.5,446,69
Mv6xW1D4nlrNTlPq2j2YD=sXfYRLwjpF.jpg,408,854,421,508,631.0,464.5,446,87
MVcTidCubSpbVWVTV9jRIxcvC2Wrti9G.jpg,420,900,438,515,660.0,476.5,480,77
mVE9bWuj9S_vFwQHEIH_e5mMZ4javQF8.jpg,437,909,471,542,673.0,506.5,472,71
Mvf_hPWeO73LiyLDRyEJY3JNrYtYNFbB.jpg,383,776,494,557,579.5,525.5,393,63
mvHQt3di1xTkQW9cGqe7llyigEsZz8r.jpg,395,905,443,524,650.0,483.5,510,81
mvLIf5XErG248BuM2ain3CYHmNGYGdU.jpg,310,749,416,481,529.5,448.5,439,65
MvRjXqEHnlIgQgeCusGOjPNwSTfhqB.jpg,362,821,422,491,591.5,456.5,459,69
MVx5l4DCz7bgRj4V8pQUohgnqmzGUNyD.jpg,380,976,487,580,678.0,533.5,596,93
Mw1x6YngfMmVW5hQe=j1wBkuUksyQ5Y.jpg,405,971,472,552,688.0,512.0,566,80
Mw7jucesVFzQkjzwoFsIbi8ZdiB.jpg,422,961,462,563,691.5,512.5,539,101
MWBuGnDznRVz9sd7J3hXl=OTraZRd2EX.jpg,466,921,428,504,693.5,466.0,455,76
MwFw9bFUrOdqU3khj7dQCgU_HVyGKRwt.jpg,388,936,469,552,662.0,510.5,548,83
mwKzv79ShVs6L7SwEpiS5ze_Nu_pE.jpg,341,805,422,492,573.0,457.0,464,70
mWL3msbTybcaZxs6D2C5E36WhgWUhv.jpg,488,863,504,574,675.5,539.0,375,70
mWlofWkOCT3PXRxsPsrr33Zo_pEVQp.jpg,409,944,452,536,676.5,494.0,535,84
MwMM6KggmIBieIPGOi7hzrqtpNbCyinK.jpg,386,791,518,594,588.5,556.0,405,76
mWOPohNcdlm3KEKuvP4BNJxpoEXYRlnc.jpg,286,797,482,556,541.5,519.0,511,74
mWOwfBoiEugQwbX7ivOHTv58=vJpZjuH.jpg,290,653,458,527,471.5,492.5,363,69
mwQLLHvPNIkf_3IGaEXjeDU3KNTVc9G.jpg,410,864,423,491,637.0,457.0,454,68
MWrsSxJmS64WB5mJHlyRuGqLrr51NSL.jpg,433,933,487,563,683.0,525.0,500,76
MWwQ64jh8fxSUXyrj3Jn2LPywfbL.jpg,376,839,472,543,607.5,507.5,463,71
MWWSfTF33GmCp3WRQT2V1BuqVi5ax9bt.jpg,424,707,429,486,565.5,457.5,283,57
mwzSChZM8a6Zwi4UduhRVHdTafYsDE.jpg,457,843,439,503,650.0,471.0,386,64
Mx298eV7l_JscZlxGcOxexvXn4JuBDq.jpg,424,784,454,519,604.0,486.5,360,65
Mx6hI3eCh7xmme7HBthP4XKMxpurwR.jpg,454,851,440,508,652.5,474.0,397,68
MXGGWncPvzYVvGyqjoW7CQ6znkeVuxot.jpg,432,830,416,481,631.0,448.5,398,65
mXLId3XVK=i7PFd2vVpkQJKSw=ffOnYl.jpg,472,750,420,475,611.0,447.5,278,55
MxmtbSPBqDqBJFEvRftRCk4CwsgyOJ8.jpg,347,840,489,560,593.5,524.5,493,71
mXnIo7jFkOP1Sc1aojBcko38Wm5s6Pz.jpg,446,850,410,472,648.0,441.0,404,62
mXrBSdsh5bLwvI72V7Baj_5mRm7xz3o.jpg,471,894,419,492,682.5,455.5,423,73
MxrxgY93MGaPRZGdTNca3=MtzF=4kF.jpg,263,820,473,555,541.5,514.0,557,82
MxUoGh3yzvCwm=4tnPR9LJFmyF5Jhm5.jpg,330,786,433,504,558.0,468.5,456,71
mxX=dpp_zwUpTZH_ajVSx2lpQPvbIeY=.jpg,323,685,458,525,504.0,491.5,362,67
MY1LaeDxtrzODtiqkGHpmt86pyzx=2Jg.jpg,317,1231,706,817,774.0,761.5,914,111
my2FO1qdy3Qid3pZelw9Xcuzk3aQFlt.jpg,397,788,474,545,592.5,509.5,391,71
My7UqQaZcVcC1LxQI1wZU2i7oYMysg.jpg,399,849,463,536,624.0,499.5,450,73
MYfvFHyV1ixDGsFdw_CkHugDsEUIJr4.jpg,465,753,444,502,609.0,473.0,288,58
myK1ioKfKfsfsFBNYnuUXpek=UyMwJS.jpg,257,922,573,678,589.5,625.5,665,105
mYLOIEp5WN8UjauM3U2s8uRSQBRVOHz.jpg,369,787,444,505,578.0,474.5,418,61
mYm942xizIEflzR1wOgG5S8vGCeP5a.jpg,418,862,427,501,640.0,464.0,444,74
mYMGZFdLYqcUGxuIV1u29QgFK5Uu6Vm.jpg,295,770,440,517,532.5,478.5,475,77
myM_WBE7iKwpks3DpOrTe77XntXYpGm.jpg,464,846,438,501,655.0,469.5,382,63
mYo8I_BiuKSv3httNTgse5ZShjQuRLGr.jpg,349,748,415,478,548.5,446.5,399,63
myqZ8hsnYrVCL6n4rBDlBqQotlsZ2g=.jpg,397,916,456,531,656.5,493.5,519,75
myyDauTwBdCHrCnEf81N7UfyEvOv6.jpg,436,941,486,560,688.5,523.0,505,74
Mz4jRCidpwZ8R8gV8lC_nNb7f8Tl=yh.jpg,412,804,413,478,608.0,445.5,392,65
Mz54IIehZWnf2edt51PM5u4Lf=Jq9s9.jpg,464,900,427,493,682.0,460.0,436,66
MZeM=expfRGnofsncy2_fUtIZbLWzQDJ.jpg,372,754,455,529,563.0,492.0,382,74
mZjtH1qBikHOLzcUIWoGea8LQLsG7V.jpg,448,913,464,541,680.5,502.5,465,77
mZKR3GxH4BFuBzcK18d7T9hGkz5wBw4q.jpg,307,751,422,487,529.0,454.5,444,65
MzOuBeMvjly3tpkNTja3P_kVZqo_ua=w.jpg,426,824,440,507,625.0,473.5,398,67
MZPiiTcLiqgCSGgiYG2lJQ5xxDTPBTvi.jpg,405,842,430,497,623.5,463.5,437,67
mzV4a5uzXdVhRBZsvkLVQvFh6C4svy.jpg,436,733,425,484,584.5,454.5,297,59
Mzw9qTYrJQv5ZYUQqwPHFWPZDaibH1JQ.jpg,387,773,479,546,580.0,512.5,386,67
m_5aZYG4d=yqMaGXuhOTQ8T9dfy1sG_T.jpg,383,909,451,537,646.0,494.0,526,86
m_9JCQtbrhhC7OSvk3DJR9VmfccT=mb.jpg,350,830,473,550,590.0,511.5,480,77
n12ODe_7mvNNaqS1GdS8FMlxOODHZssP.jpg,397,898,476,554,647.5,515.0,501,78
n1aJlKtojNscLqDTnL1tx3dI3CjsMWd.jpg,368,899,462,543,633.5,502.5,531,81
n1bG=zaMN7gRa5ExK6=OYtupQ5md3MTC.jpg,401,835,427,495,618.0,461.0,434,68
n1gqZXIJZ6VEfUtYRG8WTj57yB9ZcS.jpg,446,849,414,479,647.5,446.5,403,65
N1gwU=RvlsU_ET9feElPzbm5mQkE9o7.jpg,442,857,451,516,649.5,483.5,415,65
N1JtlWuY3bZjMDdLfP=Z4USMQY7WvEp.jpg,410,927,487,566,668.5,526.5,517,79
N1kJRCi29jeVhMBts9YmfzJ2VIPytMn.jpg,406,807,412,495,606.5,453.5,401,83
N1YLeiiPjcCfzxkQ6J=6M52H2RfV3=y.jpg,298,787,469,542,542.5,505.5,489,73
n1_u377tktQhYK9cW6ixUEpJDpkbTOq.jpg,333,922,476,571,627.5,523.5,589,95
n2bXqGjTw9Yyx4ruqimNFQzsSnJ93.jpg,377,830,422,491,603.5,456.5,453,69
n2fK1y326zLirRn_u=sFWG1Ltb64C.jpg,460,899,427,501,679.5,464.0,439,74
N2QXF9Y3LOitRblFpoQkaU2iUMve98Pg.jpg,490,1038,497,582,764.0,539.5,548,85
n2Vk4u1gkFnYb6bu_TNDI57gYNjl3Xh.jpg,415,898,461,530,656.5,495.5,483,69
n2WwK5LxawHFKukZfZuRCOKX5bvT2uc.jpg,465,746,424,480,605.5,452.0,281,56
n2ynXJoCjHnuS39kZDUZ3G75TXYEWBT.jpg,326,750,428,494,538.0,461.0,424,66
n2yxKDFUoug8nPGXkcTbVBqxfYoTDVY.jpg,401,718,448,505,559.5,476.5,317,57
n33W9FCrzO1kancqCc1PTT1_rIBfud3.jpg,344,885,505,583,614.5,544.0,541,78
n3Hy12BnwMnYhuYBEVtr9D8Or=qxxDe.jpg,460,852,409,472,656.0,440.5,392,63
N3lc6IO_FYEVfdEspO2XqX4MvPlUwlqY.jpg,469,836,472,536,652.5,504.0,367,64
N3qRIoMcBBWIJ3CKnKJ9=mpQwESgWJ.jpg,311,974,548,650,642.5,599.0,663,102
N3VtJEtoqD3a5f8lCVuUhq67cucvb6O.jpg,440,892,459,532,666.0,495.5,452,73
n3ZLk4XnG4_C2vUNtdw6gzV_RwtLPH.jpg,384,916,494,583,650.0,538.5,532,89
N3_2Ywbn2dNqnj7=cId_tufR42gJZij3.jpg,415,810,417,480,612.5,448.5,395,63
N4bVi9313zX3isysWUMY4LvVXWC2coC.jpg,405,806,412,474,605.5,443.0,401,62
N4FOFcu8VrM_IZuMumsBacIDSFfRL8EW.jpg,360,824,463,543,592.0,503.0,464,80
n4iURQn1NTgZWybCUY7DV2VpzLk2X4hg.jpg,190,877,520,612,533.5,566.0,687,92
N4KjNgt2bfwDr6HEonz29ljHBmlxbtb.jpg,332,855,448,527,593.5,487.5,523,79
N4MnI3w=JlZ16jtBglc8=QaZf7weGqNH.jpg,450,771,460,526,610.5,493.0,321,66
n4TBmM4R3_eHLBl3jf8E4OS=c6QiVrt.jpg,421,870,432,503,645.5,467.5,449,71
n4TLqLpsYxsBxTwBa8l8kjLloqhQcl8X.jpg,385,902,490,568,643.5,529.0,517,78
N4YfSYPQa6f=v8Z8tYFHcsGInOKkCKU.jpg,323,773,422,488,548.0,455.0,450,66
N4ZrGd_uYuISpIigzMJsJ5r3ZN9FIO.jpg,407,978,517,600,692.5,558.5,571,83
N5fynRZPzijGeX=eledNEs7f2t=Rz5O.jpg,449,723,413,466,586.0,439.5,274,53
N5k7ZI6sGcwuEOMDb3cPk3NRsN2EQml.jpg,434,878,426,496,656.0,461.0,444,70
n5p79_V9fvftWia5UFC=uFBNMtsnJO.jpg,430,857,415,479,643.5,447.0,427,64
N5sjxUDET7F9_NH4DqPJ3tszdcBOI.jpg,366,799,454,522,582.5,488.0,433,68
n5V45Sfd1UpH8U1a8iPod4Cg8Z9zOmos.jpg,394,914,492,572,654.0,532.0,520,80
N5vLk74=U6VH3KgBFy25DjjtG=DQqTn_.jpg,352,860,456,529,606.0,492.5,508,73
n5WeEoJxSRF7TEjmxN6owKUkLB5yc3ZT.jpg,449,904,430,504,676.5,467.0,455,74
N63Rdj1UYdSq3DHNbKx621OemioMDs6.jpg,424,863,421,487,643.5,454.0,439,66
N68uSlK8QwVHdj7rYaMO4bs34nrggf1r.jpg,336,744,409,471,540.0,440.0,408,62
n6dLKGIEiO74flIsUgLtm_P9HpI3FHU.jpg,355,818,436,512,586.5,474.0,463,76
n6fTUbH3zbQ=HUK7yRmwIDCsJDBP_s.jpg,426,869,457,530,647.5,493.5,443,73
N6gYib7_YBMn7rGVDRUJI4b4CB=Fo.jpg,406,889,419,510,647.5,464.5,483,91
N6nZyay=WvtsXrgsUWEPsKQS84MFaHgf.jpg,378,896,447,529,637.0,488.0,518,82
n748wMzKZqaa=LhRXPtybXML4TU=f5.jpg,454,879,421,499,666.5,460.0,425,78
N7d_RXjeGKqYTSGyi4ZiQ4itRM=KyL7.jpg,437,830,413,482,633.5,447.5,393,69
N7I4zXjqwVKLzB76JpCZl3Rx7v26OkP.jpg,383,948,462,553,665.5,507.5,565,91
N7iPJQw2rlpyuEiq2MddOcjCa1R=zl.jpg,411,875,428,498,643.0,463.0,464,70
N7kQqEbVqDLlZhTgZf_xnzMEvL8m2WS=.jpg,72,1231,734,887,651.5,810.5,1159,153
N7TPSB=r=45=U6hduep=INmPM5n4Ha.jpg,426,866,423,489,646.0,456.0,440,66
n7x3Q1BrrhT_zStSuCqPVYzf_YS4onj.jpg,314,748,420,485,531.0,452.5,434,65
n7Z38eBeomC6GsHSdvsyz=4eDcnC4jZK.jpg,442,837,416,479,639.5,447.5,395,63
n7_qnHwJlThJliBQL=_eHYT7WRytGctR.jpg,413,854,463,530,633.5,496.5,441,67
n84hj6DLeklheYi4Xah496HuPDqGD.jpg,357,839,448,520,598.0,484.0,482,72
n85RtH3N7fRmp=poQJoXFzNUsO9Fg8.jpg,406,696,446,504,551.0,475.0,290,58
n8gkRuULGHG4lieqzthxX2BVPGmOkl7.jpg,14,1231,733,890,622.5,811.5,1217,157
N8klsEqStLX5JVqZRQmw1Iugk1_8BXK.jpg,383,860,471,544,621.5,507.5,477,73
n8M1LSvm_eIVk6lrG3jLlesTWbXshG.jpg,412,817,453,515,614.5,484.0,405,62
n8QynGRWa6b_2Dgt_EfECGZwZDYH3Bh2.jpg,393,850,430,505,621.5,467.5,457,75
n8rhWRjGoDNzivwyF7B4M27IzU1goVGL.jpg,453,853,420,484,653.0,452.0,400,64
n8XJMplOswqxpzoBzMwL_8sDw9B7j4dC.jpg,316,845,445,525,580.5,485.0,529,80
N95mw9v88RQaLfxckWoUXQKY89snUvVX.jpg,266,767,438,522,516.5,480.0,501,84
N96Ts3PVsUlTgTpG73HFjDJfhwC_zH5.jpg,371,884,462,541,627.5,501.5,513,79
N9HGQvNVClafl1Zw3YX7jDG=yxGmYOpP.jpg,365,879,459,538,622.0,498.5,514,79
N9M==lSqqv2MiEsSSl_dKZnYo7eqcL3I.jpg,393,670,429,483,531.5,456.0,277,54
n9nYW6hNwn7=GDEaKqrkjyKrWo2vtJ.jpg,299,799,458,533,549.0,495.5,500,75
n=3yckINQ9ljzN=Z1deYL4se9f5rRHwF.jpg,342,803,459,532,572.5,495.5,461,73
n=4Ju1XbRw=jy7hu5L4GyqVhokHycU7.jpg,450,745,433,494,597.5,463.5,295,61
n=7oiGT1U7jbJhLfUG4aSzBXS2ew8Ohg.jpg,395,944,496,586,669.5,541.0,549,90
N=xW2dIZ7YkOsm=egJaao4I1QLyXVo.jpg,385,948,504,593,666.5,548.5,563,89
naaUtmHSXuO58ToxbOgQDSdRazMvtv.jpg,380,848,424,496,614.0,460.0,468,72
Naeu8NpLlqe=IKbD5wT=pBaZnLCD5qa.jpg,263,795,476,555,529.0,515.5,532,79
NagwkPMK4ujwpCzqo1Ews45g==pl7.jpg,277,657,501,576,467.0,538.5,380,75
NaHi3_QdL1k9hc96OWhrsaxySHjB4xC.jpg,389,851,428,499,620.0,463.5,462,71
nB=NeFECxl=MrrBODJU1i8g5GtjE.jpg,409,858,468,537,633.5,502.5,449,69
nb=RM94oI2RYelR37uCKcugEtBeWnzbt.jpg,367,855,461,533,611.0,497.0,488,72
NBccEJtwW45uoOCZMzVpZfR32vfvIuU4.jpg,423,867,462,535,645.0,498.5,444,73
nBehTyk_g6BfzDwuROPVLptGnwYj1T32.jpg,503,784,443,496,643.5,469.5,281,53
nbErzmL6ZF8OrmPKjsiYYpasiQdoLac.jpg,364,781,421,488,572.5,454.5,417,67
NBLYcl6ixP6eZFEKmnDSdQ6wMVCnOMtm.jpg,423,758,445,509,590.5,477.0,335,64
nBsHt=hDGzsLH2FRrRFvFPxJLpyIQL7c.jpg,350,865,454,550,607.5,502.0,515,96
Nbtvk=mftJ5c9wnp5pjbKzFofHOtKZP.jpg,364,880,458,546,622.0,502.0,516,88
nbvlOyqPltkixQVdnh4iZCX6yaVggG.jpg,598,894,451,512,746.0,481.5,296,61
NbWxDx6gfY8ECMT4EX5=L1nxhG4Y2Oo.jpg,397,713,466,525,555.0,495.5,316,59
nBxB2tHCV47dUvmWYGiXcfc9LqTWtsN.jpg,459,886,414,485,672.5,449.5,427,71
NBxbvefbq=SL56h1dZDSU4Jbr3VRr.jpg,471,753,421,477,612.0,449.0,282,56
NbZhyWPP4MUV2lUQpJ6driussSBbwnk.jpg,399,856,421,490,627.5,455.5,457,69
Nc3iGXfrEU8Bm4ZYzLg84QgHRp8MuaOh.jpg,410,861,435,506,635.5,470.5,451,71
nC=GkpQOdTpZupi5euDkpROeuEViLnSC.jpg,371,835,425,494,603.0,459.5,464,69
nCC1n1xQj=tMlcXqTQQhIX1_OGirFQz.jpg,413,869,425,506,641.0,465.5,456,81
NcehkBlHrq5KynhFu3U3uUZzUm=Z1mv.jpg,452,870,417,490,661.0,453.5,418,73
ncIMg23mQp91dmplOtIbZz7fKLIiueD.jpg,380,794,424,490,587.0,457.0,414,66
NCPmytKq7reVpDQSJlHBkoWZtWKpmN.jpg,383,821,449,512,602.0,480.5,438,63
NCrGY1nh8JZZE9o_JUdoKws2Pr=s5n.jpg,430,839,420,486,634.5,453.0,409,66
NCwpeDIfy2Ih5hYdeJUbr1OCTG=WeT9.jpg,447,933,471,545,690.0,508.0,486,74
nD=PBOhpK5SkdpRnItJgB8wioYpxmys9.jpg,461,956,424,508,708.5,466.0,495,84
ndbvuYd3jEkIZJTtJE3wpKz8l7uvg8.jpg,327,1017,521,638,672.0,579.5,690,117
NDCgk=PbFzoqpN8VRgWmpb==CWs84wC4.jpg,455,787,473,538,621.0,505.5,332,65
NditT7t9isBFudidEWIJisnPGQlntkoX.jpg,318,680,437,510,499.0,473.5,362,73
NdJ77rcgaaq2lRoIKZrpa1jD91dKzMZ.jpg,342,659,432,494,500.5,463.0,317,62
nDoSpbvYnvPI=b36yuHtt58OnLomlid.jpg,339,776,447,513,557.5,480.0,437,66
NDpJ_Rl3Ioukn_9TN_FTGYr1d=lZrxR.jpg,421,929,436,512,675.0,474.0,508,76
nDQxBWut=7xoywRVgeN7lv=thqWpZWY.jpg,470,849,437,499,659.5,468.0,379,62
nDslyL=Pxy=YSUqiHPEyr4yZqiqw4GT.jpg,398,818,422,488,608.0,455.0,420,66
ndSRQkmcDorF1wwGhm6teiBxWSOL5uw.jpg,386,799,420,485,592.5,452.5,413,65
NDWGtB4pwy=fUZoksMDD3PvuU1Ghrgc.jpg,398,830,422,507,614.0,464.5,432,85
nDxklvtQi7jwDM4MigahDoGZdykXizCM.jpg,451,860,415,477,655.5,446.0,409,62
nEdlGXfNTnGvzD7oWg2xMMhrYN6Y_Dax.jpg,381,812,425,492,596.5,458.5,431,67
NEELj68qKCYfpRlD6U4Iy7GMVrdvGYX.jpg,402,859,426,500,630.5,463.0,457,74
neJGDMSbVwCVQDn2HlWtRVE52hl3KFG3.jpg,362,767,432,499,564.5,465.5,405,67
neKruDDugKj5wKqIoHE4ylTMlYK7y.jpg,442,834,441,504,638.0,472.5,392,63
NEkyljsQ9gZTtEXGFXleyYV5srjjQKpe.jpg,405,993,468,585,699.0,526.5,588,117
neL4f5KV6c9v3gQJBVaJW2p1YnThI=J.jpg,366,954,527,611,660.0,569.0,588,84
nempcIeEEHXrTiJB=yWPLynVlDMLhYxL.jpg,404,927,496,576,665.5,536.0,523,80
nEry3bu92LIYOs_nDcKq7XC7bQlGPzO.jpg,502,770,421,476,636.0,448.5,268,55
nETvdSvF=NDGofjuuCoyXG4RE34CBJqe.jpg,474,1012,506,586,743.0,546.0,538,80
neUOzYNL76B_BkhIZaOJrfOSqiXK9jC.jpg,428,704,427,481,566.0,454.0,276,54
nE_HbV_H6hgkjwLEdOuqHuhnjRSe.jpg,404,839,453,522,621.5,487.5,435,69
NF=rKghRCJicRtHfSj4LyNe5MTudZwB4.jpg,138,702,571,666,420.0,618.5,564,95
nFBh4z6stORJwGRC2YyioYgYi_uxqZyY.jpg,376,873,441,518,624.5,479.5,497,77
nFG8i9_rQVy4WOfXB5Sy=O7i7lKScI9.jpg,385,865,435,529,625.0,482.0,480,94
nFifchp_H3EZqnsrTcYY18F8jq43UB.jpg,480,781,433,493,630.5,463.0,301,60
nFirYW6FRDGD78NVV=5NyYTXqa3rz9.jpg,417,955,463,546,686.0,504.5,538,83
NfPVtygSqS=coT=YVvYJrZiIDXSX1I.jpg,426,852,417,486,639.0,451.5,426,69
NfTBSpLq9QBKO39=nw=RS__NnUrexIU.jpg,439,719,447,501,579.0,474.0,280,54
nfu=FbwTrBx=FKnWpRUMw3=nchB=Jo9U.jpg,415,826,421,486,620.5,453.5,411,65
nFVi87IDLth6DUVtU3wYpoVK6S=HqsZ.jpg,420,860,437,502,640.0,469.5,440,65
nFVmP4zzlFzMn6asL8WzlsbsTVLYf=7.jpg,219,861,523,619,540.0,571.0,642,96
NFWrhEvVC3BPC9JrT1ereXw=pGlKOTD.jpg,420,767,464,528,593.5,496.0,347,64
nfZhyO5EClLC4YoxeaX9mhZa9NJkmY_.jpg,408,837,455,521,622.5,488.0,429,66
NG1BMqqXp_eybfNYL2S_9Yfu=UlBxe7.jpg,361,941,478,562,651.0,520.0,580,84
ng1k1SrMhPmeyd6jrKbxliSm68tUM78h.jpg,311,840,491,572,575.5,531.5,529,81
NG6Uv4D3ccdgQ3=phUDox288XvJBEaGU.jpg,250,789,462,550,519.5,506.0,539,88
NgadW6EmcxovaJp82K=kxLsUoHz7rvR.jpg,388,730,485,546,559.0,515.5,342,61
ngils1ikYLIY1TTTWnsLSL8GwDE95Y.jpg,439,919,440,522,679.0,481.0,480,82
NgQctHIEQ6zcZVQrznB47RKOvrl37h_Q.jpg,396,870,439,533,633.0,486.0,474,94
NgsTLD47zGvGwnLKuVoE4YsB_pm89p5.jpg,266,833,515,597,549.5,556.0,567,82
ngVJxWbHcSEqCeTHr496E1ZD_VsGmDBb.jpg,233,821,504,594,527.0,549.0,588,90
ngVrGvNsx2hKVgSgtNHzUThuU6w6Kr7q.jpg,199,846,506,606,522.5,556.0,647,100
NgvuuHC5ObE6UGPoEFqyOheMKIpV8X.jpg,411,966,470,550,688.5,510.0,555,80
nGw=ySwN3kvnjzovk6_XzDxaQo_cI.jpg,459,855,443,510,657.0,476.5,396,67
ngX8_3LbUsSFZLVcTFeiS6ebECgPQOv.jpg,371,933,466,550,652.0,508.0,562,84
ngxBqJo2u=nT8vwquki8_a2uZJspoFc.jpg,453,797,477,538,625.0,507.5,344,61
NGZyJUNCqrThhMdjjBN7wELYZ69YWDS.jpg,261,793,457,535,527.0,496.0,532,78
Nh8Cv4QboXMakyW1kwIEOxu2=6o4Ja.jpg,439,863,426,503,651.0,464.5,424,77
Nh=MKLkIzlkmLMvg_BLvaWz6TMQkt=j.jpg,249,944,496,596,596.5,546.0,695,100
nhCdHjvB8KUlB=9wQ3m6I3IkE26Pf=pW.jpg,388,938,462,558,663.0,510.0,550,96
nhhOkUMV7IbIFBUa4WicU5Mz4dUo1U3Z.jpg,412,1003,525,616,707.5,570.5,591,91
NhIDiT2gSu1qcQThzVny7Jfa6ZuGlh.jpg,404,833,427,496,618.5,461.5,429,69
nhin7JSzyZ=vTP_mRq8bpMxlpvfq=2F.jpg,411,870,467,540,640.5,503.5,459,73
NhLSUUOlR332mhQ92zShFSebhn5LNIEt.jpg,435,844,445,515,639.5,480.0,409,70
nHM=KXzbLcibIkHSZV3bCKVGowD8EC_.jpg,393,792,417,482,592.5,449.5,399,65
nhnhKFKjJHZWGiOi4qqk=7_U=GXfxO=P.jpg,384,832,425,488,608.0,456.5,448,63
nhnuW7Ow=kyHCGOYTUNoazVFsX_Efh.jpg,309,753,428,518,531.0,473.0,444,90
nHpFiq__ubCwYxQIKMICclzMNDkiXYJI.jpg,434,861,426,501,647.5,463.5,427,75
NHUPiRgwMNGhQfPS=pza2Gg6IDjZuzJ.jpg,296,764,445,516,530.0,480.5,468,71
nhuVGg7aK7Xuz9GOpNQCZrq=BtH24B.jpg,384,841,422,490,612.5,456.0,457,68
NHXYgX5Vwoz1CpnUiTpRvDDFqgE5z.jpg,494,843,452,516,668.5,484.0,349,64
ni4cniOHFhDdbRMXDoyVojNRXSfoyza.jpg,432,873,433,502,652.5,467.5,441,69
ni4zpzXhdVwOs6iXb=p2nrWbGZzr2xf.jpg,326,948,482,579,637.0,530.5,622,97
nI9aJvC1VFf5Kf2vORHxGlU8DRUMbO9.jpg,466,911,462,532,688.5,497.0,445,70
ni=avse_gb6eYgXRQSzkDO87=J7MYsE.jpg,301,830,503,578,565.5,540.5,529,75
NibesXQ7y_p_a2LgI=eOdtLcYtPzz6bw.jpg,474,739,419,472,606.5,445.5,265,53
NiHxbvvczbs7joGKYgP7uZMHI2ZDoy5.jpg,490,919,429,499,704.5,464.0,429,70
ninHFU_1oQTObO33XFVP=4ChTT5nZY.jpg,400,845,428,508,622.5,468.0,445,80
nIOi3BJtXXF99_UaGF7YrGIuSDYC5_7.jpg,407,701,425,484,554.0,454.5,294,59
niPYwhUqPJXEuQutYO375ekqWjVkWlH.jpg,507,780,424,478,643.5,451.0,273,54
NIPzfoNcc2mXpe2oW29ekJaOJI6bcQ.jpg,336,733,415,480,534.5,447.5,397,65
NIr3y17EZkuykK6OLoPnNEPBti8HCnl.jpg,382,852,437,507,617.0,472.0,470,70
NIT3y9TsqD8GEuK7Nm9wUphMN2zTPG.jpg,371,831,451,524,601.0,487.5,460,73
nItdRa6cqorLYT3LNosqlpbHjhdJjl.jpg,348,827,438,513,587.5,475.5,479,75
NIuY_rbvIiy7IpOye89=vukjH4hxGOLD.jpg,279,1118,565,689,698.5,627.0,839,124
NIyuO=3NzbCzsCXJm7=MvNazMC2HQj.jpg,441,878,429,496,659.5,462.5,437,67
nJ1f=P5NDmJDrdTvQvzYlG32q8W1wnV.jpg,318,812,434,527,565.0,480.5,494,93
Nj4PftCbpbBDtTFlf3xClLMct1YDyG.jpg,427,852,453,519,639.5,486.0,425,66
nj5euJE9kgIx27_VDcFr4fcc4yMhZkK.jpg,463,847,452,527,655.0,489.5,384,75
NjcrwQ_tgT_x9uLzawe2iuXpRn5KUGO.jpg,325,743,420,487,534.0,453.5,418,67
Njdj99WwNYTvCKgqzVNcIxUsVerBxW=.jpg,409,980,474,567,694.5,520.5,571,93
njpKVdJtCBFkm4jjkyaympG6E3laNxw.jpg,386,668,429,482,527.0,455.5,282,53
njQUQdnMpibnGXN9wl6CaX2jj9Vv8Wq.jpg,350,829,442,518,589.5,480.0,479,76
Njrla3sPLI1i3jFHOi_7qs1cy6sE6C.jpg,358,934,511,592,646.0,551.5,576,81
njSW9DLyKs18gStjjRQh9xn_4CSiIJd.jpg,554,866,455,518,710.0,486.5,312,63
NJtJl49zD2W1PGg6qJHizeRrWcZh5dX2.jpg,348,838,445,533,593.0,489.0,490,88
NjTJMBXIYyUelEfQYPOxOivlDeUksa.jpg,390,842,451,523,616.0,487.0,452,72
njvyzgpbyWvBwCqZTSo1CX11yan=fDMw.jpg,412,810,443,511,611.0,477.0,398,68
njZc3W5zbcHrz=jkrHIfe=fPlVOe1H4V.jpg,304,736,455,522,520.0,488.5,432,67
nKclwy5st8aF7xaGuNXbRlSIhVsWV.jpg,290,783,453,531,536.5,492.0,493,78
NKDwCJ7_O6Y5OYqYZOSleegSLK8EPVX.jpg,61,874,555,673,467.5,614.0,813,118
nKfg=w1fh24TwYtmvTRbg3cyIkGUwtj.jpg,444,901,428,512,672.5,470.0,457,84
NKgyjtDQGbNOJeajF_aISn1cbW1iY6FH.jpg,384,814,426,507,599.0,466.5,430,81
NkHEaH=r8rpzSwfX2KqRCtQpCl4R1R.jpg,363,888,491,567,625.5,529.0,525,76
nkNhQi4=n4BI=jRspHFs645e3b_jE.jpg,356,870,462,542,613.0,502.0,514,80
NKOJeUsJdC5lS8Qd7YEn2TTWaY1lymv.jpg,319,838,484,561,578.5,522.5,519,77
nKOXuitnRROMzmhRLQV5GUe8PCBMNo.jpg,295,753,433,504,524.0,468.5,458,71
nKp6MzFT1QGDsoVkpNuVN8yTEkpHNWV.jpg,366,740,442,513,553.0,477.5,374,71
nKrKIqReniJR9aUOyjvrogK3_QDPdkZ.jpg,369,956,469,562,662.5,515.5,587,93
NkTWhbp8Xo4bKamULxkCewxJDiPTibi.jpg,485,757,413,468,621.0,440.5,272,55
NkUSK1la_M7HaPYdFbvY2HXh7=v5XO.jpg,443,907,467,541,675.0,504.0,464,74
nKV9CbBx_wfiO=fLTqDS7oh4_TTs=6Q.jpg,236,979,514,634,607.5,574.0,743,120
Nkw4O7qu7oeFYxqJecJpq5y9Y1BLW8eM.jpg,302,823,489,575,562.5,532.0,521,86
nkxlJ3ONcxiTLTC5BvExak6dd_mEDcJ.jpg,400,776,497,569,588.0,533.0,376,72
NkYdIceHJge9PLWf2XJWM7CDupvydFe.jpg,280,773,473,550,526.5,511.5,493,77
NKzC54FMrxeCn_Sq1YVMXdjHt72mo7_a.jpg,369,662,432,490,515.5,461.0,293,58
NKZJgTKhUnPyNLXU=6W3EqjXcYcUWYr.jpg,375,707,476,539,541.0,507.5,332,63
Nkzkf72oBNBlRSJBZKpcyN5NwUyO1oO.jpg,273,1121,578,709,697.0,643.5,848,131
nL1_hoMbbjwfz_R5jUxBgjW=oB8HQKD.jpg,378,878,443,521,628.0,482.0,500,78
Nl6D5OzaM5rKWlx4E_cOv7jGcl7CafO=.jpg,435,733,451,511,584.0,481.0,298,60
NlbLtmZFblczKjMvi4Z7KeVJCiSK.jpg,246,795,464,546,520.5,505.0,549,82
NlDiQ_6dQrukL=5ZlKOUpP=h57SvDbmf.jpg,311,809,447,547,560.0,497.0,498,100
nlFJkYoV4mfHWyawmfSZmigcI9KL6Gc.jpg,449,751,457,512,600.0,484.5,302,55
nlgIbCo442trEkRkVJwP43SUHBaUlPMs.jpg,447,887,428,497,667.0,462.5,440,69
nlIEZ=TvBpSRbMQXOoh3_41H2FMoFVJ.jpg,355,871,484,560,613.0,522.0,516,76
NLkWEUYDNu2F3qXmqjZy5xrWjN9SnMcl.jpg,460,762,454,514,611.0,484.0,302,60
NLmTu6qLLuTnzq=5R7R6T15LLvIFZqt.jpg,284,768,481,559,526.0,520.0,484,78
NlpSubqpyOPyu4SkbmO_tDDqqyD=up.jpg,463,864,414,484,663.5,449.0,401,70
NlSbLmG42bFvHcw6DxP1D7tPYhfpMJLO.jpg,403,849,421,487,626.0,454.0,446,66
nLT7LCSWMvQ8bEYFgpwcJiqWdhH_6hx.jpg,445,1009,512,600,727.0,556.0,564,88
NLVVC4Nndgb=4vVL9GyElYQECpyozMoW.jpg,479,889,417,484,684.0,450.5,410,67
NlwmPMlyBQtdv2yvVWmcyWoJYb3iSL.jpg,183,693,487,564,438.0,525.5,510,77
nlX1QE5oUwCH8ZKZV=awjM=3p2hydkIF.jpg,443,929,477,553,686.0,515.0,486,76
nl_h3hcpxsdKGp6ZVmGGId5U5fTN5cxM.jpg,395,931,469,562,663.0,515.5,536,93
nm7OYoQLdni1jVVpFHQGiCrNKLN8a7Om.jpg,231,790,469,548,510.5,508.5,559,79
nm=jFtv7SbEo8J=M8j4lR8o7oUGNl52.jpg,369,683,444,505,526.0,474.5,314,61
nM=xNf1Qw2R7FpXTXamw9vVzzrTHY.jpg,388,788,449,514,588.0,481.5,400,65
nMk==QPOPGjW5SsCmtdU7ulVvI28fPJ.jpg,393,811,414,476,602.0,445.0,418,62
NMNq8vlnIeQnmDHwZC5pPNrEZLUm8yn2.jpg,452,945,453,526,698.5,489.5,493,73
nmptS3fuN9tGmrCuSYyJistm_37dHS2.jpg,384,857,425,500,620.5,462.5,473,75
NMu28ji29Xw75JSHk16VkBTQuY32nfdW.jpg,398,939,463,542,668.5,502.5,541,79
NN1vTTzSuEgixPhYvS4Jw3Q8kWptfV.jpg,414,860,429,500,637.0,464.5,446,71
NnB6JF9rDK4lFSbsSudJT=pFGUiB4riQ.jpg,428,846,450,514,637.0,482.0,418,64
nNB6jMerKRtrLPl6HYoGqFac2sOZggni.jpg,299,869,465,553,584.0,509.0,570,88
nngeCIEHZCM8BPeBytN6VE8dFSZSO9.jpg,349,754,419,485,551.5,452.0,405,66
NNGgY2Ht1mupHb_bWkSbUQzaVwGT561.jpg,389,902,458,537,645.5,497.5,513,79
nNjOyd=7dQsHB2YTz6OyzsnwlwNX=JXi.jpg,388,816,426,496,602.0,461.0,428,70
nnkHrqj7Bi_o2amga8Kbc3UgvZ99DxqY.jpg,477,816,475,540,646.5,507.5,339,65
NNok6rZgK4NxKnJ8YPwJ8lORSFyEl_b.jpg,342,813,434,500,577.5,467.0,471,66
nnq7vcQWDVLvgCMmmTJ5eSJ8poDjHJx.jpg,451,920,462,543,685.5,502.5,469,81
NnqNoQbKNgI2hN8GJEmsS3m5uS1mxJd.jpg,406,835,423,491,620.5,457.0,429,68
nnqyPElGQMDm_nklFvGrM_vBd6_u_jdv.jpg,393,923,467,551,658.0,509.0,530,84
nnRW5t=IvkOV8b26f72wgU4o5v4Zwow.jpg,420,721,455,514,570.5,484.5,301,59
NNsRjP8uuPyrk626u96wUemy9jFGSsV.jpg,480,770,450,508,625.0,479.0,290,58
NNUkmySFqha59MeDT9pJvzca7NnJc23.jpg,406,836,415,478,621.0,446.5,430,63
nnuxVd2tOe_3wysV_6uCtEbmyMVh8mKy.jpg,433,921,449,536,677.0,492.5,488,87
NNw5xFdGcNDOd3qohxLY4sbSJRDaN9g.jpg,308,866,474,554,587.0,514.0,558,80
nNXjSTuFW8t9=B_xQk6osVRqe7F4Um.jpg,192,813,501,587,502.5,544.0,621,86
NO3Y4sRkLL9c6FaNJqjCgWcbCEJCJVU.jpg,471,869,412,478,670.0,445.0,398,66
NO43DDmZ=w8WQE7bhQlZJViSyOyMGv.jpg,407,814,418,482,610.5,450.0,407,64
NO5WbjpfL_GH4Vypa6vBJU4Dc3rtUlw.jpg,280,782,444,520,531.0,482.0,502,76
NOCrlH3fpCevfQs55mIi1oesEMxPPHvi.jpg,249,1201,598,743,725.0,670.5,952,145
nOetizTY47PHGh88hTupvzI1Dq7ae8Ee.jpg,369,896,492,574,632.5,533.0,527,82
NoEZ6GqNV3XVG_PaS72DPcQvGpbt4hT7.jpg,335,921,522,605,628.0,563.5,586,83
noieHuvJqX1UwuQf7qmVdpyfb3ByeKq.jpg,322,749,424,495,535.5,459.5,427,71
NOYnCPPor=dR1D=GWzGp=mdDhKvbF_2S.jpg,432,787,495,562,609.5,528.5,355,67
NozbRewP77exlSMbnLkfCKPXXXOhxhf9.jpg,439,956,500,576,697.5,538.0,517,76
no_ag_iyzv7m=c=_rimpjbBjU_ePJrY.jpg,420,789,493,560,604.5,526.5,369,67
No_W3NkZpv1v5oeJglzyXJIX6ZhDYFk.jpg,336,789,457,521,562.5,489.0,453,64
nP5TjD6=SFWNWktJ32bhUmiiHXPFsGPi.jpg,405,868,438,512,636.5,475.0,463,74
NP9nfDYiOEtaZeRm9S1I5QdkM2ej.jpg,435,785,487,552,610.0,519.5,350,65
NpBIDgW5gFg8k3Z6ySgXtqtHpGlRm_=.jpg,404,731,430,487,567.5,458.5,327,57
NpCXlVyp8v8u7y9cM3K9pxasjSl5N5.jpg,343,895,466,556,619.0,511.0,552,90
NPekfkvjBcLQgKllwRaHlZ3mMxVli5X.jpg,413,852,426,499,632.5,462.5,439,73
NpgEkBUB8dwIXVcWHyd_cReTx_nUUM.jpg,347,702,453,518,524.5,485.5,355,65
NPnk6JLRuzb3ckri2tnK6_feiHRZEY.jpg,464,747,449,503,605.5,476.0,283,54
NPRDkbQUk3eySUjI3hdGVX1mlzOUB4KC.jpg,406,807,421,481,606.5,451.0,401,60
NPXr8QgkycXREMMZ9arbP3WojqJTxicP.jpg,387,831,430,499,609.0,464.5,444,69
nPyDwPbTnFY5eE8HFGMNj=lkvtO9PU.jpg,418,826,446,517,622.0,481.5,408,71
NPzyghUYxmnBclKo9NomT8Hymqlu2_4P.jpg,392,810,412,473,601.0,442.5,418,61
nP_BeSuVTjSevgUo6GZonIy8fp77fR.jpg,317,766,435,506,541.5,470.5,449,71
NP_eP=2W=g5FdZt2hWQ15q3jCyjFM5YH.jpg,403,851,427,496,627.0,461.5,448,69
nQ5xqQ5j4hrq9xVajB7uXEpFDs7didCo.jpg,393,811,414,478,602.0,446.0,418,64
nq81kM6qwzQVQ8b5xxrdXnHmMxYF8gm.jpg,381,863,448,521,622.0,484.5,482,73
NQapOMH2ls7pozCaFqutRvkaZRBpWvBF.jpg,300,763,426,493,531.5,459.5,463,67
NqdobfeLs_Xj9ZajUbrtxN798zN6qLI.jpg,376,1068,505,622,722.0,563.5,692,117
NQhJI1bfyzFHLD8xGoRhCNMg8aQBrOQh.jpg,266,733,469,540,499.5,504.5,467,71
nqHmpl6BTBcv5nLDVWOkHZPgwTcVz.jpg,258,1020,525,652,639.0,588.5,762,127
nQnTrx2VxrvNLlIzhGY4eDyWgeex=WIp.jpg,295,757,433,508,526.0,470.5,462,75
NqRO4BnsBJoTiozcLMVdBchKP64C5RHV.jpg,253,773,485,559,513.0,522.0,520,74
NqrOpu2RYiPDdWa2JGcWnCxj3uFKFn.jpg,436,848,419,486,642.0,452.5,412,67
nQtQeWJYs=rjijO6ZK7nTTGbKXuhnTw.jpg,402,921,486,564,661.5,525.0,519,78
NqxfeERGu9nCWGwaSnvDFpSeRUGQJTP.jpg,266,801,505,583,533.5,544.0,535,78
NQYiJOMZasH2yg1OgaYuexX_weYuFP7j.jpg,457,880,421,491,668.5,456.0,423,70
nqziIDCbZzGdqw7ucjlDLuDfWTZFvpB.jpg,395,822,428,492,608.5,460.0,427,64
Nr327CfzPBV7BcKgsmyIr6=hmZchuigT.jpg,533,814,421,476,673.5,448.5,281,55
nRC3DSlCzPJYLneU76SzvBfBqx4YebV.jpg,426,827,418,481,626.5,449.5,401,63
nRd_VZH16lJLYjGOt1xj7yPj9ow6.jpg,433,905,467,539,669.0,503.0,472,72
NrEGgMDITJgVR36iuE1YN3PiEb5MwD6J.jpg,462,849,437,502,655.5,469.5,387,65
nRF2GCRPIsub6_364=sXxJPE1QIce=e.jpg,341,860,458,532,600.5,495.0,519,74
NRh66jjsCw397Jsam3iCJp_DPCskswtG.jpg,356,871,486,563,613.5,524.5,515,77
NrmtD3NeD1lRe3XhwxavhQfkOfU=bZ1.jpg,395,807,418,483,601.0,450.5,412,65
NRNvNs=QzGifDF8qje=ygMsiYBDb92.jpg,434,860,457,525,647.0,491.0,426,68
NRw5DwChIIj6fp4drcb8NnMktPPDXmFC.jpg,335,879,471,549,607.0,510.0,544,78
nS2XacEBrTcKENfoIN9an2cTeyrO7f9H.jpg,420,826,416,482,623.0,449.0,406,66
Ns4EX2qnGo9Q28BGqGXXB9up1taQMK16.jpg,407,814,417,482,610.5,449.5,407,65
NS5873132sNofCfhVgC6DB3j4hNCUu.jpg,399,912,491,567,655.5,529.0,513,76
Ns9u1HmqCwnkTXrCCKTnmh53ffzhrNKY.jpg,362,819,424,505,590.5,464.5,457,81
nS9VjgZEZ7YP1lUKJleBqsdtbQB=NeK2.jpg,398,892,451,524,645.0,487.5,494,73
nS=dYwxgxNLfOXer_Tp5s3nvqi7EpP.jpg,313,753,431,502,533.0,466.5,440,71
Ns=z3Fm9fuYZLTbTBNs5zfMPMv8KVD6.jpg,425,847,426,491,636.0,458.5,422,65
nsaI6F133jHOQqX_qroF_Ih4bjFRL.jpg,404,933,493,571,668.5,532.0,529,78
nSf_uLlGtuYxjiPjWKOa6USd_xyWXY.jpg,315,670,455,524,492.5,489.5,355,69
Nsgo3aaiYtnaX46=CJGoeMHt=iENh5a.jpg,442,895,420,492,668.5,456.0,453,72
Nsir7QLoYYZqklJs1vI2pdPBU7uBp2.jpg,337,732,510,580,534.5,545.0,395,70
nslJPVQevZwkWG2jNYN3ww=C5FiCkNjH.jpg,406,942,504,583,674.0,543.5,536,79
Nsm=7aZYLFgrQZ=1nHJ84fS9O7ldwhx.jpg,397,834,421,488,615.5,454.5,437,67
NsMa7Vfj8Zj6qkh9JhwjVTNHvNQEgI4f.jpg,340,722,512,578,531.0,545.0,382,66
nSMQ5wMuBTzcTea8qSZzMDhLLS7C6n.jpg,390,856,426,498,623.0,462.0,466,72
nSNh8NYpMhGMhFD1Ssamb=RffCMnlLUh.jpg,332,787,433,510,559.5,471.5,455,77
NsovjBh_H3W=WsrSPfSc7URS9US3=FMJ.jpg,452,860,447,515,656.0,481.0,408,68
NsQZ_7lYuMOsPwuOk1GoMdNgL9enR3l.jpg,512,979,436,510,745.5,473.0,467,74
NSsDInezCYQ5JEHiB5upFqHrC5OLbk.jpg,440,940,428,518,690.0,473.0,500,90
NSSF6Glg_VSp4ZTx_=pW8tLyTnFcal5g.jpg,340,775,426,497,557.5,461.5,435,71
Nsw8pkBr9aX_3GlPLBzniIBJj7JoB_g.jpg,288,870,465,581,579.0,523.0,582,116
NsZy4yojcKcygnY2MCzGwEcHhgjEbR1.jpg,381,956,513,599,668.5,556.0,575,86
nt9XJlEV5t7DdfCnPmogPIcNM6CtlVZy.jpg,324,772,427,503,548.0,465.0,448,76
NTbLTzMVZvg5b5jzXldY5GorFuRmJT.jpg,381,792,449,517,586.5,483.0,411,68
NtcPaU2orBaTwqrfVV2spRKb_8J4HYZN.jpg,400,940,505,585,670.0,545.0,540,80
ntFhXV9tUCgYFnnd3YhGYIkCYM=YRJ3.jpg,321,943,531,618,632.0,574.5,622,87
nTH8VUoSUNWdBtIVYIezW5_onX3dPT.jpg,365,930,459,578,647.5,518.5,565,119
NtMkujZXlzBv6ODnZpm64uJs1WOX8lD.jpg,425,714,449,504,569.5,476.5,289,55
Ntn54kR1HZLff6jiSyMj3RKYZUDPqCE.jpg,335,740,417,486,537.5,451.5,405,69
nTr=YJ8B5xfmZ6bFb2Hao7=TRSNcc4hV.jpg,450,912,469,543,681.0,506.0,462,74
NtuDvY9v7DE9pLRbO3RUNKidM9Rk4.jpg,350,747,413,494,548.5,453.5,397,81
nTzHTp25fOEEwXMLRByEz7UPkNtnyjT.jpg,416,868,433,501,642.0,467.0,452,68
nU4pmThiRrGj7hH7ZIqHoCBIRLIl6FEI.jpg,325,695,515,584,510.0,549.5,370,69
NuhdkILK6OLavbr5_Nf8XLTbOPEgDYHF.jpg,444,744,435,495,594.0,465.0,300,60
Nui8VYnTimcHQLFkSfWSmokG91Ccy=C.jpg,423,867,421,487,645.0,454.0,444,66
NuiJNyuugJl4n4MnKsf8xzUohICMST4z.jpg,358,905,467,546,631.5,506.5,547,79
nUn8tfjrKQ7xarXBFilvidN2iz4U2iM.jpg,433,861,446,507,647.0,476.5,428,61
nuRSmb3Hq1eDM9pFSp3jRpbL8jRfiepQ.jpg,381,885,449,535,633.0,492.0,504,86
NUsJvJkHQWEaUcbhJWsk2ygzf68lUno.jpg,421,864,416,480,642.5,448.0,443,64
NuxtVbW39iVoStGrIdBcB_MRkZgc77p.jpg,381,880,444,533,630.5,488.5,499,89
nV1Vd7jw1tjHVaPqisjK9PMyNsShep.jpg,382,826,424,487,604.0,455.5,444,63
nvbbP1u2Xgapmk=lbppNyIu6iVEto81.jpg,289,854,523,601,571.5,562.0,565,78
nvFrbWXCBXhJDWz5Teqr67GB6f7ln4.jpg,466,895,426,497,680.5,461.5,429,71
NVKUs4expXYtXvDRM4ZgbWufIHdThz.jpg,354,792,428,493,573.0,460.5,438,65
nvlX2jw4yzbnN9NngeL6UdYUwXo=iS.jpg,312,754,421,488,533.0,454.5,442,67
nvmaPQvigszO5_Daj73npqx=LxUaZdGL.jpg,434,913,434,523,673.5,478.5,479,89
nvot6BBG1_R8VeUQQoNLfddUXwjq4T.jpg,416,894,439,514,655.0,476.5,478,75
NvPJov7WXm7WbjxK3nLggLdWV1Ob7f.jpg,370,780,421,492,575.0,456.5,410,71
nvR69p9HKKrrlBJrt2IqSQ=uwHtglBe.jpg,357,783,431,501,570.0,466.0,426,70
NVR_TwSaIs=iPi75hEYBXyxL9e=aTnB.jpg,473,804,476,536,638.5,506.0,331,60
NvSiIUYE6uTPGrLos1w1vt9gjq=r5boG.jpg,314,834,455,532,574.0,493.5,520,77
nVVgaXL2hLjkNoUVbRQVIodpuwfOJVt.jpg,411,889,432,508,650.0,470.0,478,76
nVYu7JHyXRal24MKKQea1NxgH_8SUj.jpg,398,798,418,482,598.0,450.0,400,64
nW6JBtKEm9HRIVD2jWR=v8r8cUV=crW.jpg,237,794,469,549,515.5,509.0,557,80
nWC1G9K7j2w6BFQKXoKgyIBOE2FXQq9R.jpg,406,735,452,515,570.5,483.5,329,63
NwC1YldZxfqSsfGegEwnJkSHuOpp.jpg,254,797,477,554,525.5,515.5,543,77
NWF5nxrmYT4P2RhupjXBbDyrBkBMyt.jpg,389,811,423,491,600.0,457.0,422,68
Nwnlq8CGu14NL9xeYHCLo6pZZ74k3ldi.jpg,445,903,434,507,674.0,470.5,458,73
NwORyqiLmDvkwhmCnhPwHYmYtzG1FMhS.jpg,357,763,436,496,560.0,466.0,406,60
NwslnevUOyYJmeJa9FCs5IY8eOYjR.jpg,372,652,447,503,512.0,475.0,280,56
nw_hx_L=Kylz7zoL=WS7krIUEkSRcVHg.jpg,421,946,493,570,683.5,531.5,525,77
Nxc5iisputpPi42ubrotYlObjg3CjTas.jpg,448,752,458,518,600.0,488.0,304,60
nxfPXqNX8MFdj2owjuz=8Mup7NYxTbcQ.jpg,375,918,503,587,646.5,545.0,543,84
nXg1OXnqTIMu4dbjSiTEi_OvNRa1UKi.jpg,432,870,435,510,651.0,472.5,438,75
nxH2as6kMw96lQz6VPTF4KpQ1hyTw.jpg,329,739,421,487,534.0,454.0,410,66
NxkdT52OkPYQZiO2z2RxnuCxjPancj.jpg,448,933,475,553,690.5,514.0,485,78
nxmsz9H9RH24RjOQvb2tlL9ziJk3=pg.jpg,434,709,422,476,571.5,449.0,275,54
nXR8pQarGocvz6qYkFf1WXGrqt3=3T4=.jpg,436,849,420,496,642.5,458.0,413,76
nXuiOU=f47qYlX3cS3oGckcOxRjyJYZZ.jpg,469,917,461,532,693.0,496.5,448,71
nXUSx=G1yxqNCPHrsKERVYwGfPWgPlT.jpg,450,837,442,507,643.5,474.5,387,65
nxWLeSqvKVT6PcvpC4Nfv1R_mFt_vv.jpg,387,801,420,489,594.0,454.5,414,69
nxxMQJSC7qfqrnSTX=CtPJVriaJ92DuW.jpg,262,801,493,576,531.5,534.5,539,83
NX_QLS9=rJyhFR4c3vSOfQlBPkfC9Gke.jpg,287,765,432,504,526.0,468.0,478,72
nx_u4NfI3JsQ9LFb9wKNqPdjmnkXLqb.jpg,392,832,423,487,612.0,455.0,440,64
Ny4j8ucyrx1Px_MKlVtoiD7F71bQn.jpg,498,770,421,477,634.0,449.0,272,56
NYCenxNHFbqwjKEH3XT7ya_CNtVb2n.jpg,399,904,492,562,651.5,527.0,505,70
nYEbUagRMXHv4ritvWro8zxSoNt1LZEO.jpg,482,863,514,584,672.5,549.0,381,70
NyekQJzyNo=fa=mHVTKoxC2Xz=UxWtSS.jpg,388,827,424,494,607.5,459.0,439,70
NYEQ4Jt3191pQhMDaWa5dGBpwHutPv.jpg,487,884,418,483,685.5,450.5,397,65
NYfrIRZZH1idpz6sLVki3rqj214FDn7K.jpg,291,1115,554,697,703.0,625.5,824,143
NYFWMvCYlYl_P49kVNE=QMMYYc_wqGX.jpg,313,799,441,539,556.0,490.0,486,98
NYHp37b6QdnvHUcBJR7HqrkSsrkFf.jpg,387,692,441,498,539.5,469.5,305,57
nYhU26ShHJTFrWSaMnNu_Pgzq4kkFzE.jpg,409,1002,520,606,705.5,563.0,593,86
nyjsW7JHJuw1L3vEmczn8_vRdDO6j5=S.jpg,394,864,477,551,629.0,514.0,470,74
NYKlwYwoT6p3uMStXD2qRN8qnBhTi=to.jpg,378,881,434,512,629.5,473.0,503,78
NYqGfNS6LEB7CgIJVfSs8bIeNySZokC.jpg,296,921,491,602,608.5,546.5,625,111
nyrI_9N=w7Dp2pm_1pOHOjebk7lsSfOH.jpg,406,862,433,512,634.0,472.5,456,79
NysssOhBHLirKBBpcWHEF1T35sCtiDg.jpg,408,874,420,489,641.0,454.5,466,69
NYUnxgSxoYVBs_88MseH7WhF_DggWgJ.jpg,321,882,509,598,601.5,553.5,561,89
nY_1erd4yEqNWwvR8C3PpRb71TeKZOCa.jpg,398,940,464,543,669.0,503.5,542,79
nZ7aufu3oV7SVGrGgIzY5YoLxbDYwwsB.jpg,335,781,432,500,558.0,466.0,446,68
NzdH1HNkpVszjHqgtkFN8gY3wlqXFBTF.jpg,458,857,443,509,657.5,476.0,399,66
nZfLJQQeIkekniPfjGcnJIPiwu1ttGKz.jpg,396,870,466,538,633.0,502.0,474,72
nZiSemNyUPrqSD=I58TrmMP=zbGTob.jpg,419,849,447,511,634.0,479.0,430,64
NzKf_Wihiwft5TjPWjPfIW8qkUnoWQHK.jpg,473,905,420,493,689.0,456.5,432,73
NZLkvHZgUDrjettGncBlqJSxMhlJwlR.jpg,451,775,436,500,613.0,468.0,324,64
NzQEjuJ4UG7cEdsT5BYnEQLBteDX.jpg,365,927,483,563,646.0,523.0,562,80
NzR_HFZsTuElYNMiJ=RZhPmqeVMVeBGa.jpg,368,825,426,493,596.5,459.5,457,67
NZsbee2OexSEr1Vf9bRMHv=wMXlCDl5q.jpg,454,851,415,481,652.5,448.0,397,66
NZxc1jt8xC4m1q1=eL9L7nJePRyPWc.jpg,462,758,430,488,610.0,459.0,296,58
nzxNSbQEz3IivrwWayCHZ1qvjDjeHmlr.jpg,236,1016,538,677,626.0,607.5,780,139
n_1N6Zi6cGPNzqjoIrukwOhMkN3KpnQ.jpg,454,883,434,504,668.5,469.0,429,70
n_=yEqFDb7EIjeYj2kI7MxEgLGdeNEF.jpg,301,754,435,508,527.5,471.5,453,73
n_bUC6CSSSMvVLDjHxoX4O43oj3DLQLd.jpg,329,852,475,551,590.5,513.0,523,76
n_faVdGFLruaC7ZfY7Ojw9EuMQamJS.jpg,484,826,483,546,655.0,514.5,342,63
N_S9RQthhnG4hfvshOCDw_P7MLaCdHdP.jpg,364,874,482,560,619.0,521.0,510,78
N_ZsStKLrCFXXXCne9HVqTXU26pFZ.jpg,250,986,528,642,618.0,585.0,736,114
O12ZNIzC8VJn87PCnrYQ5R4UbGBlnTyH.jpg,398,838,422,488,618.0,455.0,440,66
o18jeDj8kKCaeW6c5cB2nGgtoPCI=dR.jpg,333,742,416,478,537.5,447.0,409,62
o19bRvP=hS5XIybJ6ueqnzL3ubuy3rR.jpg,485,767,444,499,626.0,471.5,282,55
O1dFmZ=BYpJoYItVeVvdloU3UtLpSSL.jpg,405,885,439,531,645.0,485.0,480,92
O1DzLS28ENww7rGe5dwn9NtwIGhheJYh.jpg,411,940,443,550,675.5,496.5,529,107
O1T9eVkb2vucN4_pR2sPWWdjHH3tgO.jpg,350,933,521,603,641.5,562.0,583,82
O1TI82W4pU1zH=hhRwaiJNgFeg1x1DeB.jpg,456,914,464,535,685.0,499.5,458,71
O1Tq8rvnk5kXL7=Bat4mfixrWu2GQroO.jpg,314,749,420,485,531.5,452.5,435,65
o1vEsts4eqfJ71cxNVrQvY5r7QPzM.jpg,404,845,456,532,624.5,494.0,441,76
O2Ts8LBF225CLNegnkTCCweH2Fil5MeT.jpg,308,889,473,555,598.5,514.0,581,82
O2u3Nr4TJ8GkUQydjgSEgg6VMXiqQ5i.jpg,417,977,513,593,697.0,553.0,560,80
o2uJoy3Z7OGF3O8ly18rLwJjHY7vqhq.jpg,457,873,438,502,665.0,470.0,416,64
o2Vo3db4i7xpOdfOtycS7k_p4TUMcUPS.jpg,443,873,427,503,658.0,465.0,430,76
o34cc5Tw_8xvjf1Ux7noaEJ9qLuNpi.jpg,366,851,444,526,608.5,485.0,485,82
O34W3oCGaRXGCzxap3scoJn=6KpUjp.jpg,382,887,454,533,634.5,493.5,505,79
O35JtoqQ4JDkKNGPzf67xKMUP7v4m6.jpg,404,859,445,512,631.5,478.5,455,67
O3d1mgYflqdvoL=RUaTieHCfx=VOjK.jpg,375,792,420,485,583.5,452.5,417,65
o3Dq9lNIP1CNcolQjSy=XpE2l99ijfn4.jpg,347,708,444,517,527.5,480.5,361,73
o3L11LuttlU5NfZ7vHBms2o8gBpzohg.jpg,446,768,472,530,607.0,501.0,322,58
O3Q8IjPDXRF5bFyHLhe3s_g6XqaUPDPp.jpg,364,791,439,503,577.5,471.0,427,64
O3sQplI3=EEKFHp3QFkmLLzYlT4gKP8.jpg,346,807,424,491,576.5,457.5,461,67
o3x4bcC7sB5S14C=WSQF=IzlhxIw8C.jpg,366,883,456,533,624.5,494.5,517,77
o4=BMgzOElwzDXqHX_Iga1hrNknEK.jpg,476,1041,504,601,758.5,552.5,565,97
O4doHsf=PwdgTpXxe_YrR6I3zjbt8fka.jpg,419,829,420,484,624.0,452.0,410,64
O4N4H8lsFJHzVunJUCE5pshz5KU7LRve.jpg,463,854,413,477,658.5,445.0,391,64
o4ZPMVvK=O8BvBEFnXIYaxuWD4_T81k.jpg,450,906,425,505,678.0,465.0,456,80
o5BE8xgV277D6oFmpUbTMGbsetSKHXr.jpg,401,923,463,543,662.0,503.0,522,80
o5D85lq4BkNfWD2ze_OiCXaQKnuwkcx.jpg,425,803,515,586,614.0,550.5,378,71
O5Em4=beSMYCYvlJweE4brGNCfOpyf5F.jpg,501,765,418,470,633.0,444.0,264,52
o5H=FTzZyE6DYU3m95nJvkQ8kM9rqhX.jpg,336,675,458,520,505.5,489.0,339,62
O5hiLVEI2_kFG_ukF_wIzWuvPOufXE7M.jpg,413,855,423,487,634.0,455.0,442,64
O5HzJNUVlljmWrHsgQfJlDJWycKBGc1.jpg,366,825,441,516,595.5,478.5,459,75
o5owkLWDhL7dGPc=Jxk97vd9TIJGazR7.jpg,413,840,452,523,626.5,487.5,427,71
O5PpuBGLeS5ZKn=2EWC3NWRuFxp6hvhF.jpg,391,831,431,496,611.0,463.5,440,65
o5uYnzjQ5R3zk8r67p8MQcgiqnpaw_Z.jpg,396,678,432,485,537.0,458.5,282,53
O5zif7PR2=odXkB1KBOJbwc8bPIgK3Je.jpg,440,921,437,510,680.5,473.5,481,73
o6a3feOIqardRLv_CUCw=nQTYVX5BnNv.jpg,401,866,430,499,633.5,464.5,465,69
o6crblp6CaN8pKKw8K8ojEkc99b2rB.jpg,524,805,424,479,664.5,451.5,281,55
o6I5S_DpgIffLhv=he5e_iGSlgm8jJQr.jpg,378,783,418,482,580.5,450.0,405,64
o6kU71JwQSbYzVwjfza=NLr=GF6EIF.jpg,332,831,457,534,581.5,495.5,499,77
O6tWg4ZJzmnIsuenI2nPXGONDOVGE8J.jpg,470,861,411,477,665.5,444.0,391,66
o7cGLfZNenEit_gYGB8JNNRrMjDuQZUL.jpg,410,908,486,558,659.0,522.0,498,72
o7ggEJhxEF7mmNxBvYudZ6humptUSXkc.jpg,377,824,427,498,600.5,462.5,447,71
o7iOo6pgCzNiPuMwIIuKHt_9lBIiBBZ=.jpg,444,975,505,585,709.5,545.0,531,80
O7xrDrL8c5loo3_PqrKkHDTJSfImlclK.jpg,367,1085,532,642,726.0,587.0,718,110
O7zbzi7Ix=Kg1ufYdb=cNadTcYxpz.jpg,297,787,446,521,542.0,483.5,490,75
o8Crd29hGa73nc_4rqQYKddtKBnUt=F9.jpg,348,869,462,539,608.5,500.5,521,77
O8DhnvDv4mXPpzXmkwkEBCaJwtO7LX6.jpg,325,761,427,495,543.0,461.0,436,68
O8MYvDVGJzoCGKtcEmER8wI3ajx9qPe.jpg,461,889,443,507,675.0,475.0,428,64
o8qFpeCM2vdVM9kz91Qxp_PyWTVP9JnS.jpg,363,791,458,526,577.0,492.0,428,68
o9bbqZjj2arv6FeUn4M9bcXTnqjMIw.jpg,440,886,424,499,663.0,461.5,446,75
O9SBnCNJ4iNyYLOBw8H117jqY9vPXvn.jpg,346,758,415,476,552.0,445.5,412,61
O9vE4dLhkogDBuMPYDqq9wyTvQYX=L.jpg,338,838,486,561,588.0,523.5,500,75
o==UZxzMCFeb3dJQbw46iisIdq9bj_e.jpg,385,663,427,480,524.0,453.5,278,53
o=BEsGg_V6QPEuu4wui6hVpiT_R=I7DG.jpg,363,884,451,531,623.5,491.0,521,80
O=CKX1Ygf1KDMtS78lGg2Rf2fhLTtPmS.jpg,449,837,417,483,643.0,450.0,388,66
o=DzrFEKD1IK2JE47RShtzJ1q24kwL.jpg,451,725,425,477,588.0,451.0,274,52
O=JWF5uF_PHlpnCXh6r6x_1jRofR=6k.jpg,340,925,489,572,632.5,530.5,585,83
O=luiffqlKErrpSU9BoWRjyTBU3yvqyd.jpg,305,752,417,504,528.5,460.5,447,87
o=mCh3=Nbrd=4haxF7fYkcxBkvjS5=.jpg,464,871,436,499,667.5,467.5,407,63
o=SmvRRCovvrJqt7a5K3d4tRVuCPSKQf.jpg,415,753,430,494,584.0,462.0,338,64
o=ybdNng5Q7CECPc7379qklyClG_.jpg,348,814,458,527,581.0,492.5,466,69
O=z14vBb43rM8r2v9io_p561OqYZbW.jpg,466,960,474,553,713.0,513.5,494,79
oajBLrWqGG6F1MWQkFh5U1lH92TUCa3x.jpg,401,862,420,493,631.5,456.5,461,73
OakICOGa3szwjiUlhPqbjSZLE=yI_.jpg,284,820,469,545,552.0,507.0,536,76
oanHcZ2fMQHfMfrYyFr8EiNyYkb_5ps8.jpg,422,757,483,546,589.5,514.5,335,63
oanW_IOIT2TbY3jk64TcviavsXX6RMg.jpg,341,852,450,526,596.5,488.0,511,76
oarVtRFj7gCNME5IaLna8nkaahHMiMo.jpg,211,1102,578,705,656.5,641.5,891,127
oaUFq5qq7qYcYYVh94kmTw=VmGyZuRdw.jpg,479,802,446,506,640.5,476.0,323,60
OaUPCan36Tf6pF_EvqJVkjMQpWhRfaMr.jpg,377,813,438,502,595.0,470.0,436,64
oawmQZRutVmrFIwlNeOOldjObQ1oeBEu.jpg,440,741,447,505,590.5,476.0,301,58
oayB5kNdPsbzsJcsQcOB_GiVZ=5nti=8.jpg,418,830,514,595,624.0,554.5,412,81
oaZtKur=Ksqut=ohGzVtflGTYy4FKpi.jpg,430,832,447,510,631.0,478.5,402,63
Ob19=9=R9tzBTz9L1qdVsldPBWN1rYSr.jpg,438,759,431,496,598.5,463.5,321,65
Ob23=P4EKTx1Vh5jPeBDTymVP1_p4O.jpg,477,795,474,534,636.0,504.0,318,60
ob4BsBIjvs1htmaiw=g5JqscZOnLZX.jpg,307,761,433,506,534.0,469.5,454,73
OBgvUlyvJJ3hqcBtdYZ5_GqI7JRgxm.jpg,343,795,513,585,569.0,549.0,452,72
oBiUKfljGwqVh8v1y4itPM6XBpWW_QY4.jpg,197,988,553,667,592.5,610.0,791,114
ObIuTYQicFzFoWNTBaZ1uy8P9oXQmujs.jpg,155,813,487,583,484.0,535.0,658,96
obk16bXpW73eoElUIuqsOjUa8kPmV4t.jpg,392,884,477,555,638.0,516.0,492,78
OBn758RnksyKdTe1_Ba_4Drx_qm52.jpg,206,724,483,558,465.0,520.5,518,75
obqBujquscVKbCcxFOsktLEC6K9xiRyX.jpg,329,781,425,524,555.0,474.5,452,99
ObU=a4zh5nLXhRy2sWia3bCuRU6vrpV.jpg,385,775,510,583,580.0,546.5,390,73
obvBvQkYVc3GpoGuNFJmEq7Nwk7TKw.jpg,231,783,454,536,507.0,495.0,552,82
OC2yY1Flahdj1FNGZ7NuihWm9gQqUe.jpg,454,863,423,490,658.5,456.5,409,67
OC5X_vSgC98DvyDUx9YJXN3GYlkqEtuj.jpg,314,773,431,509,543.5,470.0,459,78
oc6hhbU_GGU3WPE_YxjDMghh54w3ek.jpg,465,844,504,574,654.5,539.0,379,70
Oc7uBylSPalRjxCBDo9ZuBm2HIEGsxk.jpg,409,871,433,507,640.0,470.0,462,74
oCbi9YJ2r=jMqDeLrdUZiEFcJ4F8COq.jpg,419,797,510,579,608.0,544.5,378,69
oCBLn_KsNG5VWajDGF2e4sqw4jcZbBb.jpg,395,835,427,499,615.0,463.0,440,72
oCDL3=CCHRcvnpsu18kyMaYcagLJNV4x.jpg,387,988,527,612,687.5,569.5,601,85
ocMQ1owTJ6FfykZVfzz25uxWeb3XIF=g.jpg,391,827,423,490,609.0,456.5,436,67
OcSLMz2qo4nT4p7nIiaV_G5QdQhjHt.jpg,325,739,423,488,532.0,455.5,414,65
oCTF2=nUFasVfacJngonmc1gFr51HUi.jpg,375,810,431,497,592.5,464.0,435,66
OcTFppksDPY4YG4Yx_sYkgsU4C31=E.jpg,316,766,423,517,541.0,470.0,450,94
OCy1qpiKiRC754vTreZrXHIwJrJTxVWX.jpg,298,873,464,550,585.5,507.0,575,86
Od24UTgI=z3792aMw2XpsroLoTKG7i1.jpg,422,940,491,568,681.0,529.5,518,77
Od5KCFUhMYTk=feLQTCLhB3OK9YGdz_.jpg,370,840,444,515,605.0,479.5,470,71
oD9WzohLmW_t76FvBpyXe6FLpydoahD.jpg,451,860,443,508,655.5,475.5,409,65
OdBlyHgu9Wo8yL88iOQo4Bn9jpsdZiY.jpg,337,664,438,506,500.5,472.0,327,68
OdDbzS3kQk2HrhoHjOXNB8Tsgg8jCEom.jpg,481,884,484,553,682.5,518.5,403,69
odgcVasfRnS7xUxFkK1KviVSdf7QYQ5I.jpg,197,1058,579,707,627.5,643.0,861,128
ODl69hFEmvT5x67Zdx_eQEG9zlH7I_KG.jpg,503,771,438,491,637.0,464.5,268,53
odMIMUd_3XjHco8g3dfPueVY4Xn3u5k.jpg,329,885,464,543,607.0,503.5,556,79
ODpTlRbRbkMn8nhiBNX1Jj4RlaMOit.jpg,335,740,415,480,537.5,447.5,405,65
oDT5a=rmtDmugl2tqewp7VsJrWzmn__=.jpg,410,804,418,481,607.0,449.5,394,63
Odz7yDOSsMVJRvuBQ6wDi1lUS2ory2n6.jpg,448,741,423,482,594.5,452.5,293,59
oe2=xxalwiy7pI1y4pFsuk5I5QJXdpmg.jpg,380,817,422,489,598.5,455.5,437,67
oE3zriPzZUk5beB7dJtgP3PqnZGDwuSa.jpg,410,920,456,532,665.0,494.0,510,76
oeBaiY6xy8_O3nCw3a64gdVX8pVykeB.jpg,413,889,440,537,651.0,488.5,476,97
oECa=KKXQl6E1Rwvc26T8HrjTIg9tJ.jpg,404,799,413,482,601.5,447.5,395,69
oefOU1=Lw8ddZVDMFSQSDYMCQBqKmkwv.jpg,454,881,451,522,667.5,486.5,427,71
oEgJgnwNvUttPo=K9wtvi1_G6LyEglkM.jpg,433,854,452,518,643.5,485.0,421,66
OeGs3m=haJ7KvG6Yoelhq3OefKXpEc5R.jpg,344,807,437,507,575.5,472.0,463,70
oEHd7ssDGY9CYrOd9TisH3DZjL4VzP5t.jpg,463,862,411,491,662.5,451.0,399,80
oEMVnoPpnfP8dEe294iJtNam8BX_frb.jpg,350,737,412,477,543.5,444.5,387,65
oent1Vhq1bxZsroGpTTnHQUsGX2IHVX.jpg,349,927,479,566,638.0,522.5,578,87
oEokss3zLGMnfjc3o2dFc6O87ZJs5E.jpg,367,904,464,542,635.5,503.0,537,78
OeP1342Y=dSLEgDSNbyKq=JIC3D2uo8b.jpg,324,692,475,540,508.0,507.5,368,65
OeqC=ufzud3gSENsQWfIZe3fmHMj1Fr.jpg,421,823,416,483,622.0,449.5,402,67
oeRkJCgfYS3WjP6pQXOB9I9RCi=DgM.jpg,301,1089,559,680,695.0,619.5,788,121
oEuB3dwVFDjlFrF=jm_dRBj7gv=uV893.jpg,382,806,418,496,594.0,457.0,424,78
oEXGd5ZKDYz6nJJS=I_sk51vsd9Qle9.jpg,396,895,494,564,645.5,529.0,499,70
oEZr7K1_zgpu=hlzqpdkTJOfYSkxktO.jpg,378,821,430,512,599.5,471.0,443,82
oE_jneOPqv7gZeMxuUppn=K6CYyNt9.jpg,208,1041,551,671,624.5,611.0,833,120
oF1vVhPiZy6p86uznbcwQVw7wQS49OC.jpg,372,845,430,496,608.5,463.0,473,66
OF2pbB64ETvHXZcSX5WkCCxZspqSI9F.jpg,448,889,418,482,668.5,450.0,441,64
Of=29TSESxkTV5XmIjmVh6KYBd8n5EJz.jpg,256,774,452,532,515.0,492.0,518,80
OfEFBLJaVMZouPFrkupBmntCHTSac61r.jpg,407,833,419,482,620.0,450.5,426,63
OfF3IZhyLjtmFR2=24_MHpiP3GqCEQmu.jpg,421,901,438,517,661.0,477.5,480,79
oFGnTdukfj3JUQOt9Gb5vGFZ=kp3m5S.jpg,338,745,418,486,541.5,452.0,407,68
OFJFHphMX8_sThjFZsfUWE85Rs37Y_y.jpg,253,831,481,562,542.0,521.5,578,81
ofl1RlBYJpYtQ33fg9wcRc1cBpI=phKu.jpg,471,844,434,498,657.5,466.0,373,64
OfmbJPhlsOMGSUrHdS6mVDZfmX3Orl.jpg,319,776,456,523,547.5,489.5,457,67
ofMCJ21aFT6aXqUKTetxZ9B9likcQZR.jpg,413,863,422,488,638.0,455.0,450,66
oFQ4VBFIQBkWue9Ybkf8CXNZGE7wKT.jpg,440,835,439,505,637.5,472.0,395,66
OftU7ExkTI=UMya_ahNsSSVIDoOyiPb.jpg,441,887,425,500,664.0,462.5,446,75
OFzr1WWevOmk8sQshyVWMxaEM1cOBTY.jpg,303,869,467,550,586.0,508.5,566,83
og3jQ3DkLlDPjKtomSjvu4GwxnxdQpPK.jpg,423,870,439,507,646.5,473.0,447,68
OG66HPqwE9Jrgzlo4uRrihRzudMThaK.jpg,406,829,412,490,617.5,451.0,423,78
Og6=_fWEUkMfrsmckck6a3vn8kBQySLY.jpg,347,751,419,491,549.0,455.0,404,72
OGbZmkM7SYtcq23_6KN5uclQilFz55Dp.jpg,399,921,457,538,660.0,497.5,522,81
OGdQ_O4VpFTj8xVvnK7imKi3DPDS3c6.jpg,467,825,489,557,646.0,523.0,358,68
ogE6FsjcaBh1FWIRKZc_4NOMhz3U34.jpg,394,891,448,526,642.5,487.0,497,78
oGhHxhCNvFExFagv=gQNqZqnOp67Dg.jpg,418,909,443,534,663.5,488.5,491,91
oGLZNrwVlBSFBLkcqGxVdsKa74Gh8w.jpg,433,834,420,482,633.5,451.0,401,62
OGoNcXKMERyQ9QnIMz8=nQGzVYZ2qe.jpg,395,820,452,520,607.5,486.0,425,68
OgqXJ9huQs3XOI_7DknE7x4jcwftwujP.jpg,374,888,451,545,631.0,498.0,514,94
OgXMBixOK4KIadjL1eVt_CLEwVr3dJi.jpg,318,763,426,495,540.5,460.5,445,69
oGYN_vuzpGdTVOvGzjJDfPjLn5bCr2P.jpg,393,813,450,518,603.0,484.0,420,68
Og_zvmokZmz__y6aozhkS3tGG4fQ2rz.jpg,453,885,422,491,669.0,456.5,432,69
oH1CyV1YkkOmeJIUkwlGrxaPsWO3wCzH.jpg,382,924,469,551,653.0,510.0,542,82
oh3MaytM2fPwZ98ltcPEsdf61VvrPbW.jpg,376,771,413,488,573.5,450.5,395,75
oh5kqwFgQyN4tgtUS3CDRnGUVSngkPa.jpg,356,901,464,544,628.5,504.0,545,80
oHBW=mFe=uKWJjdgdQX_CxOBcyVvgl9.jpg,400,850,433,518,625.0,475.5,450,85
OHdQoG4byY6geNVmIbRBpyq7L_UE1TSY.jpg,362,879,453,526,620.5,489.5,517,73
ohEVtQvTumsksMnNXNVLdq_NWw5U6Vz4.jpg,373,767,446,510,570.0,478.0,394,64
ohIDykdPnSFbw7nn3DSBU3RispN9vwe.jpg,439,840,420,488,639.5,454.0,401,68
oHI_HLJfOOwHEBBoO2_MtvxvSwDeM252.jpg,431,751,471,531,591.0,501.0,320,60
OhKj5SHPYUJdRHsCLx7qPqejyJIqfB3x.jpg,344,886,460,541,615.0,500.5,542,81
OhlIMFQs18FB8Ppu22F697_s9USFZCUw.jpg,383,810,419,484,596.5,451.5,427,65
OhwMac9BJ4MMLFHiZLJEgvhrp8ZUl_.jpg,400,857,442,510,628.5,476.0,457,68
OHyv2RL4c6PXtcXH8Q98Q9ZIPY8i4VJ.jpg,268,854,474,567,561.0,520.5,586,93
oI3alNchuIKBV9Eirqsq3cuqMf2PCBLy.jpg,332,749,418,479,540.5,448.5,417,61
OI6CvpuOc_2dtbh_Vmi8j9P5dpUIhev.jpg,503,772,434,489,637.5,461.5,269,55
OiC26mbGpw7NulJtpDzKxX1ikvhvkJM7.jpg,359,760,415,485,559.5,450.0,401,70
OIDtkFgU5xnhoPOuXcVvu_7owKv4td=.jpg,364,840,428,498,602.0,463.0,476,70
oIEPkOyliWIjWyMRMR_QuEG2K94TmBp5.jpg,381,866,480,549,623.5,514.5,485,69
oikpNPkNl=uYrsamPUrrNOdaKkIjyh.jpg,443,870,424,497,656.5,460.5,427,73
oIlpwvfIoPqka74K3ZvJ9vS_XB7jzIGn.jpg,278,793,448,527,535.5,487.5,515,79
oimJdDLpoCJQNooIwp1HKM6gI5Fl.jpg,299,865,521,603,582.0,562.0,566,82
OImq_HnLf1Fv4HL4Y3oNxerhCrSXpjU4.jpg,330,748,417,480,539.0,448.5,418,63
OIZlwmwjhMCNm2kUuUnZ3qT_Od7b8Ui.jpg,377,918,467,545,647.5,506.0,541,78
oi_37M34ufWgJKjO4wHyXOzP8LN3yScG.jpg,439,879,421,497,659.0,459.0,440,76
OJ2mNYVbOYwrtKahioXZXCLSYJwPc5x.jpg,338,760,421,486,549.0,453.5,422,65
oj4_GBpJ1fYKtlDPTdcyX_nyX7Uhp.jpg,381,903,453,534,642.0,493.5,522,81
OJbqcHTfxVGF3dl6zlQTI5TVrMkysq1.jpg,390,782,420,483,586.0,451.5,392,63
OjCQlRtZ3OYaNdJyWmRJG3lFRmvCD9h.jpg,432,750,468,527,591.0,497.5,318,59
OJfGq824MNPbqviCldOEUmRkYK7m2oxy.jpg,327,920,493,603,623.5,548.0,593,110
ojFoxakCse=EJRd1ZRQp_3TgQvbXi3.jpg,209,879,519,627,544.0,573.0,670,108
oJfoYKipjcOxUP6pufcZffd=s4akaHRJ.jpg,356,810,437,506,583.0,471.5,454,69
oJgkeOC5JWrMYyZOxhX1Rnyn9fS9XYvj.jpg,405,823,447,516,614.0,481.5,418,69
OJh1OYkdVhqHBE2UfBumFtSWr81LgC8.jpg,355,849,448,524,602.0,486.0,494,76
OjJ1haMnB3fliPuDZ19tQH_CrrNgmOF.jpg,357,1011,524,664,684.0,594.0,654,140
oJOWGsedIjaaWSR1RTS_h9t9YiYefrx.jpg,380,809,432,496,594.5,464.0,429,64
oJoWOu=YF31elSJP6knBaVr2vLFOmbJh.jpg,455,894,452,521,674.5,486.5,439,69
ojtBk=3IR578b4M5gIHsPzl2yD=a5bXN.jpg,337,757,424,491,547.0,457.5,420,67
OjuccCDqZhfVsKoDx6r6QbwT2f7MKTJS.jpg,353,781,439,501,567.0,470.0,428,62
ojUZjX1aRvZCxndpnOTsCcNNLsX7K3tI.jpg,431,872,432,500,651.5,466.0,441,68
Ojy=M_58x5R6uSFIJdlsjrXXXXQoHE.jpg,315,754,430,498,534.5,464.0,439,68
OJYr4wOZLST1EENEYtBDpDRH4QQQ5kh.jpg,416,893,427,501,654.5,464.0,477,74
OK6IlXxPB4owf7oZKPjOwzvrP7MpI3=.jpg,471,810,433,500,640.5,466.5,339,67
OK8m2aSQPmj9dJC5hr9=UO=YnFlJLNY.jpg,326,759,424,494,542.5,459.0,433,70
Okd=Do=Pdk5n=w6jwk91crXgINwcLYw.jpg,395,804,422,487,599.5,454.5,409,65
oKe8hCzgeeJ9xKp7_gpSasRTC41USg.jpg,596,1051,459,538,823.5,498.5,455,79
OkFwJhgEWoQMb3HyTONDGdQHFSiLQt3r.jpg,487,760,424,477,623.5,450.5,273,53
okiEmgjnCDYKVJ8b145GWsGlt6aVMpwo.jpg,475,888,423,491,681.5,457.0,413,68
OKLKBkUE_crQ2MNxBFuv_GJ2I3FPeWwb.jpg,370,835,426,497,602.5,461.5,465,71
Okq_vlVWR2BEajuW=7x_sNRj8L7nR.jpg,416,955,454,532,685.5,493.0,539,78
OKUs4fGGQWHrHFj_YUZlBNUan1rta.jpg,423,877,433,502,650.0,467.5,454,69
oKVLuSCyO5dpSPgzTucBPFSdZoqru5x.jpg,347,893,461,545,620.0,503.0,546,84
OKxMO5bMiV9hnHQFfeVdnnPvJ2yryi.jpg,240,799,462,551,519.5,506.5,559,89
OL9Ft7_QZZiDwkkVgQ75sLS3Qmji2.jpg,504,825,460,521,664.5,490.5,321,61
OL=h11mrc=2vI4_UiVCPf8oeB9cVq8xz.jpg,310,901,478,567,605.5,522.5,591,89
OL=j1pdcceyzzKtqdlTQdXdaWJQHSuT.jpg,372,825,427,521,598.5,474.0,453,94
OLd_CT1QWMaGUP73lMOGvPmexqk4Fg.jpg,413,873,471,539,643.0,505.0,460,68
OlFMDLxBwkF46Rv9dwYaLkamzyTNP.jpg,440,782,486,547,611.0,516.5,342,61
OLGJPz4KBd_95HshdJdHJwcV2MpIHg5y.jpg,422,776,490,554,599.0,522.0,354,64
oLiqhFmNJl_VwN4VypDF7T=DPxhYgOv.jpg,265,815,477,556,540.0,516.5,550,79
olOSbPTMZtPvI2ISX3VBJjt43msKKh.jpg,466,886,410,488,676.0,449.0,420,78
OlPoJoXSTzBomVOd6IOXEQt_1XEuus2.jpg,276,844,465,552,560.0,508.5,568,87
OLuJFd4pTRUB_TMcQTdZuY1e7U2wpnQ.jpg,467,879,418,488,673.0,453.0,412,70
OlVEfQuu8=wut3eZalWo_KuvVb_gH.jpg,401,812,413,476,606.5,444.5,411,63
OLxSzEu82VYDDoULIdXUB=ppH4ke44RC.jpg,361,800,426,496,580.5,461.0,439,70
oM=IVq=HG6V13HRxUs1cSq=ctnBDQ.jpg,357,743,514,584,550.0,549.0,386,70
ombHS_o8v_KbsQcOeQLpXa2Z89x1uzu.jpg,433,845,420,483,639.0,451.5,412,63
OmEqgLMCWOeZ7S1wv6g5OW2o5ZJNXoBh.jpg,393,778,413,478,585.5,445.5,385,65
OMJO3Cp9TPzzTjb4UIW6NwfMBX5SKORh.jpg,482,823,458,520,652.5,489.0,341,62
OmjWtyEx_JtYBDlo9He_uFohQKbKMVK4.jpg,256,785,455,534,520.5,494.5,529,79
OMk9q_VHgPvIfQfspmUgCYnYKxtqtY5.jpg,387,813,424,490,600.0,457.0,426,66
OMKTTEfjTvqVhVzwZ8Z_FI4IGHBRDBS.jpg,322,885,466,565,603.5,515.5,563,99
omK_JRkJUoMIVrhrQ61n8Y5HR7lZZxz.jpg,256,716,455,525,486.0,490.0,460,70
OMloyd5Ra_MneurSkn5OnJSubbo4JDOT.jpg,339,738,419,483,538.5,451.0,399,64
omMrbXCtMKiQhp3RHykzuCYorF4brhKB.jpg,371,833,438,518,602.0,478.0,462,80
OMnNhpz3CGSKNhMHbVcClkZSxPt6.jpg,162,817,514,613,489.5,563.5,655,99
omRJIw3NkLqGCH2KToWFORIcNnqe=Tv.jpg,398,1020,515,609,709.0,562.0,622,94
OMtO=c9zYl4KXzOj_W6Tm9lQxtHDwSo.jpg,386,808,449,512,597.0,480.5,422,63
On4U=rMGMPu4k8IWR3_U66IRZMFfma.jpg,359,886,461,537,622.5,499.0,527,76
on55zr84SS8VC9P7=UWRvh8OYdphI7dz.jpg,315,765,421,489,540.0,455.0,450,68
oNBRuez6Um2RqJrw2M43QWiY7NFlmgQg.jpg,344,744,412,498,544.0,455.0,400,86
ONhZ=nNnJefveCUUki9JonlIaqe1Kher.jpg,430,844,415,477,637.0,446.0,414,62
onL8s7hiWcQnrUW8qyBUsb7uu3pJHGyU.jpg,258,824,504,590,541.0,547.0,566,86
OnO=j3Xin3F8qzqLYF8kRU2Py3nUfVK.jpg,288,1082,538,665,685.0,601.5,794,127
onvMpmKa45ugeupH9QCI_4xoB2pv8khk.jpg,441,861,425,492,651.0,458.5,420,67
onzyF44RyNNRahyJG885yf7iPCwTB81.jpg,492,892,413,479,692.0,446.0,400,66
OO5__nTUNbkFM317pRHmVZHB4ZlYugFm.jpg,401,796,418,483,598.5,450.5,395,65
OoBkk9WD_b_rdxYxzYnxqlPos9ETMOql.jpg,418,935,480,560,676.5,520.0,517,80
OoCMSgMmW6TplyeECt_lHqKW7YBO9zY.jpg,282,812,457,536,547.0,496.5,530,79
oodnqmJq1BBzUCJBWt7ysw4wIFeaj.jpg,423,875,436,507,649.0,471.5,452,71
oogBQMlSTGCLzllv3jk6da=PcX4jhgK.jpg,346,926,478,568,636.0,523.0,580,90
oojLsHVcp=iqsBh7FdWaRIcLp9jB5JBz.jpg,385,864,464,531,624.5,497.5,479,67
OolBVB9FN4rKaSgSRRnQZLeKuQ5JFES.jpg,348,898,473,552,623.0,512.5,550,79
ooLrrLmOOU8rPojMYZEYroFuHRPXCy.jpg,329,805,424,497,567.0,460.5,476,73
oOnW3gEtI_sB=mZ8HRW_JidhJ_=qjy7J.jpg,306,753,430,501,529.5,465.5,447,71
oop66KdS5WDNxSeXp=gGsboeK4pNJvx.jpg,435,852,419,487,643.5,453.0,417,68
oOsP5gQoady8GXrZYOEx7vJLjQyMBp27.jpg,361,846,446,518,603.5,482.0,485,72
OOTuPFn71zTINcp1ZCX5BVx8wfKLrxPB.jpg,398,911,465,542,654.5,503.5,513,77
oOUGxSBCSX5z6RK6puENcokRgMSJc.jpg,431,925,436,512,678.0,474.0,494,76
OOuS81E8dSgKHNRS4MztU=NcSTw=h_.jpg,175,833,500,607,504.0,553.5,658,107
OOW=qb3F=2DIV=KTTZL32RbgMiH4D75.jpg,416,842,422,491,629.0,456.5,426,69
OoWjODkwMTHfzh_IOB9b32jbQkhKnaax.jpg,482,747,414,466,614.5,440.0,265,52
OP1GgElzKshTwhuDu2PK1tyCtPmJ1JD.jpg,442,784,447,511,613.0,479.0,342,64
Op8Tn4m2IDTqgn2mnacVcNGc_BLXk7.jpg,412,841,423,493,626.5,458.0,429,70
oP9fSJXgxjLPRTOCgmUYSag74_dD3RFX.jpg,389,816,424,492,602.5,458.0,427,68
op9kUhmGq4s=3jkYh7XeI_NPmgmaVL.jpg,393,822,418,480,607.5,449.0,429,62
oPBYK8JFTQLKtVV2J9Z9kQKuxRMeKR9.jpg,287,786,445,523,536.5,484.0,499,78
opDK9aRMtSxfsspYVMHV36IttatoM2.jpg,385,860,434,509,622.5,471.5,475,75
Ope5Lm4=KTwfdrbFMxCCHjHldHypuL2.jpg,511,918,409,473,714.5,441.0,407,64
oPIIyNTlE9tm2Bfrtzt=WHh_j5HJLod.jpg,455,873,440,501,664.0,470.5,418,61
oPkmBLtdFWrsGpF5SfRhkPazwySlegFo.jpg,370,866,476,551,618.0,513.5,496,75
OPN9YilcvbHqUm4EkyFLsoSkFeq2Tumo.jpg,354,809,446,529,581.5,487.5,455,83
oPo2yr1HDsHpQKzuOgLH3LlK4ix5ftU.jpg,387,968,521,604,677.5,562.5,581,83
opOMmlx1lduHP4GgRDphGNqYepGu2bU.jpg,276,905,483,595,590.5,539.0,629,112
oPUDb95wBa9wnbD29XUXT9YY3jagKsBm.jpg,462,834,478,546,648.0,512.0,372,68
OpvbvNVlFy4kJ3iuryiCk48OOHjV3ZU.jpg,371,963,476,591,667.0,533.5,592,115
OPvP584Xddp8ySQRV4nj9o_54nn5Ntt.jpg,391,856,439,511,623.5,475.0,465,72
OP_bffWPFwHQ_EQuE_kdnjsP_1w_29.jpg,402,825,419,501,613.5,460.0,423,82
OQ=oNg7XcixKC59UVrRs28Mkaj7EByTb.jpg,431,850,414,480,640.5,447.0,419,66
oqdjwVkxR1kjPf9aJV5B4ge5pnjCeWgg.jpg,436,849,412,476,642.5,444.0,413,64
OQj6SLwUbK_DmSO7IcmVfuyOxp3ooz.jpg,356,780,437,497,568.0,467.0,424,60
OQLce27Ne58mNcFTZK_JLWVeYfrXZb9.jpg,268,959,519,632,613.5,575.5,691,113
oQnWiUfZY1vFJQSYRXEmklLDMNXvn_QU.jpg,444,889,431,497,666.5,464.0,445,66
oQr1QoCzzERVG2MsB3T19FWq8Bru9p43.jpg,407,820,421,487,613.5,454.0,413,66
oqrICTjeR6fL9XjNnsROjvzHlVKX3t3a.jpg,458,918,432,506,688.0,469.0,460,74
oqRTxZyJuk=HcKcBY8EWxPvnc4Mk2yb.jpg,342,931,535,618,636.5,576.5,589,83
oqU2mFk3vX2RY8ddrug=rf5dIq7fs.jpg,437,836,442,508,636.5,475.0,399,66
OQVrz6GkaxGeIf9yrO2npyYnfb3T_io.jpg,434,905,474,551,669.5,512.5,471,77
oqWrZBsMu3z2fiw_BMcks4VBdo21RkyM.jpg,384,775,446,511,579.5,478.5,391,65
OR61ZzP1b1Tf7g9IkTkdZIMmg8djrPs.jpg,309,815,447,526,562.0,486.5,506,79
oR72wdOuzdHVh3sMMmC4gMG2aG5jeub.jpg,337,745,407,471,541.0,439.0,408,64
Or9hkp6Xk3rXEq9_o_pIknK_PdNMlmp.jpg,487,925,454,526,706.0,490.0,438,72
ORdf2kW2b5fe6rVlV6WoDw1Wvy6Jeo1k.jpg,454,720,413,465,587.0,439.0,266,52
ORe1OTvD7bfwTRYm4sOh1CPabMNQ1hQ.jpg,442,857,418,485,649.5,451.5,415,67
OrEyWCZy_Xo_xSiydDUQXOJ79L2wIy3.jpg,425,900,442,516,662.5,479.0,475,74
ORhatIBkbUvuUv7mqE=Mno9liB13hPT2.jpg,262,835,436,526,548.5,481.0,573,90
OrQV1c_Sdmor1lCnDTJtVCxU1Jcrl9.jpg,499,795,429,491,647.0,460.0,296,62
orrheX7JGBCx7dcLBwqZrFdDkfWgeGuk.jpg,393,906,453,534,649.5,493.5,513,81
orUeCuvvvFoo4tT8WK54WlVvhjBxZnBL.jpg,481,745,422,473,613.0,447.5,264,51
os7UhccHKKPZX5VDnkfglJ24FDaCHWwo.jpg,246,972,515,645,609.0,580.0,726,130
os8CyZ1iblcjoxqnLgiMttWcN9Evl=g7.jpg,407,818,421,487,612.5,454.0,411,66
OS8Rjovyx7aLFKqV_r4CNuXwlILhTW.jpg,348,861,453,531,604.5,492.0,513,78
osB1nIURrSDdJjwQe6RDlCezNyRDtiTG.jpg,438,715,429,485,576.5,457.0,277,56
OscQClX97ob1KdrigCdtYca3=oZ1Pqj.jpg,447,931,443,517,689.0,480.0,484,74
OscRIeXLCyx8MBe9lWQ1tg=LSGTKe_o.jpg,361,998,487,582,679.5,534.5,637,95
oSEbW7uz46lsV4h__Hy7Y8c1g9nIs.jpg,406,798,415,477,602.0,446.0,392,62
osHp2efBO18h7YfUpgrLDpNBlYvL8UI.jpg,433,895,436,507,664.0,471.5,462,71
osjWRtwoqs678YC7fMftB7=tdDy9cwt_.jpg,345,868,461,538,606.5,499.5,523,77
OSk83zKHJ294tCxW7HvTagX3r7UZnPnC.jpg,380,834,430,500,607.0,465.0,454,70
oSN1vGI2MyUSIOrbTJLV3makWxvXQq.jpg,252,800,488,580,526.0,534.0,548,92
OsVa4k4ESacKokxGpeEP5WHSGV=v4JDj.jpg,371,877,452,544,624.0,498.0,506,92
OSxG8FEolZDw6kYxfH38HKq_g2Pxh5y6.jpg,460,902,465,531,681.0,498.0,442,66
OsYXH48wK_1E=uXiskNRed4TzIwU.jpg,415,706,433,488,560.5,460.5,291,55
OT4F2=TlEyrr=T3B8GkWtrzbkBVYj.jpg,321,762,422,487,541.5,454.5,441,65
oT6jDihs7GRmGKibRmcMyWyQrBEjgRm.jpg,385,921,470,552,653.0,511.0,536,82
OT8LSWcO56yWpDOJbb7WpYde4dVyTqr8.jpg,433,908,475,546,670.5,510.5,475,71
OT9cQRIa3nlVp3GcI79=dpS_HOQD7ym.jpg,374,874,427,510,624.0,468.5,500,83
Ot=PQ=FuofnqPfpEZMXkPtD_=rmOzm.jpg,230,991,541,644,610.5,592.5,761,103
OTCxxznFq5mRSn8OUtCsX=VFCyFFJjX.jpg,443,924,437,518,683.5,477.5,481,81
oTh=FLHU=qRCr6P_tN4Gxe1dVfmGwp1.jpg,446,774,470,531,610.0,500.5,328,61
otJCFeRnGYYfq8ZoRvpZZ4mWmCZRJB.jpg,330,851,457,541,590.5,499.0,521,84
otJWzNq3=Uf71eG1SeS1Dc=HQutg_.jpg,529,939,417,483,734.0,450.0,410,66
otKVFKosOsDd_EKasi1bW8IjtPEDbE.jpg,402,825,418,481,613.5,449.5,423,63
otpqFqkimZpEC2cYhgDDh5nDv7Uew6R.jpg,347,879,460,539,613.0,499.5,532,79
OtPYklQpHdp=HZg9OHL6pbRko9dXWzZ.jpg,431,919,469,551,675.0,510.0,488,82
oTQ6rwmVKrt7sxrrck6JoCYRBRoux4.jpg,402,869,442,518,635.5,480.0,467,76
OTQ=hRNMImvLb_EU5ejx9_dEpxermVx9.jpg,443,754,460,523,598.5,491.5,311,63
oTqZJUuP746XMhos3retWzyeV3D5RI4I.jpg,308,890,481,579,599.0,530.0,582,98
OTRjzRJo37Nh2Wu6xYEsRJzhLNz_L8Z.jpg,496,767,421,476,631.5,448.5,271,55
otWbUP_CoBRgZj4FpE7f5napepF2xz3i.jpg,302,753,432,507,527.5,469.5,451,75
otyMocvzOeophEk=Q_f2215XhY9ZjYw.jpg,417,977,511,594,697.0,552.5,560,83
OtZZEjbyIwD=bqfej8YuImVKBR7Oj.jpg,430,951,435,514,690.5,474.5,521,79
oU11KO36HDoRtNvzO=q24B3NBT7iWlk.jpg,427,712,445,503,569.5,474.0,285,58
OU33eaH_jCmUuTIslGnGey1u2eOrPwg.jpg,347,884,470,545,615.5,507.5,537,75
OuCOvYGN_x=fm8PWhGicUV=mbb2F4HzD.jpg,421,769,460,524,595.0,492.0,348,64
OuDs9QPndBUK_kdeVsKFuEfkHYLE8iD.jpg,354,858,448,523,606.0,485.5,504,75
oueSkkbeNIGZjjGxpgiO4w89mrEto6H.jpg,456,747,455,509,601.5,482.0,291,54
oUmVr54=hO2wMEsEYTJRHp1CdLKlas.jpg,440,789,472,531,614.5,501.5,349,59
oUQiEvCpI2F34aCvjj9FFjj4tsUvHk.jpg,396,907,462,538,651.5,500.0,511,76
oUSiZ_NPWizgzhiDJ27XrbrM4ahiwWd.jpg,397,843,420,487,620.0,453.5,446,67
oUSNeo_9mt4i1Vv_Os5HdQCbHbbdXzWg.jpg,383,824,417,481,603.5,449.0,441,64
oUuO=ladxLwoHJHo=ZiNW7_koF_uC3=.jpg,381,956,519,608,668.5,563.5,575,89
ouvdSXi8oar4Kg=2lHEW3FRNOyxwVDy.jpg,413,867,456,530,640.0,493.0,454,74
oUxiEzgXcnSovHj5TLGIUbCpfxP7toG.jpg,456,743,422,478,599.5,450.0,287,56
OUzWae1RYx8ObeWC=kEjGywLIyxoo.jpg,446,863,419,491,654.5,455.0,417,72
ov1gRDBQNg5iGqE3eq7C7Ia1bqcS5x.jpg,395,902,447,530,648.5,488.5,507,83
Ov32zCalgbVBSdk4ma7p6dQLFEpKEqK.jpg,374,837,433,508,605.5,470.5,463,75
Ov3ifa=EkRZnUVlubVPqn5I__iQ3n.jpg,396,883,470,540,639.5,505.0,487,70
oV859N=e2FFEvKWojarhJjkMk2ZW4Ck.jpg,361,849,445,524,605.0,484.5,488,79
OVaM5bcg8U2GQcVV5L2RMcYC4fJP75Z.jpg,307,921,484,585,614.0,534.5,614,101
OVcJTRlMpb_F9z7MyCfYTkuam=f1SvM.jpg,390,808,425,488,599.0,456.5,418,63
OvClEbKVG2HD5quhVpsGdhUpB=1gm.jpg,413,927,459,541,670.0,500.0,514,82
oVHjdQ69RlcLsTZHNcKNQszcSWtWUqn.jpg,289,1075,535,653,682.0,594.0,786,118
OvKYRW2v7Efw=Hwc7xCP4pBo67hcO==.jpg,284,774,449,524,529.0,486.5,490,75
OVQ1Xlhe11SCdjD74Vo_3e4Ihhw_8oi.jpg,414,800,413,476,607.0,444.5,386,63
oVq8TPlpv1PqKNEmbdx=2ofYghCDSMgo.jpg,490,801,470,530,645.5,500.0,311,60
OvUzUcdk5sQVMuFO96zdhnjQng9FqP.jpg,454,880,416,479,667.0,447.5,426,63
OvzhHHNEWHhV23eKVol_r_DapzP6DHv.jpg,371,830,431,521,600.5,476.0,459,90
OvZQZIPZRGZVx9UouVYKL=VUu6YbplK8.jpg,361,890,453,554,625.5,503.5,529,101
oW79lzTRlzSbh=2gfciLX518UBeEijj.jpg,485,947,467,541,716.0,504.0,462,74
ow=UCgqbwJ5kTK42y28dcRw6bUrx_Os.jpg,407,815,420,486,611.0,453.0,408,66
oWb2ijEXfEWlTcn8dZPyjGaNOIHWJ7D.jpg,415,845,419,485,630.0,452.0,430,66
oWBXrx82MrScTkyts=ZEqGw8m9Ol42.jpg,439,850,411,473,644.5,442.0,411,62
OwC36smkQdPwzZVCzjtDfEJIBMp_vh7T.jpg,370,845,441,526,607.5,483.5,475,85
owDjl3o7JXVStF34cYDQTzoV7HMO2.jpg,487,981,474,556,734.0,515.0,494,82
OWF8j8FSi8LuvoiSOebmbc9PzceQUpty.jpg,474,801,477,536,637.5,506.5,327,59
OwHqebFekIRoZZzFU37qkgmxtPaQKJG.jpg,401,808,422,487,604.5,454.5,407,65
owIzKhu8XaU8NGyqNBLn=XJlH7=2lUR.jpg,330,652,460,521,491.0,490.5,322,61
OwJ1WunOuv=vSdhy28k4PW5bN_o8Lb.jpg,426,955,493,579,690.5,536.0,529,86
owmn67J8vsSspqx2OOThdGwBtC25EMz1.jpg,300,1101,541,687,700.5,614.0,801,146
oWmV3jgC8=FO9e_KvZLWT1EtitaBME6.jpg,382,874,444,524,628.0,484.0,492,80
owPeezy_3_Vs3ZZER9WjMy=O8rEyPnf.jpg,413,798,413,477,605.5,445.0,385,64
owQ9Lp8qad9O4HZGt2EREs8GDggpRr.jpg,411,893,478,550,652.0,514.0,482,72
owssoizejqqPlhCHLvJhInd3LNmOdkw.jpg,326,785,463,532,555.5,497.5,459,69
owsWCuWlrGJH7yFYWKjf5Tt_DOcbZ13o.jpg,473,821,480,542,647.0,511.0,348,62
OwTPoJy4mri6oZUqTBdYMKCzdGn24nV.jpg,425,722,434,493,573.5,463.5,297,59
OwUFFF=6EkCtyK7EwMzaLTHsVYVpW.jpg,491,783,451,510,637.0,480.5,292,59
oWxLK3LINJB9SILUxreztWvT8aUfPw.jpg,383,814,423,507,598.5,465.0,431,84
ow_KJQqrgxgM5NMXYeRznJDzl3=w8zS.jpg,438,862,453,522,650.0,487.5,424,69
oXHfrIt7Wfz=I1u4KkR9WK36qwvyibK.jpg,317,837,443,549,577.0,496.0,520,106
OXjwKWUpnJln1qearGrmL1TcPno=uhIv.jpg,388,794,420,489,591.0,454.5,406,69
oXmzQrmxy3LLEcRypnnrxMqGHNB2tw.jpg,453,921,472,544,687.0,508.0,468,72
oXTDzkprd4wQysdycUlOrmRlafniZlau.jpg,379,872,470,542,625.5,506.0,493,72
oXu454n6ztaNsIyUFxJpJtDkf35_Y4.jpg,372,827,437,507,599.5,472.0,455,70
oxvJgB2kmZ6wt_msb7x7Mq9YZtIy8pj.jpg,216,755,473,552,485.5,512.5,539,79
OXw8X8U3H_eksmUW=N8hqRMn4uRWlzkw.jpg,446,732,428,485,589.0,456.5,286,57
OXWdLEnq7PGUsWfM_TefPHlOkkVY=xVl.jpg,435,857,419,498,646.0,458.5,422,79
OXyBRcLBNEOY11XXWRQ1I=ueidPMOhiu.jpg,421,847,424,490,634.0,457.0,426,66
oXzciEgHvuXVKM4Vu16QSQgTiNkGDIxi.jpg,423,860,435,504,641.5,469.5,437,69
OxZDShegcknN8qa3eMs9N=MHHWjbj.jpg,325,849,445,524,587.0,484.5,524,79
OXZVppCC=YbUwznr6vcLvBfQ9RTp78g.jpg,412,840,419,490,626.0,454.5,428,71
Oy=miGnqe6Qw_P8Bawaq7oM5IqLY1rC4.jpg,436,840,414,481,638.0,447.5,404,67
oymy4DiUefykfMdf11yFoFdbk5n36.jpg,325,743,413,493,534.0,453.0,418,80
oyoP_ZHZ2=uzhXbTc9cJBpj=SqgGk2Gl.jpg,357,668,433,494,512.5,463.5,311,61
oYorvFQ2lPYRL=yRJFdJ1VltH9Fdsld.jpg,428,732,456,515,580.0,485.5,304,59
OYtwJdgI3IYGPYuf49zG3SVURmtLnT.jpg,411,874,424,492,642.5,458.0,463,68
OYuKP4yNG9HJhaccVD7syNE9uIm2S52u.jpg,488,962,438,517,725.0,477.5,474,79
oYZzoKgWu4dkm6XoEWBJW_zyIoBQFl6V.jpg,242,975,514,644,608.5,579.0,733,130
OZ3c4ZYcOOV4PPRxq3nCTN9ur69ywbEu.jpg,428,784,498,562,606.0,530.0,356,64
OZ3jSXP5IZ3pob43IZof6l2zYJgmcrV.jpg,427,825,417,481,626.0,449.0,398,64
oZ8e6oQkQ6ybJGRp1buuMjGGapO6wc.jpg,385,809,445,508,597.0,476.5,424,63
OzcLy44E32OP7PL_18DehZePiEsg1Wp.jpg,496,930,449,526,713.0,487.5,434,77
OZgK3areVawgYeTwDmxOTLvC4GpT9H.jpg,345,827,442,515,586.0,478.5,482,73
ozGNcoXYspTMZtQmRfktMldxMi9HeWj.jpg,376,884,459,541,630.0,500.0,508,82
ozj2NSu4twef418YV6lHWcWMU9Bybc=.jpg,424,836,414,476,630.0,445.0,412,62
Ozj2teVo5FKRkKif8EbYBLP=cfKxPowH.jpg,385,820,441,505,602.5,473.0,435,64
OZnIsQVer686G3cwvKctFoP4ONp1WV8n.jpg,462,865,417,484,663.5,450.5,403,67
ozolfdeQfzSoHemX1PIVqYqnjwsjRLg=.jpg,441,1027,514,601,734.0,557.5,586,87
OzSQfeWm1o835x2tfRqWi51VXJqCoI2Q.jpg,356,835,474,544,595.5,509.0,479,70
OZ_LJ1ab83_XZ19qMIEqPVJSuDswOem.jpg,433,908,445,516,670.5,480.5,475,71
o_2w7Gk_eLY9N=yBusCiMn=8MBs6ehU.jpg,353,884,447,550,618.5,498.5,531,103
O_6IoSN=J76QkFX=luCBmgmeHQeu4k.jpg,393,913,443,534,653.0,488.5,520,91
o_7lKXQg6gWH9DICEDw=cX9kWhZc_Z.jpg,404,830,422,500,617.0,461.0,426,78
o_8uC3K2zhQSEm6NVvn4nIgrD3G5DWW.jpg,409,840,422,490,624.5,456.0,431,68
O_MJYpH7zFE=ClV88sHyhdBsvoCGqW7.jpg,349,861,457,531,605.0,494.0,512,74
P15Ipg2YMCJSaGFtJY2KLR9NB3enGuS.jpg,443,969,457,537,706.0,497.0,526,80
p1EG2fH_FacEVgTUPsn=BtfnEqmdO_Z.jpg,368,956,510,611,662.0,560.5,588,101
p1O14jJlry5ZGGIP_ys2Nydq_YZzShcj.jpg,301,748,446,513,524.5,479.5,447,67
P1YSgII3lfX9qh_ctMI3YbukOZay_QH.jpg,445,944,486,558,694.5,522.0,499,72
P1_4FB4c=FZz5yf6icagCW4XOIxpWRm.jpg,407,762,483,547,584.5,515.0,355,64
P24Gfr5jzj2VQdpMSOe9g=4mQLYDFCx.jpg,440,784,486,549,612.0,517.5,344,63
p27dOjPNLzTVb3DtYWK59dEvIUMX14K.jpg,433,729,436,495,581.0,465.5,296,59
P2Bq5rg5EvlwivSlDTqmb9=PciPVLVE.jpg,465,856,411,475,660.5,443.0,391,64
P2lalYbLSkNxyUOF7rZxXKITVJyGpY9.jpg,400,809,423,487,604.5,455.0,409,64
P2LWigM5tbR5UzDtbSTScNxv839xfr.jpg,16,1231,734,893,623.5,813.5,1215,159
P2s8S8na_Gw8f_PGIuVNDOibMIx2nH6O.jpg,329,759,428,495,544.0,461.5,430,67
p2WkGpOHrRXf2IMtZ=XcpgYhh3ooiwB.jpg,582,858,429,484,720.0,456.5,276,55
P32YsZGFUCtnGUOXiQiWPTFkosN8T.jpg,451,790,483,546,620.5,514.5,339,63
P3E9f1KHaNvQV1sga3CVf6uCjun=2o.jpg,390,807,419,486,598.5,452.5,417,67
p3I7PwMXX5_NHnyHbZffBEIdT5H4yYWa.jpg,421,856,421,490,638.5,455.5,435,69
p4Fdrue=qUzdfTexg54pDfP3y13B64b.jpg,463,756,433,490,609.5,461.5,293,57
P4g4hKjUps5MSbObYZGcB_d=8owQKiE.jpg,459,779,467,528,619.0,497.5,320,61
P4I464SuEyspscsmltM=a=X145frbOa.jpg,376,700,447,509,538.0,478.0,324,62
P4LxZD1JET=jyjqshhKMLFKLfawBl.jpg,484,872,439,504,678.0,471.5,388,65
p4L_K=UkWEWR6Jt4O9GxiNCQiFODGSW.jpg,389,818,424,496,603.5,460.0,429,72
P4SM61KuwmiFpwMX2M6fZJhBhKXici_6.jpg,421,959,505,586,690.0,545.5,538,81
P51eFiYz6Soapj9=fGskDH3LxRBmWnj.jpg,444,941,445,523,692.5,484.0,497,78
P5=zCsqSI1jyFk7Tb_ZQ=s=VyoBOWi.jpg,414,829,448,517,621.5,482.5,415,69
p5FG4f4mOMgqHCg9cfzFYk8Q4pyP2Rwk.jpg,350,788,422,490,569.0,456.0,438,68
p5lHeKL3vXtwKTOY_vCKVoDWj3gg1.jpg,502,776,441,494,639.0,467.5,274,53
P5M8hoCsCM7uYaahkxIWypWa71Fl9.jpg,492,917,410,474,704.5,442.0,425,64
p5mdkoJwfGRzg8vBM8wvNDBGN9zOjYXD.jpg,405,903,488,560,654.0,524.0,498,72
p5mkke5kkpS47K6BJsCOD4CvZ9uofqs.jpg,341,920,475,576,630.5,525.5,579,101
p5ucftZkZbXSHRphrqDqn_SzkrDPGccG.jpg,389,690,438,495,539.5,466.5,301,57
P5yLVDKtVI7lClO3IlZxrNTrnmcopK5d.jpg,334,767,426,493,550.5,459.5,433,67
P66Q_TMVhMo=zOsSHzU48RCM6cgjf93t.jpg,316,768,452,521,542.0,486.5,452,69
P68Fq5nC7DZOKq42W1ZokvB5WwyZCYH.jpg,455,815,446,515,635.0,480.5,360,69
P6CPNzOfSdWvdeLO6UZ_nYw9cgTBDqbd.jpg,307,973,542,647,640.0,594.5,666,105
P6DVi6yT_8ximMxLR54W23XTr9Bmg18M.jpg,315,860,467,543,587.5,505.0,545,76
P6JU2VrVmPH15_KSgWcgyYQ2sBycJP.jpg,371,848,467,538,609.5,502.5,477,71
P6nHdYhI5Gf5K51lVTcLSkqqae_IwRS.jpg,340,918,480,563,629.0,521.5,578,83
p6PfZTUSLWOBl=mMhXNGT8Y2kKX13Q.jpg,570,859,440,499,714.5,469.5,289,59
p6vX5Pfgys7iJmLMbiCWFDkL85ivlbM.jpg,405,720,439,499,562.5,469.0,315,60
p763s4ku1T=tZ=PJL6mwWY8bGn3a1N.jpg,412,696,431,484,554.0,457.5,284,53
P7ig3bzb2W1BZb5x4gqMsmUV1LGlkn.jpg,409,852,433,506,630.5,469.5,443,73
p7sULaXf_a7UlJOxGYxIWdip1=CWK.jpg,343,754,422,486,548.5,454.0,411,64
p7uTvbz4BvmRx1iIL=1_2qvutTeWj9.jpg,308,824,489,570,566.0,529.5,516,81
P878vvuypegWwVWeTUtWznq6ahO=k.jpg,353,841,443,520,597.0,481.5,488,77
P8al8lDE7B4OcJ4ZKsmHJP8o3Uu65H.jpg,459,919,432,520,689.0,476.0,460,88
p8fFod=BmEUZGwFLMFn6YQaWeCHop26.jpg,495,911,444,519,703.0,481.5,416,75
P8lpLGliiFxkIV8TQhVf_yQzzQmiZdKl.jpg,297,806,454,538,551.5,496.0,509,84
P8Lrx5mEhtfDKzTK75enVpqO5ieOenLv.jpg,409,840,425,494,624.5,459.5,431,69
P8R9DbwpDvfQz=xy7gIhJpJsWChrJiYQ.jpg,478,749,417,470,613.5,443.5,271,53
p916gE5WetKTv47aYFyRUCH2PuwsEf.jpg,384,839,423,492,611.5,457.5,455,69
P9273fV2eDhHWJzgchp_=UdM6wKUmRYe.jpg,136,918,551,662,527.0,606.5,782,111
P9c6dgO7PeVjURGFFF1kXQCJ_hhIn3qZ.jpg,153,981,546,668,567.0,607.0,828,122
P9fLoiJrxaU9_Scg8XjL=fVW57uhj=D.jpg,449,878,453,520,663.5,486.5,429,67
P9NnE8B8B3OvSDk3L=nmUloe4pxousOi.jpg,443,990,502,589,716.5,545.5,547,87
P9No=oNt=2NxyOTSwILHigd=tDSKMW.jpg,386,663,425,478,524.5,451.5,277,53
P=4ewIv_=rQcKzaEPGe53mZtuSlyuYB.jpg,351,947,459,548,649.0,503.5,596,89
p=CmgdkVSr95PtO9uItlCaOsWRxq_Y.jpg,377,792,425,507,584.5,466.0,415,82
p=NCf6XuGNR7mowRY2w2S9gwrNFxD26.jpg,334,828,451,518,581.0,484.5,494,67
p=P64FDg5vvN4BJQwWNFNL3_JG5hxvp.jpg,438,843,419,484,640.5,451.5,405,65
p=q4WYgmWvUODXcDE9F65pxvQQe1kHfi.jpg,286,769,440,514,527.5,477.0,483,74
p=s5noP5srSFu7WmBzKfz18gmNInbDNn.jpg,464,741,426,480,602.5,453.0,277,54
P=S8M__M7G3wdgVo9boaqkzcTvedFHz.jpg,364,906,503,582,635.0,542.5,542,79
P=tTc7aDCLOwlRe43rRI9I468qyl3o_5.jpg,342,831,441,516,586.5,478.5,489,75
Pa3ltM1GnKHhWg5WskUcu_yhw5t96il.jpg,394,863,426,495,628.5,460.5,469,69
paCmbFXIFtL8FnfRTPxBUBokOaRQbLO.jpg,481,753,437,492,617.0,464.5,272,55
paFO8xSqlZvJaGCpfF6w_tGzxr4mKy.jpg,386,875,448,521,630.5,484.5,489,73
pamX2TdlOIsYwlBBRPUntNZkcrugXNL.jpg,408,939,495,578,673.5,536.5,531,83
panQwfUqDQ6Um5oDKr9KVVurrG9rYey.jpg,374,811,427,495,592.5,461.0,437,68
paqSxBQnBUCE9hkyb3RaXjcBDcbmwHY.jpg,288,773,455,525,530.5,490.0,485,70
pavmu7x3a_MXF1WWxrbuSm9=CEndHxgv.jpg,377,808,421,504,592.5,462.5,431,83
PavpJ5rOkZeuztLpWsvdyYjUEn5ZL2M.jpg,463,883,452,520,673.0,486.0,420,68
PaXL1_CmHv6V7SCGvIDwSwpFWzI9fGQI.jpg,391,915,488,570,653.0,529.0,524,82
PB2PSaOoOQC7EIwmFbSmXl1BjfpaDG.jpg,329,727,414,483,528.0,448.5,398,69
pB99OyR2MZliQmV69IsQ2f_xQJL8oFD.jpg,315,673,475,539,494.0,507.0,358,64
PB=QamjrDX1JGB2QQ=FOvZ3ENsD8_Ebr.jpg,413,817,432,491,615.0,461.5,404,59
Pbakfir6WBUcMWItjGK31htzKevQ7Yo.jpg,460,927,465,543,693.5,504.0,467,78
PbbjPai8VoB2GGhQUUy1KFuffZ7sVrCE.jpg,484,756,421,473,620.0,447.0,272,52
pBc19u4eVtR2s1=hxglosxlPgPm4dEn8.jpg,258,868,520,608,563.0,564.0,610,88
PbfG8UN9q49Wf8ML8KumI_CFj1FLqdG.jpg,460,739,425,478,599.5,451.5,279,53
PBfkaj2UyXJN85XRBVxHi=aJ25cM779k.jpg,438,703,419,473,570.5,446.0,265,54
PBGwpbTEjxMFkTpwXYIu_nHegdgirr.jpg,295,776,434,511,535.5,472.5,481,77
pbObVIIPrHVFdyX2hHnp7lsqbBLFoPy.jpg,324,793,450,520,558.5,485.0,469,70
PbtuxLgNdEHOZh5ZKZu2l4erFFxaVh.jpg,343,760,416,478,551.5,447.0,417,62
PBxWNJH2pOqRyIjdLl82lwatj5FO23.jpg,351,1178,552,688,764.5,620.0,827,136
PBxXZT29kd3eiVC86ylIcgFCBe8yPOzG.jpg,208,790,476,563,499.0,519.5,582,87
PC7sYWDglCOVXxQ76IPEydv9xKM1_mey.jpg,368,975,525,620,671.5,572.5,607,95
PCaMbsbqZIr27fOLZ7UlzcY3XRuQ7g4y.jpg,415,814,414,493,614.5,453.5,399,79
PcJaVtqZiHTELmQe2NDQ2uiV3Lq8inG.jpg,334,856,459,533,595.0,496.0,522,74
pCKrvCTDYu2eogkbLlyxh4DZ=fzRV_Q.jpg,456,879,449,515,667.5,482.0,423,66
pcOS=DTEbpLv6ySzL5ZsZMZ7VI6aIzi.jpg,349,892,458,544,620.5,501.0,543,86
PCrpqPlm=UtVHSTsY=cevUEHovSrds.jpg,397,808,413,475,602.5,444.0,411,62
PCT=SaWv6jqJk5E=UqHBxQiXJBsKrxo.jpg,434,708,438,493,571.0,465.5,274,55
pcwct6TxwQQ_XlRXvgvoU==yVolb9TL.jpg,348,770,418,479,559.0,448.5,422,61
pCWIxmHXCwYCUyP79K4lfECZlOlssQ.jpg,352,672,473,533,512.0,503.0,320,60
pCWLw8czWNrBaleHkuhiBcRHPCoZYaMl.jpg,429,790,452,518,609.5,485.0,361,66
Pd8C2lEoZiBn9xRd_G6kswW6uon6B3.jpg,452,796,484,548,624.0,516.0,344,64
pDGepLZJE_gH_DKaywVFnEGe6aaWvD.jpg,333,829,453,523,581.0,488.0,496,70
pdgy3MtaVNpFKMESIgN2MO33t_Zb.jpg,252,1219,575,712,735.5,643.5,967,137
pDhdqPULXtt5KJmGDCki97jKMGK9s.jpg,490,789,452,513,639.5,482.5,299,61
pdnoSmtWJtpwODf3wpbbCoJNsuEL4fsW.jpg,446,759,442,498,602.5,470.0,313,56
pDqoyDbDz795LMl3LuSjyMH5NwkkMJZ_.jpg,454,971,481,579,712.5,530.0,517,98
pdqyGqVk9kJ1l1hcNkePPBcvbh8CvGiP.jpg,370,845,461,531,607.5,496.0,475,70
pdWG37zFCPvauDfmGNJYdFzTHjXwGsDE.jpg,455,1022,460,572,738.5,516.0,567,112
PdZhvNkY8e3SPlMSEEoofosHz4jaK.jpg,356,740,416,477,548.0,446.5,384,61
PDZs8m9ynfmoFmJnRFGn=XfaU2vhXn.jpg,435,905,439,512,670.0,475.5,470,73
Pe4_c9BLKh3mYFLhafKNKcFumC6qYL4.jpg,420,901,464,538,660.5,501.0,481,74
pE7TmBxWE=PU1Pq=LnqKKhY5TZyRs=mx.jpg,491,921,423,494,706.0,458.5,430,71
Pe=K7LiUjUtJQ2Vzhi=Ji2iLDXm22_.jpg,456,925,429,513,690.5,471.0,469,84
pEaG7VqLySIFlL9Sh_fmOgHiVrSVEK.jpg,421,860,448,511,640.5,479.5,439,63
pEKmy4I9IzT3b_U7RCyZc=SBzwW6bYoe.jpg,409,874,422,492,641.5,457.0,465,70
PelwOOym6=XxH=ZNh=Ume7WJ3oF8ZInt.jpg,262,789,460,541,525.5,500.5,527,81
PenDKCOlxfqd2e2mOaloswzn2rtGb2V.jpg,422,803,410,485,612.5,447.5,381,75
pesWQzRufK_bBDsmShKMBSJI89HQ7.jpg,382,812,420,483,597.0,451.5,430,63
PETaheBalI3vxXDTIqmDS86D_XXdBVzK.jpg,478,881,419,484,679.5,451.5,403,65
pEvl5kH22IB1zSMVOWTNzstoEEQ=xIq.jpg,342,836,490,561,589.0,525.5,494,71
PevZesMcqvLNvK=4i4NujQFg4R=xLgD.jpg,315,740,430,500,527.5,465.0,425,70
PeYCudcsUKlpV88EsYE_jfa6YnXs8.jpg,439,895,433,504,667.0,468.5,456,71
PEzKn=eOc8EKV1FQ5rhXJZ3EcciVdp.jpg,388,874,437,514,631.0,475.5,486,77
PF1vO=N3e7Hxttae6iR6Ivo9_VhHfOV.jpg,395,799,417,494,597.0,455.5,404,77
Pf1yFmcw4dVXvRtWW1QMErNefk3xKg.jpg,292,753,432,501,522.5,466.5,461,69
pf8ego2Q2ctzflXFk3=dgttexMMTJrHx.jpg,399,819,423,498,609.0,460.5,420,75
pF9yggW4Fdip_TvZ_BX4iscpdgxIMCQi.jpg,453,980,504,581,716.5,542.5,527,77
pfcYOovnycqlyVKxKaI44DU8pb3Ypf.jpg,337,758,424,491,547.5,457.5,421,67
pfiGtBMW7zir4lKPeB3gvtDsoM4boU.jpg,274,803,501,576,538.5,538.5,529,75
pFlweUU=L4tS82JXS2j8XLzkr4u3SPZB.jpg,363,785,424,492,574.0,458.0,422,68
PfMaq8JPC5eXFqH3Jmv=r=j4sQ8B.jpg,394,798,413,474,596.0,443.5,404,61
PFsfZXW1RkywLDvs8lCOyDLOM4EcIfL3.jpg,479,919,426,496,699.0,461.0,440,70
pfvNneoQnePknV4S=q9uornpELa9agM1.jpg,312,658,453,518,485.0,485.5,346,65
pg4_2VP5Dk8bz6O=js4hOW3kGkgDfLc.jpg,315,775,434,509,545.0,471.5,460,75
Pg8OVD2sN7=gmR6t6yip1n8ppL5zrYt.jpg,385,841,424,492,613.0,458.0,456,68
PG9DgOEFI5fhBSBD4dqdCWdsXXYH.jpg,446,942,444,517,694.0,480.5,496,73
pG9_26zRBdXN5mBeDEaJiSPGuikWMs.jpg,466,857,411,476,661.5,443.5,391,65
Pga8Yt9x_KHsVlaxfL1rui=iqgiEyG.jpg,469,793,454,511,631.0,482.5,324,57
pGhzfFb3jTn3EKc9hY4MVXJ6Gny6Kjq2.jpg,293,1059,530,654,676.0,592.0,766,124
PGIB7IhryjLXVGGq8EpCG49LhNCwqbec.jpg,507,870,490,561,688.5,525.5,363,71
pGiHgcp52pPw6GJ1UeKnc4wwZj1b1lS.jpg,460,890,423,511,675.0,467.0,430,88
pgJOHX4lSPiCmB_L5v98sTeaw1MrkcX.jpg,502,925,444,509,713.5,476.5,423,65
PgJQVSrWQfd577R3P2O8Wl32HbUL2y.jpg,410,691,449,503,550.5,476.0,281,54
pGm2Hw9zK23PSQIthghHgTxM_M3xX7N.jpg,344,762,444,509,553.0,476.5,418,65
pgMeyMwpvHdia1NUdgWE6xpf9q9YqB7.jpg,448,724,427,479,586.0,453.0,276,52
PGRXfJvjbV=WLn8orc8cwUobFE7B_XU.jpg,371,659,421,477,515.0,449.0,288,56
pGS1iNqB1sZJvhLNJFQM9Cx5cigNQc.jpg,444,910,473,543,677.0,508.0,466,70
PGTjH3nDK=mKpU=UTmVVQ9OPOCR=lqF.jpg,430,879,430,501,654.5,465.5,449,71
pgvWpYYWTvX9jKhCeux_nt45_GdywmD.jpg,323,889,475,554,606.0,514.5,566,79
PGWhx5YWziFYX8d=X_NULHJJCV7lc.jpg,408,925,494,571,666.5,532.5,517,77
PgzCzj7NFO7SKOecLiLf4Z2lYCIpV5dc.jpg,418,903,474,551,660.5,512.5,485,77
PGZKeRFPHB4L2D69rRjnzSuO=zlcfz9g.jpg,359,824,435,515,591.5,475.0,465,80
PgZopDPPSxwUV4VanqoC5UhIKbUe4pc.jpg,359,875,458,534,617.0,496.0,516,76
Ph2gbKQnB1r4zhU=GcSVDaHGZvlO3xkB.jpg,465,737,419,473,601.0,446.0,272,54
pH3k=kEWJHhUNiOu2CwD8LFXPBGKiEu.jpg,425,952,453,541,688.5,497.0,527,88
pH9SW9x6Mi7W1VgMLCeHBrVo_s3jW1V.jpg,381,683,437,495,532.0,466.0,302,58
Ph9_r7CHJqFqoEU8=5dfBQTdCibERRIj.jpg,488,942,458,533,715.0,495.5,454,75
phBL9vVgKLVbhOjurauF9189nFq1CDh.jpg,298,1103,553,672,700.5,612.5,805,119
PhIjw8OkOeBBBy23dqBxjSV4_h9ygvG.jpg,381,657,442,495,519.0,468.5,276,53
phirgiF8I49K6CV6efv62W8C=YRJe.jpg,345,837,434,510,591.0,472.0,492,76
phMCmfvGQjpl3Z6xp1h1BxVVSvXE.jpg,358,866,424,498,612.0,461.0,508,74
PHmfJfZyd_JIrXhdwVVD2sZRcUqYoPSv.jpg,394,706,471,527,550.0,499.0,312,56
pHRFN=Qbpv7PbPqo5dM58hViCvjOWqyc.jpg,283,1107,562,685,695.0,623.5,824,123
phR_T16JcPl_4bfObwjnL8SEEnNcneZ.jpg,316,981,505,606,648.5,555.5,665,101
PhtfyBzFUV1cQohPqLxTqhHWuvmQn.jpg,184,993,547,664,588.5,605.5,809,117
pH_ZNevaI1O4BnMvHp8EaVSZMMt_PWMG.jpg,384,802,416,477,593.0,446.5,418,61
pi5hYbhwgccVLnYhKS9TTRNF9ubLaP.jpg,348,935,513,607,641.5,560.0,587,94
pI5HzDvsO53CQMkbVCK8xX2xcZMbWt.jpg,338,846,432,507,592.0,469.5,508,75
pIalsREW_RNN6aiTQ3x5HfioIBDWd4r_.jpg,439,712,422,478,575.5,450.0,273,56
pidHh8j2YZiK2fZdGwPfygx7CLEa=e.jpg,355,740,415,477,547.5,446.0,385,62
PIeMg5I6hHBw=watR_WWaI=FcG_IbJh.jpg,460,884,442,507,672.0,474.5,424,65
PiFFNITIzzr3B1HJSomISgDbha7fiR.jpg,407,841,419,485,624.0,452.0,434,66
piGYk9QzXRt1u8NTfk=eclnV4PamdIp.jpg,284,777,450,532,530.5,491.0,493,82
PIL7LW_IHK87u667RkydLoY3upZYKpj.jpg,303,757,435,505,530.0,470.0,454,70
PiLqQ1wdm99KSSeqZVpLlCRoClYSPo.jpg,343,751,420,486,547.0,453.0,408,66
pINrv66GVbNX_5scE1ZHm6zqojcCIab.jpg,147,720,499,578,433.5,538.5,573,79
PioPMbUM6__4cFSpE4uq2qEf5gg_RC.jpg,367,976,491,592,671.5,541.5,609,101
PIsh7VwEJUIsnGRKxFr8siQlPN49VYv.jpg,431,990,508,594,710.5,551.0,559,86
pIUxTkIu_sMoyeUOtqwa1QigekOXJYad.jpg,326,747,419,481,536.5,450.0,421,62
PiWC_4S==KPctxCK1jKTDGelUVUwRm8c.jpg,364,853,429,521,608.5,475.0,489,92
pixGsqKSd5wBdEJhHd9O76ZXaIgK72.jpg,424,939,496,574,681.5,535.0,515,78
piZZ9tYBVSoUx4viKcW61J6mDt9rMc.jpg,478,929,432,504,703.5,468.0,451,72
pJ2acg2K6ive5N9x6oPySpEHZZ5r=.jpg,431,876,459,528,653.5,493.5,445,69
pJ3gzr1uVKrJflOOvhIUp4mxLV_cqX_.jpg,494,792,433,491,643.0,462.0,298,58
PJ5=zd9I4WC5alN52LQbLr3=GHJLGNk_.jpg,289,759,426,497,524.0,461.5,470,71
pJBhqdiCFuPpid27qUfyzlcfphkhDC.jpg,412,941,497,576,676.5,536.5,529,79
pjctY4R1hfWDg1J=grY3XHva64vPx.jpg,453,903,426,499,678.0,462.5,450,73
pJhhmI1C=4dRKVg7_xmxYniU1_7eEJC2.jpg,450,985,444,562,717.5,503.0,535,118
PjKO4JlQiwSGB9bl4o7BZJQKbRTNhB_L.jpg,341,731,415,480,536.0,447.5,390,65
pjMenXb2Nek=3CEbwRIYQnTxBtzE_r.jpg,393,867,427,519,630.0,473.0,474,92
PjmH9Uc_LdGNc8nBpOwvLZD=mr_eaJE=.jpg,393,804,414,475,598.5,444.5,411,61
PJOjm4c3gqGJ9mYQWHZ=taHfaXE1Nlq.jpg,326,778,423,492,552.0,457.5,452,69
PJp=TJIbLjohbZi57wTnBvYbd5JtYD_.jpg,397,803,416,482,600.0,449.0,406,66
PJT2NemQPb=EeTGjODwMsUQaetTNv6.jpg,359,824,436,521,591.5,478.5,465,85
pkDkCoXE5P2k86CuDShwT9urCz1aX66Z.jpg,421,843,421,489,632.0,455.0,422,68
pKFnMurJPc1GKMNqUffaROD1Yj8g1u.jpg,486,827,450,515,656.5,482.5,341,65
pkQ45lKoWvSitlBKj=9SJkWeTci6CZz.jpg,441,872,423,486,656.5,454.5,431,63
pkQ8rYHzPMcKPwgp__hEl=hED5FneSL.jpg,325,953,484,576,639.0,530.0,628,92
PKRC8UufmkpMWIRzEDs=Y_Us9EXk3F8.jpg,451,910,469,539,680.5,504.0,459,70
pKVpCIl8mg=EBuj4QM8c4XNUps6Ne1z.jpg,272,811,490,568,541.5,529.0,539,78
pKVxRZPpBL3OgI4yDir3i55GuCu5DP8u.jpg,438,889,465,532,663.5,498.5,451,67
pK_KnoYTUhSQb9jfzS2ozT352yZ_VTd8.jpg,436,841,420,485,638.5,452.5,405,65
pk_m5UrECVOud8ukM4GyBHIJf2XWueK.jpg,417,710,449,508,563.5,478.5,293,59
Pl2v3yteZxs1SCkfZQFh7WjFxQWgz8y.jpg,424,826,417,486,625.0,451.5,402,69
pl5l576m6t2GFGVDFJZ1akTyKb86qwq.jpg,391,836,430,498,613.5,464.0,445,68
pL5VaoQQ1lg8G6_6CrLdR1vR83zL9za.jpg,385,679,423,481,532.0,452.0,294,58
pl6E5l1RIE3rYZLOIFdwmXH86XPaN.jpg,370,907,461,541,638.5,501.0,537,80
Pl6Twewlg_LyXX1yrd8o4EWHuH34tJo.jpg,444,721,423,477,582.5,450.0,277,54
PL78aBedQk5ShgY54==G5vkqKBV6.jpg,406,932,452,532,669.0,492.0,526,80
Pl8gh=BQ6eIvsLCUKJxuZ7k8b4JjxCa_.jpg,331,743,414,476,537.0,445.0,412,62
PLaeMTWU54ji51xIT7FpMLr6lt=Qrgu.jpg,315,853,433,534,584.0,483.5,538,101
PldciinzIIut_6N4YoNc8ozur1griSr3.jpg,403,895,438,537,649.0,487.5,492,99
plikTvCuFmVCotwgBkyHqp6qHezB8n9D.jpg,266,732,449,523,499.0,486.0,466,74
plMw6eWlsHeY1xU6Nx6lqLTSQGJ=ySb.jpg,447,881,430,498,664.0,464.0,434,68
plnO8jwk7dB56Eci_TrampbZ8Ueork1.jpg,402,809,421,486,605.5,453.5,407,65
PltYlGepzlGkm4SRpdNT5yfDDRTK4Ex.jpg,343,746,421,484,544.5,452.5,403,63
PlXhh8uMJkd2nToaZ5VWjKeyzaPSVB6.jpg,412,791,455,529,601.5,492.0,379,74
PLXxxaWxsNuDXPiynRZNlyfSEjokQHoK.jpg,257,1014,529,635,635.5,582.0,757,106
pLYiKkYNvo=q9QjNr8TIMdw4Xqm=RkcY.jpg,338,866,463,546,602.0,504.5,528,83
pLylX8ygFPnY=CVxvQImZSfSMk6rDah.jpg,390,945,466,553,667.5,509.5,555,87
pM2vJhT34CEtSbbqmN87mobF6LgiZ.jpg,340,831,450,521,585.5,485.5,491,71
pM8Fzbo=HFIz7ZvNoHbv97n7khNqHL5o.jpg,455,871,420,483,663.0,451.5,416,63
PmBlmriJepaiBs5UFnaDdEluT6ZvwsTN.jpg,324,817,484,555,570.5,519.5,493,71
pMg858Gw=YmMFYWTzVN7waeumkSKlhuY.jpg,481,910,420,493,695.5,456.5,429,73
PMiJ4mzVwmdnlVTC_r2zBqqhje174yk.jpg,460,938,454,527,699.0,490.5,478,73
pMkaX8GCvdOY4LKrHLr=kl7vKVk=iH=.jpg,396,770,496,566,583.0,531.0,374,70
Pmlb9JUS=tXnuh4nwh_q7oRndiSN8kW.jpg,441,843,412,473,642.0,442.5,402,61
PMlp7FY=mWmoJsdQ4b4ebVty=Q8=MdZ.jpg,336,774,433,498,555.0,465.5,438,65
pMou7JZxkussTg5hbwHS5DVUow9hslT.jpg,471,888,423,495,679.5,459.0,417,72
pmR=S_8I1IRM6tqqrhux2lkL4g9otO2.jpg,425,902,435,510,663.5,472.5,477,75
PmtNphN7Eqx4nJRI6XjOKLayKwDOk.jpg,454,772,466,528,613.0,497.0,318,62
PMUvorHPVHs4bWCc=q1DwbcaC2UZQl.jpg,292,809,438,515,550.5,476.5,517,77
PMvmScaLV8H9F4GG8CTKNqEqtJwn=DQ.jpg,391,684,431,489,537.5,460.0,293,58
pmxzryMY98YaFd4a4cT2RvtpMoo4aySB.jpg,401,686,431,485,543.5,458.0,285,54
PmyHEjgQOIjmaqO_8S2sx9koOdZvv7J.jpg,418,747,467,531,582.5,499.0,329,64
PN2GCgNSO6C6KI8yS4U3RXbWFagT.jpg,401,857,438,504,629.0,471.0,456,66
pN9g4HFwlCnTEhlhFLViD8SYnIy3i8F.jpg,350,839,433,507,594.5,470.0,489,74
pNaH8tFP22ZM5cjULdIucOPxethRke9o.jpg,311,762,446,519,536.5,482.5,451,73
Pnd72itZDgmRrjEUyFpYvEtoFmjpQHp.jpg,397,794,418,482,595.5,450.0,397,64
PNFHqvSFc=lm=m58riGm2cuzX6SqrOf.jpg,419,823,450,513,621.0,481.5,404,63
PnGi8hE42HWfwrshcnf6=qJBRHS25sK.jpg,381,826,423,492,603.5,457.5,445,69
pngYSi9=P3WZxX3DOKHSqphJdyFG.jpg,414,845,422,493,629.5,457.5,431,71
PnrCInlZ5bF7sYuMdLXJsvxX3RN1g.jpg,409,841,476,556,625.0,516.0,432,80
PNspl=s5ol2xUjmCJDJMwTUBgZdT6To.jpg,446,860,442,504,653.0,473.0,414,62
pntMdKTd8e9l1yVbkSfhfuzWwkYQSj.jpg,290,765,432,502,527.5,467.0,475,70
PnufZxvXyxEQlZcE7mt663sSbP6a6zmO.jpg,460,937,477,548,698.5,512.5,477,71
pO35uqF1q=VW6gdbPKYG7P3LZR8lx.jpg,93,1231,665,815,662.0,740.0,1138,150
pO7MlpixIqrDBLSybVXGnQlJNoxvUJEv.jpg,358,927,509,596,642.5,552.5,569,87
po7rGLudNDlLv=sEI2BownU15j9W8QsU.jpg,360,778,422,484,569.0,453.0,418,62
POEpDvwnLc_wnqwgTOsVYYixW39beNPt.jpg,389,903,494,570,646.0,532.0,514,76
poQEE1=vMmvmIaIloTvWH8luOxxJVG2.jpg,417,849,424,493,633.0,458.5,432,69
pOsFL4uL_xcBsVu9Ekaz6HPvZwO3Hwl.jpg,464,737,425,478,600.5,451.5,273,53
pOWmEEvQLeLzpq1R1M25gMo_bcNrP_.jpg,491,923,450,523,707.0,486.5,432,73
pOwZXtwsm2z5FpNvyp2NVn4RJ1uGNvy.jpg,458,883,460,526,670.5,493.0,425,66
pOxGsmprLzpmBGpbQt7Xs1nEiCvyxc.jpg,447,773,467,531,610.0,499.0,326,64
POXPWomviIdBUh2_ReNqsPRQzyqYPlaP.jpg,315,782,459,536,548.5,497.5,467,77
pP2CrFmv=C6fHpgdu69ZUU2tgP_BO8EI.jpg,462,797,432,496,629.5,464.0,335,64
PP2uRdC84iG3pVXUUD=oDdlXXT8gh2b=.jpg,473,761,429,485,617.0,457.0,288,56
pp2yoTZha5G9D5ggZPNm=mUfqcfv58.jpg,406,981,476,563,693.5,519.5,575,87
PpdJqs2iq1jTRQIHWVmVIg2YySr3d5u.jpg,376,815,424,486,595.5,455.0,439,62
ppfZhnljjbBUmxzELVm_hJxaK2uc3tv2.jpg,296,808,478,555,552.0,516.5,512,77
PPGBbohd6fP2SnHIlluhjLZzYyKC6vQ.jpg,477,890,450,518,683.5,484.0,413,68
pPI16QEJJUw66723mO815JjqlNsD2Wx_.jpg,365,930,468,553,647.5,510.5,565,85
PpODTH63xRBQ2rhh9j2COHM=EoujE91.jpg,263,762,446,522,512.5,484.0,499,76
ppQ2rdNtdcjXs1h6BuWwpxCqcTyiexH.jpg,128,727,513,592,427.5,552.5,599,79
pptJJZDKFKI4TXXvh8wCHQ3k3Lw9W=3_.jpg,316,852,459,541,584.0,500.0,536,82
PpUwGWdIhdLkP1zU=Rr633D8_UHCV4fF.jpg,448,844,416,480,646.0,448.0,396,64
ppvhT5MQ2ePqXiF_Tlmg4F_ims23I.jpg,302,945,489,583,623.5,536.0,643,94
Pq1pk4HBOS=VoruYs8KJOfyBkWtnCrG.jpg,360,677,461,521,518.5,491.0,317,60
PQ6UUTlN=WD6swv2RGz1kMcJ8sEljFI.jpg,437,701,419,473,569.0,446.0,264,54
Pq7NP3pMevsmjroX55DcIiKvIyEUiWo.jpg,2,827,560,674,414.5,617.0,825,114
pQaaIc9m9CMJDYrxFtsUce7kyyILrLs.jpg,412,850,445,510,631.0,477.5,438,65
PQBYHLafPSeRVOxC52OGsYg3Co4I.jpg,294,891,481,571,592.5,526.0,597,90
PQBZ2iTquU9ii14jlS_UwlxmuFkh2Ok5.jpg,422,884,432,508,653.0,470.0,462,76
PqcNm=zJvYrWl=veN1KOV2XL24=1Frf5.jpg,454,858,446,509,656.0,477.5,404,63
pqIovw_xSErB2VR5mkQOwgBjTby_MmZ.jpg,407,831,422,502,619.0,462.0,424,80
pQj=n=nvvh1q8OclD7x9FEb6iM2tHlij.jpg,146,1015,563,685,580.5,624.0,869,122
pqJQb8yNNpDWpkhJbYntYrza1JHia_.jpg,408,756,477,542,582.0,509.5,348,65
pqM2o=EK8TuvZM2ffaT2yaYahd22FdWB.jpg,271,844,474,562,557.5,518.0,573,88
pqNJ52w6svyVbMPFqbRn7CiCtadbyg61.jpg,350,779,424,492,564.5,458.0,429,68
PqUjQTl5U5Iz2RltLr6FdqEw4y8Wo2hE.jpg,380,873,435,530,626.5,482.5,493,95
pr1C7ft27bLZP7dMXueme=RPpcdKqsr.jpg,443,865,421,495,654.0,458.0,422,74
Pr2gpOJFa4ds7dNgJypDcyQvOB7rLs.jpg,397,933,504,586,665.0,545.0,536,82
Pr2s_MvgrxpQEewPx9a_VQTlDQgjNaFh.jpg,469,875,414,479,672.0,446.5,406,65
pRrocYqLCWaTmYxf4kQvn6WVaObmdm.jpg,360,853,453,527,606.5,490.0,493,74
prtWiZQiYMuXyLrW9aCTp8XEhqIjO35.jpg,442,718,445,498,580.0,471.5,276,53
prytBIZ4sT7etEKKNwH2L9UthyXP4JJs.jpg,346,925,482,572,635.5,527.0,579,90
pRz7i9pSkW2DPKafKzrr2wyj4pdox.jpg,413,856,450,516,634.5,483.0,443,66
PS3jcOcZxw2hypHddJnCaUrkaGTUU9J7.jpg,337,864,458,533,600.5,495.5,527,75
Ps3t4UVcTbCY3Dwnkp8CrL6gLgI9R=T.jpg,296,811,461,537,553.5,499.0,515,76
pS3v3iWtCLo2GvuPB79W32WRfPMyUScr.jpg,369,801,422,500,585.0,461.0,432,78
PS3yspIEM8OGkqZdohhQjUakiZzoOYF.jpg,448,869,422,492,658.5,457.0,421,70
PS53HknkldNeynPYLitu3e18st1Z3vF.jpg,436,857,411,475,646.5,443.0,421,64
ps6qPjjXgPN7LpDYapWDFN5JkYQapGnN.jpg,451,918,433,505,684.5,469.0,467,72
pSG_OfnK6k7Ps4emUPMdI5FmODc6IQh.jpg,419,899,440,517,659.0,478.5,480,77
pso2Voo26rhIpjJH3V72wvPGl3fxp2E.jpg,438,898,472,539,668.0,505.5,460,67
psqKYUGBMEHI66ksJXshTtCUqJvW3L43.jpg,453,818,468,534,635.5,501.0,365,66
psRZuLvRfaxpMruOGvziibRrQEFRLyK.jpg,409,840,452,523,624.5,487.5,431,71
psU3aB1=UUfyyi3ZaY19T8grJ2RnnQd.jpg,505,781,411,467,643.0,439.0,276,56
psUlTtsjUePdqJDkT4XFOQn7lIFnwh6.jpg,446,872,440,506,659.0,473.0,426,66
PsvyGaMu3Uwbw5FDL7Qm8st1XrUYo4c.jpg,325,791,425,491,558.0,458.0,466,66
pSXFJ3nECypvPyNazkhky8LpdLsnVrd4.jpg,543,819,440,495,681.0,467.5,276,55
Psylig9BNLsIs9GFjWDjmBxoTvHXF5.jpg,343,897,473,550,620.0,511.5,554,77
PT2UvZsuFXOkEB=9cON=8YG33bJ=r.jpg,329,738,423,486,533.5,454.5,409,63
Pt3aumRdFpqCcwRHzavNDcPoRCC7YjCu.jpg,399,972,475,565,685.5,520.0,573,90
pT7=YI3=IMezyrmsnvh77csG=XRddKOi.jpg,378,832,429,501,605.0,465.0,454,72
ptbMaLkRdGhmgv3gTQmQJxT2xBf8E6zw.jpg,369,865,439,513,617.0,476.0,496,74
pTe=pr4FWaegEOVsjTjrkNnfcj_Tj.jpg,299,846,465,572,572.5,518.5,547,107
pTj5663qmrJP15YBUC7thZeU4z7Lv7o.jpg,172,832,500,623,502.0,561.5,660,123
PtMK9ySFGKrfiHwUrxC2iuhakMZUo7.jpg,102,1098,630,761,600.0,695.5,996,131
ptocnDZiaSNEtxx1wJrXWZxHmvuF67Z.jpg,286,855,468,552,570.5,510.0,569,84
PTSKLE3cck628GvW9zaoEkKzhv9IWpoJ.jpg,330,891,476,558,610.5,517.0,561,82
pTtLH=rgeMHWojmoSEismYSGDXWqNkM3.jpg,467,873,414,483,670.0,448.5,406,69
ptUM2t9ozoYgVQ_ksHp_v_gWY6PeRE4.jpg,379,1059,497,611,719.0,554.0,680,114
pTx_RBuXOdUdi_znCvjnnaGsKn_1p.jpg,315,1001,513,623,658.0,568.0,686,110
pTy6UdVoH63DKPkEqhrYXQgJtWKZxO.jpg,367,819,424,522,593.0,473.0,452,98
Pu41N7mRJal=P=i9RxHobH_PKyqlPLrt.jpg,494,766,436,490,630.0,463.0,272,54
PubWvdm4gkJw2D5aGNJFmO28ZkcViwzC.jpg,443,722,446,500,582.5,473.0,279,54
PucQt96aBG7HlI8LKYWov_gXllrdVj.jpg,414,933,488,569,673.5,528.5,519,81
puF5CteXO4TUbroLq5uDXJPtrf2mfkMd.jpg,217,756,467,546,486.5,506.5,539,79
pUGWPkiVM6Jmx=DFZLp1XeTZnevviD8O.jpg,412,840,425,505,626.0,465.0,428,80
PUIesMvBgaJmQUT3QoCFeJ5qPGi5Q.jpg,415,717,432,494,566.0,463.0,302,62
PUiiFs8rHp1b6Su_FsOExdkEMe9nOMW.jpg,445,882,416,478,663.5,447.0,437,62
pUkDJ3rrjTI2pCMaLdUhW6U_Sb14Gd2n.jpg,314,781,425,497,547.5,461.0,467,72
pUnmhe=Q1K4T1gf9FIbzrO6ylK17SF3.jpg,437,883,418,503,660.0,460.5,446,85
puO7WgIaLEd_kSrW_vzjykQ64B4WCYpc.jpg,350,652,425,484,501.0,454.5,302,59
pUoOQR=lB=Gbo9YvoJvWwc8NJLercCw.jpg,407,794,439,505,600.5,472.0,387,66
puQ8=kJuQ=5ihfdt7KwZwDN9OP2iDT.jpg,357,751,416,479,554.0,447.5,394,63
puQndx89F_ukRDlzYoY9GGxtBwL5MOr.jpg,308,752,428,500,530.0,464.0,444,72
pUrlUw=PsdEiQZ5pSD6Kr=gYdBMM1Xts.jpg,478,787,458,521,632.5,489.5,309,63
pUVqRJCCjbOeC5UGBrdgtyu8wnY8PQR.jpg,327,738,450,517,532.5,483.5,411,67
puztH7oTo5lq9vyIcytdDiGT9au8pu5D.jpg,421,720,434,494,570.5,464.0,299,60
pV1TBna1O=SCWlHuOt6QRV7PfcDzbL.jpg,381,812,418,481,596.5,449.5,431,63
pv6=d7TZKfLOU6V4zL9SPhJBeheMxW.jpg,406,858,453,520,632.0,486.5,452,67
pvaraYVGkJHHcZzzFkM3Edfd7C=PQ5.jpg,420,874,458,530,647.0,494.0,454,72
pvbYsasj1EEBpenebRujkeehFL_YBt.jpg,282,800,460,535,541.0,497.5,518,75
pVC=eTUE=ipwC284WaHUrFQGeSj7.jpg,283,1101,566,685,692.0,625.5,818,119
pvDtChN77nxVMfBtIWt72VgIaZUYix3=.jpg,289,762,439,515,525.5,477.0,473,76
pvKmMuV32kZxTLY81x1cGVlLSZa6sBWE.jpg,404,826,417,481,615.0,449.0,422,64
pVMRLUwPTgKuVgKzeVZfGiXZTSEn8C.jpg,433,851,443,519,642.0,481.0,418,76
pvpxuxxSY2vONOsuYcjfJzk1=7Py=tg.jpg,310,761,431,505,535.5,468.0,451,74
pvtSZnKi=qggra6TSUERsIj_SzXTzPtV.jpg,392,845,430,502,618.5,466.0,453,72
Pvv=RXF4eRvwED=POpSzLXf=ZFZfuX=.jpg,453,953,482,561,703.0,521.5,500,79
pvyRp8YqdMVK_QpNzTQvVw3BDksUZfi.jpg,382,806,444,503,594.0,473.5,424,59
pW4GN=5afs4vD_482PXEQlnore_wif.jpg,371,827,434,503,599.0,468.5,456,69
pW4uHtx34D9UJB3e6Geqg2CzTlQ6tvh2.jpg,242,1150,590,719,696.0,654.5,908,129
pW8ezu15TIduBtj7Hzyt7DVGS36Gbd4H.jpg,244,848,433,546,546.0,489.5,604,113
pwgKub=l5x5QzWPETi1EXrrRHPuYxtEf.jpg,274,791,462,538,532.5,500.0,517,76
PwIwDpCwN_y_jbUQYZYBgkSaFsbK2.jpg,332,750,416,479,541.0,447.5,418,63
PWkbRcp5d_9trx11iSNWNEHBZh2tzqa4.jpg,445,788,434,504,616.5,469.0,343,70
pWmC9Ce1VG2UwRS1yhRpjzkJ=3Mp39xD.jpg,399,852,424,493,625.5,458.5,453,69
pWNb5Xj4pRqPopHW4rYflZrm7us3tl.jpg,441,782,443,505,611.5,474.0,341,62
PWQBw4Ef_EmJPGRsTC9MBSOwkBFj2F.jpg,352,743,416,478,547.5,447.0,391,62
pwR4v_VzUJKDBBEL3MaUJETKsy9yuP7v.jpg,478,873,507,582,675.5,544.5,395,75
PWTbsSHqorJLOJlCm3=x9xlN3iM3CK=.jpg,401,830,425,491,615.5,458.0,429,66
PWtSoEs1V4Mtq1vOp88n_C73BpQtqoJ.jpg,292,923,491,585,607.5,538.0,631,94
pwuCbMYnCx2DdbKeODcVfVjejBEuT6a5.jpg,445,870,443,504,657.5,473.5,425,61
pWud4uaZyNPw3gKDY=yragsL1iiwcz=.jpg,443,891,466,535,667.0,500.5,448,69
PwwTL_b5Oy7cdtXXo9ruxOnCe4iVPpvC.jpg,360,932,486,572,646.0,529.0,572,86
PWXclXkb_IrDDXhJLYQHkKSilvDVCFL3.jpg,444,893,465,532,668.5,498.5,449,67
px3qms=ZrzIgE7xuH3ckzCKc6TKHqe28.jpg,215,812,484,584,513.5,534.0,597,100
pX7Q8EPyvyMJnMuOTt5R7s1VpGhiE5s.jpg,333,861,509,582,597.0,545.5,528,73
pXD2Y1KRPCmkhDUUTCTacPxWILyIN4.jpg,400,787,414,478,593.5,446.0,387,64
pXdld=LFCwzQNaEGCNi51gGz=8n8RV.jpg,354,842,434,526,598.0,480.0,488,92
pxlSCsgqayZwxO6Px6NKZxdmdQpukXQX.jpg,384,863,432,511,623.5,471.5,479,79
pXT7o_5xDi_872TT51246Y8R3Ya2ydz.jpg,397,866,424,505,631.5,464.5,469,81
pxt871vIr1Bfnv5=GiihD9Sj4hmQ5GH.jpg,446,869,422,493,657.5,457.5,423,71
PxvMMr6f=zltRdJuhjiNRDo6QXgY6vF1.jpg,467,929,438,509,698.0,473.5,462,71
pxYbmhZal=YRDb5X2qpRcTdyXRTpLQ.jpg,393,839,430,500,616.0,465.0,446,70
pxZ68E7vvRzuSkGMhzClvwWJCOQX=4xv.jpg,396,943,510,590,669.5,550.0,547,80
PX_wmU3wfQwmegHn7UOGWrrI64x4CFC.jpg,292,765,475,548,528.5,511.5,473,73
PYaaKUqr5M21dm54vXCYCYsohlYscEFK.jpg,295,1057,441,595,676.0,518.0,762,154
PYaQZCS_6HCpSM3nNZ67NmRu7d3gL2O3.jpg,395,805,519,595,600.0,557.0,410,76
PYLVIzlSpeg9UpJgcmTHwYrYkFPQJE.jpg,337,761,419,488,549.0,453.5,424,69
pYohmgP6yLR=G1tXKbxHPXt2PYGTKsvc.jpg,384,807,417,479,595.5,448.0,423,62
pYo_7JT2MPcz2BeCfTzbH9I6twv9oH=D.jpg,398,713,447,508,555.5,477.5,315,61
pYqDU8zwh5I3ucnEWv45U5qMwG8Zol1.jpg,315,971,490,588,643.0,539.0,656,98
PytV7XIb5wbqV4SPY_=Etyt7nr=M6W8.jpg,395,809,411,474,602.0,442.5,414,63
pyVneN4ML__n2rroeNxnPuNZtiVXWsS.jpg,413,854,424,495,633.5,459.5,441,71
pyWn9YhGCSh8CSe5gC73daoIpRFhx9wD.jpg,130,956,550,667,543.0,608.5,826,117
pYwONnM6dq2XtBUzMu=urkcmX_76j6.jpg,416,919,433,520,667.5,476.5,503,87
Pyxg2W7MRoG_RSUaJ9GrQD8bG3J3dF6.jpg,237,771,472,548,504.0,510.0,534,76
PYyWNdjBQUbN2PnF62CmXDfox28Bb4.jpg,465,741,434,490,603.0,462.0,276,56
PyYzeV16esIrUuvC3qnw9pWJ92Xrhi.jpg,453,808,492,559,630.5,525.5,355,67
PYZsQemQzi8sOc9ryC2uVGgkx6MwX=q.jpg,451,806,462,527,628.5,494.5,355,65
pziyLWnn6vdsmvpDHPgskYJvG7W3Tk.jpg,373,659,416,474,516.0,445.0,286,58
PzosyzdW3sPyCB5QLwi4pOUBIva_g1Mb.jpg,458,868,410,477,663.0,443.5,410,67
PZpMwRFFutTG4RSRthXNs_iEzbhtayE.jpg,446,742,424,484,594.0,454.0,296,60
PzrWta_URNgL9Q_j=LWXW4J7bq49_.jpg,350,967,414,533,658.5,473.5,617,119
pZXcLoY3EK3qBhfPI518gSwzaOnTWj.jpg,360,842,444,514,601.0,479.0,482,70
pzYlDWHqWazKsPWd_sSHYWjh=gUbab.jpg,321,798,448,522,559.5,485.0,477,74
P_CrZR9VHC2VDPPMfW2oGr7YJaQQ2bBC.jpg,461,779,461,523,620.0,492.0,318,62
p_MYDarvucUCEZLWHPovgg4i8h1iGB6.jpg,402,902,484,558,652.0,521.0,500,74
p_wzp6BPGLGqy23IrcGdMxD9671C=R.jpg,433,743,458,520,588.0,489.0,310,62
Q18UnRKqzeU4OmUCTrCK=4eiIHcqhZ9.jpg,400,821,421,487,610.5,454.0,421,66
q1ejbV5=XnJ=8Io7qMHjSphwTffuD2Q.jpg,490,854,472,533,672.0,502.5,364,61
Q1q5qkMUljN=dCSuQcBBxYcYu4pIzww.jpg,413,835,445,507,624.0,476.0,422,62
Q1qhJThJLTmV52vYFVnlT5HcnxJXGgt.jpg,376,862,440,516,619.0,478.0,486,76
Q1u4mfDt5_QNmfWp_uSmzJ3DQRkjZSv.jpg,379,821,450,516,600.0,483.0,442,66
q1Uex79Nfd6WTfq=uT9OW8CvH95la5.jpg,438,716,419,475,577.0,447.0,278,56
Q227oRbPQOlvF1FCnp5qtg=W8Im9B424.jpg,400,807,422,485,603.5,453.5,407,63
Q248jnEwUFXpCJeuInCB9aiUbku4NJE.jpg,371,781,425,493,576.0,459.0,410,68
Q24LMG1YKyOHnDGl_9mdv2iyKLjTqgh.jpg,424,838,450,514,631.0,482.0,414,64
q26BWNqmmQfGWWBwkLYe6I3qUx2Lrr2.jpg,464,890,429,493,677.0,461.0,426,64
q2I5F3zh5KbY7uK_QQqn6QpnEyi9eW.jpg,414,845,448,522,629.5,485.0,431,74
q2iVwyxFz9=Kj6G_C_mrY5isg8dad_tV.jpg,270,916,505,594,593.0,549.5,646,89
q2kUsDjd6bsNfsBTTVuI7wmVjVmwisC.jpg,519,868,464,527,693.5,495.5,349,63
q2kXuZNgHX2Pgaoa6JvB_TF2BGDc_o=F.jpg,424,1011,519,604,717.5,561.5,587,85
Q2MCD_kJBpqExtgRKn8oFLipP4aDQxv.jpg,421,849,423,494,635.0,458.5,428,71
Q2q61hk93ojcv9cTuxUpeUZNqqK4w9r.jpg,380,864,447,522,622.0,484.5,484,75
Q2Qs3ClNPHxpDtCl2u7v_If91uJ4y.jpg,443,828,512,583,635.5,547.5,385,71
Q2UFmq5eqIY7OWocu3ujyxWiQ2eMJxMd.jpg,461,867,419,487,664.0,453.0,406,68
Q3EZ=aQJf255dvvsQjCPhSoCHipPi_.jpg,391,809,417,478,600.0,447.5,418,61
Q3I8IKKKNDtStCEvZKL33nGC8j3wYR.jpg,426,830,422,484,628.0,453.0,404,62
q3Si=XhIfJaKzRnvOibEbVgUQpd7nv3.jpg,420,705,433,487,562.5,460.0,285,54
q49IvuQeOlxyDiBJnHcNnHyNvE5DZBs.jpg,392,974,476,560,683.0,518.0,582,84
Q4dM6bJ_cpeZn5kVIuuby_HlSj7SfV2a.jpg,333,740,447,514,536.5,480.5,407,67
Q4k9D7e7LOjOceeUNc792zvLe_vXkhc.jpg,452,878,444,507,665.0,475.5,426,63
Q4M6djKvFUHCPDzP77iEejmuPLBkUd.jpg,404,817,414,477,610.5,445.5,413,63
Q4Y9t_bv_pcicNCTlRpyW1qySjURJ=UJ.jpg,424,751,453,514,587.5,483.5,327,61
q4Yy7=tFBUE1fbrfJz17b6YEoyvUOLBb.jpg,364,771,453,526,567.5,489.5,407,73
q53IjXDRpHx=wUJOthIUFqKjxYRE8PH.jpg,239,1148,560,704,693.5,632.0,909,144
q5BXssHX3O1CUMdtBq7bjh9jy3JUjqrq.jpg,502,868,468,536,685.0,502.0,366,68
q5DWhElRRDi8iGO8wQWsoDBKs6OgpgW.jpg,508,803,455,512,655.5,483.5,295,57
Q5f9VteGgduCnWF=P_LWfCb2pk3Ywtk.jpg,320,982,495,604,651.0,549.5,662,109
q5PZybfsGVuqgfDIxxg8wf6wKOT9JSD.jpg,430,891,435,505,660.5,470.0,461,70
q5RKwYBESO4y7HSwf5jeS5D2L3QnEo7.jpg,319,911,478,571,615.0,524.5,592,93
q5VmX6vTJ3Bsh=Iw1yhy1qRbRSTtKCmE.jpg,443,823,511,579,633.0,545.0,380,68
Q5xST3qOr8DODZl543knCV1o_5h9xsv.jpg,485,897,421,485,691.0,453.0,412,64
Q5XZQHPbBrxzFjYTnoTwThOzoxMBYnIa.jpg,327,938,483,598,632.5,540.5,611,115
Q5_5NlnjLCl2iX2Qst8dm=oBSggHShp.jpg,506,1044,444,549,775.0,496.5,538,105
q611rq4ZC4zfJnESfeR8Z2jTxy_vYUR9.jpg,394,852,465,532,623.0,498.5,458,67
Q65X5ae368uZdDqY7gelzb7jNxergF.jpg,328,1056,514,626,692.0,570.0,728,112
q6cMDUp9OP777Zft9XSDo41pvmqWrJw.jpg,421,901,440,514,661.0,477.0,480,74
Q6cMt4KeVyJtTHILLFKIXKi1uB7TRss.jpg,411,836,423,501,623.5,462.0,425,78
Q6CpiteKuIT2xTYYkwvxv2tJe7KDx=.jpg,437,778,430,495,607.5,462.5,341,65
Q6mC8IwxWQ7C9FPk1YKIE9tHvkS2B.jpg,511,973,431,504,742.0,467.5,462,73
q6_RFq8g3puXPRCYxf6Uvk7FPDsaZ7.jpg,419,985,470,555,702.0,512.5,566,85
Q7WsRrjUM5=wkW5SIBucBO1XV5sxmMw.jpg,414,838,416,480,626.0,448.0,424,64
q82rfIJ2nVj7Y2kwQn59gwteLqk1EX.jpg,371,971,519,607,671.0,563.0,600,88
q86udBgvuoNT2PHGXTuF6GnV_EvWmLiy.jpg,305,840,481,554,572.5,517.5,535,73
Q8aPg48wTRQQoqMEh2VhzR6kPRndt_Df.jpg,413,812,417,481,612.5,449.0,399,64
q8dSI=MhY9VNp7rknB5e7tuRlZCy3Bh.jpg,344,830,475,550,587.0,512.5,486,75
q8IDEhd4yS7yMt7HsLulycYKD3fot4.jpg,426,726,455,515,576.0,485.0,300,60
q8jTW8SGb9GyFNHJIB7daDocWX7jNHvP.jpg,416,860,416,480,638.0,448.0,444,64
q8SSNkLRV9GNr12BvwOGxtFQoO8Oc2.jpg,443,891,427,495,667.0,461.0,448,68
Q9Caw8JyPidSG5JRfcHwpGLD2GnJ3KJ.jpg,314,783,452,526,548.5,489.0,469,74
q9crUYWkyjzPJWfRF=VPqaBSUREqOFwT.jpg,351,782,420,485,566.5,452.5,431,65
Q9hifhDNBOBnkQM=VcDmqg=HS87F117y.jpg,437,929,444,518,683.0,481.0,492,74
q9M4NRKZpTniSJtIZntyrrBrTyM7rQ.jpg,449,889,454,523,669.0,488.5,440,69
Q9QV19VhLHxkMeGVpP4YeB_CE83UKL.jpg,321,747,419,484,534.0,451.5,426,65
q9rOvaF=faIyPpFivRlY1ZB44ngiGY.jpg,434,789,455,524,611.5,489.5,355,69
q=2dCEnvDEe1nycDiiC8xpxr4NFvEjl.jpg,438,734,436,496,586.0,466.0,296,60
Q=C52X6dzLpk1cjSv3IC6UNoTboVXTR.jpg,437,954,493,570,695.5,531.5,517,77
q=evIzJTTf69U6Jo_fI4aZMbECrCgE1.jpg,479,911,421,493,695.0,457.0,432,72
q=F1m1w34FjedrM4GtwrqeeTE6FBbMO.jpg,376,877,442,513,626.5,477.5,501,71
Q=jpz4VbI4VPVKa7hcZqWdZ1aamQ28KS.jpg,318,784,434,508,551.0,471.0,466,74
Q=l2KlcKacE24YWDB3HoJB8NDBSzHb.jpg,283,882,476,585,582.5,530.5,599,109
q=nOmZgxhsVEuu8=NWjoL7Zr4q6JL6j=.jpg,395,819,428,498,607.0,463.0,424,70
Q=npNszenLYhQcviF1GSg5Nvtzv6U_.jpg,410,1052,500,610,731.0,555.0,642,110
q=pLDiOMT8jw8VsZUPgkmmcRkjWh58.jpg,308,747,433,498,527.5,465.5,439,65
q=xnQEeFqiLaP1p641CsjLCcQnczMT7T.jpg,447,763,451,507,605.0,479.0,316,56
qa7rpHpqwx89H45=EJuiylj4Z4hDvFey.jpg,326,752,447,511,539.0,479.0,426,64
qafJVQuXi9csQEfjch8x7vPGfh7WwSxj.jpg,412,885,424,501,648.5,462.5,473,77
QaiEH7JvZOByeQkUMKq5otXRyFIOh98i.jpg,273,796,457,536,534.5,496.5,523,79
QaJDBuUxLcOSYyfvQ8xTtVgplgFMG.jpg,488,996,485,565,742.0,525.0,508,80
QajNaM2mgLGvRVR_PKyJDGFl_q4Uf.jpg,335,817,474,549,576.0,511.5,482,75
QajY3erWXzqHecBH7GGxmnb3MO9tXTG.jpg,413,802,415,479,607.5,447.0,389,64
QaUFPEOY=jR=VHs5WwCJc82LuaYMBhpr.jpg,418,967,470,553,692.5,511.5,549,83
Qb3bQ5dOGMkkCurrQJuvYfpVJYW1FN_R.jpg,473,934,465,543,703.5,504.0,461,78
qbBy1k2WPfCkDwohgmCz46tlSjhfG43.jpg,430,876,403,483,653.0,443.0,446,80
qBiauox3R2KqYboar8YTGK_SICk4Wn.jpg,399,891,476,553,645.0,514.5,492,77
QBIL6jdQuwc7_t_yNegsVdmnrmN_CDH.jpg,205,1180,591,729,692.5,660.0,975,138
QBJdYZt324FuQG2q8i6Oa=lfc=vWSrVa.jpg,377,802,420,501,589.5,460.5,425,81
QBjxLgq879vGclVOQDz5RCTHMWoJldB_.jpg,423,834,424,488,628.5,456.0,411,64
QBk3LXOjTxKmCBlXJIuZkzKKPYYYbfVD.jpg,301,787,433,508,544.0,470.5,486,75
qbmMismzyya9lPlwT9maFom32RY6J9R.jpg,417,765,485,549,591.0,517.0,348,64
qbo=sXOm2z4hsX32RRoTOE4bsBdJ49.jpg,306,853,511,587,579.5,549.0,547,76
QBoDyoiRmHF=Xrf7sNfUroxOhLlsbypE.jpg,468,782,443,503,625.0,473.0,314,60
qbOEdS2DDTQZYsET6mdOhnUsGeTTlqm.jpg,474,893,452,520,683.5,486.0,419,68
qbohu1SCcaGep3DudLYoI4cmLIBtE_a.jpg,389,835,437,503,612.0,470.0,446,66
QBP2JLTRmNeY9bofrbzRCBXZBT8u6zuz.jpg,331,1079,520,630,705.0,575.0,748,110
qBrXrJyuMNdI9LSHlHTv1pfmIaJfBwr3.jpg,274,805,488,569,539.5,528.5,531,81
qBseyEC6eONoMSB6kUdiQdTvEdhfeF7g.jpg,344,984,544,635,664.0,589.5,640,91
qBxhkVH8MnPGqnehxbO4HixGDIGKeO.jpg,364,820,425,490,592.0,457.5,456,65
QbxZX3cEdSIKi9lv777ZfStZhSzXEKOU.jpg,354,986,538,630,670.0,584.0,632,92
qC6VjNE4GOuvqsB5DSLEjeRq4Q6oc5cO.jpg,469,762,449,506,615.5,477.5,293,57
Qcc7WX95XLiJwTLsgPpKm=GFRU4EB7SY.jpg,472,765,455,509,618.5,482.0,293,54
qCCM3dG4iIyZlIoU1lm1T=NG6cQEbXSO.jpg,255,807,480,571,531.0,525.5,552,91
QChlc=bDCEoXHtpfxxQtpJ=MK5d_RWz.jpg,336,752,423,486,544.0,454.5,416,63
qCkyh4NwGkkx7QEQJf79f7mgzhrZ3_4k.jpg,309,820,438,513,564.5,475.5,511,75
qcnRmlIu5Cz_o3u=V=BOT5fJZSe8y_in.jpg,347,880,462,540,613.5,501.0,533,78
QCOHgOGPSV2b2JLNeUFtTy1_LKeix_FX.jpg,349,847,443,521,598.0,482.0,498,78
qcPNCSoLmQZnXD5prGhNnUNs6wxWoT.jpg,541,928,407,474,734.5,440.5,387,67
qCvw2kXXs5k3soagKqj3YlR1En9O=oey.jpg,433,909,437,530,671.0,483.5,476,93
Qcw_Ixzvsd_yfQwSL9YvQGcdSfka9Iiu.jpg,245,778,446,526,511.5,486.0,533,80
qc_gg7BsEDXs9BpVzEx5DWvK_UeyRC.jpg,379,1051,504,602,715.0,553.0,672,98
qd78eQ4wXkdguCxaJ=lHxjUS8G9tR1.jpg,412,847,419,484,629.5,451.5,435,65
qDcV52UPadmq_vL_UqsqdhqMXz12ESt.jpg,288,789,452,528,538.5,490.0,501,76
QDIfHcqkuIVWOXEBBcq6pGL8o8b3LOqb.jpg,448,769,443,502,608.5,472.5,321,59
qdij6n__CK_g7NzePXb7JDaBGCcmpot.jpg,434,717,425,481,575.5,453.0,283,56
QDX7a1EDKKhYBP5Mex9Rh9pB_64nVK=.jpg,358,778,413,482,568.0,447.5,420,69
qDy2CczN96WqbvCO9OkxavGGT5PSu.jpg,473,817,483,543,645.0,513.0,344,60
QE4ffTO7dbsia1NMQhVQ2sGeYyBYL.jpg,457,877,419,489,667.0,454.0,420,70
Qe962C79V1tNT6_5rksnQRxZoF63NnM=.jpg,443,882,425,497,662.5,461.0,439,72
QebUnjeBxvVDWVH6wYHKG91iv3pB6s1D.jpg,453,847,439,503,650.0,471.0,394,64
QeeuEweijbiWM7dbPMgM=_YLcPShUO.jpg,401,889,447,522,645.0,484.5,488,75
Qeez6c3fx=wrzL5KMzXo6k9lFqc15s.jpg,363,899,462,537,631.0,499.5,536,75
QEgCBk53y8HUsDqW=KdZCUBrXBniGlhZ.jpg,475,867,416,479,671.0,447.5,392,63
qEiR1vc1SYam2h2wdaQsKeJ4wzPkiWb.jpg,337,666,450,513,501.5,481.5,329,63
QeKgfIZrNQTzD5tWefIsH3L_X1fgU5.jpg,351,895,467,542,623.0,504.5,544,75
QenXDmdb8LPS2oMI=LQwY67XYnSmWtp.jpg,394,822,423,503,608.0,463.0,428,80
qevfhpZKNtzmuYCeNhgshmc=4g=tuU.jpg,487,802,464,526,644.5,495.0,315,62
qfbX=p=n8HbGLgh145Jcx9OzC2ldctXO.jpg,343,822,441,511,582.5,476.0,479,70
QfCpfWiMtdvmOK2ujpFFxrEiHqNhvOa.jpg,457,907,459,531,682.0,495.0,450,72
QfEhjLbxD=LHhhxYnGE1dzjCYEEbMpe.jpg,424,887,450,518,655.5,484.0,463,68
QfRKm3CZ9UuvvXSJLIRtw6WGRM95yM9g.jpg,404,910,459,534,657.0,496.5,506,75
QfroPlOpnJrQWl5mRjQJp8JiUgCyw7Mi.jpg,488,874,412,477,681.0,444.5,386,65
qFTHLaBWyw=xRi3pGGHDiBScSoGoFCu.jpg,355,876,456,534,615.5,495.0,521,78
qFuvG9MQii_9ejubNJZIj_vp_EJt_qP.jpg,400,898,454,542,649.0,498.0,498,88
qfwaf=W3ImJkSSmnNcEQ2FxGNGUW_mS8.jpg,378,861,425,497,619.5,461.0,483,72
qgauC5Unz6nRUiV8WQ2fXNN_5LOFFDm.jpg,522,934,442,513,728.0,477.5,412,71
qGbfa6xaQQsqM31jzemhzxiYxPTHrh.jpg,420,810,420,481,615.0,450.5,390,61
QGBQI=4i8xu4Y9LB=NGgYpo8n5iStOCn.jpg,404,812,443,512,608.0,477.5,408,69
QGdnfMgucCNTKNzWvgWxOWFERbFUOkUK.jpg,381,778,419,482,579.5,450.5,397,63
QGfPH2wfPZ3Tma7NwDvnCnZU=5yrED.jpg,409,957,457,535,683.0,496.0,548,78
qgkJ7xS8JImCGrNeygwdsZUFCG6IvHC.jpg,402,851,431,499,626.5,465.0,449,68
qgMEmE_bIIrH3=1Rh7Tvz4qKrV5gRu74.jpg,420,860,430,507,640.0,468.5,440,77
QGoQtu9_nIyx6oCWiT2dZF27vlpuB48F.jpg,384,796,416,496,590.0,456.0,412,80
QGpN3MuJ6UDw4VZO64=G8IjiEWYqPWHv.jpg,403,960,508,593,681.5,550.5,557,85
Qgt_ZFIgQKHhEJrpCwnh=grfxY1zOf.jpg,435,821,437,503,628.0,470.0,386,66
Qgu_VNh9jHJIyyd2ysjF_91NSVuIEUus.jpg,469,915,458,530,692.0,494.0,446,72
QgVjU5vdeydYhezXuxSLDKpOXyGQ4Rbo.jpg,458,908,434,505,683.0,469.5,450,71
QgXVyWbncM8J_urKgZlRZKUNRFmOTzy.jpg,401,925,450,534,663.0,492.0,524,84
qGxYQPu5M9jJxo_IwXbg=OsUCR_8VZJ.jpg,315,804,454,527,559.5,490.5,489,73
QgzjXu2IiHh8UIZ=WLLqr3LjvqQNsGw.jpg,406,891,442,515,648.5,478.5,485,73
QH8zEwcu6KKtIi3BJebwUCxHD9qM2Db.jpg,466,888,450,523,677.0,486.5,422,73
qhgodUvfV2eBHvehgacjBY_=cCuuPg.jpg,410,940,460,538,675.0,499.0,530,78
qHMKrBXo3eWHaBkjrrDodE4Wmjv3jYj.jpg,388,868,434,527,628.0,480.5,480,93
QHmNxaWgvo7JRWYptLYiqEKXrbQUvXfR.jpg,347,732,411,493,539.5,452.0,385,82
qholeNtrR=brNwi=sIoye1KWNZkcbYey.jpg,406,805,418,481,605.5,449.5,399,63
QHQ_XBfsjYZmP3aq5kOJEUS8dUaOV9.jpg,407,827,424,491,617.0,457.5,420,67
qHtn2ITKPWp2q369hDIkk5vDtqJBBKpO.jpg,327,752,422,492,539.5,457.0,425,70
QHwtFSgfF3S1RHUyEV35x2kvaBFZ3=nN.jpg,393,829,466,533,611.0,499.5,436,67
qhXtxEbGIJSLrmztjtKRCqxyV2JpodO.jpg,403,842,420,483,622.5,451.5,439,63
QI9fNyD9fsUftwmxlIP3pgha1UgB5MD.jpg,402,808,441,503,605.0,472.0,406,62
qibPBv_s1PDtHRr3EZEnjhlxwzwHoGh.jpg,322,911,527,607,616.5,567.0,589,80
qIbqvKZ7=timCOV2_dHmzESRIeaKa=D.jpg,348,857,468,547,602.5,507.5,509,79
QIfaIdBHxhX7V3Ofrd8lQ7RyQSKshr.jpg,434,766,477,540,600.0,508.5,332,63
qIIZ68mJ=25WroGOH7hUJVqYuOU_eXo.jpg,314,799,446,519,556.5,482.5,485,73
qIJdDo9DEFSVvgnoVhUfHO6q5Q3MBe.jpg,278,806,473,547,542.0,510.0,528,74
QIJGc5pUUlH1uqO=fDlCgRCysJFvmbn=.jpg,342,780,431,505,561.0,468.0,438,74
qIK1jDpucQwJo9qkP5=eh9JDk3SjCgla.jpg,400,874,428,498,637.0,463.0,474,70
QIkVR7C6vYO=NX=m9t=3_HfRIJvMtym.jpg,437,826,414,479,631.5,446.5,389,65
qio=N4FlcrNIwoHklLfylthhUIVmtFC.jpg,323,778,428,497,550.5,462.5,455,69
qiOwjZHfLGamV8zOvBtgyI2XBES6j8k.jpg,175,788,517,606,481.5,561.5,613,89
qIp5H=UedbesvYn5kLg4NzPC1xRuMCDj.jpg,422,948,489,572,685.0,530.5,526,83
qIPVIhWUu6L2uHXDNpRqZKSWFqGXRt_5.jpg,322,755,422,492,538.5,457.0,433,70
QIqL4vO_RzwI9tcRtrO8q2g3c8Sfj5kl.jpg,460,962,482,563,711.0,522.5,502,81
QIrWCWqet4CSLDsMn=1U71=PQxGnZ.jpg,430,813,435,506,621.5,470.5,383,71
qIscxDz99P9nDtBuh3gnqBBoqdn9ke.jpg,424,712,426,486,568.0,456.0,288,60
QiWSHgkqsggKN7wslcRgQYn1uSmXhNK.jpg,445,752,457,511,598.5,484.0,307,54
QIXoWKT9LOo=uPGkkc4tPhN_fbSfTIk.jpg,433,911,484,556,672.0,520.0,478,72
QI_R9YpGHC5sCvrxGBI88rr3kLMtQnr.jpg,377,830,441,512,603.5,476.5,453,71
qj1J2mzRJYat4SBvqcdVvcBvgPY6=LvX.jpg,439,849,448,516,644.0,482.0,410,68
qj8PlVJWTeUZKwbzcodJRfQGRWCvB6.jpg,435,727,433,489,581.0,461.0,292,56
QJaaHE3yGNHCJ9lm3CfweH2q9rjZauyu.jpg,348,869,496,577,608.5,536.5,521,81
qJCYVeSpujhsZ75gnJVRGPZZ4mqN4XQ.jpg,378,767,413,478,572.5,445.5,389,65
QJFJaJ2deYQnTphTFJPCkmxGMSoexUVJ.jpg,330,764,422,495,547.0,458.5,434,73
qJI2EphP_S3LE4tKb44JraC9ihbKbFZ.jpg,354,933,471,558,643.5,514.5,579,87
QJjlCtJ8KeXe=s3Cih5Br_G6Hp1k3xQW.jpg,392,869,472,545,630.5,508.5,477,73
QJkDlQtlUp9KRo2Ba4wM2sX_oXyOFa.jpg,333,797,459,529,565.0,494.0,464,70
QJknRdRSdbcJDu9dh4CWZwYFEmjNOUa.jpg,333,753,413,473,543.0,443.0,420,60
QjnWTmBWz6x5Pz1I3Upwc13VwNb=wNN.jpg,384,768,411,486,576.0,448.5,384,75
QjYWMD9SZzvhEORNvmPtuHZLFN5JuktX.jpg,432,904,472,549,668.0,510.5,472,77
QJZ9MZGyG1OqKgWzzLnu7oxxDXgvhV.jpg,384,679,435,494,531.5,464.5,295,59
qKcXLDmpX6tSEDLU1pDCZ3qUsJ_63q1D.jpg,503,783,423,478,643.0,450.5,280,55
qKTRoLmEXENPN3cb9JIJ36u4dzNPce.jpg,392,792,447,512,592.0,479.5,400,65
qkUlSJXtODVjD7_InWrIJ=HkLJMFsH_V.jpg,417,823,410,473,620.0,441.5,406,63
QkWRNMPBZDiwyKdaIJHb6BL6=auURD.jpg,417,830,413,475,623.5,444.0,413,62
qKx4kWq9Imao1sP65VRk_D6rB_7fJFFn.jpg,369,915,498,579,642.0,538.5,546,81
QKyhh8JnZHVKLRglgcmKe1ap2bkzPNMe.jpg,190,987,540,651,588.5,595.5,797,111
qL5jbEFFouJ_X2tjI1GJOhqw3q3vqyHK.jpg,364,873,448,525,618.5,486.5,509,77
QL6_VDTRU14Z8IpYVNq9Pa58v7XYOjTB.jpg,446,877,432,501,661.5,466.5,431,69
QL7rbl7GWX3kY3hsyn3ZKhvJX7lvwJI.jpg,402,877,427,500,639.5,463.5,475,73
QLbvqhw9btF1QsVugQEey1RNffQ=LY3t.jpg,459,792,451,515,625.5,483.0,333,64
qlEZXKhhkrmRfcz3aInpErGVUeBVm.jpg,327,869,475,551,598.0,513.0,542,76
QLi1W9B5DUU6MyacV1H_Kmnt55PaGlcU.jpg,493,821,476,540,657.0,508.0,328,64
Qlo7wppVk_KyzTyzWljsSM85h7Mywrbz.jpg,346,872,460,539,609.0,499.5,526,79
QLOtlc7qU_b6T4ydG4NvTD7gTD2h7Kj.jpg,421,832,425,491,626.5,458.0,411,66
QLP2qdZz_GwwV7lFzc83R2doC=bTCsa.jpg,362,841,446,513,601.5,479.5,479,67
qLPNi3dtooW32zOjIjmxmM1rZvrQmrpw.jpg,277,935,496,618,606.0,557.0,658,122
qlrkQG=LUTQRnhK7u32vwPZctnk6Ud.jpg,322,870,502,582,596.0,542.0,548,80
qLTZb6UOVJ4m1s_oMic_ZcHH4mdy8h.jpg,416,974,461,573,695.0,517.0,558,112
qM36Oia7R7Cbo2XbssoRCTxJmKSguPVE.jpg,416,936,461,541,676.0,501.0,520,80
qM=fDO8EjyQwEycLwjshyuI6SKXFuNMm.jpg,458,872,422,485,665.0,453.5,414,63
QmBaTwnfQfXxlqUQu272SBJKUSeQEYn1.jpg,421,722,430,491,571.5,460.5,301,61
QmCoO=6VaKw1wmv4IvSNpXqxNBro=nS.jpg,412,950,464,546,681.0,505.0,538,82
QmEpb1NgjO=3prW7ObjH1G68MepUPbm.jpg,452,888,461,535,670.0,498.0,436,74
qMfgzbT2eTGlTUkDc7DnSJGJFKkna1.jpg,420,855,458,525,637.5,491.5,435,67
QMfr5fd7tSHRcudSocWqarqxBsBFnP.jpg,488,820,453,513,654.0,483.0,332,60
QMgRwrTc7luLYH6ZecRx2WVG3YfhEO.jpg,216,1136,586,722,676.0,654.0,920,136
QmKs6ts4tztl7m3p4dnKuW_Esx3Da.jpg,440,772,469,529,606.0,499.0,332,60
qmlt9r9J6R_uaeZ4j7NgoBjOlhvT2kt.jpg,308,905,470,555,606.5,512.5,597,85
qmPtaDHQi999EnLV_fW22NbVIB_yXd.jpg,497,790,448,507,643.5,477.5,293,59
QmRy8fMY64jRFILFOnNTdQKqF4zaWan.jpg,402,838,436,504,620.0,470.0,436,68
qmsUF7q6CyI4W1jvJIdrD52F=rE8PHnP.jpg,440,897,440,511,668.5,475.5,457,71
qMwG3YVG9uDIz6L=dzRK6B=5CXgLax2.jpg,367,823,454,524,595.0,489.0,456,70
qMWhkGgdYQCqnokZMDYEd8OFm8n3FI_Z.jpg,296,913,525,613,604.5,569.0,617,88
qMxda3NqHpuWxi663QdfrOzzo9ypGc.jpg,401,834,428,493,617.5,460.5,433,65
QmyWoTu2JWohfHnxPvP6xymgJBZNhMjM.jpg,365,859,442,512,612.0,477.0,494,70
QmZJJGpdj2qfzx=Hq4FLhWct1Gxgl.jpg,417,884,466,537,650.5,501.5,467,71
QN2GcJBRkQOrX=lXBJYt8ZyyI5QzEvgc.jpg,303,764,429,503,533.5,466.0,461,74
QN69ht18xXmNxIFN1xHislgSpzwwmO=d.jpg,300,877,479,557,588.5,518.0,577,78
qn7k64vF2IJoUqgUTc7Fg=W_bXJgYEl.jpg,307,832,442,520,569.5,481.0,525,78
qN8RIxkUKkOhvzHLcnNSoF7N1dFOBjK.jpg,393,994,471,567,693.5,519.0,601,96
qNc68OE2aNbw7eeaOEvE47N2iGy8DYL.jpg,425,792,470,535,608.5,502.5,367,65
Qneqom4mI_xqDXBqM=5rrJiY3QshfV=V.jpg,475,771,451,509,623.0,480.0,296,58
QnlaUGvi6oz4IfvPh3O39ISYF3otl3X.jpg,331,749,426,494,540.0,460.0,418,68
qnLCnJxe_=WsP9lxUGBWztzz6GClyZxP.jpg,444,876,460,525,660.0,492.5,432,65
qNMdWlLV2Y6Qs84=_NvV9NiDjGTN.jpg,394,820,453,520,607.0,486.5,426,67
QnUGnR7i3dJqEygYSBXG2XrPOo2Jwvq.jpg,287,775,475,552,531.0,513.5,488,77
QO5ZuNC1csEsXudF7z2l9vNmEm3TqOrb.jpg,351,935,473,583,643.0,528.0,584,110
qO9zGtGSbZkpERTCOTHBtdx7V8CQ9kKM.jpg,401,880,471,543,640.5,507.0,479,72
QOiVjP6=3zhgazyJtD4UeH2djjNC18C.jpg,514,797,432,485,655.5,458.5,283,53
qojNRbh9LmS1qd2eM4lepGvuGtVhUi22.jpg,400,678,423,478,539.0,450.5,278,55
qOtOnd6SOqLusKt9BUruLuVHwt9Jwy.jpg,306,937,499,591,621.5,545.0,631,92
QoU6O4gjrcID9LNGW1lXqcvlh=4dKnn.jpg,330,715,475,544,522.5,509.5,385,69
QOuc3tiE8xRsHmedgZkmaspPzKq2J.jpg,359,843,441,516,601.0,478.5,484,75
qOVJmK3YzSjbDyYedEYc2yhKEyjKFpY.jpg,494,818,464,527,656.0,495.5,324,63
qoxIaM36xhsWbskNP5EX1j6qRpZN=bT.jpg,378,937,504,590,657.5,547.0,559,86
QoyxaGpZSfXniEsyWvoOe3P=H2qtSY.jpg,198,763,492,565,480.5,528.5,565,73
QOZMVn474J6qQxNkHHY11OV7G5nEL26.jpg,391,812,418,497,601.5,457.5,421,79
qp2UcggB2hnZhjhMs7_qXrqCno1uH4MO.jpg,352,805,443,508,578.5,475.5,453,65
qpr8gQ24erE26sS1P4iNmnqGV5f9SM.jpg,308,928,444,549,618.0,496.5,620,105
QprO1vSLZptQQLhjoDHxN462Meg19B.jpg,384,746,449,514,565.0,481.5,362,65
qq1OPlXDVzOpwjFBkQFxlo6Foa1pLu.jpg,344,881,496,577,612.5,536.5,537,81
qq5tMkHm=iSORqjgSSmwpnT7_4gm68aG.jpg,404,868,432,505,636.0,468.5,464,73
qQE7FQgPkK1MD1qYxVJjvjSbR=mhcxN4.jpg,358,681,478,538,519.5,508.0,323,60
qqe=LOihzcp3TafWeZT5inXSnFWlolT.jpg,448,854,420,488,651.0,454.0,406,68
QqfQGFQI3robq_Gi44i69aq7yf9pTKM.jpg,379,662,415,470,520.5,442.5,283,55
qQgEcdnNXXjii3CX_geq7i4CyOn5Bc.jpg,459,859,416,481,659.0,448.5,400,65
QqiGoB2aRhlzPhuuP6nbMSZr3Jw3fF4s.jpg,404,801,417,489,602.5,453.0,397,72
Qqkuhwa7OBkw=jodQim9jUe9i66cd7.jpg,414,727,462,521,570.5,491.5,313,59
QQk_xsTqPS3JP6vWOrXehWKh8dDWDBO7.jpg,377,667,437,493,522.0,465.0,290,56
qQLJ4c4sup=EgjBd4kv463VQrp75b=jX.jpg,266,777,452,529,521.5,490.5,511,77
qqTuGTQxNLQKapqdQ6Z8XyZd_I3kVm.jpg,350,836,434,504,593.0,469.0,486,70
QQZrNKuVe2WPKQ43wBPW73CYlM=QSDU.jpg,319,746,426,493,532.5,459.5,427,67
qR1=zfCWeB5T1qPiUw=2xJjKPOCB2G.jpg,441,914,428,510,677.5,469.0,473,82
qRaf8MdBf6lKp7ScXySQOnCE7qsyxK.jpg,413,838,426,492,625.5,459.0,425,66
QraJc=aXgqcxFjFJJ_eVrwg1qFvJdXkq.jpg,311,887,472,558,599.0,515.0,576,86
qRarQt1DsrYn=RhGCjqfKpo2OCmkTnkl.jpg,407,821,420,488,614.0,454.0,414,68
QRCnveTK2ZzMe3kgR_EZ7_bDwYDRx3lj.jpg,407,906,471,549,656.5,510.0,499,78
qRgehLt_mp4QQnNjEg=Pu5DZwXJ4GuV.jpg,404,883,443,539,643.5,491.0,479,96
QRlxUSaNlg4np7Q6lrv1SgQBERS7EFT.jpg,359,913,509,591,636.0,550.0,554,82
qrNcPkVsbKtXNsvL1tCdcbzlTt96lfS.jpg,433,846,412,475,639.5,443.5,413,63
qrNpV6fRsDg8qhu8tInM1=aeImp9n8V.jpg,446,894,432,501,670.0,466.5,448,69
Qs1tLOIBc_FEavE5W1Svm81PgVWcJL.jpg,307,893,520,608,600.0,564.0,586,88
qs7ZVgL6GBzOhMlxZeB7Pl8HFwdPke4F.jpg,225,802,479,557,513.5,518.0,577,78
Qs8Wk5HLJe8j2hqf5Bqs_CCLBQPpcgd.jpg,261,791,457,542,526.0,499.5,530,85
Qset3uSjh2h=zV2c6_xjBxE6WapzQ.jpg,385,788,443,511,586.5,477.0,403,68
QshpjRpb3uniFL8E2xEcCRf6Wm=c=SpX.jpg,465,853,441,506,659.0,473.5,388,65
Qsq81=38mlYbOcqU9Ck2Wz8yhpODxGmB.jpg,209,847,459,577,528.0,518.0,638,118
QSTVw4CWkIEFEk4Y_RFwr1zr8lPxP1K.jpg,397,965,457,542,681.0,499.5,568,85
qSuYBvCkVS2t5VikYhCK1VcbBiavBkr.jpg,458,867,419,486,662.5,452.5,409,67
qsv8u7ZyQ6bBz8VpnO9uVXY8jSVZGh.jpg,423,883,468,539,653.0,503.5,460,71
QSyDzGgyghuLcg4FLor31Tx7PhbIQBcr.jpg,327,827,454,527,577.0,490.5,500,73
QsYm8B8Gu2Rjwwd6NocE=YLdRBmyKc15.jpg,440,834,453,531,637.0,492.0,394,78
QS_5Gu1VZim3qcHRURmiM=1KsYFTNOT.jpg,387,804,421,503,595.5,462.0,417,82
QT3Gvx9JcBNzeFR7_YlIHdNiPzF2j8gu.jpg,237,798,463,547,517.5,505.0,561,84
Qt=Ul=fiiQC38n9hLDvGHqU=H5p.jpg,435,921,475,549,678.0,512.0,486,74
qTBC55zb4OBEJ=x_xXdgTPVXhtdXyBEg.jpg,426,885,441,511,655.5,476.0,459,70
qtD8KBQnBC1VY9VwVMH1m=lJWYDYdTz.jpg,401,823,426,492,612.0,459.0,422,66
QTeb8oSFHPO4SLLk1LIXOM_dpL9fP46.jpg,424,870,425,500,647.0,462.5,446,75
QTFJ5dipwK4n6UvIrOaycbik3PspMhfN.jpg,347,748,418,484,547.5,451.0,401,66
QTfSdsRV9OvOhiwuW3Lptv5XCJQoqsQt.jpg,378,754,446,514,566.0,480.0,376,68
qTgR_U2t8=zl8cu9FZ7i9obK3MBlrP2.jpg,419,963,459,541,691.0,500.0,544,82
QtJ5cctZWCR17xQ6cb=kDQoXsMvMxUq.jpg,394,964,509,599,679.0,554.0,570,90
qtLzix8V_Nrna4VBIgGZaLoXGGde4kJM.jpg,484,793,426,488,638.5,457.0,309,62
qtrf4J_wIYdTtM8nMc7cjccnJWWPv.jpg,265,840,468,575,552.5,521.5,575,107
qTsY3GkFRt_3VxmMRUCg2nYB357XElk.jpg,397,807,448,514,602.0,481.0,410,66
QtWgI=o4wPp85bZTxUHezOqEz_lL6R=.jpg,291,922,488,599,606.5,543.5,631,111
QU1gyueiJKjpUQYZbSOu6j_ak3Oefzy.jpg,403,819,420,487,611.0,453.5,416,67
Qu1N7YBKMCr1nasR7fd5oXhrjhglUaT9.jpg,304,882,461,560,593.0,510.5,578,99
qu3pu5bWDISK29GKKk5RuYv4IhC_Zss.jpg,376,787,450,516,581.5,483.0,411,66
qu66s4gRksh6qDCiFDofZVZ8boE37Hn3.jpg,382,740,486,548,561.0,517.0,358,62
qU7v6P47VxWSOd3Qoh4DPw=Eac7wjC.jpg,401,721,456,517,561.0,486.5,320,61
qU9MjhF1tr1YdR_VBb1jFZMKglGnZV6.jpg,308,747,436,507,527.5,471.5,439,71
QUajv6Nl83dQBzhhR9=CV8usZ6zDMZUs.jpg,274,814,464,554,544.0,509.0,540,90
qUMP3ouC3W4QdWFLQWyUy9d1DqtSh8L.jpg,422,828,418,487,625.0,452.5,406,69
QunDYi8rVeyIyEBXVjjZIOQ2nk4FfymY.jpg,327,734,419,484,530.5,451.5,407,65
QuOxVbzxPeSxSMlTrvhQP8H5MtNjPhZ.jpg,356,897,505,585,626.5,545.0,541,80
qUpYcN=pykbCCp96j9W4FSUaboecnh.jpg,403,947,507,587,675.0,547.0,544,80
qUQeIjLSYm8eZVSXp4V5h9Vo6_dBeke.jpg,439,854,444,518,646.5,481.0,415,74
qV2QWYX=1t1GaYpUal3bxvREMP7ugNH.jpg,358,844,453,527,601.0,490.0,486,74
qv51J1EknBCMQHW24D94GykktoQz1qf.jpg,399,832,447,513,615.5,480.0,433,66
qVarttbTFS=5XRoTegMQcBfvCtCWd7.jpg,359,794,441,505,576.5,473.0,435,64
qVDr_NlR5pxoRzpplGpH=ZzMdM72.jpg,399,803,447,512,601.0,479.5,404,65
qvf1NxguoU_hdtm3DMc_6_SpPPHv29R.jpg,365,852,453,522,608.5,487.5,487,69
qvfvUY8hqb8l9TsC4esKuVqGGZBbTmT.jpg,393,841,450,517,617.0,483.5,448,67
qVj65gfUQsabXYy8MPg8bO58V=Ifh8u.jpg,274,771,450,537,522.5,493.5,497,87
qvp3nKUbrqGrhXF2nZDLogDIndk5E6.jpg,402,961,465,548,681.5,506.5,559,83
QVQ9uXc6=r3EdVyHPtHelrRNegJDp58.jpg,271,790,458,530,530.5,494.0,519,72
QvqaY5fma8hgeuJv1tPlgHOyNcyMmZk.jpg,426,844,412,476,635.0,444.0,418,64
Qvsv6SGBdRKbCiSzGg6y9NLZ1UujINc.jpg,325,803,435,517,564.0,476.0,478,82
qW=48koTQNokBNkTpmYWX5mKufF6z.jpg,383,805,425,501,594.0,463.0,422,76
QWogMz1O9NccuvFBIaP8QXne_hqZSa.jpg,491,785,449,508,638.0,478.5,294,59
qwOPNamQTC8nu6==ts_WN7lx8rdm.jpg,347,839,447,521,593.0,484.0,492,74
qwsGLdlEYlOhq97JmooCt_eyEoZTwoz.jpg,406,813,419,485,609.5,452.0,407,66
QWtjWfYlyoZMdJQ8Oatx1ldevn8UeC.jpg,435,880,426,494,657.5,460.0,445,68
qwTOBkNProFfeHtYeU1gxFMBvQVVJncK.jpg,419,920,451,527,669.5,489.0,501,76
QWwQiCkskVg4dLEOWk8I3RxsDmtd1Eng.jpg,392,682,430,485,537.0,457.5,290,55
qWxP9mN=Wn8LNMIVb1PP2p4YKH2IN9UO.jpg,396,792,417,479,594.0,448.0,396,62
qxbnEifHb1sUbObbBTzC67X8wrG2twu.jpg,401,812,448,518,606.5,483.0,411,70
qXF5xqmcHRWgmLCWr_J4c1xsXIHpPze.jpg,308,753,421,487,530.5,454.0,445,66
qXg4yG7Fg2w53zLaw7d8T6RWg2h8B6SM.jpg,409,852,431,502,630.5,466.5,443,71
QXhjb9UnJ=5dc2BWMC5mqnSjLYpt31SB.jpg,315,752,422,489,533.5,455.5,437,67
qxpKkI7lJac92QCYFvzVuE6nV2c.jpg,501,814,457,518,657.5,487.5,313,61
QXpM_NHbJwzI=1iVE87blGXd_h29yNG.jpg,390,688,436,492,539.0,464.0,298,56
qXR2pIix7kHFjNryOSfzKanPtw_JRZ1.jpg,411,796,488,555,603.5,521.5,385,67
qXRyu4KhzY1XyP9rM7tC2De8gsfGJ.jpg,313,757,431,500,535.0,465.5,444,69
QxVJbYpo93hFPncDPhKXK719Cr=lalNm.jpg,369,673,436,495,521.0,465.5,304,59
QXwjHz8c7=RUkPVvGihSGySkfWoNopB.jpg,369,830,454,522,599.5,488.0,461,68
QXxD_GOyIsa5vKF7_IPXGcs7cuCaGNVd.jpg,298,748,435,507,523.0,471.0,450,72
qXY1hy8sQt5F3ryMoCIyQTaZYZDNiR6.jpg,425,842,446,508,633.5,477.0,417,62
QXybxBOFeLDmlDmjmynGchGQjLfBeH2j.jpg,380,916,468,549,648.0,508.5,536,81
qxZI8GeiFhDnG6Ec1C8ITdnTlZkwS.jpg,489,768,445,500,628.5,472.5,279,55
QY2PFWwtOa43PwNpOwKKDLcCq3EcKP.jpg,210,915,478,583,562.5,530.5,705,105
Qy4uHY7r=5k2obt4YuTi4owWOoC.jpg,356,897,498,580,626.5,539.0,541,82
qY4Wch8xPt4vSPxHeHf4oVavS9HiGIi.jpg,423,794,494,564,608.5,529.0,371,70
QY7SdXFyrq7bPd1DIqrf9dnREk8HlLrN.jpg,293,823,457,540,558.0,498.5,530,83
QY8FegJ5VIN4hFIhcRpPP992z4Sx4b9.jpg,342,870,457,536,606.0,496.5,528,79
qybEFM53QRF1RP3fvDIWzHV1WNWLBw.jpg,418,898,444,521,658.0,482.5,480,77
qYcbjY=kki2I8UtWDLT7g8TlPwTyTurW.jpg,413,967,474,556,690.0,515.0,554,82
qyE5gBR2jg1NsvWiT9sy1BPXQJdRog.jpg,219,951,526,631,585.0,578.5,732,105
qYf4gWuFlyBaVisfrkKgz73ZDkHHWLR.jpg,360,928,453,538,644.0,495.5,568,85
qYfcCmQbM434wfrOZD9uu7H4LaO9oX.jpg,365,835,438,512,600.0,475.0,470,74
QyFz8jpHmWupdWttvRv9zkkUZLvHscez.jpg,435,839,440,511,637.0,475.5,404,71
QYKl1orZJFiBloJkR7TQjBjEam7zdUuE.jpg,478,885,422,487,681.5,454.5,407,65
qYKWh8aU_2IqHqRj8tIz6LwGHJTtKdon.jpg,497,838,484,547,667.5,515.5,341,63
QyK_=VP4vIdgjgQPh7eYtlBubg=QI7qg.jpg,371,886,464,536,628.5,500.0,515,72
QYlTN_=NluEEBiIofuthHvi6Tsv6iD.jpg,434,759,475,533,596.5,504.0,325,58
Qylul7HeeS5ZD_GSBTXJh4avtVgPfO.jpg,425,829,419,484,627.0,451.5,404,65
qYN4bwC1xHxyzGhVOF4eWDxaFUSzV5dK.jpg,304,766,439,511,535.0,475.0,462,72
QyoWR8OHoOF3huH8yEDi1NFcBr6OUdo.jpg,407,928,462,540,667.5,501.0,521,78
qyRQTEkzXd9u36mQPXNRV4V7fNlYfmKN.jpg,326,864,457,540,595.0,498.5,538,83
QYt6OOuvTyepDzpr=mNJ6XfFGMmhGRx.jpg,426,866,423,494,646.0,458.5,440,71
qyWrnK2DrRfImubKn2DKhshkUsXQV9bq.jpg,266,735,453,523,500.5,488.0,469,70
qY_Dq26uwOlNC5YXlfuovwwVPJbnfgW.jpg,273,819,472,549,546.0,510.5,546,77
QZ292Yzg1rRLmrnrES9KMLfPn6EX1Iev.jpg,389,914,451,532,651.5,491.5,525,81
qZ4OSvYCS4wdkvsKa35XUfmCYZoX2F5y.jpg,337,803,463,531,570.0,497.0,466,68
Qz8uGTzhHdKlLgPZDSuMjjx2eeCjVayT.jpg,353,793,422,500,573.0,461.0,440,78
qZ=U8QlXpEUJCjvjGzmLBhi8KEryYZH.jpg,413,948,463,547,680.5,505.0,535,84
QzbUMU=pDrHxjqWRa4vErJ_3LcTQVJ.jpg,419,843,416,480,631.0,448.0,424,64
QzBVSTKhThBoKkqCFXtKUdD7vpCXq55.jpg,415,793,412,477,604.0,444.5,378,65
qzBwwfowXNLp4lL=vef5tLktrIPTCoFp.jpg,548,821,423,479,684.5,451.0,273,56
qZFNg8w7XeP9UCQxEgMi3yRDQaBVm.jpg,419,908,480,553,663.5,516.5,489,73
qzHf1WFgzjc6TqwRWb=yBK3uCCP3Dxe.jpg,401,811,421,487,606.0,454.0,410,66
qzmLrNVM4EZI8g16dzjoLMpY9gF3aqj.jpg,439,859,457,519,649.0,488.0,420,62
QZneaSfVJUoViY=zOG3cKsevZxmwaL.jpg,474,742,421,474,608.0,447.5,268,53
qZrxHqNbq=IrfXu1HW_EjyrH5i6T9PX.jpg,544,1046,450,540,795.0,495.0,502,90
qZtNpO4PNMRsnmaLgrhE2olQZbwgJdN.jpg,408,956,463,551,682.0,507.0,548,88
qzvN7WEJstge959mTlbRlf5WSvocNdbD.jpg,429,766,476,538,597.5,507.0,337,62
QZWjoEOYfXFOymJQzhrajqzvdZSUvV.jpg,359,851,441,520,605.0,480.5,492,79
Q_5Okw19C4166v6yzwQOSaWoWfKwj=hK.jpg,378,872,482,559,625.0,520.5,494,77
Q_bVCcJgCD3jj=L7DviVbwh4hDCRa.jpg,149,1087,560,688,618.0,624.0,938,128
Q_BWb6Zb29Cz_1pnpWpLY6BIiQlEUxx3.jpg,435,844,412,477,639.5,444.5,409,65
Q_JgOd9Zz3Ckof1Vj4Pn8S=9biOHx_H.jpg,379,677,423,482,528.0,452.5,298,59
q_OqC4JQm3ViV2XaUE8k2fWlri=HFi.jpg,323,780,433,499,551.5,466.0,457,66
Q_YdgsBOJa=npKXhwS9z6FKJ8LTEQsh.jpg,386,808,420,501,597.0,460.5,422,81
R1Le7JP8VjBPGt5QhTnjlu6z157L7FE.jpg,415,963,508,589,689.0,548.5,548,81
r1rVdG=uJIc5X_2VjFztilE8BursDBV.jpg,364,827,437,510,595.5,473.5,463,73
r1UkPl9dqQ_GChhPyKVU7YZuL7RvkDMO.jpg,444,893,455,523,668.5,489.0,449,68
R1WBqMwkYnv8DJj9ap7n_Tj_NS3OOF7D.jpg,370,658,421,477,514.0,449.0,288,56
r2aN1SdrGad8H2ty921KLgg8JK9GdzT.jpg,322,746,424,491,534.0,457.5,424,67
r2aRabbHKWRc9W=bi7Bs2E2nRGHubfev.jpg,411,883,434,522,647.0,478.0,472,88
R2h_B6gmTkEFek6yOqS4KqdXl3sfoXR.jpg,359,962,480,573,660.5,526.5,603,93
R2iQe9=aftWN_cGyugJEEzL_i8ZWr.jpg,329,869,466,544,599.0,505.0,540,78
r2KUSrrqGQ_EFmD_wwEO1m2ZBV27G9N.jpg,282,846,467,570,564.0,518.5,564,103
r2mJjWHztOh8j28KSNIoiZUcRBWq7v.jpg,308,761,432,501,534.5,466.5,453,69
r35GhjN3pCXMlp9I7Kn8ZgUH97bqXTs5.jpg,477,816,481,545,646.5,513.0,339,64
R36s2HgrCMZSHSSgvJGZVDrMBymLK9x.jpg,443,904,437,512,673.5,474.5,461,75
r3fP3rBdBboctbHIRxS6OfMBTPTef.jpg,433,943,451,526,688.0,488.5,510,75
r3jocb17hrKxWRxfu2vW6vHRW1C9l2.jpg,473,937,473,542,705.0,507.5,464,69
R3tH2gcXtv9hoQZiyd71Ohg9_ClocmH.jpg,450,846,437,503,648.0,470.0,396,66
r3VU75W61Ka57xoV2n8HmMJSECcl6z3.jpg,350,933,484,568,641.5,526.0,583,84
r3WTY7bQUnZwfzq2J2j2yN9FX_CqUFCT.jpg,480,754,435,490,617.0,462.5,274,55
r3xHzKxJ6hT1g7TuKg9z4Tg3g4=Xplj.jpg,399,888,447,524,643.5,485.5,489,77
r46j17rCPW7K6DVzJlMRmXYc2_yFYfd.jpg,364,883,494,573,623.5,533.5,519,79
r48HX54f1SS4Wuurs3T71_bK=QQwn8B.jpg,357,905,466,551,631.0,508.5,548,85
r4i6aPfeZyyFT7R8pbdsfwhL8ZfI3.jpg,254,1092,541,659,673.0,600.0,838,118
R4sDwaXc71HewOdLtCFlo9ubMCIuV6Ml.jpg,420,955,462,546,687.5,504.0,535,84
R4u1Nrqt5ma_NMtr7K=D4hEvtvQcRaiN.jpg,196,716,467,540,456.0,503.5,520,73
r51fiFoMO8mIR5S6=E2LaZBSxpo6mQc.jpg,342,847,459,532,594.5,495.5,505,73
r53pF=HBuB6Uk3SDFjSoorPZzkO8E7.jpg,359,992,536,627,675.5,581.5,633,91
r61uhVi4tM8fLuOgH=KqCigco39unmR4.jpg,383,820,424,509,601.5,466.5,437,85
R6HTPjvQPaIqG4G41_DYuMCTuRNiXYHm.jpg,445,726,451,503,585.5,477.0,281,52
r6qPWCv99WFjRm5Hdwy7CgGXo5cZ_.jpg,380,826,424,503,603.0,463.5,446,79
r6ZNYL_rNvm=BSoGVV7lgH83RIpO.jpg,374,865,448,524,619.5,486.0,491,76
r759vZ8wWVBDN85u3sLfJR7M28nxDXf.jpg,289,858,474,556,573.5,515.0,569,82
R7GhZTgBqnpyPXcrBquVOcUONCZUiZW.jpg,484,762,426,482,623.0,454.0,278,56
R7HgwfgbLQiG7DqjMoemsMx3zpylhbN.jpg,458,884,420,494,671.0,457.0,426,74
R7qKHodg_2YrGEDV_11MVxi5ccPDSO3.jpg,453,902,430,501,677.5,465.5,449,71
r7QlWRNMhhtX2Q8pzbniWPj6wfiamGO.jpg,464,786,438,497,625.0,467.5,322,59
r7rL=U8xe7dhKN=aFrCQwryPmLCfr=.jpg,411,962,452,544,686.5,498.0,551,92
r7Z4rJidPV_yyncZH7W_EyXMGYDOQQ.jpg,412,809,418,482,610.5,450.0,397,64
R8eNNHZ7FYKhUwGWOkjBiyVptKk1_bX.jpg,384,832,424,497,608.0,460.5,448,73
r8gtyXDHjcEH_CEU=LJ8JHEDo5GNnsbR.jpg,310,923,524,615,616.5,569.5,613,91
R8HVhwO4LEau6uWbCnMh8bFYC5_JGa6=.jpg,463,901,432,503,682.0,467.5,438,71
r8OFUJ3Nabr3naErebNTKPTYMBt2Osc.jpg,350,837,454,526,593.5,490.0,487,72
R9FipvuL2EanWmgxNMVSUyprfQXwV7nE.jpg,386,959,476,555,672.5,515.5,573,79
r9G2ww6=pdScvr3YCzzEE86nJT8V7lOF.jpg,370,916,455,552,643.0,503.5,546,97
r9lGVfiqg2eWc3BzKUaEbti69iXLHnfQ.jpg,438,889,467,538,663.5,502.5,451,71
R9PRBCJeq243FWenhxKWDkFRtqDlVbN.jpg,410,765,495,561,587.5,528.0,355,66
R9s==taCTL6k7Ndj4I4Ge9cxs25aZa4K.jpg,503,891,443,507,697.0,475.0,388,64
r9wYFeY1xCh5_BIL4DtRHycaMMLu9=Lv.jpg,432,846,447,517,639.0,482.0,414,70
r9XEwW3RYNrUhIOvWJKuvrmSHlK5ZS.jpg,402,699,456,514,550.5,485.0,297,58
R9YWe=pV7gh7uKzdJ3cKnLrSKg2JCkE=.jpg,276,770,433,510,523.0,471.5,494,77
r=auT8aawhTxkVCnxRUPIj3fKUk9Ge=U.jpg,307,868,462,549,587.5,505.5,561,87
r=cg5NiC8B=lknai5it5jaEZ1d=x47r.jpg,311,671,459,526,491.0,492.5,360,67
r=oY_MkioXTp7KjvtjltfDyo15yLsDU.jpg,336,803,494,562,569.5,528.0,467,68
r=rw6qf2gRZ6UjTyx3Wm7L4tWF3BILZ.jpg,344,841,450,523,592.5,486.5,497,73
ra4w9OnPcBZtXHyYKf55Eq_ceySHNLQ.jpg,314,920,483,571,617.0,527.0,606,88
raaBjQT5g6JLtaN7DRyhqUR5IQoqZhly.jpg,362,857,459,532,609.5,495.5,495,73
raaESYOVODtO8m5eDln4D1MYeScN1khS.jpg,407,864,422,491,635.5,456.5,457,69
raevDycqnFnbsW=tHHQh2_UyJywvnFG.jpg,376,909,464,542,642.5,503.0,533,78
RafURd6TpRpXHe4vHvyNYVsIIDk3S2.jpg,388,849,430,502,618.5,466.0,461,72
RaHtZM1CWqVb46e_vqVdHiFQbKnFpkgb.jpg,387,821,432,496,604.0,464.0,434,64
raiY5ZRsxFx7ho2L6Zh3Xof=2tIl5.jpg,344,679,481,543,511.5,512.0,335,62
raO2YPJlRudLWpRYIJsEUiKYtGQ6WPkn.jpg,420,947,442,521,683.5,481.5,527,79
rasTHTdjp6F1rFiopLT3PEJ9TMi_d9=2.jpg,393,832,418,486,612.5,452.0,439,68
ravnKW6VtKVZShb859cRUbDOnZH4nppC.jpg,404,706,437,494,555.0,465.5,302,57
raw9ywjoQhxDqbubXdabmmbtHuKEiQb.jpg,461,939,438,534,700.0,486.0,478,96
raXngjyzpPCGssZosERbQ4IJt=wnGP.jpg,461,876,445,516,668.5,480.5,415,71
raxQNcsCeHEyc_lKX3hFETh5VEBVSK.jpg,361,871,481,551,616.0,516.0,510,70
rb1FPw83E=K3u5LEV5zf2bpPgDH344W.jpg,448,888,460,531,668.0,495.5,440,71
RB3_lULufWK4bdDogb=NRnThIxbu9Csz.jpg,410,871,431,507,640.5,469.0,461,76
rB4VK9EgmqaYsugjs3ztiF4t1xpXX5L.jpg,439,945,446,531,692.0,488.5,506,85
Rb6J_vdGdJ7x8=tKobzFSaB9JheJFYn.jpg,379,917,496,583,648.0,539.5,538,87
RB9XM_z9zn4IS5mXaEDb_LuKz2LKLkB4.jpg,373,816,421,485,594.5,453.0,443,64
RBcggfiw=uflMz5_hbn8Eub8Jj78MHw.jpg,289,760,441,532,524.5,486.5,471,91
rbkJtI4hN_4ELhZcCtqq43EWj9qpm_qc.jpg,278,858,532,612,568.0,572.0,580,80
RBSmslNqtqaOJlfW6enWYKQHDXKl9UH.jpg,436,846,421,486,641.0,453.5,410,65
rbVpCqKulbgZhUnOiBrwZcokKrLttmqn.jpg,426,853,426,490,639.5,458.0,427,64
rbWh7YlrgyJq2G774FVf4jODvFH1if.jpg,420,829,446,512,624.5,479.0,409,66
RBXGXLydg8SFP325sBfITROETz4uH1d.jpg,402,901,479,557,651.5,518.0,499,78
Rc1y3c1yCZp9dJT99nqpXydOmzwQ31.jpg,382,894,440,516,638.0,478.0,512,76
RC2POlT4qWkwOScYxB_Ig1Wx7qO_FyQr.jpg,339,782,472,538,560.5,505.0,443,66
RC62FVYgDPtTTo794f7TNvQ22O9Rxlf.jpg,377,847,463,540,612.0,501.5,470,77
rc6qmPFErnSzKFOwiGIdv3i1myweW2Bk.jpg,352,749,419,480,550.5,449.5,397,61
RC7iUPwSRNYhJ2y6a9BPOkzk9aNDk4D.jpg,400,799,413,479,599.5,446.0,399,66
rc8nc1aIRDbFgBa9NuIELRfTTrhtFLe.jpg,471,888,413,477,679.5,445.0,417,64
Rcc1PZthgZldBuF9fstf9VS74eK8ug5S.jpg,290,797,446,517,543.5,481.5,507,71
rccLz=E=9HNYe71XkBJWh341fOEI8Tg.jpg,431,828,412,473,629.5,442.5,397,61
Rce5y7CcNcWpxlfkETDcbzKoXuw6BB.jpg,372,789,440,501,580.5,470.5,417,61
rCiNL41KOR1wTTP2Xrn7LTK_XWimcXE.jpg,180,806,549,641,493.0,595.0,626,92
rCnPPD_SaRdXnE53P6r2LOFqH5JG8EiP.jpg,252,924,504,612,588.0,558.0,672,108
Rcp9z2njwWuaEeaTeMZzJbVrcDQBxx5c.jpg,372,821,422,489,596.5,455.5,449,67
RcpQX6tQk_l8NY3cYFG1Sil9xCKSut5c.jpg,416,824,410,472,620.0,441.0,408,62
RcSIn78MYvHZ5LGEfkSRDOYsFlCrtM9.jpg,208,816,490,576,512.0,533.0,608,86
RCwctqHjcb6EIIFexlTKLEwP6MrLZ4e.jpg,298,871,462,546,584.5,504.0,573,84
RCzr3dkKCTazlU6mY659q9MLH2Xh4k8.jpg,425,707,428,484,566.0,456.0,282,56
rdgZJ4kUlhqltKpBnGVqc21FN6NYF=l.jpg,308,816,445,522,562.0,483.5,508,77
RdJvxTgkRZrDbqlDjUErXBSVSFSPMl5.jpg,462,880,416,501,671.0,458.5,418,85
rDkgoGRnQeQZ=7L4DSylW3EShDl8ZWa.jpg,402,874,438,527,638.0,482.5,472,89
Rdl1mcticKgjtCBs325yGbSZ9bduePvy.jpg,428,898,465,542,663.0,503.5,470,77
RdrlsPGhVo=MsZ1jWjSYb6wGzJNXCR1p.jpg,452,1084,486,598,768.0,542.0,632,112
rDsHHtuvJq94xoD=tIpl4Sf493NopKkW.jpg,371,894,453,531,632.5,492.0,523,78
rdSrGQjpEpF==S=JyYlL1ljvxg7sYr.jpg,434,845,417,480,639.5,448.5,411,63
rdTe9Oy4LC_URC4BWoV2upWT6=sHjyu7.jpg,366,878,458,533,622.0,495.5,512,75
rDymUH8BsjsNVxdUMK=79Rg2ciNSoe2S.jpg,529,1015,428,544,772.0,486.0,486,116
RDYqlsEJSSzWOiIcFThLbnflSsx4QgS.jpg,404,851,420,487,627.5,453.5,447,67
RE5l2bvUQNt7WbLrRxZH7XztikONLB.jpg,331,741,419,484,536.0,451.5,410,65
re9bjWFjmRXFjGKaMO931RPj4zfyIlh5.jpg,231,839,518,619,535.0,568.5,608,101
rEctv_u9s1tXuVcpBI8gdTP3F9mJqlYn.jpg,349,956,490,578,652.5,534.0,607,88
REd8ppmDBWDnOSF6yqa3QszIuxm_q9.jpg,417,946,502,578,681.5,540.0,529,76
relQlMu9p4HpJ5pw3MZdGBKwG=Ng2o3.jpg,326,884,470,552,605.0,511.0,558,82
reR8HD5pryy4S4WiyKHGx7XYLSw3y6iU.jpg,486,811,451,512,648.5,481.5,325,61
reSwba9MVbiMBZ2pV3uIXlm=KRc33S2.jpg,388,831,428,496,609.5,462.0,443,68
Rew_=U4OxTWFG4PUOnZb7CFMJ_kC_r.jpg,322,685,469,533,503.5,501.0,363,64
rexfPgJiM6D8laBvVqh=Vjvj5XfUEJN.jpg,408,858,423,499,633.0,461.0,450,76
rezZJxUiY3FhW49eCG_5YovvnhIk8S.jpg,411,797,514,587,604.0,550.5,386,73
RFBMMICiMFHcmcXNf=Gii_6rbj3Ct.jpg,433,829,414,480,631.0,447.0,396,66
rfcjdW8w7jcWUNIjXjwFeSR28NOxYstO.jpg,439,874,459,532,656.5,495.5,435,73
rFeoSy8vJW=qDjNHnd6b2pjQIGoPxDm.jpg,383,673,440,494,528.0,467.0,290,54
rFh54FKNEFzv8FpWF1NmsrYKNtbpPcX6.jpg,353,878,462,536,615.5,499.0,525,74
RFHxw37yku==T22B4uggcHu8N8LTPdhP.jpg,156,867,528,628,511.5,578.0,711,100
Rfi4hwsfQRwczUHDvSUOMwqobCt94O6.jpg,327,901,466,585,614.0,525.5,574,119
rFIGThvLEyzhXOpY3HSaWkV5yc2sK4D.jpg,429,828,419,484,628.5,451.5,399,65
rfjhEZaa4fhXgt_o2nyYzpbNOJwVm8.jpg,332,869,481,565,600.5,523.0,537,84
rfmi7TcqdTgMmn9wCJpKBXqdNSfPYzL_.jpg,204,798,479,569,501.0,524.0,594,90
RFputH1pgWWuRDmo3nPY7HfHEto4mL.jpg,336,742,422,486,539.0,454.0,406,64
RfRniHQVHgkzcQHdBHfF3xmV3VMV_Jti.jpg,304,802,450,527,553.0,488.5,498,77
RGB3cy3ic=bTJtbSi8IC_UnwXFn_jt.jpg,333,849,449,528,591.0,488.5,516,79
RGFx1zwMFp9NDJB5BabgF374ZkNeSW.jpg,321,779,427,493,550.0,460.0,458,66
RGgEConnI85=UfIcInCV6He=JczDVmr2.jpg,345,762,498,566,553.5,532.0,417,68
rggmYcWo1R8vxkf8RY_gWl5vOQGdrFr.jpg,439,823,413,476,631.0,444.5,384,63
RGgPSXrnBl1yz=i8sbcqxrLwbhzn647.jpg,371,855,474,551,613.0,512.5,484,77
RGH6crNrfX53Q2cDprhE2Jp6wtWh9R.jpg,473,767,451,509,620.0,480.0,294,58
rGhu1RXlztrByvvbpBdNxE7PtYe_2kU.jpg,583,942,466,538,762.5,502.0,359,72
RgM1UYHMuN9CsVfPf3Fyf3uuzmZxC9uY.jpg,350,824,463,532,587.0,497.5,474,69
RGowq6FDZl_xEQ82Gwzw_MpkpkaDaBmI.jpg,425,936,441,516,680.5,478.5,511,75
RGsiYBBydKcd_XeSJCkC9s_ZFHp8=az.jpg,424,987,448,538,705.5,493.0,563,90
rgVgR9vYVvFZBaHgtcqSS1PLnLkIzeK_.jpg,359,852,456,531,605.5,493.5,493,75
RH36QMXk4OPVEZFwytyML_TTkvvMRGt.jpg,373,847,429,500,610.0,464.5,474,71
Rh4ktm=lXa26gb1OrIGTmVKoQazvrZLN.jpg,406,688,449,503,547.0,476.0,282,54
RH4PwD1XDB=ptcjk6Gu8iSQQ6vnaBKqx.jpg,401,836,425,497,618.5,461.0,435,72
RHCsGH_YTRFyHnRDnZ_EzTpuSCzGv_.jpg,455,956,480,560,705.5,520.0,501,80
RHeTmL8xReHPR743KqgantEtTEs_z2.jpg,337,880,510,589,608.5,549.5,543,79
RhFe_3_tpQxDgO7xYjELSSslqITZ5rF.jpg,376,665,432,487,520.5,459.5,289,55
rHHCeCsHKVr=OW67Ti2XkplbHUuqkys.jpg,421,974,503,585,697.5,544.0,553,82
RhLU5qGTLxWcRwKYVQerhHHugiplU.jpg,424,858,421,487,641.0,454.0,434,66
rhn_gUE_NlstiNnGfepJP3aKyRdWxZSN.jpg,370,848,531,622,609.0,576.5,478,91
rhPnJsEGck13Y4WrmwnRe4yapnsgNj6.jpg,401,866,443,515,633.5,479.0,465,72
rhQBXduOTEnX_kg_Nail8cb9XbcMEQO.jpg,446,849,419,488,647.5,453.5,403,69
RHuF7FOWH4bash4_Hv8wGk5Rw6dGX1.jpg,472,761,456,513,616.5,484.5,289,57
rhV8yoazccVty8DgVPYN=nwq8tiKar.jpg,287,808,475,559,547.5,517.0,521,84
RhVdmJgw7f2TYUDySD4HclzwrgDH4lN7.jpg,414,849,423,499,631.5,461.0,435,76
RhvGoDO8SRGeMLb9jfubqRZ18gPINaj5.jpg,370,833,444,530,601.5,487.0,463,86
rhW46O2NWJqwB9makvMm3_u8pulKuhO.jpg,376,966,525,609,671.0,567.0,590,84
Rhx28VvrXS4jSWMp6DH3BDJHnTC__Hhd.jpg,434,858,423,501,646.0,462.0,424,78
rI1pcyVvOFp2PtSa9YnI9Tr81Bqw2O2x.jpg,471,786,464,525,628.5,494.5,315,61
RI6uVqXEGmg2otS=P_m12LRzkBOyT4.jpg,410,809,448,513,609.5,480.5,399,65
Ri=Chf6F8w1lxcXzzPxeEeZ9okPEFJiY.jpg,337,892,515,593,614.5,554.0,555,78
riCJeDJE3Z9NXSTBTPhpiqDT2Z6rWhHW.jpg,342,829,448,517,585.5,482.5,487,69
riK2UgC=r9Yv=uE5VdDF=OXY4S=uPHm.jpg,301,755,423,491,528.0,457.0,454,68
RIL5oCtcBGP7rlEbMNJQQly3zmt6Bjl.jpg,404,780,447,522,592.0,484.5,376,75
rirkUzs3uyilZLaYQVQXjSY7JehNUT3.jpg,358,619,414,468,488.5,441.0,261,54
Rirwsht=1Ijdd8TMg7r=ltfonrimvOm.jpg,400,812,417,498,606.0,457.5,412,81
rJ1tqxoE6CB2LfH1wCB8Z=vGf3QqHIg.jpg,347,1176,596,725,761.5,660.5,829,129
rJC1GdDTyJJHK1BQsW95ZD5ECi4Hywp4.jpg,368,913,500,585,640.5,542.5,545,85
rJFbhQIpgR4TSI_U4hQ4N52YXE_GhKmo.jpg,456,922,432,506,689.0,469.0,466,74
rjjxixxe6miZhLB7rGugm8Hsp=g8R.jpg,442,893,466,536,667.5,501.0,451,70
RJlrfGLBiJjOMPh14BY=PwGxQS1CL4.jpg,225,1087,561,693,656.0,627.0,862,132
RjLzsYQw1twQVzqwc6oJFeDpRmv6sf.jpg,417,833,420,497,625.0,458.5,416,77
rJpCIh84E1NgUUjbDIO8SQFGp9U_X=E.jpg,429,843,422,486,636.0,454.0,414,64
rjq_CmDqTnlQVdUnZFZcna3he9EfnD.jpg,284,821,506,584,552.5,545.0,537,78
rJuJCQNTJn_1p5yWxQkmsB2it5hSXZO=.jpg,474,920,429,504,697.0,466.5,446,75
RjZX_xgSM=oOU9zfq6_OO7pPTOq4=Yo.jpg,376,844,430,501,610.0,465.5,468,71
rk99aI7CvcxEDF4Xt=V2WzCreyHInNT.jpg,435,704,423,476,569.5,449.5,269,53
RK9NYbkNbvoTWNECZzJDT6p1OihtK.jpg,510,837,471,532,673.5,501.5,327,61
rKa=aZnDTWSBVPUF_gLq8q_oeiuhrGb6.jpg,355,888,501,579,621.5,540.0,533,78
rkEoRvrhEGdkld1JS69gFIjFDZi1_Tl.jpg,182,718,467,544,450.0,505.5,536,77
rkHDPXpYjQFeN1yh2ec4sfB224guBN9.jpg,425,832,508,585,628.5,546.5,407,77
rkkZ4Olsjtlus9lmf9S1c=7SWCcpGED.jpg,330,755,419,482,542.5,450.5,425,63
rKQT=RO6b3NlIDzh4EJi_9D84FBc=VIh.jpg,338,672,436,504,505.0,470.0,334,68
rKYaYHimTB4osUGZqgZVIXF9QbbfPdVn.jpg,395,838,430,518,616.5,474.0,443,88
rkyNWILN3LPZtuTTGm1uVtyQWEQaY8q.jpg,452,760,457,517,606.0,487.0,308,60
rKyZbGn=3zeKZohEetfrXsHsSd5vCa.jpg,366,654,418,476,510.0,447.0,288,58
rL4sTNiu4Boi7Gnd6zpQauIb8QqGKC.jpg,411,898,445,521,654.5,483.0,487,76
RlDoqlnzy1duYSrdQ36vvn5OUtCPK9l.jpg,317,757,427,492,537.0,459.5,440,65
rLebPNsRlYpo42Qt3iie25y45n6SsDOL.jpg,354,852,448,537,603.0,492.5,498,89
RLimnRrMghvnWvgM2E=fpdzyEpbqcaQ.jpg,242,772,458,547,507.0,502.5,530,89
RlKSSDyYcVdietBBlv1XgwkNyBU3D3Z.jpg,430,881,437,505,655.5,471.0,451,68
rLnRq8PykWX38RV_N8ttRCkak3etsWJ.jpg,371,914,468,547,642.5,507.5,543,79
RLO2nrnwaDuIk2wuoTrQLdOR8J1Sy5t.jpg,370,758,416,478,564.0,447.0,388,62
RlrBXJiqwbD6GQdh4Yw5ppdkTEHQxZc.jpg,283,947,515,602,615.0,558.5,664,87
rlSHWp4IM43_tPBrze31edFLcBY.jpg,421,910,450,524,665.5,487.0,489,74
RLv3N22VnRLxo4x4BZ4sy8RpU59dVt5o.jpg,289,757,428,503,523.0,465.5,468,75
rlvTNPL3kw8Bnlfn4NPewzJHBiQ6.jpg,312,750,427,497,531.0,462.0,438,70
RLW5UMIk_1qoCD_n3liNvy=qWeEiv.jpg,362,772,447,511,567.0,479.0,410,64
rlyfGDiObd9NjNCsYHtJhiS8cwtiMl4.jpg,315,748,425,496,531.5,460.5,433,71
Rlzmglu=VuvF_Yk5xf_aXbQiRzWjn.jpg,453,847,442,507,650.0,474.5,394,65
RlZQsTOZiu6otp2yX7gQSSEGEP=YpX=.jpg,462,766,459,519,614.0,489.0,304,60
rM2Q1qEPvO=BmZrIeplkoYntNkLtz.jpg,491,910,422,491,700.5,456.5,419,69
Rm=rtQDISjTIY6wwWbNB9J33RvoOzM.jpg,470,880,412,495,675.0,453.5,410,83
rmBajor9_as7I7ab_V3WmnT_dvEk1eJE.jpg,414,945,498,579,679.5,538.5,531,81
rMdDi=SlbkyUQwBnu8egOCutt_rB8=Jt.jpg,432,905,429,506,668.5,467.5,473,77
RmJBLMm4Rjtn9wqlak181Myc71kUkCl.jpg,444,775,456,515,609.5,485.5,331,59
rMmjxJG5Y=1SO6vlstnwaIW7TpB5rpw3.jpg,313,756,432,503,534.5,467.5,443,71
rmPZWXaCcwz=3CZm=k32vPZyjb1m9vjS.jpg,299,888,480,567,593.5,523.5,589,87
RMS579eiUKJdmshRQ1aC7el9jNP6Wh.jpg,444,864,410,472,654.0,441.0,420,62
RmxcMXMfjBY=E816l4Or6MpYSd1rCB1.jpg,333,762,431,502,547.5,466.5,429,71
RmXG62UkJvOC7x8wVsS4JzEHt=2U8.jpg,423,812,442,504,617.5,473.0,389,62
Rn6Rxu=Wb64VX2l3iWN2mxvs4KyYlc.jpg,297,757,426,496,527.0,461.0,460,70
RN74GNWPgp9Ua7Ogz3xWan3t_lyCV1R.jpg,422,821,416,481,621.5,448.5,399,65
Rnbm_OpmB4SMi5qU2yQKnS2DmGfaPur.jpg,454,810,486,556,632.0,521.0,356,70
RNEXuMpgYb4=_k3=XtmiMuIN9EdXVv.jpg,320,757,432,498,538.5,465.0,437,66
rnJq7cUNHPyBvIfiLEXnhVRyruh=qbj=.jpg,333,739,421,486,536.0,453.5,406,65
Rnp6_T5k6VEH_d_c1srPsfunSnn5RPb.jpg,365,697,480,543,531.0,511.5,332,63
RnQVGeKxCBdvs3wFzrhFmbLoGw4UcO.jpg,507,956,431,503,731.5,467.0,449,72
rnrfm6ELSzkZS2jTskskuVijwohcOx.jpg,284,787,478,553,535.5,515.5,503,75
rNTty8UZ=l6k6s8YEtsrWcLUGDaW13s.jpg,400,809,417,483,604.5,450.0,409,66
rNuEoqTa7_L7uVvE6V79xTOHns=Ne.jpg,331,741,422,486,536.0,454.0,410,64
rnVKiccPTDRMPZPqrT93tms9Z_idvD3t.jpg,392,835,445,518,613.5,481.5,443,73
rnxg=zfcrdKwDpqEL2XglnRE_M__xTB.jpg,364,673,441,500,518.5,470.5,309,59
Ro7xtuZVd=ocyvqyXJryGnTBKm1T=Smm.jpg,469,891,425,493,680.0,459.0,422,68
ro9FbySpPs77I=rPEVnY_fw4EI.jpg,443,863,456,520,653.0,488.0,420,64
ROaw8rbCKQ94oJ87xyCr6KI5P5KOBdL.jpg,442,735,434,491,588.5,462.5,293,57
RoD7J9n=w1mJdn7MSylITE4B7dLTUG.jpg,435,815,439,504,625.0,471.5,380,65
rOEvgX43FcIUiroi=TIHuwIcx8fqJUqz.jpg,418,716,432,493,567.0,462.5,298,61
RojH52hbi7wrxx_nvjvEn7kvfxrNvPL.jpg,512,858,473,538,685.0,505.5,346,65
ROM3Llk6JLXlcLtkn7imp=wleRdUP=2a.jpg,407,884,444,519,645.5,481.5,477,75
RORyfGjx8uB78Ll3C2qiKMirSN6eazu.jpg,352,839,430,504,595.5,467.0,487,74
ROwlUNMTmUmHFfYsMvlkeDG_hDsGCy.jpg,398,879,440,531,638.5,485.5,481,91
rozH9h6gcMgc8l9eBLYuvf5idTjS5.jpg,321,754,440,505,537.5,472.5,433,65
RozpHt3BI=UBSYyySNQ_KjyHVeqeuiY.jpg,456,844,441,504,650.0,472.5,388,63
RP2rn_DYEdSzldi57mQHFkwthgZF.jpg,444,913,473,545,678.5,509.0,469,72
Rp7dziyacC8zYy4WODh83maQjUxn.jpg,378,887,444,551,632.5,497.5,509,107
RpanptkYZO7x=5lc7vzC1gOoOqPTmEE.jpg,461,874,418,483,667.5,450.5,413,65
RPB7MSHif9Dj33PRkoKsKkI7XrdY8QH.jpg,228,801,475,556,514.5,515.5,573,81
rPihaHzynbeBiytVdwexkZm8yBeeYMOW.jpg,275,764,440,542,519.5,491.0,489,102
rpIngaeCHmHR49Is1oXGCpw_Xq61wR.jpg,401,842,425,493,621.5,459.0,441,68
RPIs2ig6kNS4w6MB815xDPTi3leYSD8.jpg,334,758,421,486,546.0,453.5,424,65
RPKdweLsY8iHakQsv69nDqNbu2L5E7eR.jpg,386,866,448,519,626.0,483.5,480,71
rpRwnspxl3c5Mqe6Nb7W8vjiPNHfUmn.jpg,446,861,419,491,653.5,455.0,415,72
RpWa8=dn6dpODDvSnMH8DXcnvdapf2k.jpg,390,869,444,515,629.5,479.5,479,71
Rpx=XCFJFv6Sddzl7UqnpbyMTHGPYin8.jpg,383,843,440,511,613.0,475.5,460,71
rP_zTQEUX1U=KY3tUeP15o7wtnvlWXv.jpg,372,827,430,515,599.5,472.5,455,85
RQac6rWLaIhS8wfdkcuNMyZ161Wtmpq.jpg,438,795,485,552,616.5,518.5,357,67
rQapG=fDfyWYuttBMmeVnfTc2MwPb8o.jpg,442,848,446,513,645.0,479.5,406,67
RQbC6sOrqsVboT2ckoyDZcrChQXXMB8.jpg,428,951,487,572,689.5,529.5,523,85
RqCwWa3ghQyaVH6YEqLnE8VIyL46C=ZL.jpg,335,917,470,556,626.0,513.0,582,86
rqdCqVj8zu3Hwxwe=J3xLO1n2VmnJYuB.jpg,235,800,469,554,517.5,511.5,565,85
rQgEJ7U1lfaDhPxitwtGqmB93a48vMI.jpg,368,688,435,497,528.0,466.0,320,62
RQIQE_sRHCqzR3YEDTiCtF7D2OwlPpi.jpg,464,791,478,538,627.5,508.0,327,60
rQjPlT4oEPIzYDZpkFigEE=_N5T_k77.jpg,377,893,501,578,635.0,539.5,516,77
rqNnpXkJW4cTYkzdgjIICDd7azPxUm.jpg,493,769,415,470,631.0,442.5,276,55
RQqd41fZOzoa687mmeg_WaTrgg9npt.jpg,413,760,448,513,586.5,480.5,347,65
rQRVcP1lXLRpBrZ1b4=Zj=BmRl16J.jpg,339,753,423,487,546.0,455.0,414,64
RQSyYBETBDriFm5fCKWwbTHc=WyHw.jpg,457,861,446,510,659.0,478.0,404,64
RQV_89E9zTbpi5uk_3ZofBDiNzEW9kk.jpg,361,666,440,498,513.5,469.0,305,58
RQWTPbCFPWQu1Vz4rfkO=zggjyBi.jpg,416,905,430,501,660.5,465.5,489,71
rQXFtQyw33Z6ZCPGpa4iQaVPm3LzZYuU.jpg,395,947,464,571,671.0,517.5,552,107
rQ_yKQUbsgNrgdxb6CGMIzf3opSsmkNl.jpg,146,854,520,620,500.0,570.0,708,100
Rr5=J8CkmvGbvOjFGRZ6pEbKj2hH_Z.jpg,336,769,428,495,552.5,461.5,433,67
Rr5JTlMGqQfqVLQxoc7lwRT6PWhbjHZw.jpg,478,753,425,478,615.5,451.5,275,53
RrdJmzYYZfcOgTUG1h9Jy=cwBaJhKDi.jpg,466,1003,495,581,734.5,538.0,537,86
RrMtf2lO=I9ZaUTEBfKDBeWO7GMZCVRJ.jpg,402,877,466,539,639.5,502.5,475,73
rRqYouG8o3OMOQmuamVqaJ1=lvD9nmOe.jpg,412,891,438,514,651.5,476.0,479,76
rrwoepqV9Xzk=rpeNBEJ5sqRuhPMan.jpg,390,831,430,495,610.5,462.5,441,65
RR_=Zy_4CXK_NOF_Xyor8NG8=xhO8UuI.jpg,450,875,426,501,662.5,463.5,425,75
rs3pystUyPoamO6SHy7WBTRW1yCaKT9.jpg,342,877,496,577,609.5,536.5,535,81
RS7UYcr66cmBBrIW=yWmZ4mwITzEwtz1.jpg,429,931,443,526,680.0,484.5,502,83
rS9OaaDXMPHD5xYB8KgCuS3GsERC6sZ.jpg,428,875,465,534,651.5,499.5,447,69
rs=4tr3s=bRMRoLy5jRuIhkbUyXdt.jpg,468,866,413,481,667.0,447.0,398,68
rsekOQ5jG_ZBLnaVuWVseq3_D8Dc8SFx.jpg,390,674,415,472,532.0,443.5,284,57
RseTJyhzULvHkwlKxrh4vQ6LZYzvn_dB.jpg,463,887,395,501,675.0,448.0,424,106
RsgbPpvZhdgQCVDv_e_MgwQkwBJQuR8W.jpg,367,945,482,572,656.0,527.0,578,90
rsjBj2HDzZ4xinyINpNpwoIhCPyGVFn_.jpg,447,919,458,528,683.0,493.0,472,70
RsLJeLSPUW85Zd6regOji42eIJTrDLL.jpg,394,800,450,512,597.0,481.0,406,62
RSN3kN=l2KBTFX=OZlTvL4Dvh3Ev9crP.jpg,429,793,495,563,611.0,529.0,364,68
rsOnclhUbwfV2itH9=WmYwLvSLNgB2.jpg,446,921,438,511,683.5,474.5,475,73
rSp6g4QsE3oknZGj7r8L2wNgQ74uD.jpg,387,660,422,476,523.5,449.0,273,54
RSPjcYTYSJtbgu7HbU=D7BUg9TOO2OW.jpg,354,680,453,512,517.0,482.5,326,59
RsT34u1GElHvuuscMbym2QauK=HGgf.jpg,443,856,448,510,649.5,479.0,413,62
rsWq=NbL9_KnqNpMGEcF82V6=vjrHid.jpg,314,754,428,497,534.0,462.5,440,69
RT8KwxvQyhIs=mGPbaXFaxXTnBwCupR.jpg,410,870,435,518,640.0,476.5,460,83
RTbkhvDOJNK4NwTIH1=HGwzgml2j9c.jpg,432,786,491,555,609.0,523.0,354,64
RtMv5PSuatLi_ukmkaSboYGQZmPD_WOO.jpg,387,824,429,500,605.5,464.5,437,71
rToezdYnxGB5YcL=lzyEiCCvUN7oII7.jpg,384,873,476,554,628.5,515.0,489,78
RtPv2TQyqfsboJxC1eIiSqm4artPYT.jpg,384,825,419,483,604.5,451.0,441,64
rtQUBXTB4bIau4efeeVzzxjGHHjQtg8.jpg,310,653,441,509,481.5,475.0,343,68
RTt=P7Hg9cGv7fEhBaRCiHEmcjSGHmx.jpg,465,753,432,489,609.0,460.5,288,57
RtUPpNCaWbKNMgFS7Dqkj_96GhJZKXI.jpg,370,914,465,542,642.0,503.5,544,77
rtVIuw2cjy=eDoLndOfJiaziw6Ounvj.jpg,390,817,426,491,603.5,458.5,427,65
RTWV_snQVEmffo6jZ2EjRHN7DCFQX4w.jpg,381,802,414,480,591.5,447.0,421,66
rU1TvPtiEUMxyuExRHSwx53dYZt8iJvR.jpg,409,858,428,522,633.5,475.0,449,94
RU5xhpKVB2dxzBzQZdBOt54uriisyx.jpg,432,858,453,516,645.0,484.5,426,63
rU7VkvS_LpDxhDH1cHHzrw8bgB6prlPY.jpg,417,875,426,494,646.0,460.0,458,68
RUcxRfEmj7Ej2j6cKtPbHdRLwLzy3xJp.jpg,399,880,455,523,639.5,489.0,481,68
rufbB2H17iiXEmwKvRCkKxCVetmZg8Oe.jpg,414,816,445,510,615.0,477.5,402,65
RUftlmIQkSBwTftN5GmM1JNDfL9DgIf.jpg,491,764,415,470,627.5,442.5,273,55
RUI1TlwVOdrEqi8lTOm2bRPVzffMdBw7.jpg,323,978,506,605,650.5,555.5,655,99
RUMGIuQCHRjK3nTnLqvlaG3zFnliSeWq.jpg,471,773,458,517,622.0,487.5,302,59
RuOdedq6WehP16EOj9flJw8848O8X=x.jpg,362,817,430,499,589.5,464.5,455,69
ruRvStVDoE8RkEU1fNmkX8BUb2oyK8.jpg,444,877,419,482,660.5,450.5,433,63
RUvrCulaf1yxIiQbq6Szzeg_k1U6RBbR.jpg,323,736,422,488,529.5,455.0,413,66
RV3vFPQM=o6um2cX2IYENDQqbTs8WPX.jpg,287,773,444,519,530.0,481.5,486,75
rV4J_Iq3NDGnoNC_xxIZKbGUjYzT3rv.jpg,247,808,435,520,527.5,477.5,561,85
RV7snwaqqioOphGqFi3mMPT52dM4P7he.jpg,352,825,432,500,588.5,466.0,473,68
rVb3f9ZS_ssqlJk2Gb86sGRnDsmWI7zZ.jpg,360,824,426,492,592.0,459.0,464,66
rVb=8xX4wBW5pzHZ4Jz8pBt8ypUEHBt.jpg,314,748,419,484,531.0,451.5,434,65
RvojeVpzMB4vrOFSDVlqMEqZ5=WQ.jpg,333,865,459,540,599.0,499.5,532,81
rvp953u3V6LPI4csiwYQgS1XEwkCdM.jpg,382,843,440,509,612.5,474.5,461,69
RVpQWgVmHWedKi7yV172Jtlw3VHZr_E.jpg,418,904,442,516,661.0,479.0,486,74
RvQmLBlBX_I46vHwDrTPON_zGJLdhp.jpg,414,811,417,480,612.5,448.5,397,63
rVr9tuXBK_UNF4Hq1dZkHb2LIimRLMBf.jpg,305,1061,536,650,683.0,593.0,756,114
Rvv6WslI_QrUOw27kTINNozELWQBgG.jpg,416,795,471,541,605.5,506.0,379,70
rvxSyb2nfxqxBlWkSDqmG=Hjmdvtu4F.jpg,372,706,455,516,539.0,485.5,334,61
RW18C8JzeadsqESJNTai5TtqHnTabDQ.jpg,353,848,480,555,600.5,517.5,495,75
rW5tVW3QV5uPODg=YlfXt69Y=VKapM.jpg,496,926,451,521,711.0,486.0,430,70
rw76MEEDomPHf1O7Kus62V9MO1uNOB3C.jpg,407,755,433,498,581.0,465.5,348,65
Rwc9tz=_ypqFjcT3fZwUZvCDykYwPYx.jpg,286,783,457,529,534.5,493.0,497,72
RwebUlHXHfbJULmtIOJofVI3ON7fpIE.jpg,409,876,426,499,642.5,462.5,467,73
Rwhk7EUTl2oPrdXXHaUtkREo6UVTXpJx.jpg,322,939,490,586,630.5,538.0,617,96
RWHm2IuDgPGfad8htD6hrQlPQILK4.jpg,608,899,434,496,753.5,465.0,291,62
rWMBla3yw791qikEegNszF8XqNUpfPU.jpg,381,803,420,510,592.0,465.0,422,90
RwNTvMrdf4Q6XvGUvCw7QSbjRorzM7G.jpg,404,934,500,579,669.0,539.5,530,79
rwoiiw7hTzFV8UU=r8mB45loQJQehQNH.jpg,442,899,429,500,670.5,464.5,457,71
RwoNS7bn2BXcSPLH1igZ4y6oIlDmvhCU.jpg,326,753,426,497,539.5,461.5,427,71
rWQwVEgugduECFj5UzgvOZsud3cbSjSs.jpg,287,771,440,514,529.0,477.0,484,74
RwsZtFauRQNs3U2mEOq8FCxBlK51T=k.jpg,340,930,521,611,635.0,566.0,590,90
RX9Mji91U1TMCqZ5tf9VfbTQkvKmoe.jpg,455,729,427,481,592.0,454.0,274,54
rXbMxRTkp99qM=PuO64_i7Lzm1EKsh.jpg,348,932,476,566,640.0,521.0,584,90
RxBRGaK1xzJQIlbcPUh9HpmCLkwbLOf3.jpg,64,889,528,642,476.5,585.0,825,114
rxG2jVyuT7lJ=gP2exjTsUfZgJ5Xi9Ji.jpg,364,760,415,476,562.0,445.5,396,61
rxH2KFO=Qbw=ma1UliplT75lKmqRJ3Qm.jpg,396,914,489,566,655.0,527.5,518,77
rXH6wLCY_muQPEfS_3q3U65lkQqukbt1.jpg,461,871,448,514,666.0,481.0,410,66
RXkmmZRVyJ1bS_uxHXxL6UxYxcQ_R7n.jpg,341,862,461,537,601.5,499.0,521,76
rXl95iUSZoOcTTXHB=72FXekTM79TET4.jpg,305,773,453,523,539.0,488.0,468,70
RXMClWCEzd22E_dBJsoeQ6RC6_54nyPm.jpg,510,806,448,509,658.0,478.5,296,61
rxPZ9mzNm99GpX77jxcouMdb8ZoFzb.jpg,23,1231,764,911,627.0,837.5,1208,147
rxqaXl4t9X7TR=SXzKcEVoCDg8rGDOn.jpg,418,877,465,538,647.5,501.5,459,73
rXr75z1dd8LaS3fnKtLZDGH4cG=gii.jpg,373,906,500,582,639.5,541.0,533,82
RxyKSwpQSbfL1_VzJkIsSqHVbezHauN.jpg,432,874,432,499,653.0,465.5,442,67
RXZ6WEpEvtRUSTVWVw8uLJQRw3jbW17.jpg,333,849,437,516,591.0,476.5,516,79
rY7UxTsiCW6cpJhhDBY5JcKzoYdxFV8.jpg,387,944,459,560,665.5,509.5,557,101
rYBEnB3i_BqIj3il1_wXQRNVUJYcdk.jpg,410,897,491,559,653.5,525.0,487,68
rYch78NUvVBooamYKccRDXGmI4dyMtEa.jpg,318,759,431,500,538.5,465.5,441,69
ryFE6uUmz9wVE1vnGV1Wuuk=ST9Q9.jpg,392,836,458,533,614.0,495.5,444,75
rYfkCIRPJfoQUw5qP4liX45r6qdpF9.jpg,404,809,420,484,606.5,452.0,405,64
RyGfyIMFCN4_wS31W1FhIvDMk29NMzBY.jpg,398,960,454,538,679.0,496.0,562,84
rYGKSI8oL_OqIJ_TIYwUtGm8tCH8pxy.jpg,331,807,472,550,569.0,511.0,476,78
rygzk4CHOWYa48QRlj=hre3YtiT9ai9S.jpg,395,813,439,500,604.0,469.5,418,61
RYPK_3dmtewTWQDTYypiv4xoPL=8k__L.jpg,382,687,440,501,534.5,470.5,305,61
RyQ6fRTvb5vPSZed7xpG2euC4Ji2ZL1.jpg,386,903,473,548,644.5,510.5,517,75
RYYuqGEpIHiepavRP69kH2fjRfSfMIK.jpg,249,540,458,518,394.5,488.0,291,60
RYzH_8RLnxsmZB6SVnRmffw=QLj1nd.jpg,313,767,422,491,540.0,456.5,454,69
RZ3=Pswnb4lkQc35J=MJfTWe92qzc.jpg,372,798,424,491,585.0,457.5,426,67
RZ7zU=FV=kGfu=a=ixz31kppwLE7Cz1c.jpg,331,810,440,517,570.5,478.5,479,77
rZfIu49nGoigqK_dJOb=jN=lqOkUII.jpg,336,778,423,487,557.0,455.0,442,64
RzGTngWzuuT=y6OKGCdjTdjm7WJQfO.jpg,376,814,420,485,595.0,452.5,438,65
rzmVpDwks9reqBG8wnaj6zLy5_Quj12.jpg,414,807,414,479,610.5,446.5,393,65
rZWiioYul8JYrMqjfZBHv1t64cJbP1gv.jpg,377,809,427,511,593.0,469.0,432,84
R_iFaI8alP8rjLpZyskmXG3CR8goHpwt.jpg,426,888,471,541,657.0,506.0,462,70
R_mTY9sxN6GwuaBDf_GIDunIzUlUQ.jpg,278,807,472,567,542.5,519.5,529,95
r_poXL5NMq_LWtxFWOoWn1894olgYrOn.jpg,423,722,458,514,572.5,486.0,299,56
r_tSZoiOgsT4InaPZoxEmb1mdUCrVL26.jpg,362,905,468,543,633.5,505.5,543,75
r_vgsinrrNc3NDhNimm2an8RFKpiYnrw.jpg,398,821,420,492,609.5,456.0,423,72
R_XRXUZGIgm8_P9dlasJ7hyerWdKZZ.jpg,417,874,438,510,645.5,474.0,457,72
R_YGcumu8QobP8yqhUdNtvts1fmRLtC_.jpg,268,783,454,532,525.5,493.0,515,78
s163qCTB26IdUz2a_sh_7blNJj5hQ.jpg,426,834,421,487,630.0,454.0,408,66
S1fBxsHY5xizwNRgYIfwQzYazZOP3fp.jpg,406,801,415,479,603.5,447.0,395,64
S1FzMJ6i48U8_hLGZJUUDsqxdNBW2.jpg,423,840,449,521,631.5,485.0,417,72
s1Kdbxn1ixWalkUeSWd6dhwMa76zp.jpg,426,874,416,499,650.0,457.5,448,83
s1repdfWMqOpzC_3fMmtC61ejrpFnRH.jpg,372,843,443,516,607.5,479.5,471,73
S1sQyMjnMlqsliRTw14NenlwcsrI.jpg,415,803,421,482,609.0,451.5,388,61
s1yvwc8lc7lQKRxNmHxjvzyRVviz4.jpg,364,776,419,483,570.0,451.0,412,64
s2E11wu2yBjfyWM7gFmRchx_cetdl7o8.jpg,508,956,455,529,732.0,492.0,448,74
s2mHgh1ZT2skip7=Bv1uUNRuGLzRzc1.jpg,360,918,472,550,639.0,511.0,558,78
S2nJ9XRsk9gKgO3PW37eRCCmiiM4VPJ.jpg,360,816,444,508,588.0,476.0,456,64
s2P=9f2Sme8vx8f_8XzDnNxTkZb3K9k.jpg,353,757,417,480,555.0,448.5,404,63
S2upaVRQOsZOzu5YopzUYGHung126j.jpg,417,721,455,516,569.0,485.5,304,61
S2UvmrOM2C2OE31ekxcnRg8nISI7bO3.jpg,386,831,424,499,608.5,461.5,445,75
S2_iydo1DtJo5xRx5SOezRXlTLRNPf.jpg,458,862,441,508,660.0,474.5,404,67
S3RTNvX1XMkgXn=RvXcnaWC3zslfKHr.jpg,453,864,412,474,658.5,443.0,411,62
s3sZ_8y2aMIb_zaXQ2XdntXu=EGZnsL.jpg,386,823,431,499,604.5,465.0,437,68
S3WUc6=dC778uoKjsMrDV_nPNKm3K.jpg,334,668,443,510,501.0,476.5,334,67
S4=bvYS97Tt28EORZCGy8XMVFVycWMn.jpg,416,878,474,544,647.0,509.0,462,70
s4bKplVLOP5uBcYTHaQ4PwIqQD3G2YM.jpg,397,819,422,486,608.0,454.0,422,64
S4KJCwezjzLIOYn98DOfIhWlfKpFC_wm.jpg,336,729,417,481,532.5,449.0,393,64
S4Oq58ayECXOcfCoF4MPyM7394UrUtG2.jpg,404,941,457,538,672.5,497.5,537,81
S4Ouoo=Um=Oxtmi=estFX9QjCFFd179n.jpg,400,862,462,534,631.0,498.0,462,72
s4rsU32P6dIPyXSKotJNynO5v33Q=7.jpg,452,975,475,577,713.5,526.0,523,102
s4sK2B_yyZh6i2yaFpVajhxMdfuX1v.jpg,486,757,439,492,621.5,465.5,271,53
S4Ui7BCZmIJzFOLFbNv1Nsm2x4Kqi9EX.jpg,420,845,453,519,632.5,486.0,425,66
S4yFWhGShagTecWtyL4d_8nHPh75HkT.jpg,296,848,465,548,572.0,506.5,552,83
s5a75hcJRQ1XutaLGJ5opBXMU6pWoIOM.jpg,379,658,441,495,518.5,468.0,279,54
S5Ey1abxqhafZWJMmzQBGBPKBWknGuD.jpg,397,848,465,532,622.5,498.5,451,67
s5ftL65uDbJsunieBMenDlRcrkddNKdp.jpg,480,754,442,497,617.0,469.5,274,55
s5HF7wm3qRSlI3jm3UHpmaoqCZTI5Ta.jpg,460,920,463,542,690.0,502.5,460,79
s5lwaHuUCN83YRMDfUC6F7HHOht6Go_c.jpg,212,706,475,553,459.0,514.0,494,78
s5mdqROlj4mZhf5TDRfs6kFbeSeFQ2.jpg,343,787,428,499,565.0,463.5,444,71
s5vZuBpQTWH=chKXhZLivcerFcjQgN8t.jpg,362,843,451,524,602.5,487.5,481,73
S62gqSfTE2WnVyV1k7fx21dCmQwrjb.jpg,398,886,443,518,642.0,480.5,488,75
S6CUGziCxh=y_KrTzSFZCxzTJlON=KFf.jpg,404,926,465,545,665.0,505.0,522,80
s6nMxsOG_=xbX8CffEQuWCWtsfqSo.jpg,430,836,445,512,633.0,478.5,406,67
S6olXDhi7u4MqTfxiyzwMWthNO2Hn32.jpg,268,770,449,523,519.0,486.0,502,74
s6xF=q2Ia1S_wQqEqv6cf_WmWvXRiniJ.jpg,410,707,456,514,558.5,485.0,297,58
s6XNqP=JShvUr_gqHiQxBSrVQWHFRg2.jpg,297,921,420,508,609.0,464.0,624,88
S73RY52m62ScQhN4coxw=ZkbJit=BH7f.jpg,327,753,419,483,540.0,451.0,426,64
S77YqtBMY4sGoawmyhrmyCvlkS2rue.jpg,416,897,438,531,656.5,484.5,481,93
s7FFyJH7D7ifCeqsshBkXwBZfwnquaPY.jpg,414,733,447,509,573.5,478.0,319,62
S7gizQcpPtNF32R6so8ox2GrvmZWuPp.jpg,405,800,415,478,602.5,446.5,395,63
S7h8dV=7xbxpG1WyrXaP4uRg3klavIms.jpg,436,871,449,513,653.5,481.0,435,64
S86GT8yIzkNoJ=uZMUHdoCseW4pBDSnl.jpg,328,858,462,539,593.0,500.5,530,77
s8du_irgPSCnKdbolBDVaJLhB3cfen8p.jpg,439,826,440,504,632.5,472.0,387,64
S8EQNVLZ1T_murVSJyH_BsYnR9Ttr.jpg,454,881,419,491,667.5,455.0,427,72
s8fZPuRevwW5jgKuXRpeZPcQr_jWBkvz.jpg,383,835,421,487,609.0,454.0,452,66
S8o9K6fBzCgNCTCJBczvYLp7PFYZH7d.jpg,380,845,466,537,612.5,501.5,465,71
S8uLYiCfV8nZkRHPjSmn7LUxK1ko82N.jpg,396,769,480,543,582.5,511.5,373,63
S8VaMIRQJEtEoPtVTFnr5ffdS1ZEZR.jpg,476,855,409,476,665.5,442.5,379,67
S8wzhDSIzZnI5BDSGJQpQtNunp=vNSR.jpg,390,823,431,496,606.5,463.5,433,65
S8yX6gQeRmFKgSi8GiBUPV6dJKi88Faq.jpg,445,944,451,541,694.5,496.0,499,90
S9bMqOuvrNoTMa8t9ktg9RNFscNSK8g.jpg,390,903,458,534,646.5,496.0,513,76
s9cTKqoGUOpH7XGmGHTxgilSH8ul6d=2.jpg,441,873,453,528,657.0,490.5,432,75
s9TGjXwFtFWH1JtLZXgoJDqpK4dyr.jpg,484,765,446,501,624.5,473.5,281,55
s9TyrtusstrzGYSmd6PX7bQH=m2GYhn.jpg,310,806,446,531,558.0,488.5,496,85
s9u1ipcsk3HK2FKJHeqdv3eTIBdM8W.jpg,405,830,445,506,617.5,475.5,425,61
s=1bagGJyW3b_SgzYFNi_cD_iOLBxX1o.jpg,369,685,445,504,527.0,474.5,316,59
S=36XKsraDMUdDrFSltRVQ4LK=dnhwK.jpg,455,913,438,515,684.0,476.5,458,77
s=6Xroczo=wmyQJPTKrDbmGDzZWhFrxR.jpg,496,965,436,507,730.5,471.5,469,71
s=8aFmDLFBEztO4O9EazlZPqVrcK4jE.jpg,373,915,450,556,644.0,503.0,542,106
s=dD1aXzOY15f7Vvsyxuw2JBqZMaVRSv.jpg,419,925,453,527,672.0,490.0,506,74
s=qCsjBwdq53mYhTnkmHdLnzkbdRKq6.jpg,367,669,440,496,518.0,468.0,302,56
S=S8SKPdcwwEC4pjcKa5sC6isJf8FaF.jpg,480,810,446,511,645.0,478.5,330,65
s=WafE_gqzx3DM5xFzO7KydjQEm8_W.jpg,421,873,453,518,647.0,485.5,452,65
SacNqdgYYvbY=hfRPIWsGQUiWhE8U=E.jpg,243,926,509,611,584.5,560.0,683,102
saD3cdv26dFUscgFiOTPHcj9ngIFP3dX.jpg,445,723,419,475,584.0,447.0,278,56
sadvNdmRfCzfgQ8BeF2aiB2zHm7XzZ.jpg,322,758,458,526,540.0,492.0,436,68
saFKNzw=_rDTv7xvUpwr1R1r_hysSS.jpg,91,810,464,579,450.5,521.5,719,115
SarGPZLaPjk=DLS6YSSwiUzZq6TB65.jpg,178,965,544,655,571.5,599.5,787,111
saTfrp2V_UlCouvMGqbLWMkV9nNdsIk.jpg,445,743,455,513,594.0,484.0,298,58
saUkHmG83kSr8SHo6r8Pl7NZXPrCK2Iw.jpg,409,880,457,525,644.5,491.0,471,68
saWZID5O6FVTpnBWX3yCCgMp9UTHHNf.jpg,471,879,417,483,675.0,450.0,408,66
sb6UoxSnN8dg_6DgCd6UL474gT9xL9uy.jpg,409,890,442,516,649.5,479.0,481,74
SB8wUiE3rhx_riyzL5_W69KOWdWeMy.jpg,318,837,478,556,577.5,517.0,519,78
sB=ypccDeCSNz8Bt1U2Hv=oOV7xaHIlr.jpg,387,940,465,560,663.5,512.5,553,95
SBdpapphSrDipRf5YeE5ESlwbY1iBc8B.jpg,367,836,445,532,601.5,488.5,469,87
SBfMyGeefR7CYrH=_X6ZetcMmUooT2k.jpg,367,831,430,504,599.0,467.0,464,74
Sbjjhz66mOnarw2vEQncqXB9ypvo6q.jpg,337,879,459,559,608.0,509.0,542,100
SbkoFyC4HfeoBYr6Myd8K3BJnrFOD.jpg,296,845,460,544,570.5,502.0,549,84
SBM=BUDGcclBsB9vcY9NNXySzMPl3m.jpg,392,801,440,503,596.5,471.5,409,63
SbMf4ULvCvHsWKcszGor6KDk1c_Dqt.jpg,416,797,412,474,606.5,443.0,381,62
SbmJ5Fx5yXVJ5=HCy7bBpgkKUCDhMw1.jpg,360,651,422,479,505.5,450.5,291,57
SBRHQ8uG=27J1qfLPPjuiGl3NSRUjI.jpg,337,742,421,485,539.5,453.0,405,64
SBufUd8cm9irFinw_a2KMgxKq3Vo37Oa.jpg,382,663,415,470,522.5,442.5,281,55
Sc3pP8kFiEvLVlc4vYjsS_8QB_7Ef6t.jpg,407,700,421,481,553.5,451.0,293,60
scC8MZ_33_gyYIVTKrDhSFsa2BCcoib5.jpg,359,862,450,524,610.5,487.0,503,74
sCce_9Pgi9qVU_uI5smeN=7SYFE=1cje.jpg,395,903,435,510,649.0,472.5,508,75
scDu8eo5EI3BQ5sSodIe4NS12xmq=2N.jpg,503,813,439,497,658.0,468.0,310,58
sCFlIiSmoTomXBQ=S4cRSfDbKjrg=Z.jpg,421,825,419,482,623.0,450.5,404,63
SCMJK4LMrlQsLkFyVwPr7gSHM4=sQreZ.jpg,339,846,433,510,592.5,471.5,507,77
sCof1uCdxlQuXr4y8HpE9YZ2UDHqpr.jpg,470,870,437,502,670.0,469.5,400,65
ScoP4iypULPrjTBciW117Cedme1Ga5p.jpg,311,671,441,514,491.0,477.5,360,73
ScVf8nBjeUooud2rfv4N4K9YVPxIZmY.jpg,426,697,421,476,561.5,448.5,271,55
ScVZfDHRijd=4VBWuBmfvO44Hnl2aTOr.jpg,389,809,419,488,599.0,453.5,420,69
Scw64wdFPyJ6K_ykjUxlYO9EZkd3jD3.jpg,258,910,456,572,584.0,514.0,652,116
sD3GDOwdXsfTR73J6nO6I4o=kbUM74vJ.jpg,378,892,451,526,635.0,488.5,514,75
sD3udVEE14mzyvWDzJ7EmFuOUmhxERr.jpg,420,858,422,497,639.0,459.5,438,75
sd4RrIqyUGgJLxOcQM7gPWzq=_UmP2x.jpg,55,1231,740,891,643.0,815.5,1176,151
SD8MYOQUrvVHtZs=CpgORnEhoCMs4CC.jpg,431,961,497,581,696.0,539.0,530,84
SdB1mmCMxEw_dzWgfXDIQlISfNhXC.jpg,209,757,420,523,483.0,471.5,548,103
sdC1HeFpM2LuyJBONvVjM48T_dhNB7y3.jpg,472,946,473,547,709.0,510.0,474,74
SdGpZVLyWb9XbOOtuIjySsyI1ldr1Hj.jpg,190,864,515,606,527.0,560.5,674,91
SdjTpyCEsVSFssP4ikfh__6=invjfVUv.jpg,444,715,431,482,579.5,456.5,271,51
SDmxUmBhLyDZ6jTuDWevE21i=bTCXVDZ.jpg,325,745,417,481,535.0,449.0,420,64
sdn3Ni5CQQOSHV3WjwK8rmW7ctRidnOD.jpg,447,869,418,507,658.0,462.5,422,89
sdSP_h5LshfHE5_E5nP7G7HScVWf8Gx.jpg,372,822,427,491,597.0,459.0,450,64
sdwpm5q8aHmYMRQ8L3ehgOd2dXJIO3jG.jpg,430,863,419,485,646.5,452.0,433,66
SDyu4PlyZiRiE4rCtBCbqrXOX2VpXuGm.jpg,327,877,469,545,602.0,507.0,550,76
sE2mXjDBL6kP1FNdijv1bjOV1XVTmMiJ.jpg,331,749,425,489,540.0,457.0,418,64
SE4WyXmqFleoDqfBviIj7T3sLaInhi.jpg,419,820,418,481,619.5,449.5,401,63
seBMmsNJ3MasXekobHfqonWdpdMu5DZB.jpg,419,821,443,510,620.0,476.5,402,67
sem6RxcStaVZQEMsBhSNdVs8N2k=7R_2.jpg,441,837,433,493,639.0,463.0,396,60
SEMmat85V51uTa7q5vY6kiGhUcLOrba.jpg,373,771,418,484,572.0,451.0,398,66
sENiUT_LJVhwbi9qkeFveNuIhJcz9.jpg,387,807,416,479,597.0,447.5,420,63
sev7TfqO3v2u3tWz8wykUUkRbFHQ9T=w.jpg,411,840,415,479,625.5,447.0,429,64
Sf2gcOxiFdaOGIe_NxnRTgjRxr8am_Q.jpg,383,862,463,533,622.5,498.0,479,70
Sf=IPJHheazBMmxQcVLUYPo91qnpMdz.jpg,278,780,443,527,529.0,485.0,502,84
Sf=WI7EmBXXM3R8KCWg6zOQ8Bc3CTRf.jpg,519,793,412,468,656.0,440.0,274,56
SfB6xjr_KuHccKfSmHLiTsp78quCP.jpg,283,795,474,549,539.0,511.5,512,75
SFcfY2wHlLW2WUuSQFH2ykjl75U7Qgr.jpg,399,804,442,509,601.5,475.5,405,67
sfeJ_iE5c=O2kwUGvh1rMqzqkO65_H.jpg,428,773,477,538,600.5,507.5,345,61
SFg4FST7uQiI_EuQ6=OQJKK7OocSmfgd.jpg,423,757,462,524,590.0,493.0,334,62
SFH9zpRWhbpXqdfNEI1mH3IISLDKJpYb.jpg,448,963,459,548,705.5,503.5,515,89
SfKH7evH37Qc_BYaaxFJ1EkmHKQWy.jpg,353,886,492,577,619.5,534.5,533,85
sFlyEjFhVkpi1qeb2NRjL3JvwwQcFU6c.jpg,407,804,414,479,605.5,446.5,397,65
SFO24WO4GvKp4UZ3PJMIang53_SvKSJR.jpg,379,786,414,475,582.5,444.5,407,61
sfsLjSuUIG252gtvl9fKsDYWj6m4QO5.jpg,320,783,440,515,551.5,477.5,463,75
SfV8DDCzuwFcWs9tVmEkzPZrJxQjvS3.jpg,406,808,415,489,607.0,452.0,402,74
sfxEfvbs==ERZLuNnlFl=7fNwh6qjvHY.jpg,513,842,475,535,677.5,505.0,329,60
SFxYGWEun3UHqzlSgIQ6xjVEOFIk53sp.jpg,413,961,467,555,687.0,511.0,548,88
sfz9=YTCRzah4KmYdSw6kJHBVu_ob8.jpg,258,828,521,601,543.0,561.0,570,80
SG3NlzPNdBWhq=JQMKXnzw5slD_vP3J8.jpg,360,938,511,598,649.0,554.5,578,87
sg6DZ_YQfWY4Nzg8TjmaHlTHL95=oP54.jpg,397,919,454,533,658.0,493.5,522,79
Sg8QLb8xRnt4q7TX5ubCRGQpfxsI1Fs.jpg,360,790,450,513,575.0,481.5,430,63
sg=VjX6vtnPEyMzuf6DWHTiKDL9YL6H.jpg,234,840,478,570,537.0,524.0,606,92
SGFrryfYVolzH1kbbs2waCuwOGaT.jpg,401,798,416,483,599.5,449.5,397,67
sgGmNEMkFmCuCqPiPC4y=HpzEWjYzNq.jpg,418,902,447,517,660.0,482.0,484,70
sgIcrbqIbVyvZos4q7TM3IXTcUmyQoT.jpg,296,707,436,507,501.5,471.5,411,71
SgkCW7NLWr3WtRogRDrqu6ERws15.jpg,492,919,420,497,705.5,458.5,427,77
sglcE4Lppji1Sb11BEWzr=vLEvTNpC9T.jpg,472,810,473,537,641.0,505.0,338,64
sgLipx2URuCqW77tLefC_LIJUQmi5cNc.jpg,382,912,455,548,647.0,501.5,530,93
SGm=p=5dotnFGMgT88Qj1DnpSJmPiCQ.jpg,413,774,461,526,593.5,493.5,361,65
sgNpgL8zVRRjMHDhKZnFQgIgX8yd_onj.jpg,324,873,468,547,598.5,507.5,549,79
sGoRP2SBii=Toz79JG7eDVs3ygmsx_td.jpg,266,715,456,523,490.5,489.5,449,67
sGQPHw=KdiyrnEBXTLZCqrt_HK_4fhVC.jpg,425,840,451,515,632.5,483.0,415,64
sgsgb1h4y4w7byh8xstjz=a8e9JgVaXM.jpg,363,840,450,518,601.5,484.0,477,68
sgSQyC_ojLBKzHpMC3NlSzIZNErhlPb.jpg,452,906,469,541,679.0,505.0,454,72
sGTtjXgJz4QXZqytQSsrz_UGfRQoqrM4.jpg,420,851,430,503,635.5,466.5,431,73
sgW7N4epU8IOZHCUbT_qwwuV3ScZeR.jpg,385,833,425,493,609.0,459.0,448,68
sgwyTrYpEEI3qetrz6l98qLjpSWBJFVQ.jpg,311,752,429,500,531.5,464.5,441,71
Sh3mrvPpYktwi4qcgVFjelen8QneeYv.jpg,358,786,434,499,572.0,466.5,428,65
sh5HIKXfS8N7z_jQxN521BlWKfg43.jpg,406,940,498,580,673.0,539.0,534,82
sHbxTqnKS8b4i2YGqlMpHPVg3OqgyR.jpg,379,926,461,543,652.5,502.0,547,82
shHm5vImfXk4CKgjIR9hSUNYERyv17.jpg,401,812,439,504,606.5,471.5,411,65
shIZmaL4bYGiTG2fkLreu2deeXNn5lv1.jpg,322,754,418,509,538.0,463.5,432,91
ShJBYwulKRF=cySo2tN8n9Mnjy7VXG.jpg,410,858,426,499,634.0,462.5,448,73
sHktCGy2DrPJzGuP_Riq__J4x4KH9uD.jpg,471,809,475,543,640.0,509.0,338,68
shlM52WTtCtlvRJ3QjJddHkuWwBRZx2.jpg,280,954,491,589,617.0,540.0,674,98
SHP3qc4yH16SUPbiwhYQtb6QRxLNf.jpg,473,740,439,491,606.5,465.0,267,52
SHvqx2VVpJXIgjZzFaQm5lXoGZktFYqZ.jpg,299,843,428,512,571.0,470.0,544,84
shzN_zeVpcyClO9YSK3kcetE4Cc3b.jpg,376,776,438,499,576.0,468.5,400,61
si=wtCXyUTm9nDRvFV34zIvDq6tsjyQD.jpg,384,918,493,574,651.0,533.5,534,81
SIaSGRHNd_cisoR8kVhlmSa2bL_vYVf.jpg,309,762,426,494,535.5,460.0,453,68
Sibl8936TYUyLVUJOR3JWZ1_x14C5c.jpg,301,909,521,616,605.0,568.5,608,95
sIBNSSjZogkWXL9oy4W3Sj6QCc.jpg,323,693,481,547,508.0,514.0,370,66
sIH7EK2oy4E9dOdPRu9cSorM76RMLDpu.jpg,400,922,470,549,661.0,509.5,522,79
Sijl_d185dOvOJ=njppGK7nmtooUxo4V.jpg,422,862,421,487,642.0,454.0,440,66
Sij_8Rwu1EB_5_spxKC8_2dx2=xkJLd.jpg,467,740,423,475,603.5,449.0,273,52
SilwQG6uMode51RlSHaEv2sUQKXahj1H.jpg,514,871,465,534,692.5,499.5,357,69
SIpeBiXq7i85O2ulPh9O3KH_d6=ff1S.jpg,362,759,416,479,560.5,447.5,397,63
siqZgMzy1hpXpfkNUFVttgzGd3LsLaX.jpg,394,803,422,485,598.5,453.5,409,63
SIrohz2PtSbShIBcCINZO=ce31tZ2dQl.jpg,419,869,452,523,644.0,487.5,450,71
siTQZfhXIDPinR48_dgTxjqwsSILgjE.jpg,517,946,419,503,731.5,461.0,429,84
sIVHR8BbJLyHKpdULIEGwXfJkbSH_L.jpg,499,765,439,491,632.0,465.0,266,52
sIXIy2mcjqHukgD_fc_FqxtQZbwM8g.jpg,372,965,522,608,668.5,565.0,593,86
siy1crMX5qEOFvjo4MbwpgYVqwTRLCC.jpg,394,866,446,520,630.0,483.0,472,74
sj54YiWkNRHIcCNpjZp1cFYq3=VFk37N.jpg,410,863,437,502,636.5,469.5,453,65
sJ6PEzaKthmIbC3O8_s8FRSlisP4MLl.jpg,385,968,562,660,676.5,611.0,583,98
SJ=kBJuY66wdWDO=j5kJJF5zFJDPg8n5.jpg,277,779,453,527,528.0,490.0,502,74
SJENh6ZqifQSbn9CoIn626d3r2lR4eg.jpg,227,798,476,569,512.5,522.5,571,93
Sjfc8jfaIB7M=OGsqmHOWb3=xZQ_fNq.jpg,323,748,418,481,535.5,449.5,425,63
Sjff=L1EEKa3gtLCeG5jw5RiDa6RP7e.jpg,335,835,457,533,585.0,495.0,500,76
SJFkmjYaKt6Cl2mRC8TtPed52MDQgt.jpg,371,795,418,480,583.0,449.0,424,62
sJoLH7tbJft2TM6jCJGRNNyV7iK9PcN.jpg,478,773,422,482,625.5,452.0,295,60
SjSThUo6ptLC9syv7G79qZZIWYqr=.jpg,464,1035,512,601,749.5,556.5,571,89
SjuLsZb_tEyIdnX=QzTUWys8KmKQtw4q.jpg,380,827,427,502,603.5,464.5,447,75
sJXC6KqqiYHzhLb8HBVGzb24gxLNUkRa.jpg,455,894,430,496,674.5,463.0,439,66
SJYZM1xK1Y=Fre7aUzNtMmigfdcUzoaR.jpg,398,904,468,543,651.0,505.5,506,75
Sk2eouV9GC1oOz47wQUF8B5Sk58v=w.jpg,449,730,427,482,589.5,454.5,281,55
Sk5bi7M=Mo4fdcI_u3JW_hf3aswKD.jpg,375,821,423,501,598.0,462.0,446,78
Sk8qxajp2dddZkjZvOKTHV=PEYEhEWeW.jpg,315,746,421,499,530.5,460.0,431,78
SK=eFVCBJNIkB4I7tai159hVeQoCvmwF.jpg,526,849,461,526,687.5,493.5,323,65
sKDobfTu1tpYQIEPtfY3tdtCR8YWoy=U.jpg,422,867,429,499,644.5,464.0,445,70
skEeIDaUtpNShvuYBjEql9hFa2tHr7ar.jpg,373,770,415,478,571.5,446.5,397,63
SkErY4Od3EFbO9huktm5QGc=Drff1tG.jpg,411,822,416,482,616.5,449.0,411,66
Skou4PRk2FZBst__pdurSrwLsVbkmQgI.jpg,381,824,423,493,602.5,458.0,443,70
sKq9ypFUvl7s53YWdfDVxIElsXaWrSoc.jpg,378,825,422,487,601.5,454.5,447,65
skR3zGFSbbNUEi4VXKevPEmYNnE6EUap.jpg,328,899,473,564,613.5,518.5,571,91
SKWdgzUmnPMNDEV1rUJZLTBOHkPOcs1.jpg,361,962,475,561,661.5,518.0,601,86
sk_ywEpdv8vCOq4fi3_XBmHu6jEkxOjY.jpg,397,844,429,498,620.5,463.5,447,69
sL83nlP2oWe_pyh6ugbNU6T2JrqUfYK.jpg,313,994,520,620,653.5,570.0,681,100
sL=jaPhnNW==u86qvbhE_RhtKew9_wx1.jpg,250,828,521,605,539.0,563.0,578,84
sLCHc3HETYaOlhqVuHrNu4Kk=_rxTQE6.jpg,309,869,453,534,589.0,493.5,560,81
sLgIeMJlFTa_mG95f6h19_7H_hnIufdq.jpg,358,883,469,549,620.5,509.0,525,80
sLK4HX6ur_QQqwgwZwiQBdO4XaNWupE.jpg,385,987,483,580,686.0,531.5,602,97
slKd4qjzkUfp=ROvi=ulxYro9CWDi8.jpg,547,850,458,518,698.5,488.0,303,60
SLKN2JvPfwT9rUTyQ7P4_2nhEHah6u4.jpg,526,795,433,492,660.5,462.5,269,59
SLKSIgr2cd_9rL_sZJm6QU2G2XWDm=dm.jpg,424,930,457,533,677.0,495.0,506,76
slq_KGnpVOwhFwXN6CMreIHe=_f7io9Y.jpg,405,806,420,485,605.5,452.5,401,65
sLtiyu_S4OtZ6OzVOIR1k24l5VKGjY4O.jpg,489,944,455,533,716.5,494.0,455,78
slxFR483pWpwjilv2E9vfnCTDLGgc.jpg,326,749,421,490,537.5,455.5,423,69
SlYoYeKfX8_islnrjIcrk7vE6I6owjE.jpg,379,854,435,524,616.5,479.5,475,89
SLz45NgFoik_tvlM6kzrHSd7TiwXstH.jpg,431,890,421,515,660.5,468.0,459,94
Sm4cvnKiYez9ejnQXzTBthbqHwBFQ1g.jpg,240,805,475,557,522.5,516.0,565,82
SM74hcgenmSnnqLJPcqiKLXrnJSqGrH7.jpg,369,823,428,516,596.0,472.0,454,88
sm=JpvHZuc2CrTO=QKG9ajZVDZoezap.jpg,412,837,450,516,624.5,483.0,425,66
SMaS7Z7XMrKpPPOvzTVpo6pNt73SQ1.jpg,389,806,453,519,597.5,486.0,417,66
smBmOtLeiW=jHBfj7qT4ZKz6hC7qunPl.jpg,425,868,469,535,646.5,502.0,443,66
smBt1Xhn2TiNOKfoczrerWqhN91ges4.jpg,393,811,415,476,602.0,445.5,418,61
SMccmQ2Xts3b5jMON19_zr1czMGNlWV.jpg,387,805,416,478,596.0,447.0,418,62
smCGz9W=5vm3=bCQdVFdjYMeEKbxD3Z.jpg,448,844,413,476,646.0,444.5,396,63
SmGTnBBLRyliqddPTP1DUWaz9vokP4GN.jpg,420,835,452,519,627.5,485.5,415,67
SMgx3nHWv1GoTrR7y5rDvwOMpZab3u9d.jpg,374,939,466,550,656.5,508.0,565,84
smI4DXTQS_wydqzHXNn_5qQzZy6q.jpg,402,843,416,482,622.5,449.0,441,66
sMknZmI1V_Wv4zE9JVUBbwaE1lqh5Pi.jpg,447,866,412,487,656.5,449.5,419,75
smNqSFvRS3hOazutYTCEOUmk7BfNJjV.jpg,358,849,447,525,603.5,486.0,491,78
SMS7v_3Tu1YOg_aYhVcLNYWsnFL=Xdh.jpg,386,884,448,522,635.0,485.0,498,74
smtsLo9y313WmGVSDeNYoG8XzcSbjO.jpg,481,949,431,511,715.0,471.0,468,80
SmTtSuT1TdJQKUXUZfuw=14CrFNSdm.jpg,393,833,423,495,613.0,459.0,440,72
SmxjtipI2rfPkqq8mXIxnceGO4zvRujd.jpg,318,831,451,526,574.5,488.5,513,75
SN3qlgDfpKFl1oy4NEdSw48xOsxPVmx.jpg,429,876,425,496,652.5,460.5,447,71
sn449QMUk47=BnsBIHslZfvm9obK3q.jpg,367,863,467,538,615.0,502.5,496,71
SN5RXvb3bx_wqY6lR1Mr18n6hNIzL=CV.jpg,342,940,482,585,641.0,533.5,598,103
Sn6tgfB1rfLw=SYr5nDfEEEhuVIBrR.jpg,259,816,493,575,537.5,534.0,557,82
SN87mp_ZTE1hhs=XjVk_f9vrqZ7KG.jpg,506,786,440,499,646.0,469.5,280,59
SN8BGQ1wNdILdLdpiWcdTRkkVGfu9c.jpg,407,875,424,494,641.0,459.0,468,70
sndbNV1aEYbRHBKiVK2osq1gV3xcSaK.jpg,319,743,417,479,531.0,448.0,424,62
snfytiYlwGYSXV5JauK=XBjSTjzWH.jpg,490,918,421,493,704.0,457.0,428,72
snMMC_6eFnXfsanNN2Tv1Bka9V7OTfGy.jpg,361,833,437,529,597.0,483.0,472,92
snmmdztT_3hlqTce8tDGcj=oio1UYOuC.jpg,353,800,433,504,576.5,468.5,447,71
sNm_Qg92JW9zyNjqbbdUJOs2Epqme9.jpg,296,757,466,540,526.5,503.0,461,74
Snn3nTJfaJrH28Zo8fK92jr6YGTaXPeL.jpg,380,826,453,519,603.0,486.0,446,66
sNPtCqpNVTsvCFERwIlFLfUqiI5oPo=.jpg,363,1066,505,646,714.5,575.5,703,141
SNseVhHOVmr9imKwE2dRUzb=mGHwcBc.jpg,311,802,434,508,556.5,471.0,491,74
sntmFbgkxRRGik2sTXj8_JccfyW9xPU.jpg,392,929,497,577,660.5,537.0,537,80
SNy244RSDmggLSBFd2OkNpc9XppMbM.jpg,371,792,425,490,581.5,457.5,421,65
SNz85NNFgSwc1ziyNZO6hei_vXYHgbxk.jpg,282,779,453,528,530.5,490.5,497,75
so9yDmGO4JFuppdWmUGo1BjYRDBiUS.jpg,372,802,417,481,587.0,449.0,430,64
SoBVrt_EToo=EeZzjrgtjmDucgjgJZNl.jpg,374,955,514,600,664.5,557.0,581,86
Soe=1je5g9eUXLbokzzm89Bd1iUX_YX8.jpg,397,918,487,564,657.5,525.5,521,77
soEbZFkdPH_NvZjEmLRZ3CwEvhQSxN.jpg,441,767,476,538,604.0,507.0,326,62
SoG8aCO7vHrv=H5zk=3DprjK_TeVwTyF.jpg,420,852,427,494,636.0,460.5,432,67
Soij7UEGum3t6eOJYhBxwvbEsXUDHYQs.jpg,323,803,435,515,563.0,475.0,480,80
SoItIRPhRLvDECP2EDRYNfioKLhrrm.jpg,461,890,456,528,675.5,492.0,429,72
sol7vZwr4V=U8UP8XlvPldIwrruV=yY.jpg,324,816,451,528,570.0,489.5,492,77
SOlxlOK_wnEiU4iwvsDKHh84h3vFcI.jpg,310,1043,517,655,676.5,586.0,733,138
SoNj3xpxPcDFdFxrBjlvMHUvgqBScD4.jpg,446,1006,467,547,726.0,507.0,560,80
sooBcSQu_LS2x9zIXCwVXaTKDW=DsbC.jpg,406,966,472,559,686.0,515.5,560,87
sOPgo9KDO=CDVLqsZ_T=9rIEPKmURG.jpg,254,708,459,528,481.0,493.5,454,69
SOQlXgSCNZrhhVNFdiDQ6ujf95GLUHrW.jpg,308,743,452,526,525.5,489.0,435,74
sorvGEOswq_3V1CGU4bv3ypz7fezzyK4.jpg,438,836,446,512,637.0,479.0,398,66
sosxP_jDBdx=3LBZ7TVvKKXB4TNp7HjP.jpg,373,793,421,488,583.0,454.5,420,67
SotG9umjjBS=iD1vynxTOnwZLv==jyh.jpg,398,812,422,487,605.0,454.5,414,65
soVHsmDbEderzcItm6sOtGf1WuHf6wH.jpg,355,797,428,498,576.0,463.0,442,70
SoWC4ZaxhKFCnMNZWpTGRYG4iSoGYfoF.jpg,404,850,425,499,627.0,462.0,446,74
SOwUCxPDWPT5J7NejOqVf__uYq5n_iV.jpg,381,861,482,553,621.0,517.5,480,71
SOWusPDM6xT2E9ZPT_UNu_ozWxnKUy7.jpg,335,829,461,535,582.0,498.0,494,74
sO_wt6LFFrm8OIqIU_v9wo7JjIJwgEP9.jpg,463,749,446,504,606.0,475.0,286,58
Sp35GPd2opqbLwnWvLijNd3CZOXuSzy.jpg,426,845,452,516,635.5,484.0,419,64
SP5pcWhHB6nqh1QwS_pPSLY3UZFGf.jpg,469,888,418,493,678.5,455.5,419,75
sp6jRYlq3na5gDNJsQydOosXg1m42O4.jpg,234,795,467,557,514.5,512.0,561,90
Sp9VxyTcjsdoa61aGKeZt2Rz8L8fyw.jpg,436,915,432,508,675.5,470.0,479,76
sPabBei_J3ygxhyeRSBk_hqKRXfhYoo.jpg,308,780,434,508,544.0,471.0,472,74
sPfB37fQic3kFQS5vleYglMBSRGjQ2bW.jpg,423,881,431,496,652.0,463.5,458,65
SPiaT1hJfgQu27EnduQvaPUemKUvc9Fw.jpg,543,936,505,578,739.5,541.5,393,73
sPNQyISGmJyxSFUUj276QNxk9JsIt.jpg,383,795,413,477,589.0,445.0,412,64
sPoUyz9Rb=qPesW1_4iqSfqaqPz44Ukw.jpg,396,811,424,489,603.5,456.5,415,65
SPrIXN1ZhQd12ZqOFItDY6rB67HuZ4.jpg,368,821,426,494,594.5,460.0,453,68
SPVWpkj3lT4T2hT9Puhr3rGywVGK4P2n.jpg,346,832,476,549,589.0,512.5,486,73
sPW1mQCkwyfvMzGYjPjKuuHn9D_OqD3.jpg,318,744,443,506,531.0,474.5,426,63
SQDEWXZLIgWeTqf19Q_ZXvMWS6OoWMuu.jpg,363,853,448,531,608.0,489.5,490,83
SQGfWfwlrzQt3Ey1M_JEMWbY13UEmJv.jpg,430,877,426,498,653.5,462.0,447,72
sQI2eW6ZCTgvIYjmfE=PHnxdZzdMrGqP.jpg,394,881,437,531,637.5,484.0,487,94
sqKlR4YbK=O6T57_87BV6Oj1USVPZL.jpg,300,870,523,602,585.0,562.5,570,79
SqkvwMN1qZb6Ux=IkW5b87ojgewkvMqH.jpg,356,832,430,509,594.0,469.5,476,79
SqNMnWfltIqtS5K9mNa8hDKDbv=oqvg.jpg,366,803,430,495,584.5,462.5,437,65
SqPyKBwHqzCiBObj_R3uwE4jz_QqXmF.jpg,362,851,440,525,606.5,482.5,489,85
sqq1HNJrrkYdqaL_LbLEwfZw_kiUEvcD.jpg,344,810,431,499,577.0,465.0,466,68
SQQ41mjC8YreIWMgKxBlkWJUqV_OQ.jpg,410,856,427,500,633.0,463.5,446,73
SqsGqZTZHvwKL8WEKFCjX2DJm=n9uf.jpg,393,720,475,534,556.5,504.5,327,59
sqtcPDDcfb=2eBvymgtDGH9dnVpOVwJ1.jpg,348,798,442,509,573.0,475.5,450,67
SQumZBEFpJtB8VBKusgrqNCOtJHJEwY.jpg,351,848,443,523,599.5,483.0,497,80
SqVdbSNrMY9qSYazjUgJPNagF2kmcu5.jpg,394,815,425,491,604.5,458.0,421,66
SQwJse5_=DI_bo7X8vLBYTSYBmeaVco.jpg,389,954,464,550,671.5,507.0,565,86
sqXXBVZm1Og_oMCofsDBx4FUiRvBNDTk.jpg,441,875,429,500,658.0,464.5,434,71
sq_ah4l73m5iFEsur=MaUrfZD1aYRNb.jpg,400,816,421,488,608.0,454.5,416,67
Sq_vjdv6dJW3rxi_ecV3LYPD7va29T.jpg,453,841,417,480,647.0,448.5,388,63
sR7xh9i5GrZ5zGinQFhUzMfOfmgZUjkn.jpg,457,904,458,528,680.5,493.0,447,70
SR9w2pr3=Sih6CWUlSbFdrjuele2JRH.jpg,435,817,451,524,626.0,487.5,382,73
Sr9YteTqm1wHRojLvrFWpIbudkVEW4g.jpg,379,779,449,512,579.0,480.5,400,63
srasZl9wSMh5imcW2JuJEtZz_b=8w4I.jpg,391,776,464,524,583.5,494.0,385,60
srcmdTWyXu2wqZb1j8iL=DUxKwEB8H.jpg,406,941,463,549,673.5,506.0,535,86
sRey5moe5JWhqfKVksTJio9v=s=F_ao.jpg,339,867,464,537,603.0,500.5,528,73
srFokNTU4Qp1WFrYgxTHDlYmpGfPsUd.jpg,433,900,441,515,666.5,478.0,467,74
SrgETiRXrpwFZo162=a_TzDX7Vv7Ba8.jpg,291,781,462,543,536.0,502.5,490,81
Sri3nYkoVaqkMqaHaHfcoYZRC6Q=y=Pr.jpg,372,794,413,476,583.0,444.5,422,63
sROnsDBf4VM8XR5sSUid=mwJ4c13y.jpg,372,848,427,500,610.0,463.5,476,73
sRS_z9FF89yxci2MZw=oX5LgraTSIQ.jpg,278,808,490,566,543.0,528.0,530,76
SruEORaIt2LqMUdS7RCDGGopgVl1=je5.jpg,248,790,468,549,519.0,508.5,542,81
srVoz=f9Mx7CSqLVPR9wfmh6HTNh9W=U.jpg,399,862,456,523,630.5,489.5,463,67
ssb_MwjcmsuptSSJh95felHxD2RsGya4.jpg,518,788,441,495,653.0,468.0,270,54
SScKUeENMJdo=r4_Ra2S4BDun7ZueBQS.jpg,431,900,429,509,665.5,469.0,469,80
sSdshsSQTlXDEDszluxXqbwVQqhF88qf.jpg,282,929,494,589,605.5,541.5,647,95
sseQMGWaPXPLxpsevg2BF1OqQOub3liJ.jpg,398,1008,475,593,703.0,534.0,610,118
SsEyJmQ3Bq6ak2=g3cUtlkssyYHykNL.jpg,341,683,432,498,512.0,465.0,342,66
SSHdnbRK=EzWaEfhPh58q4Enz4Gwalx7.jpg,357,827,444,512,592.0,478.0,470,68
SSiqp2iBWeB73gwFImDm4=kULKuS3gwT.jpg,307,813,440,525,560.0,482.5,506,85
sSkXpalS1jSgK_lFw9_v6aexHfJl118L.jpg,495,774,441,497,634.5,469.0,279,56
sSnX_f_PxwYbS52D1t8egqO4QUHHULL.jpg,318,769,427,501,543.5,464.0,451,74
ssPUThj1S4Q_jKlaP_84SlmChBpEBD5I.jpg,393,850,459,526,621.5,492.5,457,67
sSpZsCai2VHOw7NXMChYjmR876GfKgX.jpg,251,782,459,546,516.5,502.5,531,87
Ssr4IZJur6ti_mEsbKvER46xMqpbNTHj.jpg,412,860,422,489,636.0,455.5,448,67
SSSdPpySbDkiy38aLIJBRYZxbmwWQL=.jpg,265,786,485,556,525.5,520.5,521,71
sSusYv8_gIsGGlBvuoo=nULUhElOzWz.jpg,309,792,469,552,550.5,510.5,483,83
SsUyLSg6JELaS7ulge89peKo2RWJZlTM.jpg,378,958,470,558,668.0,514.0,580,88
SSvP9QKZH8mu9jcP5_Vy8ovDuPxjG.jpg,420,843,417,481,631.5,449.0,423,64
ssyu9zMyLH5vZK6y6hVlJrobLzCf1T31.jpg,464,874,441,512,669.0,476.5,410,71
Ss_o1ttNalun_XJCpHf8xz59PTgK5HI.jpg,412,811,443,510,611.5,476.5,399,67
St2XMjwbg8FTycDkSCOrBydbZvpPkpo.jpg,348,919,468,560,633.5,514.0,571,92
sT8qkETpiVtvi=17_V6aZVNw1IWe2R=I.jpg,24,890,578,706,457.0,642.0,866,128
STEPsFqV7FndjXvBnUU38xoeb6g3IXU.jpg,457,929,444,514,693.0,479.0,472,70
stjGFmm85k6L1zj62VxGl1khJoPD_h.jpg,375,872,450,522,623.5,486.0,497,72
sTK7XExgbqghiejnb2jm68wg7Dwidhu.jpg,353,903,511,591,628.0,551.0,550,80
StloKkjbeHaDM9eixDw=5TOzDZnTyss.jpg,443,916,447,523,679.5,485.0,473,76
sTo5=lK4m4EfcKn1fNeaxtddTliR3ZTW.jpg,371,935,507,592,653.0,549.5,564,85
STopJvFvLBuqO=lshP_2dUstIMyzxyCa.jpg,336,852,457,537,594.0,497.0,516,80
sTPMabd6qs_=EpPKYpS8m4DUcJqEbo=1.jpg,371,839,439,508,605.0,473.5,468,69
STrEFHSedR47qFB88FycrOY4iHo7nS.jpg,401,907,460,535,654.0,497.5,506,75
StteV64nrLwqgUrU75_dESdaSwIDk.jpg,356,667,446,504,511.5,475.0,311,58
stW1fON6bYGi5LjWvDWLDzYIPy8JU6Nd.jpg,344,853,454,527,598.5,490.5,509,73
STwCmh3y5e3XkEX5YllrsuDirUEH=XmG.jpg,434,857,421,490,645.5,455.5,423,69
Stxl5exomwul3Gq3lXbHFiaFNSTUB_S7.jpg,379,791,420,485,585.0,452.5,412,65
sTyVUc=uQEe4goqZvvUhphX6sVTjf7W.jpg,488,889,435,501,688.5,468.0,401,66
sTYWdla3JK=I5rhdhjP3lCiXoZ4cFig.jpg,364,929,466,562,646.5,514.0,565,96
STZ4Nw6Zq64ZPgR9SV7XfYc21XyFvtRw.jpg,250,814,471,553,532.0,512.0,564,82
ST_NP_TvKT4xHYBfmfjVY5bqriC6fzb.jpg,436,866,423,495,651.0,459.0,430,72
Su79wNugt6H_NM4nHkwcEbHBy8Y=MdU.jpg,343,814,470,541,578.5,505.5,471,71
SU9mLEV1RkVh2eB5K47eWwSnm2Dw6_2W.jpg,305,779,445,522,542.0,483.5,474,77
sub3VRkvdt9q79KQ4MFbhPD51zs3Gf.jpg,380,669,429,486,524.5,457.5,289,57
SUDYY82GuwJr3siWgeKe3yE=Ud1sfgm.jpg,440,859,423,488,649.5,455.5,419,65
sufWRxu25azF4iO5dWhGmeKG4XtSP22.jpg,429,1032,465,569,730.5,517.0,603,104
SUhb7Cn3xu7k4tOGgrPn3UhYaGnYD_t.jpg,335,742,422,483,538.5,452.5,407,61
SUHGzqKsu6ikTj8c_DcEkqcosiIRqoc.jpg,437,711,439,495,574.0,467.0,274,56
SuHU17SJ9kNVve6w78=exLuguVi7VoVg.jpg,389,835,463,534,612.0,498.5,446,71
suK9YLHWwEmZqd8FtL4EkBnTqSQlaoI.jpg,362,1032,514,609,697.0,561.5,670,95
SuMD2HX67h6Yuynsbi56IUECF8O31wo.jpg,442,944,485,563,693.0,524.0,502,78
suNrXpYVxByoIqkTpnho=xDy1ejHc2bo.jpg,312,897,476,562,604.5,519.0,585,86
suPVgh_VSIKSdS3a3y5iq9r15Luq1c.jpg,424,868,418,484,646.0,451.0,444,66
sUSagd=9WjjsoSEbIswQXgFlhjWtUQk.jpg,417,810,435,501,613.5,468.0,393,66
SUTqruJGOxN1RPqb1g_lRXYKvg2CsX.jpg,384,834,429,500,609.0,464.5,450,71
suVnH2HRHD8q9iMgXxVsGkxrMaQwUF.jpg,382,954,474,560,668.0,517.0,572,86
suXbB8hPmgodljEaBqDrLp=2NUhYN9.jpg,248,775,449,526,511.5,487.5,527,77
SuzMNhL8HisBoxikwINrsJDLrHhIhywc.jpg,300,853,473,560,576.5,516.5,553,87
sv4KOF7X4cfNt1KokxhwNH4xXkJwnQQC.jpg,195,974,543,651,584.5,597.0,779,108
sv9eMExhlrNC8b1yzVpuEDQHPykgY6.jpg,363,746,452,524,554.5,488.0,383,72
svMX_6hquugtZHkYySnn4uaMEFrr2fC.jpg,254,802,463,547,528.0,505.0,548,84
svnEp7cJouftxH36TTjMTcoKDPeTZ2.jpg,298,809,445,525,553.5,485.0,511,80
SvnTNYI2jtyOeivvxDgkKUvHOecdxd=.jpg,386,756,511,576,571.0,543.5,370,65
sVoUnvFB1VgKwiyEzODHgib6=uB5P4ft.jpg,466,903,424,499,684.5,461.5,437,75
sVQ8jdhLbcSiozrx_sXOCvZVOLFhRlR.jpg,426,831,443,511,628.5,477.0,405,68
sVtmCvisuR9IduZ9T9vzKVSsH7r=XTV.jpg,366,771,458,532,568.5,495.0,405,74
sVXgc3bSGSOekfWKLOdx9w4Dcly4Y3S.jpg,406,865,435,505,635.5,470.0,459,70
sV_MFl_yCbwyfGB9SczYnj4cH6bg15g.jpg,408,848,444,508,628.0,476.0,440,64
SW6VKoOd1ixJIXNhKtrEEeTOZ3rXSNY.jpg,345,722,432,493,533.5,462.5,377,61
Sw9mvNN_qmXOzph2Xw636EmhGVhcpsL.jpg,406,1001,468,583,703.5,525.5,595,115
SWaaKL7TEfUytfar9CllUw8qFCFy6s=.jpg,433,836,419,481,634.5,450.0,403,62
swacNXvVlPvVdaTKua4ljyRFdfsM.jpg,436,881,424,495,658.5,459.5,445,71
SWcNujHO3dahB96kHlsrvqOf6P9GabE.jpg,387,818,415,492,602.5,453.5,431,77
SWFevTieQlPwlWZS=K5VS_LFZQgLX8z2.jpg,406,866,464,538,636.0,501.0,460,74
swFKx76g3lnjnIy47trLaBTqVB=oV7n.jpg,405,798,443,505,601.5,474.0,393,62
swfsFD2Q2aRE9Wdr7hbiD7cNsJ8ZdEf.jpg,347,939,518,605,643.0,561.5,592,87
swI1VjCwXFZ1EyfjYMeNv7ElrN_8_y.jpg,430,868,462,530,649.0,496.0,438,68
SwIjh8vukCKiVyw=4xJUZwMtfaEUxJt.jpg,314,736,423,490,525.0,456.5,422,67
SwIxBgIH3TTggHwGGks2PkKJaYvr2c2u.jpg,464,864,503,577,664.0,540.0,400,74
sWmHlozG=ecSHmXrxQQKTQyHNCZdNpHf.jpg,395,834,424,492,614.5,458.0,439,68
swMYEDC4qGY8iYR9FMhxFcb5h9hOSm94.jpg,468,858,441,506,663.0,473.5,390,65
sWN2EEgOBfhwLKMPlRhQ=kC7hxYuYSQ5.jpg,398,895,467,543,646.5,505.0,497,76
Swo2t441X8i4hTF=InPVkBOYQey4k.jpg,355,865,486,564,610.0,525.0,510,78
swxCB2LLhrdvL9Dd2uqklHcF1R=7ogUM.jpg,305,800,476,551,552.5,513.5,495,75
SwyQdcJsuQ2DZZCfsjCdTDLGmGf37D1q.jpg,307,783,449,521,545.0,485.0,476,72
SWzODXei8MUZfXU9Ho6yNs=HK9eTFb.jpg,336,938,529,613,637.0,571.0,602,84
Sx4m_Vo9vTfKCrh5ZIHG3wTnS4w59W.jpg,324,764,427,497,544.0,462.0,440,70
sXBIGV9QeUyBK2UywkWGoMx5nEGai5J.jpg,392,831,432,496,611.5,464.0,439,64
sxE7_fND6WLoh2Iyx2fJqtnLkpNY8oMN.jpg,336,771,421,491,553.5,456.0,435,70
sxEjNaoE=vST4Mak4daL6mqHUGeCNRr.jpg,285,817,440,520,551.0,480.0,532,80
sxfyhYHwpkt4t6mY9yvqFMH4TuQoo5zR.jpg,441,753,462,522,597.0,492.0,312,60
SXh7Tzil1yQQCFDmJPOCq4=Oryxc7ic.jpg,409,846,419,482,627.5,450.5,437,63
sXiCW6S1cDMp9jGmRati3vDCMRhq8alp.jpg,469,736,423,476,602.5,449.5,267,53
sxpCq2oYLs_UPKLQVW2inhfg5n9hXZX.jpg,403,928,453,531,665.5,492.0,525,78
sxsBgwERpf9rNwUpJjdQB7v=gf3_OCz.jpg,419,870,421,513,644.5,467.0,451,92
SXSpUup4zDaFuprZsZOMTPuGfBT=lmv.jpg,331,763,443,506,547.0,474.5,432,63
sXvFekhZUccGeLdayoMhhziVKCbbh.jpg,144,798,441,552,471.0,496.5,654,111
sxzHY5yksVH7mhTbaUq9oOklYYWo6b2.jpg,358,924,491,573,641.0,532.0,566,82
Sy6LE7nzsYtu8vr5cyWNixpqYEvdbfiW.jpg,376,675,433,490,525.5,461.5,299,57
SY6vXUUblrJt6MRgnZI=pq1IacISGgY2.jpg,430,893,428,521,661.5,474.5,463,93
SYcjkFbgbERUUokIKJrKk_Cu2YSbGD6.jpg,475,807,444,508,641.0,476.0,332,64
syeFC4nLigCFIbjy=R32jmC_teseMcXe.jpg,292,819,457,534,555.5,495.5,527,77
syf_4tMdDGI=jvlEOuOo2FQ_OG85.jpg,405,887,444,515,646.0,479.5,482,71
SygV3qbRE_U54y4kL7qPQVDOTsCgLY.jpg,403,700,432,489,551.5,460.5,297,57
SyhN1ZRKGGcEmgFFo9Hw5ZJFvHy3adw5.jpg,297,772,426,514,534.5,470.0,475,88
SykQUhFjzSvlVRum4Id3VDTplVtPHP.jpg,404,735,440,505,569.5,472.5,331,65
sYo1KCzoWDWuaVQK7R6wheHj3rWQ_DgM.jpg,409,868,420,488,638.5,454.0,459,68
syRHGzHi32URp87JlxOtJammz2q3CP=.jpg,382,671,432,490,526.5,461.0,289,58
Sysqd5kqERIDuBEdNdG7rqqXjQeFRC.jpg,383,799,415,478,591.0,446.5,416,63
sYUxplcP6Wi7JWD1KMx4qhKxyC7NsQW.jpg,349,823,447,525,586.0,486.0,474,78
SYyhgsPE9QNst59D9CstqOHMYs_5gfB.jpg,148,934,463,576,541.0,519.5,786,113
SYyQCUcwY3kEK8Ow5zDTDfJeK72fGIy.jpg,423,826,421,491,624.5,456.0,403,70
Sz7mQjhR6dElgxdJ_ZvuW7uKum_1YNFp.jpg,433,916,445,523,674.5,484.0,483,78
sZF5uPsaYQgg1LqgPiPbDH8ubupsr7h.jpg,315,937,540,629,626.0,584.5,622,89
sZiheWh=7vMS=Uup6Go6uMoOOcORzpEU.jpg,399,817,421,487,608.0,454.0,418,66
sZj7WKpVcLri46bZU_25oy2Hxk6aZ_P.jpg,327,752,417,509,539.5,463.0,425,92
szJ8LuuB8j_sYwb2DFUcuHgYh5kpTz.jpg,417,880,425,497,648.5,461.0,463,72
SzrE8aDdEe6ycp6t7765ibWaBIbWpGJ.jpg,421,859,425,497,640.0,461.0,438,72
SZUvgaK5DrVUFu2e89akUQq7DPaT4o.jpg,438,905,450,520,671.5,485.0,467,70
SzYCn6gu_XO2GM=J1fvz5MLMjrutWcQh.jpg,410,845,431,501,627.5,466.0,435,70
S_16=xvzWR3=Uvnn_lwJwcFr8i=tLO3x.jpg,375,817,427,494,596.0,460.5,442,67
S_1Y9K9XkywEqRvwoyuRmKT=NS=mXVZ9.jpg,373,924,501,586,648.5,543.5,551,85
s_Er9xTmw7rLaPOw942kEzXZVuIc5ks.jpg,405,885,477,552,645.0,514.5,480,75
s_zpJNL9rkSiTG_F5TCKRDUU6pZiEIG.jpg,447,763,431,494,605.0,462.5,316,63
t15D19hLi24OhOEvGRyVhcW7=MEcR2Q.jpg,442,918,476,552,680.0,514.0,476,76
t173oHvuixXFyXNPFOqUdBHXysSqifH=.jpg,484,783,437,497,633.5,467.0,299,60
t1FfmK=JhCesII5LOeyIRP5uywza=Wb.jpg,259,783,462,539,521.0,500.5,524,77
t1Fo9Lw24hEJwJng=aJDaeG9qVccC2.jpg,389,691,437,492,540.0,464.5,302,55
t1jd9ROeCMz8=cdHyEQno=dvGeLgurzG.jpg,317,860,468,560,588.5,514.0,543,92
T1Lyan8HGEU8um9t2YW8mhQDp7O33kNE.jpg,375,925,510,592,650.0,551.0,550,82
t1O32t_ooDGo335q2q12m16mCfui=Y.jpg,311,866,469,551,588.5,510.0,555,82
T1uPxiZKlB=1zrIcytSBDu6UdXkgSfg.jpg,363,932,507,592,647.5,549.5,569,85
t1Vjb2=mQNet_czKO=9wKQQV2FKvD.jpg,338,758,425,497,548.0,461.0,420,72
t1xTH=JpiJjfg98Vyjt9RQRGKL2T6B4p.jpg,432,841,421,486,636.5,453.5,409,65
t21nwJ6T=hQiz7bWr=rXdDdJBptzVccV.jpg,323,858,482,557,590.5,519.5,535,75
T2bPW2jxJtb9T2VLNtaReuE2t3TD3.jpg,349,848,481,557,598.5,519.0,499,76
T2GMNfb_RsKOfeHiCvySFShlxNs8XIc.jpg,330,950,469,561,640.0,515.0,620,92
t2RmmWcqjLeqkS7ZLkwnxSoEhyHjDk.jpg,489,946,472,543,717.5,507.5,457,71
T2S9lPesa6WLXMGT88mWaWbVbmTZ=auo.jpg,395,857,464,538,626.0,501.0,462,74
t2Ui2DR7EwLgGaafKISUmyzWmmTLIJ.jpg,223,819,484,596,521.0,540.0,596,112
t2UIeSTSy9HxQK2M9wuGGFMjjno7e3ia.jpg,360,840,446,516,600.0,481.0,480,70
t2ZztrS7x1I5vDiph2RsC53sqRYcMab.jpg,400,708,461,520,554.0,490.5,308,59
t3bGqNaVfjTEbmgShbYNCeOfZJPv2cHx.jpg,434,835,417,479,634.5,448.0,401,62
t3dpq5LilJ6=BeYcV28caPbe6XyxLK4w.jpg,404,793,413,477,598.5,445.0,389,64
T3iw4zLYRHU3cdHYSclSG9Z6sCY1COj.jpg,417,798,411,475,607.5,443.0,381,64
t3iY1EIXcFxm=IP12JDbDJX5q6eCELC.jpg,372,652,415,471,512.0,443.0,280,56
t3KE2KGqtMbzaJ82=jZ1ewKjSUOEtif.jpg,386,1047,563,662,716.5,612.5,661,99
T3rY=gI_PGs=K6MK5B9cWqO_iSxdpdVQ.jpg,414,836,423,490,625.0,456.5,422,67
T3Xe4klyM=faTNv9DZ1_p_e75Gscx6x.jpg,437,870,416,482,653.5,449.0,433,66
t49YpBJKuiQOCPKv4ICZ2PNEI9b2yO.jpg,479,908,457,524,693.5,490.5,429,67
T4D_6kOp8orIg4YzF761nt4_l2J2mQi.jpg,391,886,477,553,638.5,515.0,495,76
t4G45kMBgof4dshK5=2aRd=hWIT7NPO.jpg,398,880,462,538,639.0,500.0,482,76
t4P_RlzubPvCP1PY=rD_V=OLrz7Ixw.jpg,350,756,414,474,553.0,444.0,406,60
T4r36wNkY7Do6vbDWHlVMjDy54UpJpD.jpg,450,842,413,476,646.0,444.5,392,63
t58QHtiISNJ17rSljVZeI_4B6SMIIc2.jpg,329,791,458,526,560.0,492.0,462,68
T5=S6QlOnOnF=dKPZ4CB_kdjF21vDo.jpg,265,768,442,518,516.5,480.0,503,76
t5B=uKvPG_=th98bRp42kOa8FewPGJX.jpg,376,857,445,537,616.5,491.0,481,92
T5fQ6V37sMhaEHWcR_QoazY3Huyuym.jpg,282,798,506,579,540.0,542.5,516,73
T5GF4EtRFoSBgTVW=KxlYKBeFipXRELu.jpg,433,871,458,525,652.0,491.5,438,67
t5hXzf7kSudlOx5x7cQelGQWsjvnZ=8n.jpg,345,770,450,511,557.5,480.5,425,61
t5kocP8eiCMekobVNtYLZvYv7o8f3iS.jpg,271,1042,529,641,656.5,585.0,771,112
t5Mng2BmubaUSTvwU6go_PXGFczj2Ki.jpg,273,780,456,530,526.5,493.0,507,74
t6gRZTYPlfUItmovmgRfy9zYVwZEtg.jpg,476,843,460,528,659.5,494.0,367,68
T6jl9pzz=qTlK=akbe2E9iTrXUwPjn.jpg,361,666,441,501,513.5,471.0,305,60
t6n4rfGHuLbBFI4h1jCeh3nUndSb1xVX.jpg,416,824,422,487,620.0,454.5,408,65
T6X_pgfoHNDILv4PXPjTzh=Y6ZaDOX.jpg,471,879,412,503,675.0,457.5,408,91
T73Ysfm6fRpG9H7R8rcmHPeSsMLD7n=V.jpg,365,902,464,540,633.5,502.0,537,76
T7b39X8jvseBU1bSt9iUQsTx3ayO8pb.jpg,439,906,466,539,672.5,502.5,467,73
T7nR13TYwQXx9Q5H13_2xXLzfhR7xvK.jpg,320,929,489,588,624.5,538.5,609,99
t7nSaaUZkFn9jBb1ip7mrFxtOQTTsYjb.jpg,379,834,423,490,606.5,456.5,455,67
T7Q3hsjZoOQIP6QNQJPyvbm5f_Pil_si.jpg,388,858,437,507,623.0,472.0,470,70
t7qlqQVvnuoau9Wg4luLxV69gqoPkUxW.jpg,474,915,457,528,694.5,492.5,441,71
T7u37hvmwa6w8sei4TknYt5_npsxO.jpg,465,876,421,489,670.5,455.0,411,68
t7ul_2JvFyIsi2ulvP_MvshpcRRCsT3F.jpg,480,825,489,555,652.5,522.0,345,66
T7Wr=2Wqs3YrRx6qqbEXh4pDC8hNRs.jpg,266,814,480,573,540.0,526.5,548,93
t8DfLLiXkolvEkF5rJx917hxFpO=oEn9.jpg,436,848,422,491,642.0,456.5,412,69
T8fhBcp9V=V8PSHD=hRShymuZJZs4l8O.jpg,326,749,423,493,537.5,458.0,423,70
t9sKmskEoUzQ1MVEbeUF8xaHKTf4Q9e.jpg,415,860,439,508,637.5,473.5,445,69
T=4kcH4kSjuoHT7kDh5dLQDIyjrovs2.jpg,213,805,463,548,509.0,505.5,592,85
t=4Y4_BKxSgVJsesmEN5G_ud15noiT8.jpg,403,799,414,483,601.0,448.5,396,69
T=63eBm8FplGNGl87XSRL_CI=Zp3LC.jpg,421,826,420,487,623.5,453.5,405,67
t=eBuD4hupxMtXYxMiK=r9Qo5cOZthrZ.jpg,398,810,521,599,604.0,560.0,412,78
t=Ly8IZZo4rv4_cqWeiSq4hd9HdPwSZ3.jpg,406,707,425,482,556.5,453.5,301,57
T=xeGYogdb9NvP8qegJhm8MMK8thilw.jpg,384,1000,494,580,692.0,537.0,616,86
t=xKW_JpGS1oeUFyIobd_5h5C9TsjNYg.jpg,354,895,460,543,624.5,501.5,541,83
t=Yr=FcjP57pBLsdnIDobzQv93dRDs9h.jpg,323,736,419,487,529.5,453.0,413,68
ta1bBiCw9tWSD4CqQNqYvnf1VBxOzp.jpg,425,910,475,552,667.5,513.5,485,77
Ta6XMFOKezGYsaM4fVEdvfMTOBrQtokM.jpg,252,789,462,549,520.5,505.5,537,87
TabnL=uPDpeE5Q3OPV4OvHPmwZnPhJ.jpg,437,885,466,535,661.0,500.5,448,69
TaOGsq_seWKTPRfgaKjvJfD45=uVEr.jpg,308,790,435,527,549.0,481.0,482,92
taTBtGgUoptYxzkTq55U4cdWGCKyK8l4.jpg,474,881,416,486,677.5,451.0,407,70
Tb2=lyYCYYuch6pB64rhqODGbI7dNlx.jpg,284,859,410,516,571.5,463.0,575,106
TbCFvNgmFeCLxTH_RU_TgZz_43V=B7.jpg,295,845,470,550,570.0,510.0,550,80
TBhx=hokUKDqCMWSsg2KfeuObh5v9jq.jpg,416,744,445,506,580.0,475.5,328,61
tbK8iM1NJRxQXDNNLbnvnoyh5e5ry7k.jpg,444,880,456,526,662.0,491.0,436,70
tbNmRlne553d7DvzFQ1m3MhFnnC6XKv.jpg,354,986,543,633,670.0,588.0,632,90
tbrDP7GQPw5FRZF9LEDhj2VZdU_SXrL.jpg,362,856,449,541,609.0,495.0,494,92
tbS_B3egZ6OtCllsCXfuOWiyi4U_Llab.jpg,339,926,481,575,632.5,528.0,587,94
tBW2g7g5XjzDE7HX9PXuBZnVPUmjb.jpg,445,836,416,478,640.5,447.0,391,62
tc1=anui=eGGHiLVVZ2NknYK6OEbLi.jpg,321,836,445,520,578.5,482.5,515,75
Tc5oEwng6ihcZxRCiXeNgO64WU_WpY.jpg,486,753,411,466,619.5,438.5,267,55
tc9di2ZoRgi5fm3Kq3=zYguO8XyR73b.jpg,378,778,441,511,578.0,476.0,400,70
tcFL2DKQI37rEm9kPRRduLqqfe2bNdD.jpg,426,910,465,546,668.0,505.5,484,81
TCgr3HO6QDBHTIWQZPtGVGkO7DuO1l.jpg,358,826,426,496,592.0,461.0,468,70
TChhLfdVUnxMIPCS1gaM7HDdYi4LUK.jpg,457,838,435,502,647.5,468.5,381,67
tCKvHdHZo2gWlyg4TsHYTbeSnrbirTc.jpg,459,878,427,490,668.5,458.5,419,63
TCOg2C1sHHHVWehY=UqveFU49Z5nhXO.jpg,450,918,431,520,684.0,475.5,468,89
TCOt3vB4YEQVRcIu6NmW7=XCr_5.jpg,392,909,477,551,650.5,514.0,517,74
tCW4ccxlxV44_DkFCDH_gU3rBkBXXl.jpg,291,906,465,552,598.5,508.5,615,87
tCwYLadh6lX_REaEiVZ8==SlpG_R6m6.jpg,426,908,457,528,667.0,492.5,482,71
tcxg2etXQoQDyKul2ECojp=5XgPyei.jpg,254,815,502,588,534.5,545.0,561,86
tD=cRHTe_yNKTf_mm6qisjfj4lK3YUM.jpg,363,1132,527,662,747.5,594.5,769,135
td=wJLgC9FdPTF9shoJriPmX6p1qm_J1.jpg,398,823,425,503,610.5,464.0,425,78
tde2VNYrTEUV6ZTdMScWtTMqZDVuCT.jpg,423,741,435,496,582.0,465.5,318,61
TDgeT6EZicUbBs2dT24ZXsxv=xVP6d.jpg,416,833,442,503,624.5,472.5,417,61
tdi_V7ntawQywk_vjj3IdpoU7idsJZb.jpg,233,953,515,619,593.0,567.0,720,104
tdJqdfYSUpiIPqBCLtKx3opoSj5DQ.jpg,421,1018,522,621,719.5,571.5,597,99
tDlTcRs5HfJRwnEh8sk_ZiaG49I_eHw.jpg,383,933,457,541,658.0,499.0,550,84
TDTvKmPwcD7e9nggzvpKRn_BTheazO.jpg,437,852,413,476,644.5,444.5,415,63
tDz9g92Hf5gzQLJfaeT2ziL6N9iuvNwa.jpg,293,804,440,518,548.5,479.0,511,78
tE2XMBJRSR4SpQftm1TPMFsVP_MDRZM9.jpg,438,972,458,537,705.0,497.5,534,79
Te=PhUCk5n6ery=qj67_3RVquSbnngB.jpg,274,870,462,580,572.0,521.0,596,118
TEFyT99TErvHttn6lYEHXUO5lyaHswQ.jpg,390,831,432,501,610.5,466.5,441,69
TehR5FturxgmWX4HGohyjRJQtVydtMKw.jpg,403,867,463,535,635.0,499.0,464,72
tEhxlU1X3XgE462o7xyMNtaXVkxuRGL.jpg,379,836,432,524,607.5,478.0,457,92
TeJd7BG7z7ZtvskF6Xf6VuqleYK6Xzo.jpg,465,1003,455,541,734.0,498.0,538,86
telj2q6MR8QHfEKnTxatyj2M7qwpuc.jpg,372,819,432,506,595.5,469.0,447,74
TeLTrfIHWyGPU5JQxG8KrapihzMSLoui.jpg,386,790,412,474,588.0,443.0,404,62
tenQcJpYpbq1sE6UeIK4Sfh645oZEqv=.jpg,433,875,429,498,654.0,463.5,442,69
tET_Tj9KmQWekF=W6mumLZ=rhuumBtv.jpg,347,769,446,511,558.0,478.5,422,65
tEvFjTMjUbcRBSVGY4fY67JJDx=uwSX8.jpg,464,896,425,494,680.0,459.5,432,69
TevFyHJYIxnEuhBJLBE_dMvtbsdNMkUh.jpg,459,895,414,480,677.0,447.0,436,66
TexmtlH1ykWC7f_DzWLvherl3fFuuIYl.jpg,427,944,453,529,685.5,491.0,517,76
te_d5U6ynvOkN3bYPzwX7gMR9elyJlTL.jpg,328,703,511,577,515.5,544.0,375,66
tf1BWPr5Esd9bLZhbxcdpbjlUm1HWZu.jpg,459,763,461,519,611.0,490.0,304,58
Tf6rhKLtD8FfeKKs3EOyugh3etjrHUN8.jpg,375,828,432,501,601.5,466.5,453,69
TF6T7yeKQoEz1KlIbjNmHQMFklB6WGv.jpg,325,748,417,480,536.5,448.5,423,63
tfcvtnD_Oml1dDfsKroi43fYK9=rcMbW.jpg,341,743,412,472,542.0,442.0,402,60
TfdpRThUeKgvkQO_aONmD4ivBZgnD.jpg,470,745,445,498,607.5,471.5,275,53
TFFegh1jUo=5nkzZ5epwLuKHtjGVk9O2.jpg,363,680,460,521,521.5,490.5,317,61
tFiOQs3azBTpV89p6pN2lhft2s3NJW.jpg,227,843,521,615,535.0,568.0,616,94
TFJJOeRIrnEaIEV8PZKrHXcPfzmZ5tK.jpg,300,999,540,645,649.5,592.5,699,105
TfKkOuwXwgB77dvMMUqj1CtCiqVextl.jpg,128,841,506,606,484.5,556.0,713,100
tFNMM_eHhqhD=w2Nq1nqzfv_xHhla2U.jpg,412,945,462,557,678.5,509.5,533,95
tFoUsSlbK4c4czp22lvb2eQF9_SFuT.jpg,458,866,418,483,662.0,450.5,408,65
tfsQL83g3xOfXcrEtXddC7tdf2cDhd8.jpg,459,787,434,498,623.0,466.0,328,64
TFSX8zk7_UqLjeNwCyvHNJziXic7uk8V.jpg,337,586,469,521,461.5,495.0,249,52
tfunx3Jf=hUOeXTmsGSgNrlw5ylWzY.jpg,410,796,415,482,603.0,448.5,386,67
TFuwDyCiI2RdP8QFZC_NkWLgcm3mG7D1.jpg,481,789,464,523,635.0,493.5,308,59
tFv57Id2HVxJrVwLXqJ1gp4qg2OjbBa3.jpg,361,814,460,534,587.5,497.0,453,74
TFW7ZKf=sSYd3TbY1zBlf1cR_F_V2uV.jpg,448,898,430,500,673.0,465.0,450,70
TfWGNG6niga=tkD2heCi7OvW1wER_9bT.jpg,382,735,492,556,558.5,524.0,353,64
TfWnJoLxpw6mD8MN6j4ruqrd9XXHmG4m.jpg,483,886,410,472,684.5,441.0,403,62
Tg5wd2oFNUViWoC4KMdV5JVSCj=z=U3R.jpg,346,858,447,543,602.0,495.0,512,96
tG6tokZLhBGN=8MRZrm_eNWwDu7HZKvP.jpg,438,936,468,542,687.0,505.0,498,74
Tg7e9DVoSzdXLw7_HVonKRhcEpPbzDgS.jpg,380,811,424,493,595.5,458.5,431,69
TGDIP7t4cX5asi6lRBcT8h7DT11dD=6.jpg,339,863,490,565,601.0,527.5,524,75
tgduN3FUG4_YqBauhO4Neafh9BZj1mRo.jpg,333,773,451,518,553.0,484.5,440,67
tglg33_SbxGNLIG_sMdDLG4w7=sU.jpg,401,748,441,506,574.5,473.5,347,65
tgMcG4j7kLghEfxJqSgz4UYDtD5Fk16.jpg,404,976,478,578,690.0,528.0,572,100
Tgn1np8Vp8XCaZLJCzS1n3SjxN=_U6I.jpg,464,766,446,498,615.0,472.0,302,52
tgO9KFl7WGxqGUtmKsYB7oL25VaOzsq.jpg,419,923,487,562,671.0,524.5,504,75
tGqayornwdrxL4NtUR_Y_3nauQX7vKr2.jpg,366,904,501,587,635.0,544.0,538,86
tgrT4cTVO9gBZ6CKNrV2i5RrTCFRGP9v.jpg,257,706,453,524,481.5,488.5,449,71
TGrUldD76Pf_=WtJmONVsu1G8_v4kUz.jpg,270,732,448,519,501.0,483.5,462,71
TGt_Xm9YCeL9hSS8jJvpxJU6eLiXIF.jpg,353,842,445,518,597.5,481.5,489,73
TgUrTqdKxyaqOIO6J763mapRDIKgUU8.jpg,448,857,414,506,652.5,460.0,409,92
TgyKZ8Yu6pRTbNZVJDmilpZEjdLwk81.jpg,300,754,432,506,527.0,469.0,454,74
TH2NuydofKzIN8FOymqVljklrujsO.jpg,332,878,468,549,605.0,508.5,546,81
Th2olDHi9YTJuniE5vSZBTfEpigtGdo.jpg,330,881,471,547,605.5,509.0,551,76
tH87lS8atipcE=BCGV42G9aoih1fK.jpg,382,673,431,486,527.5,458.5,291,55
tHaOZGD4LEEfD9gHIt61M_iJmKq6vaq.jpg,433,798,497,565,615.5,531.0,365,68
tHg2LR8Ue1TFZRE2rXi_raGbNN7IRsS.jpg,406,813,420,485,609.5,452.5,407,65
thkiG_DdCrv5ogcOPFgOKdwqe_gXB5b2.jpg,382,939,500,591,660.5,545.5,557,91
ThmhGt2yqKQyj_vl85_6oh8sFTcIWgZi.jpg,386,814,425,503,600.0,464.0,428,78
THNY7qvv4onw45B7rEeiok4=SCt2Jx.jpg,410,889,445,523,649.5,484.0,479,78
ThULn85pRF=fH1DXfK2wCcH5KabGzT.jpg,289,1130,575,713,709.5,644.0,841,138
Thy9nGiKEyhhMhYLXzIHyCqzG7==tO.jpg,432,874,450,514,653.0,482.0,442,64
THz1ZdmcRRrk_SUOqdXVBFaLzQqzg3t7.jpg,347,924,516,601,635.5,558.5,577,85
tHZGjy6K=LRdju5aP9fdOdpnyhh8.jpg,434,820,445,507,627.0,476.0,386,62
TI2ZU1D3e7UHXQXbXkSNitNvh_pKEgk.jpg,358,656,456,514,507.0,485.0,298,58
ti35YDgdIcwvDoC7eWfhyk_RDtd8R=Rs.jpg,454,1084,531,630,769.0,580.5,630,99
TIBeZJck6j3_umoV2Di69DXp78MQbN.jpg,426,925,488,562,675.5,525.0,499,74
TIcoMQvsuWuDUymzciGiNQBmqGrUMF.jpg,343,893,466,544,618.0,505.0,550,78
tid=UOI9q8WnLGrkpqJaM7hZjxZrOZ2.jpg,350,844,463,538,597.0,500.5,494,75
tIDoaofGBu6TSFx354hurjiv2rsbof.jpg,427,842,424,487,634.5,455.5,415,63
TIdv=gKj8uKTnSFek47_8pO7X_dMyLr7.jpg,370,790,420,486,580.0,453.0,420,66
TiFbVQROfdDhJOgh7ZkhRBFqHBsVrIDy.jpg,401,864,444,514,632.5,479.0,463,70
tIFqtB4ITW8BQyLJ26cXGt9BoDO_QdNh.jpg,474,899,451,523,686.5,487.0,425,72
TIHc5OHew7vnxpnhMJ=1EtQQDlMsX8l.jpg,393,800,423,486,596.5,454.5,407,63
TIisk9UCzpxg6FnSPEEje2V9Js9RCn.jpg,394,817,421,489,605.5,455.0,423,68
tijf81ICxfoWNP8JIfapn6=O_5SOwMDa.jpg,411,933,459,539,672.0,499.0,522,80
tIkYe1MT2l=fiXn2CUXsiBu74Nrr84q.jpg,397,859,426,494,628.0,460.0,462,68
tImjKBKgdq7ykpHmp8OviaKhpOTw9YY.jpg,350,667,450,512,508.5,481.0,317,62
TiNXYQZeoiVfEaPRCLQe=8cw6F9pdCB.jpg,246,861,466,596,553.5,531.0,615,130
TISHZtD_7s=GaGZy7wuwFPYqOHT7q16.jpg,462,895,452,521,678.5,486.5,433,69
tISPmqrEEUfWsOFZyYnwJJOK7cwmWuO.jpg,255,822,419,509,538.5,464.0,567,90
TITiGD8F6Mznj_BibXK6n6ethGuyS_zz.jpg,383,835,434,505,609.0,469.5,452,71
TItMZL6=rdZ1PTMPnRBCv8X9sXhekCD.jpg,437,860,413,482,648.5,447.5,423,69
tIyIhrmu8b5dx_pxDJEcvFGvHC1IlwL.jpg,478,908,428,493,693.0,460.5,430,65
TIYz_Oqe79t6Py33dDyYvPMVzY5Jk888.jpg,434,726,434,493,580.0,463.5,292,59
TIZ7fbipeYqT9DEg2mUcd=CUcc7jmeQp.jpg,432,985,459,546,708.5,502.5,553,87
TiZaQImYzZH6IS7sPG=RuIR6Z=rJK2s.jpg,311,774,444,518,542.5,481.0,463,74
TIZO1Ky5z6Qy3Qnj71pVOyz2xjflg6.jpg,312,737,450,515,524.5,482.5,425,65
tj9xuarFt142sFFZh81Bm4FmsjgsI4X.jpg,404,696,423,479,550.0,451.0,292,56
TJajw4r8iynrTWnIoTax9uZHKyTGbQEM.jpg,422,878,464,536,650.0,500.0,456,72
TjctL=F1VIh5qOGPhFP2WTclvyYlbT.jpg,423,944,490,571,683.5,530.5,521,81
TJHz=Qnuw4zVrRF2ePUc31GXNVmRPWr8.jpg,347,866,495,570,606.5,532.5,519,75
tJkeUtMzC3UjDNovb36FC2IV4HJIndM.jpg,401,901,481,560,651.0,520.5,500,79
TJnWhYKuHGEv9SltaEk_OLrw=ChTW6Pu.jpg,417,864,422,506,640.5,464.0,447,84
TJSz73EfCGFrJRzMFkf9nWoOEye3eoK3.jpg,390,924,488,569,657.0,528.5,534,81
TjvRBDI88dvRjB9BDSViuF9i14wIZRDS.jpg,454,743,446,503,598.5,474.5,289,57
TJVSbvTWiEUkdxcFnfCakMjKE=9qjI.jpg,330,823,437,515,576.5,476.0,493,78
TJ_T93UL7Q73gDDu2ZCjexmcEZZFl8D.jpg,394,919,498,577,656.5,537.5,525,79
Tk7E6MB1y58VBbT=duhSYW_S_VagiO.jpg,378,865,445,518,621.5,481.5,487,73
Tk7iLDaSO75zYvXx5vkCrHJ53VTmBVGI.jpg,429,868,456,528,648.5,492.0,439,72
TK=h4Ua6u24ZGgF6HXSOz6LOY3eXZmD.jpg,178,827,507,594,502.5,550.5,649,87
TKbPLWl4wwNc7XWaCPqwwx4pu5kT4S.jpg,409,965,469,551,687.0,510.0,556,82
tkHt4wqsq64jKS4M=MH5K14OqJm7FDOB.jpg,306,878,454,557,592.0,505.5,572,103
TKKSeJXBky1oKpfgZ1Pa9h=e1aBjkZb.jpg,355,891,464,542,623.0,503.0,536,78
tkM8OcNYnjlj735jO5DX9xygx1UqvCU.jpg,355,752,418,481,553.5,449.5,397,63
tkV3VHEwIPq7Kt5KCtWkD5NpJeqOM5TZ.jpg,478,888,448,514,683.0,481.0,410,66
TkW4ui8dn6vehkwkHdfyHyH=RH_TWSw.jpg,384,812,416,479,598.0,447.5,428,63
tkwswN6COxlgFUgP9p49LSjodOZ3ntLF.jpg,313,866,416,490,589.5,453.0,553,74
tKx=4VOKx8_UhHkPqNQHcrTSQaQteTV.jpg,292,768,443,520,530.0,481.5,476,77
tkxFge4X=KP8XYDaQBVa5Oj9k91Xgb.jpg,359,962,490,597,660.5,543.5,603,107
TKYr1PRmMCbsSi8kVLIVu8dcCvK2ona.jpg,507,1028,449,528,767.5,488.5,521,79
tky_x55GsMXpfvdjOQMsh4lLUPlTHi7.jpg,431,817,412,476,624.0,444.0,386,64
TL1rzbhgZTJWlJcdhtB4izYtUUDDz4qm.jpg,332,774,435,506,553.0,470.5,442,71
Tl8kbMsxMu97iFSjo61g16ilpVXpTeWx.jpg,365,776,421,487,570.5,454.0,411,66
TlCRFhucv9xxQ9iQ_viIW7_uBfSQnt.jpg,328,854,463,558,591.0,510.5,526,95
TlDO9jKjZa_wDBJ7ZIg75Ul2dW6sGItd.jpg,261,773,485,560,517.0,522.5,512,75
TLdPiDtO7nMpK4WjbJ_jbqNLKGUfKnq.jpg,355,810,431,518,582.5,474.5,455,87
TLe7Dm_U3uEIiN2is6oP385rUdztUy7P.jpg,343,767,425,491,555.0,458.0,424,66
tleG6zt1WYumjuf9UgLs4DMrqkd_twKR.jpg,341,761,413,496,551.0,454.5,420,83
TlESGmeoSqYXP4hZIkeb7mk_tg=5mMf.jpg,441,855,415,484,648.0,449.5,414,69
tLLBcNzxLLer=6tO8FOQzEr8RLSkmpQf.jpg,415,889,437,512,652.0,474.5,474,75
tLs=IEIM9=WDsJpQ8lpL5xJ7oupIHHv.jpg,359,819,438,525,589.0,481.5,460,87
Tlt79XhPMZ4V7HsXbYXQs=UpMuTuYpx.jpg,421,851,430,495,636.0,462.5,430,65
TLwiQQ4NV4NucVz5YdMNCbJlZMnUYm.jpg,475,741,419,473,608.0,446.0,266,54
TLzlfbJxCYiQ3iqlQOT7sVwITc9MhIWM.jpg,421,914,453,530,667.5,491.5,493,77
tM2KRU9GVOOJdDn_C=OgKJMtaUu47_o.jpg,402,836,427,500,619.0,463.5,434,73
tm4HpcmaTrVjos8ZtsS4QUGwLufv3bsB.jpg,351,676,430,496,513.5,463.0,325,66
tm4lOGkvDq3e8UgFv96CLSjL2SdoOT2.jpg,437,848,421,488,642.5,454.5,411,67
tm=B=EDIOJT=Bic3RDjEMnORhGTiuGfm.jpg,457,877,450,517,667.0,483.5,420,67
TMCqVwUElTE2nitQlzJYL6Ri_SKIXUr.jpg,368,674,440,499,521.0,469.5,306,59
tmdeG1SniSoHa154QUFgeRIDIcTs68kj.jpg,402,916,436,530,659.0,483.0,514,94
tMgEBZmkdS9oE=swLPZ45U3e_=PIZ7OG.jpg,388,818,448,524,603.0,486.0,430,76
tMGZ3LPbrJCjb3sjjGWpVHaMZS9I5V.jpg,355,865,451,530,610.0,490.5,510,79
TmMOVcXTXU6igPgPwBiEwxwnikjnnt43.jpg,392,889,436,512,640.5,474.0,497,76
tMPf13mWwxKbSDjrwj5drCYwGo9twBt.jpg,281,1161,579,713,721.0,646.0,880,134
tMsg3CTI_5GZJrcumXuz1Pyx7zPyyX.jpg,344,837,443,519,590.5,481.0,493,76
tmtdZPgm5XTZ1tBPDUGk4URQDbLV_k=.jpg,500,901,441,512,700.5,476.5,401,71
tmUvKSsQ3=mQrb2lFhk17Pi=Uq5LSN9F.jpg,444,938,448,534,691.0,491.0,494,86
tMvI5p4g7p1lwCI9M3PJjg7GG1Ba_S.jpg,378,659,414,469,518.5,441.5,281,55
tmvOnLmlmD3_Lp1Y4Bu=5MQvWMekcQ.jpg,391,840,422,492,615.5,457.0,449,70
tMw5N=hKcUeGBeCSHxLN7YNV6OaqZshQ.jpg,377,972,486,571,674.5,528.5,595,85
TmXMCTr2ld9qTP2qVI8QE7GJL6Zm9a6z.jpg,436,896,446,524,666.0,485.0,460,78
tmyvYD=VM2u9edqILtN_q455ChQV8DDP.jpg,393,799,412,472,596.0,442.0,406,60
TN3UIq_un54Wa=lTNa3XoIMvigPGqi3.jpg,365,875,489,570,620.0,529.5,510,81
tn7lnB3YREpsodTXXhSNg9QhceFPuE.jpg,366,784,423,487,575.0,455.0,418,64
tN=WO9j53IE1ZErt5cEO96EMKinYtnvP.jpg,215,798,472,558,506.5,515.0,583,86
tNbufcXyrn69xhMnlIzdcGORt=l=VPJ.jpg,393,919,463,540,656.0,501.5,526,77
Tnd9rwnHps2WD=qn58IW9R7xszqm9r.jpg,418,873,422,491,645.5,456.5,455,69
TNihwaE=s2tIO7dDpEVjw_7HpYbiroJ2.jpg,354,760,416,497,557.0,456.5,406,81
TNkkyYYWIoNq7UgeX5iOom8pySST.jpg,245,1122,576,713,683.5,644.5,877,137
tnl=qD1v1u8Vi_r2xNE8BOyXSVmDUMEg.jpg,368,860,446,539,614.0,492.5,492,93
Tnlo3zq76VB3rKMg6snVDiPUInx52oj=.jpg,425,886,432,512,655.5,472.0,461,80
TnNV56W4zoKoFmWxEvxL1gEl_f8kvc.jpg,433,871,425,510,652.0,467.5,438,85
tNPtBrotuzo8LPrESpxcHI9J95nryOP.jpg,0,1209,701,858,604.5,779.5,1209,157
tNQQuxC4e54ProU2mRzJlC9I27OVW2.jpg,434,891,462,537,662.5,499.5,457,75
TnRHZDhn8JxfaJg8fEjnFTg6m59io6f5.jpg,367,832,452,521,599.5,486.5,465,69
tNrpJ66_W58dRTMUZJQVDkbesbimQuee.jpg,328,877,464,538,602.5,501.0,549,74
TnTv72GV1Oc8DK38rTR3K2vFSTh4wCb.jpg,317,820,481,561,568.5,521.0,503,80
tnURIZ3R=ph2boEaoFibdRGXl5RCRm.jpg,235,807,476,562,521.0,519.0,572,86
TnWjoIajg5rUOxYnnsWWxEIjxPmpY6er.jpg,250,1025,530,651,637.5,590.5,775,121
TNzdIoyPdBeL4DuKbndkTuSuVwgbjTWx.jpg,421,707,449,506,564.0,477.5,286,57
To1KExfyDNUqWtQCmt96YXyHic52qrT.jpg,387,1000,532,621,693.5,576.5,613,89
tO2Up8T8wW9aZOIvmEOlGFiSytfdzXPQ.jpg,461,744,425,481,602.5,453.0,283,56
To3lL1QJmt_=ukMw_fD9v32YhSwZ4Rw8.jpg,345,879,466,547,612.0,506.5,534,81
TO8Mpf7iShcV8THNSRkgh2vFgnR1u7O.jpg,315,766,429,500,540.5,464.5,451,71
tOC8ZTyMe_4Srw4JLab23kxgzqWGL8L.jpg,330,807,445,516,568.5,480.5,477,71
TOFNxb_Fbtt5y7XIHWGrwTZYmDkXRKj.jpg,365,781,428,495,573.0,461.5,416,67
toFX6RjMOr7koCkfc5UOPxmajW8ezN9.jpg,397,969,519,598,683.0,558.5,572,79
tOhZKQ4eWpMNtBN3=qdmwenCLq8qU3.jpg,374,820,455,521,597.0,488.0,446,66
TOktVGnb=1GSe4tCKZvBStLxTZfovBe6.jpg,448,1022,519,605,735.0,562.0,574,86
tOmPVGKDereHdxOZoEHjH9JMf=y=xHUS.jpg,416,689,416,471,552.5,443.5,273,55
ton5SjZi6FNBt=cowYR23lPkt=tjf4.jpg,410,907,445,522,658.5,483.5,497,77
toPCtwXwPtQeFK_jf3edo8aKWPOGMwya.jpg,309,798,413,495,553.5,454.0,489,82
TOPFgM4di5y81E5tjOJye11DwRXdK.jpg,367,831,439,510,599.0,474.5,464,71
tOPUmMJSWygBtG29HE33=7rGF6jrVgQM.jpg,392,816,415,479,604.0,447.0,424,64
ToSGpP5MXz7X6e7TCXV7I_juniHBaanb.jpg,445,848,448,512,646.5,480.0,403,64
toyXEK6SoHpIVYcE5eiIEnTW2WMyx5No.jpg,372,884,451,529,628.0,490.0,512,78
toz5bfMcwpDFFDhfSdgbV2zc59dIQPh.jpg,518,792,435,491,655.0,463.0,274,56
TP3lShDdIUliOFWj==MRMcC7YeMZwx.jpg,269,788,485,563,528.5,524.0,519,78
TP829hHNjw7jt31VKrE4yTiLNzvB=2e.jpg,462,880,453,518,671.0,485.5,418,65
tPDkW59imQOWWYSGtYt5f_BV3o12IPID.jpg,359,813,423,489,586.0,456.0,454,66
TpG=Dwm6Z1a=o3Fbol=WlGMqFdNdQ4x.jpg,463,868,421,486,665.5,453.5,405,65
tPIRV1Zvdp=9vHM_=C1Epog1YQqrdjfE.jpg,414,839,425,497,626.5,461.0,425,72
tpjXc1qTiZ9nQeeZYCpxXsKsv_vIc3.jpg,429,869,456,529,649.0,492.5,440,73
TPkSUiCliXwGtcjYiXOICwWkXzBKUJl1.jpg,414,1000,477,593,707.0,535.0,586,116
tPnLtPYKZBTecIdGTNwnCJ7yQas2KE2b.jpg,369,857,448,520,613.0,484.0,488,72
TpoKjmu=EFw1CiIgulexkbEFfpHjg4.jpg,309,866,469,551,587.5,510.0,557,82
tPPMH9q8lj94CBMRJF4tQgYeWUPvyd.jpg,451,753,463,519,602.0,491.0,302,56
TPVByRgGJrnOR7zcbc9u6_9lmeIm4vL.jpg,397,939,497,585,668.0,541.0,542,88
tpWjoe_MIjh2JUTDwR4XrSPuKnNN5_9.jpg,271,779,452,529,525.0,490.5,508,77
tPyw4Q6bn11zFqCDR35La1IJ_HxZHVe.jpg,333,910,508,595,621.5,551.5,577,87
tp_6lZ8sK3feZ=P7NcNXHiSGq1n7uyw.jpg,333,785,451,521,559.0,486.0,452,70
tQ1j=V1cXs2OXGeQtXiVGnoOQaW2GL.jpg,468,853,409,475,660.5,442.0,385,66
tq1shy3zs2UomBWif9mSZ24GaQ65zi1.jpg,464,871,413,478,667.5,445.5,407,65
tQ=5kgenxFPpoyuPFL6WmOtMKb_rs5w.jpg,423,701,424,478,562.0,451.0,278,54
Tq==tdQkFWh7xv=mYeX1YFSF1vi9HB_.jpg,447,844,445,509,645.5,477.0,397,64
tqab_LBrG_u=De6Roha5ZzmhCnw2q.jpg,404,895,439,515,649.5,477.0,491,76
tQh6_rbDPWxrPRGSawMmdbVho4XVE1r.jpg,400,804,415,480,602.0,447.5,404,65
tqmhGK7nMSYaL7gRjBCvdL7SiNzH7ju.jpg,344,744,414,496,544.0,455.0,400,82
tqn=hYKtWGhOblEthdpMU8j6z1Bg3FH.jpg,359,882,504,577,620.5,540.5,523,73
tqOdnoTsccmnShgLimqwHqE5E758B.jpg,437,942,486,564,689.5,525.0,505,78
tqQG9M6VvKes5_K55dJir8rYHM6eq=O.jpg,250,785,463,541,517.5,502.0,535,78
tqT4l5FlXYGrtsenvnFB9JzS3pxpjw.jpg,136,840,522,615,488.0,568.5,704,93
TqucSNEg5=prSJ8s_XrqFXZUbjY=Ty.jpg,439,904,468,540,671.5,504.0,465,72
TqUkUccLcDLWZIo=ImjgFDet7PkbgcGV.jpg,410,935,454,550,672.5,502.0,525,96
tqZEtwLFn81moZSXYuhLyxCbeIMtY31.jpg,447,725,417,474,586.0,445.5,278,57
TqzllJnJgRtmrMSjSvPXgy8UDm2XLmz.jpg,347,836,440,522,591.5,481.0,489,82
TR8lLowS1ue3bZfPwVo=msiYPUaiinK.jpg,398,804,419,483,601.0,451.0,406,64
TR9WONic2IExIi2PlkYcShlpFIsXCt4.jpg,440,977,459,551,708.5,505.0,537,92
tr=hlQuGcamI9l=e287WTshZmInWFx3.jpg,464,872,409,471,668.0,440.0,408,62
TrFaRy7LgUl24bUi4S469Qr477=7BGy.jpg,343,916,523,603,629.5,563.0,573,80
tRI4_Glyzq_ySsf41IEYNe2Dg3yIi6p=.jpg,336,833,443,518,584.5,480.5,497,75
Trjbo77S=MjtqVVVmJe_f2rs51S_1M=U.jpg,454,735,446,502,594.5,474.0,281,56
TrjTWpBdCahr1oh6CPQJiZutXxvY7J.jpg,352,897,499,583,624.5,541.0,545,84
Trjy6lakXYxOyHjdByYFm3IGLB7d6ke.jpg,348,737,415,482,542.5,448.5,389,67
trkkorgGFZtTc4=JoYTgBdjFXGMWrWQV.jpg,482,904,448,521,693.0,484.5,422,73
TRKWq3T=fhMVhgyTCfJQZBgaBDpOK_f.jpg,425,974,470,551,699.5,510.5,549,81
tRQh1tLeLuHV8aBLsqKa_VBb3hsvfW4T.jpg,454,845,441,506,649.5,473.5,391,65
trqKO6jvx8LoRX2Be66SXzhsuQXgfl.jpg,376,820,420,485,598.0,452.5,444,65
trr3rU9Ij4uadQqXJtuOP5frbrkNyGr5.jpg,407,791,412,476,599.0,444.0,384,64
tRufu8d2E1DanrRbSJED_duiMh64d8fD.jpg,367,882,442,523,624.5,482.5,515,81
TrUtVCWEpeHSgXp8R8mxrPn4R2qN=SnG.jpg,411,846,433,501,628.5,467.0,435,68
TrW9GbSH6MkYgtW2IqU67zpwpnjtWs3.jpg,404,696,447,504,550.0,475.5,292,57
tRXReh8LvKtsNq3XxCSEyluIv_ISmedy.jpg,356,843,448,520,599.5,484.0,487,72
Ts9xSl7XroC_dTZS8copf2zg=6p2ax1U.jpg,416,913,470,544,664.5,507.0,497,74
TsbEDV9QiCgaqkCof2UHd_WSNHuae62X.jpg,259,883,491,605,571.0,548.0,624,114
TseGlVCLKlGFnTv2SDOJzIjuQJxMedE2.jpg,379,943,461,571,661.0,516.0,564,110
tSglLwdfweEpOfUqwHcWiRLySWvu76x.jpg,507,775,419,473,641.0,446.0,268,54
TSH2UkZPon_ZNIudjqaNJJzMqBvthhER.jpg,461,877,438,502,669.0,470.0,416,64
TsHsgu1labj33wfL5aG6mnj33fFsZ2ch.jpg,337,738,411,488,537.5,449.5,401,77
tsi3Ol1Y9c4cShO78EY7HRsBa4WlQdpd.jpg,325,769,422,490,547.0,456.0,444,68
tsleQnB4v8rO9pJn1PijaT8oLTxuozM8.jpg,344,732,415,478,538.0,446.5,388,63
tsn97N65v_DJC6B_Zi9fDZPVekgJs4y.jpg,405,832,426,507,618.5,466.5,427,81
TsnB_wM8cOR=zdqrkiMztJ=KiFzdxO6.jpg,453,890,443,513,671.5,478.0,437,70
tSNJqk7DFbDk19_H16R992pBYHkyDa.jpg,457,740,421,477,598.5,449.0,283,56
TSriHela_P62HwhzLNv_j_hbCZo7Yf.jpg,436,839,423,489,637.5,456.0,403,66
TsSljegg87haBFLGHoyETDQFi=d5JYh.jpg,368,869,458,529,618.5,493.5,501,71
tstrrGRHNKDnLh_IYuZDDydJINqWnI.jpg,380,822,430,499,601.0,464.5,442,69
Tsv3=xgNuUJ2JNr9XVczXmxJQ7=beRlm.jpg,479,864,436,502,671.5,469.0,385,66
TsWiLFgtCjyW8RsHF3pmOmL1MntxGBuO.jpg,407,736,425,487,571.5,456.0,329,62
tsz8yM4CjFBvqiH5lOyDbG3Iuo2LgqE.jpg,422,833,415,502,627.5,458.5,411,87
tSzFXNpnzdMngpIh1gOdVpchDh_Hjr9.jpg,519,994,442,517,756.5,479.5,475,75
tT27VwCpVn=hyVENeBPHaCZO3peHVVF.jpg,110,648,584,679,379.0,631.5,538,95
Tt6MNoTDBQxV4uQ64Tl5L9QQb2uqZB.jpg,422,833,407,489,627.5,448.0,411,82
TT7vwO1RpPF57MqPkk9XUetNvZkXEbn.jpg,409,808,455,529,608.5,492.0,399,74
tT8EypquDdq7bWtGrzFzLHdnjfR4ia.jpg,370,676,432,493,523.0,462.5,306,61
Tt=S5CXXO5cdfpnWTCFcFLLCBsJVJ.jpg,400,957,452,538,678.5,495.0,557,86
TTFvTY5ipJ2Vsrg76sxL6sIPFbRRio7.jpg,451,757,461,517,604.0,489.0,306,56
ttGceRT9ljMYytlUSnTfV6wIPOhrtWSQ.jpg,408,911,489,562,659.5,525.5,503,73
TtHjYW1zPYiZV63FnXoZHnhHzGONnbs.jpg,381,970,476,566,675.5,521.0,589,90
tTitJ2yOY14J9ZU6YiZuuP3bpzcjh1.jpg,514,1039,451,531,776.5,491.0,525,80
ttM7MXgcVYqgXLJkvO9cI6ZoXyV7RGoc.jpg,471,906,426,496,688.5,461.0,435,70
TtM7yxBY1kSP4yODZ6uCyb1H4tLl6e.jpg,360,981,522,642,670.5,582.0,621,120
TTnwbTXnJeH6NifZOEB1maV2ExweHjda.jpg,491,897,413,477,694.0,445.0,406,64
TTO47I2xW1BfmZqs6Ukji2zmJcFrrg7.jpg,243,702,441,515,472.5,478.0,459,74
Ttr1wf9YsIlzXL_zSFJRfKgBaQRmK3.jpg,353,801,426,493,577.0,459.5,448,67
ttVLlwqNCklatyIDHXVk8H6x6vsFWl.jpg,504,917,450,528,710.5,489.0,413,78
tTYq9VS2T_ylIaspcplc5x2zGJoJtV4.jpg,387,949,469,572,668.0,520.5,562,103
TT_8bio2jYSTdaTkFLWNgaks_bY4aY3.jpg,367,843,430,499,605.0,464.5,476,69
tU4l=rikEbMWh=a9IXvFzjTfPI8DXQH.jpg,330,958,493,597,644.0,545.0,628,104
tuaeMUDX12dPwNJ8DWCkpFM_dCiQPD9.jpg,299,707,427,495,503.0,461.0,408,68
tuBeE2tT7RJCsNKWkEE71BXZFyxli.jpg,368,911,503,586,639.5,544.5,543,83
tUbvrxf1uOu6BDQsgYa48IrU1xpMW.jpg,357,823,428,498,590.0,463.0,466,70
TUc91oGzkUrYpZQEGvz8vuff_F7Z9Rj.jpg,404,801,416,479,602.5,447.5,397,63
tUC=SLv=vsLcag5TxODTw=VnMvo2b8F.jpg,389,834,429,500,611.5,464.5,445,71
tUck8193o6jDnBsF4FBHK_vdhp7d2gT2.jpg,449,780,438,501,614.5,469.5,331,63
tUFdGFHdEujrKIEcM=1aONDpCnXO2Y.jpg,359,810,433,497,584.5,465.0,451,64
tUHJbu1HJTF9aQ1q1TbMtLYrZl7O8P.jpg,456,998,505,589,727.0,547.0,542,84
TUI8ZiwfFmad19Zd9tlpZ=X3kau=q53.jpg,346,889,464,544,617.5,504.0,543,80
TukVgt4fQ3=rZ7T2TP_ccNVaxIYv3Zl.jpg,403,839,444,507,621.0,475.5,436,63
TuOETjx8b7yPU=RnDsRRgJt4nJQT_by.jpg,404,799,412,472,601.5,442.0,395,60
TUq4uYeldXxfN_HEfbd59UieJkU2MHdZ.jpg,445,901,467,539,673.0,503.0,456,72
TuUcpWmuCPzMotTxmNPPUlRwsveQlKal.jpg,413,814,417,479,613.5,448.0,401,62
TUxp1PlcqtXi8NfKNJvqldyoiUrCGT.jpg,377,850,457,525,613.5,491.0,473,68
tUzQdYN87U_BjtDfOCCyWUoYFmMafyd.jpg,481,909,424,501,695.0,462.5,428,77
TVFV7_8cdY86PuQXMn9UOogvdqgHV.jpg,466,883,451,517,674.5,484.0,417,66
tVhbkGd5wYz=uwjr=875e5GirgkkC8K.jpg,415,949,499,580,682.0,539.5,534,81
Tvji_=azuPLdg2gd=RMC75NrWkQ=4zK.jpg,420,850,465,531,635.0,498.0,430,66
tVKEKWvkM2=JuoKTrJjK5MknRlNQJL65.jpg,376,803,447,509,589.5,478.0,427,62
tvVTa=BcDadohtWMwn8pv2vK1al2lwH.jpg,440,841,411,490,640.5,450.5,401,79
tw2VD7ddqnT=L6j=mVL8LYryJ=4Dzc.jpg,322,795,451,519,558.5,485.0,473,68
tWaFZoqC6=KQOeLeTGGSR7Nkv5XBLP.jpg,406,735,447,508,570.5,477.5,329,61
TwCIz=aVVIHxwd8_zL6ondktLWtGhlm.jpg,482,924,451,523,703.0,487.0,442,72
Twfl_d976fpN3Y979Yzl1mPfgIprUZ1.jpg,397,845,421,489,621.0,455.0,448,68
tWH9ctZ59F2bw2=7BUjlE48StmZsoSu.jpg,412,958,473,549,685.0,511.0,546,76
tWhTMeWGkVgyRUYQvfQnaCybt1WvfoU.jpg,436,873,427,511,654.5,469.0,437,84
tWHyLpmib9vgXh2Crluq185cdBctVtC3.jpg,446,854,411,472,650.0,441.5,408,61
TwLjrQXghPTeveDzDq_zLJrT4MEN2hsV.jpg,422,858,417,499,640.0,458.0,436,82
tWLqpqV14ipJInIoOCzRUdWbawn_sSWU.jpg,422,753,478,540,587.5,509.0,331,62
twmYk94gnp16CN9RTSXnX3LfqXH8f4jI.jpg,412,834,450,518,623.0,484.0,422,68
tWOetzW4tGK6apuj79yNRnFikNgTJix.jpg,426,928,447,525,677.0,486.0,502,78
TwPVRFBtFbhBDNiXV6QkVfmVqWC72hs.jpg,320,748,423,495,534.0,459.0,428,72
TWQ2o_blzzwWQUXivWbJu1Th7be5rYH.jpg,341,738,417,480,539.5,448.5,397,63
twtQqNNvMzJbM9ZHhCVg_n8IbrTWu=D.jpg,369,927,468,570,648.0,519.0,558,102
TWwxreEzDC1wj5hgWYNymrLz4CKLgcjv.jpg,330,876,488,571,603.0,529.5,546,83
TwZfSCrOPOmzE3fIkGSB4YjeDpV1s1k.jpg,406,793,414,475,599.5,444.5,387,61
TX2W=ReiOJXOGjzQX4NYVQudpQJaVgK.jpg,457,860,443,508,658.5,475.5,403,65
tx3mfjUIDayae4S3LtVsMU9tlqqEKqbZ.jpg,400,927,467,541,663.5,504.0,527,74
tx6ieL=j=yaO7kKWwyoGM=TNOYXi1TN.jpg,409,904,483,558,656.5,520.5,495,75
tx8IKxcUIpfIiC7vC1q=xWm1owxDggIX.jpg,286,927,494,589,606.5,541.5,641,95
Txd1p6L_oWGmfxselqrGg1ho79oqrJKB.jpg,449,763,433,498,606.0,465.5,314,65
txDJxP6qUNUqbYXLJdxHLBHt17MuEQiK.jpg,403,719,470,527,561.0,498.5,316,57
tXfBuQImu8qrhKqwNMPgCQpCIM1iXLyZ.jpg,417,905,434,504,661.0,469.0,488,70
TXI=xi6Ml4VT_TYG_BzsozNevIMSGtV7.jpg,319,856,491,573,587.5,532.0,537,82
tXjgpsJQcRur_dqpbUGYz5oW3BGlLq.jpg,417,822,419,484,619.5,451.5,405,65
TxJVQCjk9CUv4jUzfrIK8QrSK5ZuSl.jpg,443,912,465,542,677.5,503.5,469,77
txKWJZiOLJ2NC3_Q_dUUfsTvbc1v_.jpg,410,809,416,480,609.5,448.0,399,64
TXMkmOBwUUMvoQuVTtYJVSHave4mF9.jpg,338,850,438,523,594.0,480.5,512,85
TXMPYERcbMz2h2KJMjQYpI5BHqcM.jpg,466,875,420,484,670.5,452.0,409,64
TxT_cMtckeyxu4Qn7s5dOnnXbxvdfMac.jpg,315,758,428,497,536.5,462.5,443,69
TXX9UhF_lpGLt_Nh=qYjXZvq=J33bIrf.jpg,352,654,437,498,503.0,467.5,302,61
TXXQB6No8MwsTOIo=kWrZtUgNQ8eumgT.jpg,418,686,424,477,552.0,450.5,268,53
TXZTcVa9QN_CjMGFTrvaD=lRXuLyJyO.jpg,436,815,457,531,625.5,494.0,379,74
TY3Yzbb2FlXyUK2vSmGz=D7XnjwiD95.jpg,461,916,439,509,688.5,474.0,455,70
Ty4c5=Zq7hGGqPuYvnW2Ven_x1d2cLer.jpg,365,825,429,496,595.0,462.5,460,67
ty8cKwZs1m5oey7RxUMwQTclqeD=Jbd.jpg,381,809,452,524,595.0,488.0,428,72
tya1_HR4jzSlje9ykwqN2DvOUK9BR7d.jpg,407,873,435,521,640.0,478.0,466,86
TyanSxXbPHJuZp5zQZ=GbyDEVZYm8G4.jpg,421,885,469,543,653.0,506.0,464,74
tYB2daiDOESuN7RiaEwnrGymWgxbIxK.jpg,405,897,474,553,651.0,513.5,492,79
tYCbt_qZmnO_sFPZn8OqJYoE2g5tSd6F.jpg,412,744,480,541,578.0,510.5,332,61
TYcRKEcxytq28=dejvybiXctFypZFVk2.jpg,372,935,505,591,653.5,548.0,563,86
tYE1b4aqLLFbX43Xx8F4cgdJipYimP.jpg,347,859,477,550,603.0,513.5,512,73
TYhkOWBt5Fo6rxVO66WjNlZIbMCtcHl.jpg,207,865,494,628,536.0,561.0,658,134
tyJ=MdZjqBB5JnQTWnE45MXZWs9.jpg,388,859,447,517,623.5,482.0,471,70
TYKVEpmiezUYGqo8sSU3TvnJwgXOjuL.jpg,301,893,477,590,597.0,533.5,592,113
tYlCvf_kd3ao8F_IUK2ongxUBq3WRe7.jpg,479,830,450,521,654.5,485.5,351,71
tYN3XwZYRJgTvZ_wIiXcek1KO7D_uxKw.jpg,344,994,493,591,669.0,542.0,650,98
TyoDpas1hTdWS9Eebc6NamzVvFzjb2.jpg,224,756,472,550,490.0,511.0,532,78
tyP2b1L8MTnRwbDXGXJFWHYheScCU7.jpg,367,842,440,514,604.5,477.0,475,74
TYprsUXYFMqKpJPinl49FaOtf_Robrh.jpg,450,863,417,490,656.5,453.5,413,73
tYRkeGk3UcLT2PzpYlfzIjNeXYhmlve.jpg,376,806,437,501,591.0,469.0,430,64
TYs5WKqMFP7zb46LHSCyudfbRRh5oCeF.jpg,411,819,419,485,615.0,452.0,408,66
tYtZ6uijQO56m_UC2Caglnk24darZtw.jpg,445,877,454,522,661.0,488.0,432,68
TyUBN6vFdduFQrtWMEJBqFxbjLqnLXeL.jpg,345,962,485,574,653.5,529.5,617,89
tywMmpEJL8kG1yNE3gFVVmBeWmP1pW.jpg,313,818,450,528,565.5,489.0,505,78
TYY9rn9zlpVEygEbKGz9YSZJzGY9_sm.jpg,400,974,472,560,687.0,516.0,574,88
TyyC_mr6w=skukFTOn216_RmOmvrqxl.jpg,373,830,426,493,601.5,459.5,457,67
TYyXuxwOSNm5UyfWvrEuqu=JbLKyTg7j.jpg,491,757,422,474,624.0,448.0,266,52
TYYXxLqXPMGrYEg95x=q_UjFwyc1ru3e.jpg,342,677,461,525,509.5,493.0,335,64
tyzDcI2KSf2GPIb=sk8rtaZ8gvcPDKw.jpg,389,693,454,511,541.0,482.5,304,57
TZ1qgYyfQPMm5w5fy5c=uhqf56_Pi.jpg,342,783,421,485,562.5,453.0,441,64
tz44Xz8rFoTC3xEu1h7BVkgx9rQEreD.jpg,294,782,441,516,538.0,478.5,488,75
tz6fe5GONmaUImesuLuR7cZ1ST2SF6=n.jpg,418,808,414,476,613.0,445.0,390,62
TZ6_NuM9hUNSafwQiQWcwzgTdpYase.jpg,412,896,457,532,654.0,494.5,484,75
tz7PXjX42jQElFaBPOjD27CtcP5kFHR.jpg,191,893,595,713,542.0,654.0,702,118
tZ7S_Hta6vydPSuznPwTXa_In4R=V=.jpg,388,892,455,531,640.0,493.0,504,76
TZ8cc_VPExOsSw17Sh2yWrC_aG8gB1_.jpg,447,928,450,529,687.5,489.5,481,79
tzb8RT=wR89yzff8hYTEJZK9VLyPgyy=.jpg,381,857,437,512,619.0,474.5,476,75
tZe6YVvGxy7bnVlUgpL1sQsW_x2GGGCf.jpg,360,873,452,528,616.5,490.0,513,76
TZH1uW5zfV_iFmIqivEX2oq3HPpll_NK.jpg,368,795,457,519,581.5,488.0,427,62
tzo6D74EBtONRxawf7KXinFwnVBHn6e.jpg,287,728,442,508,507.5,475.0,441,66
TZpWqVNOqQOQdTnMhiP1EE4V4P9c=_oa.jpg,372,852,452,524,612.0,488.0,480,72
TZwdtHG3MbXnpX1o33y=EWaVQisdkuOR.jpg,454,1001,501,587,727.5,544.0,547,86
t_CmaFYNLFXOJT=KtFjD3ZbYoaEqCHt3.jpg,436,1006,458,550,721.0,504.0,570,92
t_eyRlU2W1O1_KPf5wYT6R32xOrGbrr.jpg,418,1011,452,578,714.5,515.0,593,126
T_GaRVS3Ew9JLQ_1Wp1pLXWLdl1FphP.jpg,459,950,450,523,704.5,486.5,491,73
T_p3vYd5eomThb3NECfYTb6ViaGSnWYY.jpg,366,851,483,551,608.5,517.0,485,68
t_tZgrOMQXKUTFXzIE4yU4u4JkZzXor.jpg,403,880,475,547,641.5,511.0,477,72
t_vFlh3PvhTW5aR=dR=gyePLIH41c7.jpg,480,893,405,499,686.5,452.0,413,94
u1BNvEbDXcRILUFhuLrkpV=U8Nbr7yv.jpg,354,917,509,595,635.5,552.0,563,86
U1eoRBstsSvyTW3xd3Ot3WuK_9v1pH1.jpg,402,805,418,492,603.5,455.0,403,74
u1EyWJITMLBOVfkvLJ7Nw49x1BH8wx=.jpg,394,807,438,502,600.5,470.0,413,64
u1HO6U2WRUMTxTvnMkqb1TsayiKYjUxQ.jpg,376,879,435,511,627.5,473.0,503,76
U1OwtLdjGvnvroJXwpf7hwBwougHTw.jpg,488,906,446,519,697.0,482.5,418,73
U1uXRPX2l6kyZ3o6tc7B9luXrHt9s.jpg,389,876,483,551,632.5,517.0,487,68
u1VSQdOfsCoxDjM5MXSRYuuphEXhunNp.jpg,355,858,436,511,606.5,473.5,503,75
U28fm=mPwDRMOJjwNIkwvQIEcMNwISjg.jpg,357,821,421,497,589.0,459.0,464,76
U2IWCbKcIqXzyg=5ragcU35MbpJ9FKte.jpg,454,875,406,489,664.5,447.5,421,83
u2llmkBfwq1QOknOX7cD4w6JwjPa4hE.jpg,322,753,419,484,537.5,451.5,431,65
u2LozWoYryFoOjMeXm8onFgLDu9UuOH.jpg,351,932,509,597,641.5,553.0,581,88
U2nHx4jPbELOYlVo8lQWEL_WDfRpjO.jpg,346,777,414,496,561.5,455.0,431,82
U2qsGfPglFhmbwKQFZpg1N1c=IIB9wSa.jpg,294,705,446,509,499.5,477.5,411,63
U2RnLFHvVeWwhtCjReBN5tJIyCGmZluf.jpg,436,705,439,494,570.5,466.5,269,55
u32M2LjM3_9it7dUSgu9KP7T6MyC.jpg,317,935,542,630,626.0,586.0,618,88
U34fRe_Z1=y8zr5H6ebqYvxjWdI7hl8.jpg,358,884,423,501,621.0,462.0,526,78
U35PtZuZ3pXkG8pYacXwhndUG6g=TMm.jpg,331,641,466,527,486.0,496.5,310,61
U3=wBQ1lD5Yp9KG5ErsW=5PuQ8HJoy.jpg,450,930,445,524,690.0,484.5,480,79
U3IjPEQPy_h8c=RP=NspEI7QKClXh8.jpg,331,875,468,545,603.0,506.5,544,77
U3Ku_cLf777BDhiC3da6_DdnxBEff.jpg,188,828,448,561,508.0,504.5,640,113
U3nW7dhK=n9tjt_k4sfSL5m1NKWUE=tC.jpg,349,691,464,526,520.0,495.0,342,62
u3XzdB75Bh6xypcCrK1iK=_9QDI3JqG.jpg,341,928,485,572,634.5,528.5,587,87
U3Z3RvuCDK9CYbMeQKFd8GwgmKelZijm.jpg,314,758,421,485,536.0,453.0,444,64
U41psLgFaTH6Mp3cEVL3VjcTlE251Kha.jpg,260,845,485,565,552.5,525.0,585,80
U4kN_N1CMTQKxQVaHm5wxtEK48ky1Pj.jpg,413,797,414,480,605.0,447.0,384,66
U4L1eGvMY6FZVwSvw3Wczzd943t3yizQ.jpg,335,788,457,526,561.5,491.5,453,69
U4l7SLzz2P_S1XcESZJMY8UnQ3ui53D.jpg,429,894,435,514,661.5,474.5,465,79
u4lUX=DGWIHFH8zTUoqiWTpMZyam=sy.jpg,412,830,414,477,621.0,445.5,418,63
U4o99SVVUbz4GuchQDZF4lfdEK3n8=q.jpg,460,752,451,509,606.0,480.0,292,58
u4OhddnsYJE_IxCzhvdNU8TbZh4YrY.jpg,333,949,492,609,641.0,550.5,616,117
u51kT7VMK7YguIcxmpOMSekdI4HbbPtz.jpg,167,845,509,625,506.0,567.0,678,116
u573wvTUjXjgTVmkvYiXdufbqZyXm11C.jpg,255,1184,603,741,719.5,672.0,929,138
U5a1yUU28fdRegdYsuVJDS_pojTE969.jpg,444,924,442,530,684.0,486.0,480,88
u5F3kX4ZonjzHsRXM4p1hg9CghORaL3.jpg,453,856,448,513,654.5,480.5,403,65
U5hOJtOMoEVRF42qyYNETT8=wIr29cD.jpg,343,1002,514,606,672.5,560.0,659,92
U5li8cdXlDgGs4MNj5IdZPoGEUJRd8B4.jpg,345,883,463,541,614.0,502.0,538,78
U5MO2f8xB3Cxo6St4xNd6kEJuY9Zg7y.jpg,148,1020,570,696,584.0,633.0,872,126
u5REnEHf3VQotzU1jJ=nGHIH8sdnx8Vs.jpg,330,855,466,547,592.5,506.5,525,81
u5UPwBkO_ttqUQi3R2hNXzIyhonMJSq.jpg,393,832,419,483,612.5,451.0,439,64
U6K7RPf5UjqOxK=TthPeBe96c865HsJ.jpg,257,850,531,614,553.5,572.5,593,83
u6km2SPqhzdZM_WvW9hZMIuaX_glejB.jpg,463,956,445,522,709.5,483.5,493,77
u6KuIh7BxVDzwjrHc7BCHDyjt8qhgEh.jpg,469,895,450,517,682.0,483.5,426,67
U6Q3WrhNSqhudRIkxQ1fLHiYKN8pr4.jpg,390,823,428,494,606.5,461.0,433,66
u6t46ye7fKU3j7KCEJClXyvuWiUovZ.jpg,377,739,470,534,558.0,502.0,362,64
u6VMYgWpZsWEYWRXBHPY3NROS1LDk.jpg,408,834,427,492,621.0,459.5,426,65
u7DQ_iJe548YZU3iQrtX4FW=TpeX_sgc.jpg,439,1201,572,691,820.0,631.5,762,119
u7m6suls5GNzfTzQadmnQIw4EWWMg7KV.jpg,354,829,443,517,591.5,480.0,475,74
U7oLz3lJl1Sul1Nswp_71UgJZVDIYJZV.jpg,325,760,428,498,542.5,463.0,435,70
U7teldBOt4K62saXs1elFr_7ZeqfZ.jpg,312,882,471,562,597.0,516.5,570,91
U81DYmF8PcKgtKcKOCg12EnwUDsm=7n.jpg,370,1033,495,635,701.5,565.0,663,140
u8EVgfGx2dJ4ruDtWBUFp2oVK5Jv_vc.jpg,417,835,422,488,626.0,455.0,418,66
u8gcTRn1UN5=WFqtGgWGhJuxpWWatoj.jpg,429,944,496,571,686.5,533.5,515,75
u8Hs59Tnp7rjUCKiI_nomiNdcK4ONegL.jpg,346,774,434,498,560.0,466.0,428,64
U8kigJ4ZYeo9D4oSRSXM4FEKTZqPsh.jpg,252,792,464,542,522.0,503.0,540,78
u8LnQPuTxLNi54nwjUt91Vs9g9Wz2h.jpg,476,899,416,490,687.5,453.0,423,74
U8pJJrgeeB=WVDki6lkQqUPDW3=Tmd.jpg,345,859,455,528,602.0,491.5,514,73
u8QTzf8VXtQZxDuwSbK4Hj2lv8xOp3l.jpg,445,841,415,480,643.0,447.5,396,65
U92lqQxc2DwPN5HJRR6SOoT4cz6lyqWJ.jpg,377,844,430,507,610.5,468.5,467,77
u98ZxiYroBudXb9h9cEmKOD5hbaXws4.jpg,382,851,473,544,616.5,508.5,469,71
u9a3wDprxMHqZt9Jw4mSqYl5lTbNQ2zj.jpg,397,969,519,600,683.0,559.5,572,81
u9cjvWD5chEvC4ItRvQlmufPSVuY2iQ.jpg,498,779,445,500,638.5,472.5,281,55
u9G7fILTP1qj=s_pjsdZRrqd2=SjFfP5.jpg,520,999,470,550,759.5,510.0,479,80
U9kWNFRdCQV6U6wJ6egHOJKikeuV1p7f.jpg,390,870,430,525,630.0,477.5,480,95
U9PKr9NjQXvz8SmDz6egyRG3_TaEs.jpg,423,834,448,516,628.5,482.0,411,68
U9TEGn2by2M4OObWnL4E8QotJj85rXb.jpg,375,827,434,503,601.0,468.5,452,69
u=ljSFO6FSGMkqJnNTP52eiP8de65oO4.jpg,451,985,448,563,718.0,505.5,534,115
u=Pwbla4GLQcWp18eG2tQaYoaTI8a9IB.jpg,362,939,474,571,650.5,522.5,577,97
u=We=Bw=7ufzaBIMjD9=I4CRQhGZmntw.jpg,388,859,441,512,623.5,476.5,471,71
Ua36w=rguaxsvJaHIyUwYfc1TyvrPU54.jpg,377,662,433,487,519.5,460.0,285,54
Ua4a4QOhwv1atBk5hj6GvHRUSicDReoH.jpg,395,684,421,477,539.5,449.0,289,56
uaaig_s8gS4bTjHnZYLtTxN2_wDw9J4k.jpg,447,894,421,511,670.5,466.0,447,90
UaBwGb=dr_eCrespbCyQu3ER27JSgy5.jpg,461,950,442,518,705.5,480.0,489,76
UagKeT=IUlevcm7X9kKjQFXflFYyUIil.jpg,450,849,443,508,649.5,475.5,399,65
UaOZCHpo4WCUPFvjJht1xjzjBHYT3Mjk.jpg,447,849,419,483,648.0,451.0,402,64
uB7T7dnikLrvNns2Ob4Bl1UB3LvfuCr.jpg,461,910,461,536,685.5,498.5,449,75
ub9WOnS9PafNKCsOZLhhWIoxP=RBocxy.jpg,353,832,428,501,592.5,464.5,479,73
uBB3tLS3RuepXG3TbzdjM2qNItJe.jpg,362,905,476,552,633.5,514.0,543,76
UBcFzXwcd5Zx7kgupoWCYWouSimRB8a.jpg,348,789,420,485,568.5,452.5,441,65
uBDvIvNF3WBebtFtX7cVDixSr4b2xv.jpg,374,802,419,483,588.0,451.0,428,64
uBMsn9_ZsoyQaXVSVGzbLr38c6bJRxPv.jpg,344,878,454,534,611.0,494.0,534,80
ubs=F1aeq9Y9wPg5FTROCE7eGN2k=ZU.jpg,324,804,479,550,564.0,514.5,480,71
uC4iYOsJb8s7ZzuUL8OuTZsSESH1Sm7c.jpg,282,875,482,568,578.5,525.0,593,86
UC5NbhDYRazk=clJl923Hxcla8CPy1sE.jpg,323,898,460,545,610.5,502.5,575,85
UC8rveVOsZW1kJa3zqiSxbjtZOoKmpQ.jpg,400,752,493,557,576.0,525.0,352,64
UCbMBPLdixlB7VJ696V9G3c6mD4YtTJ.jpg,409,824,426,488,616.5,457.0,415,62
UCfCqXQxKf55JZ64NoDSpxUz_SLxCIE6.jpg,408,818,449,515,613.0,482.0,410,66
uck7o9nTOUuokf1=w5I9lBZ3MwR1a_L7.jpg,361,920,467,548,640.5,507.5,559,81
ucnszpIqqCWEWX_3qObrUGKveDqimML.jpg,468,863,441,505,665.5,473.0,395,64
ucV4jTH62QujdbGhVnPz3a3=qxB=DE9.jpg,367,768,494,560,567.5,527.0,401,66
UCW3LJkfgTEspYRTGTeZRE=kEKbRxP.jpg,254,1003,523,638,628.5,580.5,749,115
UCwucr6r6lWWYzz49J93J_pyPVyTLcBf.jpg,473,761,454,508,617.0,481.0,288,54
UCXJZ98Hf8gh1bq2IGDewuEMR2Gm_N=N.jpg,434,838,418,485,636.0,451.5,404,67
uD5xgYiGuLYIElJMC2HlljM7aOP9sW.jpg,425,927,455,534,676.0,494.5,502,79
uD6B1f_QU6f3_F2zV6NgQRkKxrlYOInk.jpg,365,680,443,503,522.5,473.0,315,60
udb2vs1r5g3RUIsOfkLiarlMQ1YkcL8g.jpg,412,868,424,493,640.0,458.5,456,69
udCjkagc171jTrFRKhVX1CiWF5GQ6F.jpg,396,877,425,498,636.5,461.5,481,73
uDd=qcJuQEUzjJhmGScrG3Khq=9tSh.jpg,405,999,473,564,702.0,518.5,594,91
udgZYlPWPBkxaGI6pIhUQnqm4SxeVaU.jpg,393,865,421,496,629.0,458.5,472,75
udkYfOs7CoM=n9mLou6UwcEJkBZTP5dG.jpg,478,785,465,524,631.5,494.5,307,59
UDodt7ly1ydM44PE6cFtXemCnQNhOa.jpg,378,703,472,531,540.5,501.5,325,59
UdPWzHr8WYCIhek68fjViia6gLuPqS.jpg,412,726,442,505,569.0,473.5,314,63
udqmhpFJJNzqQiS3nOQhxK7zJRV8Obn.jpg,354,770,421,494,562.0,457.5,416,73
udQqShWCF2hsbf7ofkfSI2kp2zQN_m6d.jpg,474,877,418,483,675.5,450.5,403,65
UDS7TCJ_ltJX__8kMEy2i7hnLVRkBF.jpg,455,734,423,477,594.5,450.0,279,54
UdwNon41P5oaqqXbSZzBz8YXZJPvxFR5.jpg,371,905,439,540,638.0,489.5,534,101
UDWTJUFinS6d=O23VQodcTUyqZHUd2JF.jpg,351,920,475,571,635.5,523.0,569,96
UE5rEwIYwijTpdHf17ZTrsaKJJi9DS.jpg,422,890,426,498,656.0,462.0,468,72
ueMUaJHRQTSatkKlWyIkYweiL4=qELmV.jpg,434,857,453,524,645.5,488.5,423,71
uEn7uHGcfDcsoTCWQVNLV5H5ZDHWNL.jpg,434,854,422,490,644.0,456.0,420,68
uENrEj1QIbHXJ41_kyTxzUPgEpYgFVMN.jpg,473,874,433,498,673.5,465.5,401,65
UEnY8F2iyV68vPsGusIifrD=sU6xR3t6.jpg,269,907,457,558,588.0,507.5,638,101
UEXv1GDw=Vfjm5h4rytZDYOGfJ1KK.jpg,265,878,514,598,571.5,556.0,613,84
Uf9yhnN7p3lq4FyW_OzO_JSGq2PcZW.jpg,444,860,420,488,652.0,454.0,416,68
UFEb4GlykqIWovtBJIN5hMnKBivpnFZ.jpg,384,820,419,484,602.0,451.5,436,65
UFfkFNHjJKpgDeVTwcMMiyCynfCDqp3.jpg,408,906,451,552,657.0,501.5,498,101
ufHChqirvT2pPGfmGt9hb7im3ta95W8w.jpg,297,871,456,552,584.0,504.0,574,96
UFHyCHqVrDq2OYXooJNHQ=6cCNHoXOO.jpg,368,844,446,515,606.0,480.5,476,69
ufJQzGmhzBkuTqRLv3SVFC7P3fHQnSn.jpg,436,821,414,486,628.5,450.0,385,72
UfKjOPo48UyEgGDLndD7XEY9Q9i328L.jpg,458,750,449,508,604.0,478.5,292,59
ufLRBf4uujfzjOGsg82YrBIMBIujyEJ.jpg,334,877,509,583,605.5,546.0,543,74
uFMNTVLZJU=3ZGQq8TCoeWITo5tYVx9.jpg,351,816,438,509,583.5,473.5,465,71
ufVIrXbr1yu6VsEOX86npiKMpSukhcdO.jpg,376,882,485,558,629.0,521.5,506,73
uGawHjLwqdr4bVCf6_Sg68wInOk14Kac.jpg,359,852,455,524,605.5,489.5,493,69
UgBP=tGfDZgq_jV9SeF6OUCd=fwRpeVk.jpg,303,918,497,584,610.5,540.5,615,87
UgiC3L1jKBG5qN_2pa4tFeNooUQ7hm.jpg,437,730,435,491,583.5,463.0,293,56
ugrrp4MGz53cdW3MMhO9JRmhEf3UBX.jpg,460,941,475,554,700.5,514.5,481,79
ugtQXkiFi4_kzXUYueJvUXV8tTEHZ9m.jpg,420,902,437,515,661.0,476.0,482,78
ugVUYewK8hqjx4Jcq6IRDyCa3R3d7vFL.jpg,377,794,424,500,585.5,462.0,417,76
ugXm1d7yzluT6PLHaKmMmY4PFhxwCSw.jpg,422,858,422,492,640.0,457.0,436,70
ugYKZmDOZWdD9WIQx_2T=E6q5Y1QTz.jpg,285,768,442,535,526.5,488.5,483,93
UgYoMIOmpMiQIR_7sjbrEExZONq=.jpg,436,829,444,508,632.5,476.0,393,64
UGzPgk8y7ajC3V5lJLD_FfL8QauYZr.jpg,426,786,495,561,606.0,528.0,360,66
UH2px13Wh3SGL5hy8EO7StdDWn.jpg,396,674,439,493,535.0,466.0,278,54
uh9oVu4DKTHbKksOkf3J=bCynjd2.jpg,401,868,421,490,634.5,455.5,467,69
uh=1S3er9gduE8t9VyoQp57nEZzE.jpg,436,880,421,497,658.0,459.0,444,76
uH=vS5WetZ_pJ7m_hR1=B1IGSQEUHl4l.jpg,485,812,469,533,648.5,501.0,327,64
UH=Zbd5gg1oXwMuM55U92mnHtMiUBNdV.jpg,422,877,433,506,649.5,469.5,455,73
UHFiCdw_M5D6zCdJlZS8eCCFN=DuTaq6.jpg,491,942,428,521,716.5,474.5,451,93
UhFJwXL=pehmZGv7pTnE96N8e2R=l.jpg,367,906,461,535,636.5,498.0,539,74
UHnDCJJScUYcTN8B=bYJhpIuJpHytO.jpg,345,757,415,476,551.0,445.5,412,61
uho8tz1n7lhX8eW2Ffuf_DDuq_sjOTFZ.jpg,348,960,530,620,654.0,575.0,612,90
UhpGIgQoXgfIb5uhropaWhknXiNkv.jpg,369,669,437,498,519.0,467.5,300,61
UHPufDCeBUkUOlaJ5iwXvxhiwTk2l2dz.jpg,461,917,433,505,689.0,469.0,456,72
UHxqbR5FUU_5VEm5pmNpQEkHtGCzdG2.jpg,372,852,446,524,612.0,485.0,480,78
uHzrQ_FyyFdpGjiCwIJqkkl1esJSJZbg.jpg,472,813,449,513,642.5,481.0,341,64
Ui34xev8iKeDZvSk5eueS3SeRM3=vpx.jpg,370,842,434,521,606.0,477.5,472,87
UI4bHKKBOPf7w1LQPQ5QQtMIQNYkkIV6.jpg,333,751,418,485,542.0,451.5,418,67
UI6fXuqlH8Ydau87tW4Z21k5XSmlNwLQ.jpg,341,1011,524,619,676.0,571.5,670,95
Ui7efJ4QSpj9voO3VtLihzlePBuCGZ6.jpg,392,673,429,481,532.5,455.0,281,52
Ui8u5wpdlM6RHWgKNFgvLnqnM8eVoQxO.jpg,433,881,434,502,657.0,468.0,448,68
Ui9vyYYOzoDhnGx2u52Z=sd6RixJ496v.jpg,494,770,427,483,632.0,455.0,276,56
UId1w3nwPXzzCfScV69qsrcG9MH2pvSv.jpg,391,693,456,514,542.0,485.0,302,58
UiDShKZ9buS9GK8CXXCOwRiSQxe2Iuw.jpg,300,771,432,511,535.5,471.5,471,79
UIDX9nCWO8TiMKtEezufZD2EhgUN4LV.jpg,421,759,434,499,590.0,466.5,338,65
uIfLZZpEn3QDfpkXM9iq_kCkieXg7.jpg,375,837,443,517,606.0,480.0,462,74
uIghXUL_BNHQVsHJjJL6Y8Yv2T1aQIw.jpg,427,840,417,488,633.5,452.5,413,71
UihHErL72W3KfXl6FfelQuIFnBmKd5=.jpg,365,838,442,530,601.5,486.0,473,88
uIjNKXnjjeHGq1nf5TFTM4WX72IBfkjg.jpg,322,859,472,548,590.5,510.0,537,76
uiKd846Ge6DdYSw2SzVD7xv=IWwxUcJ.jpg,357,915,503,589,636.0,546.0,558,86
uiPUTf5nBhOeZViRqMo1cSCYXoyk7Ff.jpg,452,807,492,558,629.5,525.0,355,66
uIQ7MSu31HvQo7FyjoFTpyfvN8pC.jpg,403,953,458,545,678.0,501.5,550,87
UiQSzP2gIiEFq4fnb9xQ1iy1StviscX.jpg,409,837,450,514,623.0,482.0,428,64
Uix51rvxmggtKQwtuOOnIISGxCqyvTW.jpg,437,986,465,550,711.5,507.5,549,85
uj9s6Z6jxVFQ8UdppR7Xk8yjXMlE_HbD.jpg,414,828,421,503,621.0,462.0,414,82
UJaV_zEsPJNZvVJe7uKxH22R6xJ8fiS.jpg,404,735,478,539,569.5,508.5,331,61
UJdfdEiJ2hoFdgYucj1zLM4L4NMQNVox.jpg,391,825,418,481,608.0,449.5,434,63
UJejKK4nzSzIdz8MzaXtjxwr4U6944kk.jpg,400,741,485,547,570.5,516.0,341,62
ujIPvnCKskfFCLQnkPu84_MWm8IOMJhQ.jpg,543,936,408,487,739.5,447.5,393,79
UJKoN=ZqIQITwVF3k1XaEqc_b4VLkLB.jpg,393,858,433,510,625.5,471.5,465,77
UJMDoxxalN3hTfjKzpZpR3F_3IHypPOd.jpg,374,824,430,506,599.0,468.0,450,76
ujpsC5js7n9_icnc9rxlfSE5bKXMt2la.jpg,456,844,443,508,650.0,475.5,388,65
UJQdt57Cq_VjxHSgf1IIG_qyCMyUN__L.jpg,386,771,417,481,578.5,449.0,385,64
UJS_Ow8NC8VyZsYBuUikVcUJH4JrDS.jpg,441,856,419,487,648.5,453.0,415,68
UJufQhoDqY4bWTDarJiXazEqWXMTVqZ.jpg,357,825,443,513,591.0,478.0,468,70
uJUIgCoZq3Vgj2SnozbddnpfnugX8Jz.jpg,399,914,454,534,656.5,494.0,515,80
UJUsckouowT__7WfQGEuMwHQwp2Mt25J.jpg,402,811,424,491,606.5,457.5,409,67
ujUVoQvsxBYLCaBgpavlckmHOai_TjZH.jpg,418,896,478,548,657.0,513.0,478,70
uJwGTX3nlcayiwjy_sUrN1JlO8KoY8Vj.jpg,381,821,429,506,601.0,467.5,440,77
uj_F73E9Cp33H=WfPUq=sxOP4g5bvJc.jpg,501,795,454,510,648.0,482.0,294,56
ukcuZpD=nv3uoqjkuEjNFJ_TZ=vG7c.jpg,449,860,447,514,654.5,480.5,411,67
UKgw4DV_NozEB1v8_jfLL5zNDFqoY5RV.jpg,469,773,432,493,621.0,462.5,304,61
ukiejFdL92OW_gsBc3ZOtbbDuvpoqi.jpg,451,838,406,489,644.5,447.5,387,83
UkK_LzWMjX198QEd7cbjB3UjsdIR5=8m.jpg,419,922,452,558,670.5,505.0,503,106
UkMLUxvBcbqrdUuV7sTtkcJqcNyC6V.jpg,373,831,423,502,602.0,462.5,458,79
UkmpvtYWrsXSJwbQO__9um6jI93OcdLT.jpg,445,829,412,482,637.0,447.0,384,70
UKtfMtqXsDDgac1KmVcdin7fi=5ewf5.jpg,387,814,428,494,600.5,461.0,427,66
uKUR8HfWGGSR88YRUDfXPbRzQMYQL8NP.jpg,414,755,480,546,584.5,513.0,341,66
uKvQznidtoS6RE2QKFE8M9ZpFiexGUIh.jpg,354,964,480,570,659.0,525.0,610,90
UKwdmUvLnVW_CVzMIv9U65KiHyuoYS_.jpg,492,1030,503,583,761.0,543.0,538,80
ul1yxfFlEi3rCoJ=85xjeomWa8Wrqqlz.jpg,303,825,454,533,564.0,493.5,522,79
Ul4jQ2HG41el8DPll8tVqRIz=g2MDEV.jpg,404,944,472,550,674.0,511.0,540,78
uL5H6s7Hw58hdHt5OU4bIwfCY5z937jT.jpg,411,833,421,508,622.0,464.5,422,87
UL5j1QPqKHPvd63Jxa8FXSN7zZzhHKWI.jpg,428,820,443,505,624.0,474.0,392,62
UL5yrEKiN9LnETb9=TDSOS9Ex9SlH38.jpg,405,870,428,522,637.5,475.0,465,94
ulcgCysyv5seUO_8fkT56KIERgnLp.jpg,448,771,437,499,609.5,468.0,323,62
ulfexsoFrRmerbuD7=6vxd5mJLrfhUm.jpg,400,686,423,479,543.0,451.0,286,56
ullLf=Nf_dTsnrBpCMqB2TnQCwuFlKZ.jpg,328,863,465,543,595.5,504.0,535,78
Uls2avMy=OgmxSUKElYHjThO_rSIu=2.jpg,280,769,448,523,524.5,485.5,489,75
ulTug3wqvgdcvRWsJ44ZXqeZ7ZXLWW.jpg,372,816,423,489,594.0,456.0,444,66
ULVYeCOkuheNI9xYbvs1yvOaCxNc9uPr.jpg,377,809,420,483,593.0,451.5,432,63
ulWakZWzNXD8m4Yho3XPH2ahdy1iM.jpg,431,851,413,488,641.0,450.5,420,75
UlwBi6Ffd8yVMueXlB7PHN7UYNw=pRF4.jpg,397,724,442,505,560.5,473.5,327,63
uM2ljH3CQjRDT=_BvW76tqcc5oQ=M6p.jpg,272,774,449,527,523.0,488.0,502,78
UM5a41RtHWIofySmud7uIczJyaVO34M.jpg,418,710,434,492,564.0,463.0,292,58
Um=Kj56reQgze3Xf2gTvuNhID9w=JG_.jpg,459,870,445,512,664.5,478.5,411,67
Umd9a5bpyU2CZPw1fdcVOseOHSwSQN7s.jpg,445,792,437,501,618.5,469.0,347,64
UMdOPh9uDE6zQLZpeOwX_gqStYZJR.jpg,393,722,429,493,557.5,461.0,329,64
umGwlEE9dLJlp8iSzuYvVYHfyKRucNC.jpg,410,821,452,517,615.5,484.5,411,65
umnpCXKtRSXWGwPNaPTzbbKsoWsJB.jpg,403,821,417,485,612.0,451.0,418,68
umSv9VuDU_wS8VyRBTCcaJo6uOKMDXc.jpg,375,811,425,494,593.0,459.5,436,69
UmtZBXBpmv4_dYyQFajnRptlpWUxmRq.jpg,405,763,442,510,584.0,476.0,358,68
UmV3VQOqQd5RKzZOgUZoNv=7IJa9jo_a.jpg,444,881,457,526,662.5,491.5,437,69
uMyObkcr4eDEtDbOlOwyLZTNfuKkvTF5.jpg,412,926,487,564,669.0,525.5,514,77
UM_7OayLxBB5Jd5aXhkipYpY1uENsUR.jpg,366,873,441,516,619.5,478.5,507,75
Un2H=zJZFCbd3JO=IkdjncQZTuD55Ciu.jpg,385,816,423,490,600.5,456.5,431,67
un4=ulujuhjnJ8x=2qU1vwK5CgBW9sP4.jpg,344,902,452,539,623.0,495.5,558,87
Un5hH=HtJ_GM6uyVNHncvklxg686cU9.jpg,373,986,481,583,679.5,532.0,613,102
uNBp6ZuIW3=xYtz=67Yjy1zuloiUE=R5.jpg,397,812,424,490,604.5,457.0,415,66
UNCDQar4Gw1ZXhbkpz33jKViGaCgicw.jpg,363,841,442,514,602.0,478.0,478,72
uNFBbnZelVqfftxgj4VYRnTgb9QY8jcR.jpg,454,873,431,495,663.5,463.0,419,64
UNiQPXRjE7ZcscOXbeLeCfLYEtcVlS.jpg,377,1009,622,733,693.0,677.5,632,111
UnNOEBOKQ=DwfZFRQU7a39jaxkMGh3W_.jpg,416,817,419,483,616.5,451.0,401,64
UNP=jh85bWX79ytH6fDtRcIW4R1duI.jpg,357,877,453,530,617.0,491.5,520,77
UNpVIi4d1IXF2zoz2Ri6RpVQFRwqjnx.jpg,335,767,424,492,551.0,458.0,432,68
uNqH4SlvIj7pinFjHrSeMgQUQ52Oprbf.jpg,320,846,453,546,583.0,499.5,526,93
UnrWWi9bpUify3Mda8HZ6FqN86yE=QP.jpg,391,905,456,533,648.0,494.5,514,77
UNsnS7LGI58RqTTTvqLxDtncMt2GdHkB.jpg,380,817,421,484,598.5,452.5,437,63
Unw16aWTB4B8DUtnGQEOXnxNgUjk3hC.jpg,407,794,418,481,600.5,449.5,387,63
uNxlQY1wRsGBOtnB_FF4_o6N6Wya.jpg,499,1042,489,573,770.5,531.0,543,84
Unykjvh_K=8DKuv4t7CTDDXn=qqLf6lP.jpg,342,869,462,541,605.5,501.5,527,79
UNZjeJSo1ThDo1K1OCvwqyMOOSW=_L5.jpg,154,849,434,534,501.5,484.0,695,100
UO2Oy7NX57QzirF6MuVREm_fKLXQJb.jpg,485,827,460,526,656.0,493.0,342,66
UO=ziJ__a3t5kU62zX4IOdjeFiFQZRo.jpg,323,794,438,504,558.5,471.0,471,66
UOBgXeKjFj5RrquXMMNGuKtbNHRi.jpg,384,820,446,510,602.0,478.0,436,64
uobJprgMjdS8hBdxKl1g=CU5ea2FRD.jpg,472,874,419,485,673.0,452.0,402,66
uoHm4tSVURFPkfyg=gxPtCme2251ues.jpg,226,956,530,633,591.0,581.5,730,103
UoJz4fwD2pOdHurjKbiGDPEZxQugH_FK.jpg,392,844,470,539,618.0,504.5,452,69
uokWVFLWl9nQ4n2klULKW48VJQrMbKiO.jpg,310,679,444,518,494.5,481.0,369,74
uOnNHIo3ha6iP1CbNSavqZwWg4OJviG.jpg,429,773,447,510,601.0,478.5,344,63
UoRXeggLILSH=hF4XV18DQVdtHidfh.jpg,458,874,445,513,666.0,479.0,416,68
uoZxNrJJY3qf=5eDDf2_FoflV_tD9zy.jpg,424,706,447,500,565.0,473.5,282,53
Up4B2lpunvuyMze_9Z_qGiJIO75sC9HW.jpg,365,845,479,550,605.0,514.5,480,71
uPEHhQ4xRnMKVUduzUEC=a3KKWIH9TT.jpg,361,836,442,528,598.5,485.0,475,86
uPEw_JwbZm3pbgFRMjqsKL5BF4Ue9.jpg,454,749,425,485,601.5,455.0,295,60
UPFnyCE1x6RmlljzXQNVfR2Vtnb8Ke.jpg,468,864,441,507,666.0,474.0,396,66
UPGbiI9l9BtrxcKrBFE2ZlQx9E7sLbV.jpg,441,936,460,539,688.5,499.5,495,79
UPhz=lHxQakTsY_iGEn4RRZ8LYIgbTg.jpg,378,788,412,474,583.0,443.0,410,62
UPiFF2k=ksXevE7Uug4rXehMoX9nGB.jpg,400,820,425,496,610.0,460.5,420,71
UpIge1stgm4DDyc58M_9SyPn6fLv=Wm.jpg,441,744,458,515,592.5,486.5,303,57
UpM5RBqPzl8hJZVGF_vFV1vhUyWqU9.jpg,405,741,431,494,573.0,462.5,336,63
upmnNJWtP4BvnIIrtRvCZxhS4yDRSu.jpg,425,842,417,494,633.5,455.5,417,77
upNgYiGtoFOH6IglFgvMrhHMGqVSeK.jpg,405,826,420,488,615.5,454.0,421,68
Uq2QEP1IudwvrB1e7oz8IFws8=WOIWkh.jpg,325,1005,560,656,665.0,608.0,680,96
UqdaFazZjNnJnioGUSTeqzg87XQ2DbIR.jpg,319,749,418,495,534.0,456.5,430,77
UqhtB6soZxbocw1UkD9cSsMQxFqG4h.jpg,380,903,454,528,641.5,491.0,523,74
uQkEbjk99wHE2TV6lmivW2spbKlGUfIj.jpg,398,801,419,484,599.5,451.5,403,65
uQlFM5vLtNnvPt19kVyb3ujw5sr3cdLc.jpg,466,878,423,487,672.0,455.0,412,64
uqOltBPFmMuO8oiRTWJCzBJ1QH56tu4.jpg,421,884,474,545,652.5,509.5,463,71
uqqKdnIPt_8lX=OvqNlTpXq9n7wQwhgg.jpg,398,838,454,521,618.0,487.5,440,67
UQRoIyl5BhrFCOcoMS=JZPivpsegS7VI.jpg,458,911,468,540,684.5,504.0,453,72
UqS5oi4DUcdv9XEhKWi2OtNtGU_D_V.jpg,437,903,440,512,670.0,476.0,466,72
uqT8p4vJBCNg=mdaelcEK=CiNhtB7=.jpg,481,987,482,562,734.0,522.0,506,80
uQuy48VLueHtFotmzQQoMnQ=M4SxS58t.jpg,263,546,447,506,404.5,476.5,283,59
uREGNrja_m9pJ4VrRwcFLkWumFZGOws.jpg,384,737,439,506,560.5,472.5,353,67
urHwHJMq9by2h19WKtXs_m87ZquU7bC_.jpg,334,886,511,593,610.0,552.0,552,82
URiSGati5az_xG1IBct2h499MukWlnX.jpg,620,910,441,502,765.0,471.5,290,61
Urk5eM7YzH8_aI3mO6f6TkOm48i4v6Y_.jpg,429,939,484,561,684.0,522.5,510,77
URmP5RxSectt_DRxlntZzvVRIqPEPo.jpg,456,889,433,498,672.5,465.5,433,65
uRPjKNz9J7hZzNV9QDfS3P1XrnD5T.jpg,313,764,426,499,538.5,462.5,451,73
uRqJQIwe5ba4fsk_o4sFSUKGOhz2XNJH.jpg,456,740,446,502,598.0,474.0,284,56
uRrmEXKWzwMWOVbjmcE8TQn=Bl73F7Jz.jpg,351,934,513,600,642.5,556.5,583,87
uRUi134YuRHW7WinTtv6gtEHKeddleeP.jpg,387,859,475,545,623.0,510.0,472,70
Urvq2=MycsvuS=lvgLS5HUQ8f17Z=f.jpg,319,757,430,496,538.0,463.0,438,66
UrWi3MlJZiIaCSg1HcO3564WEYnNz95.jpg,501,803,456,515,652.0,485.5,302,59
uRxaCnFDQ3TuEPjowv=WFcudv136iZ.jpg,403,822,413,476,612.5,444.5,419,63
uRybE7WMV_OxqRysFTPQhrDSvx=5a.jpg,301,756,421,489,528.5,455.0,455,68
us1f=rBRfb3I7RZJ48=LTGFUeE_lel.jpg,469,861,442,509,665.0,475.5,392,67
US762KJtS8Hd6XLrw3S1g93bmDXVKHUL.jpg,80,1231,762,901,655.5,831.5,1151,139
us8alw=RhYi_vM_cZsdQRxWgdWVV1inn.jpg,452,867,453,517,659.5,485.0,415,64
US8PhCIHt6QnJQ7Kw=bD5WlFo1Z2SgI.jpg,318,868,471,558,593.0,514.5,550,87
usaLtGsBOTtwf7MBR9QyFthF_TDK5IPn.jpg,435,769,452,512,602.0,482.0,334,60
UsDLXnKp6q=Ut8uRcGF75BhRxerVB2Z1.jpg,463,793,475,539,628.0,507.0,330,64
uSG8oGNiqvufTfzlDoORq7ZO274hzNa.jpg,340,789,470,537,564.5,503.5,449,67
uShN4GWyfCPs4nxXOFIHmyaUWVwQGDw5.jpg,452,844,438,503,648.0,470.5,392,65
USLo5QnfyJCeStLK4UeCRm=tQIO_VTQ_.jpg,306,752,432,501,529.0,466.5,446,69
usoQmEsV9hjReDdS7LduEN4ydYJVUXyL.jpg,272,805,495,576,538.5,535.5,533,81
USoQWhpTsNhvu=zSREGduZwE9MtVm9M.jpg,313,762,432,502,537.5,467.0,449,70
uspTvZiV8Kb9vpdzmJ=336scwbNqjjTW.jpg,297,777,481,551,537.0,516.0,480,70
uSV7jGjxNEvxlimxvzL9EmjPwE1qWr.jpg,463,904,462,531,683.5,496.5,441,69
USYbgHKzmUQt1F6KxiDu6jUrfKU9s_=E.jpg,330,902,466,551,616.0,508.5,572,85
us_SE1575HZkGfLEDXzWCCrZqWRDs.jpg,345,658,431,495,501.5,463.0,313,64
Ut3mwyFvT78wVwM5tm8CmlpHVQZE47.jpg,492,823,477,540,657.5,508.5,331,63
UtcHpWNowVZx_elz7QigHOZZ6YYPliiY.jpg,349,864,450,542,606.5,496.0,515,92
UtEBK4sQw9FqbmsHiBCSaCYB=9J7mz.jpg,302,983,511,621,642.5,566.0,681,110
UTlrGJrfXn7BOxYpVcbk4=ZjLufU3cnX.jpg,409,821,422,487,615.0,454.5,412,65
utpH_XTQSlNPNgtS2NLNbgSxReIud2Tm.jpg,443,933,489,560,688.0,524.5,490,71
uTQ7iYSicqVYejNLkw7ZqeEqYtI3XH.jpg,484,807,475,533,645.5,504.0,323,58
UtQBOxfWv=oOa5uaPwIvl4tJMfF6VROQ.jpg,417,977,504,590,697.0,547.0,560,86
UtqsXSnw5okMa86JWkw7Gjf_JzrhOv_o.jpg,201,1116,599,733,658.5,666.0,915,134
uTTmze1F7=H56axv7rlDbkL1ncSD.jpg,447,707,422,474,577.0,448.0,260,52
UTwX8FOYKdHyPG6u56nHCJsUJNGnbOeU.jpg,398,883,480,557,640.5,518.5,485,77
UTwzmkDYj1=cKQo7EFXK9VOdxUMoFUM=.jpg,413,698,419,477,555.5,448.0,285,58
uTxghH91=eRVsTKjmRf1253mOnsqVVvP.jpg,455,880,430,498,667.5,464.0,425,68
UTZb9vS7iBV_zfbrfVi9dPFmbYheaU.jpg,396,800,442,508,598.0,475.0,404,66
uu83u8d5zoMTySMM8JB1OaqEOqiupK9O.jpg,457,857,418,484,657.0,451.0,400,66
uu=NdPiEkeKf8YG2r8VJdO8Hn8gX1hL.jpg,363,814,431,500,588.5,465.5,451,69
uubVklPpPwtO23XPVunSCGO3W3cr.jpg,367,758,441,504,562.5,472.5,391,63
UuC6RmXq84LX6SVS=BuPTMaXDRqysakt.jpg,335,740,412,474,537.5,443.0,405,62
uUe5gzWaJtlPW5sCBYkgDOoEpixHOSx.jpg,465,803,459,517,634.0,488.0,338,58
uUiketGmgSX51WG3H1INW1ZjfNqRqGGb.jpg,410,757,464,526,583.5,495.0,347,62
uUiVShuiDP1sOv_kOLr3im4Za=CvacO.jpg,372,858,430,507,615.0,468.5,486,77
UuNiveNN7ulE8JaLsEz6coEEoGQbtE.jpg,340,656,435,500,498.0,467.5,316,65
UUOHr7VpgaGJZ49a17gsIbJvNsqI4DXc.jpg,360,821,433,509,590.5,471.0,461,76
UuOi_sYugf98fMZRPhXPUNLhvJc=wrr.jpg,342,842,434,508,592.0,471.0,500,74
uUprHnUQsKHpV5D41ic_ZYVl=uC72dB.jpg,325,911,486,571,618.0,528.5,586,85
uuTQKOYh8cMWdbG7WEbI9pDc7GFYXtN.jpg,250,872,484,589,561.0,536.5,622,105
UuuMMGbqtBu_lz14cuMoRs1M4stcDR.jpg,325,816,447,524,570.5,485.5,491,77
UuvDr6PPcNNgkffh_sXBDfUuGXm5EjZn.jpg,420,818,442,508,619.0,475.0,398,66
uUWfj9dGa3v73G_yM2KKQYC_FQKraPfN.jpg,402,814,431,490,608.0,460.5,412,59
uuWhn8Y5H7rTZ9DfOSBttGyeBmLBuqQB.jpg,476,755,447,500,615.5,473.5,279,53
UUxRb7YXsi8tgNBIeR6SmHtyedD9zoJ.jpg,201,921,521,645,561.0,583.0,720,124
uUxtuGDTEGg7tjirKCvWmU3pI9b9PsVa.jpg,335,855,435,514,595.0,474.5,520,79
UUyrzC956MygKa9=g5beNBoVQm7vIhBg.jpg,380,712,453,517,546.0,485.0,332,64
UuzJUq7jqOXvT8Qs8DDUUUvvL16qE9w.jpg,450,845,443,510,647.5,476.5,395,67
UV2rDTyzvmfZh7g5=f36WCWdiqjIy9d_.jpg,433,861,421,489,647.0,455.0,428,68
UV5jYX25Vh6IQkD7LlDrRgGqqpL31nRk.jpg,281,1018,529,670,649.5,599.5,737,141
uv8wgCiny7RDLG52xeewhDhTyeqKUV.jpg,304,806,455,526,555.0,490.5,502,71
Uv9vuguBRqmN=4h3w6WYsxEvWsQbL9HH.jpg,462,874,437,499,668.0,468.0,412,62
uvbyvXY4_hHMTOIdOsoleFfgKoCs7OHy.jpg,456,901,459,528,678.5,493.5,445,69
UvgBBufIGjGHqi5W2SfxzgYJEqXRX7xT.jpg,431,837,415,480,634.0,447.5,406,65
UvhM2y7nsw_CcsmzaNc9tBfmUQJpB4.jpg,424,859,419,485,641.5,452.0,435,66
UVHXTbsrGjWcMcYLXYE4QdKhRXzilT.jpg,95,961,546,664,528.0,605.0,866,118
UVnHZM6QSvHXeNXensZSjNGztLOL=jbm.jpg,457,734,422,478,595.5,450.0,277,56
uvnNeY=uQ6OqR2uPBT=pZqorue6wr=nH.jpg,401,868,444,516,634.5,480.0,467,72
UVPFPqa92ri47acvOrVwMHDjQoMFLe9h.jpg,436,847,420,488,641.5,454.0,411,68
uVVjd4KZItYKMbZgHhzseQuUlUGOHSI.jpg,450,868,411,475,659.0,443.0,418,64
uVW=dDHc=CImLWsTHwVpI9pgZ7=Ndm4.jpg,342,862,460,532,602.0,496.0,520,72
UVypqloDMp_chZtw7SFxE4X747T24j.jpg,488,805,473,533,646.5,503.0,317,60
uw5FBW32vlTb1V1C9ZvIirr1Q6p5EN.jpg,444,912,442,515,678.0,478.5,468,73
uWam4c6yLjubkf_X_9F26lvP25KxOyDX.jpg,376,851,433,508,613.5,470.5,475,75
uwft44gh5jMOd1MjN2MNYzTcKCZnHrs.jpg,498,873,494,561,685.5,527.5,375,67
UwhShCHXEFh5yglYlYhMgmSol3iDoMq.jpg,400,903,468,546,651.5,507.0,503,78
UwJ3s7PswwfjoS69fsSSCN88SSsR.jpg,465,827,497,562,646.0,529.5,362,65
UWLnc7eq2hPOnUFmwHizCyY9PegX9tqE.jpg,479,801,475,534,640.0,504.5,322,59
UWn3q=jamBmXpc1vfa664O=nP5wOOKu3.jpg,316,741,430,498,528.5,464.0,425,68
uWqk=gBvK3eHgDOxg925U__evdDKFkdF.jpg,381,800,426,498,590.5,462.0,419,72
UwxMeduhtbZ4fotHpmtq=qCZ4uUJIOhu.jpg,388,828,434,501,608.0,467.5,440,67
ux71CIsB1b3XPylR6qlYGP_KnJ3soFYY.jpg,378,799,437,503,588.5,470.0,421,66
Ux9vLBuVBmV7mpyOKPsT9w_LNDClVK.jpg,426,708,421,478,567.0,449.5,282,57
uXCVFbbHj7dqwU_ovzES1kRab_wUBHNm.jpg,435,855,418,501,645.0,459.5,420,83
UXExSGYsSWWhw_5iNRQhClx11eW6pyaY.jpg,455,849,414,480,652.0,447.0,394,66
uxfI1_6rJfV682wi8Irk6IvJwHkE1YJ.jpg,410,943,461,536,676.5,498.5,533,75
uXkoqGsiZI71ayUb_yIhGxqqcMjun.jpg,303,989,511,638,646.0,574.5,686,127
uxm5x6qsCdkUtBS4Cf5v3HQz1qr5RsKX.jpg,429,846,425,490,637.5,457.5,417,65
uxpIBHdQXOe9oZfpeuKkZLVGbx3Q9fu.jpg,475,923,426,511,699.0,468.5,448,85
Uxs5FwnhwqXEUBqTX6v=fIgybrLhg.jpg,302,923,537,628,612.5,582.5,621,91
uxTIIdDSbzxu9reJRP6tFt9l8kIofhd.jpg,336,752,419,485,544.0,452.0,416,66
uxtp9gn7YetCi9BwrVg9Tzjeeen9HedD.jpg,362,831,443,514,596.5,478.5,469,71
uxUnRYE2wWa77r=M84iee1CwEIhG3hC.jpg,418,901,434,515,659.5,474.5,483,81
UxW=KYfD9YrwxmQf3ZqWobQDFTji8hR.jpg,394,841,420,484,617.5,452.0,447,64
UydPhgC1C8uEYnBRGnZ92KTinuFkNQl.jpg,378,866,447,522,622.0,484.5,488,75
UYDZqYO1oFqslFzRH_aBnbzpPL=3LP9q.jpg,329,823,491,563,576.0,527.0,494,72
uyEsVfbCJOXmVjJxev86PWLzjYeuiuZM.jpg,363,750,412,476,556.5,444.0,387,64
uYfL=JpH3fP_YhJNL4bZal2HrYn=2sx.jpg,482,781,452,511,631.5,481.5,299,59
UyHlpKnUbH7BFPHs61Td_ciVRVGC.jpg,313,882,464,564,597.5,514.0,569,100
uyI5EKJb6Z3NlykJVDGk1EeQ7HZa4L==.jpg,328,772,422,487,550.0,454.5,444,65
uyKU2rHDGBDYGZOn7oCrUO_2ZkMpc31H.jpg,396,952,510,593,674.0,551.5,556,83
UYP_NKyiuVB88OJLsLGrPUarLdvVJ32.jpg,418,819,442,502,618.5,472.0,401,60
UYRlllmG3=8H1gSrGZ8f3pEbcnIMnKq.jpg,381,800,414,478,590.5,446.0,419,64
UYRS6it2gYWaQDcQGatOTRICQM7zwKP.jpg,270,1032,535,651,651.0,593.0,762,116
UyvYUVz3XFeNo953BVtQejJG4YuMNPzD.jpg,386,813,421,491,599.5,456.0,427,70
uYXafinIxwmBslJXW=lRbak5NF8eqSme.jpg,369,865,487,559,617.0,523.0,496,72
UZ28hC7f5Dpdpv9zHewfV7ed9eca34y4.jpg,340,914,473,553,627.0,513.0,574,80
uz5CXuB1lSpKNrq3SjN7CpCzBt2FBtsI.jpg,352,856,468,544,604.0,506.0,504,76
uZcGwaJteSqaC_H4KxIrRH5SSUTyopML.jpg,336,857,491,568,596.5,529.5,521,77
UZDDwQqoIww2u8w5U5NohofRQpH_e2f.jpg,425,832,425,488,628.5,456.5,407,63
uzF24sp8P3SFCHbeQHLo4hVU3jKYbWP.jpg,448,892,431,501,670.0,466.0,444,70
uZfe2WVsvXecLV7_HrEeVgy3teQ8Wcc.jpg,456,930,444,516,693.0,480.0,474,72
UZXvYaIxS=vGR9hT6UMEjS4IvGg7WOK.jpg,414,827,437,499,620.5,468.0,413,62
uZ_czJZcaxpN_jUJjgDPfyrtmtfC=Zek.jpg,342,800,425,494,571.0,459.5,458,69
uZ_xhMrI1m_IMcinbi5MMFTpRSpWuGZ.jpg,460,857,417,482,658.5,449.5,397,65
u_fluwlJQcRKHVCGRmMWJKm7Embzg8fT.jpg,382,830,424,491,606.0,457.5,448,67
U_N3l6Cv_BnMQofCPr4Rm1jJezRUyL8B.jpg,347,866,454,532,606.5,493.0,519,78
v17XY=XErwUKyN1PxNx_KmSDpVIBsCK.jpg,355,867,457,532,611.0,494.5,512,75
V1B4MfHrL54c3cjfyTpx6yC9QuxRl.jpg,306,755,430,507,530.5,468.5,449,77
V1De8C3RXaTkmr2sxRrWfmsqEtSn.jpg,381,874,457,526,627.5,491.5,493,69
v1onV5Wrar_NPLsxXe9_2HQKHCB4tv1.jpg,402,824,415,487,613.0,451.0,422,72
V1otPMbZzzOf_nI_gZ4R1bYxfuwx9RS.jpg,327,866,465,539,596.5,502.0,539,74
v1tO_POCDPircGVhESPMYjD1h9Sb_Sx.jpg,380,845,436,510,612.5,473.0,465,74
V1ySqi8S452rYIZV8df=gcBJN2mvPLXi.jpg,465,777,465,525,621.0,495.0,312,60
V1_kW=lbliY8Ihn5XIyfDmCSPiNxfP=.jpg,435,837,423,489,636.0,456.0,402,66
V24k7KffW4M1meswIbD8yOlMJNQl1LwT.jpg,423,980,464,548,701.5,506.0,557,84
V2gu7N8HsubZXpWIVBSxNxmre57SwCF.jpg,484,920,446,513,702.0,479.5,436,67
V2JevwcoUuXgTusegsSWNpSx2_TaiGQB.jpg,457,972,483,566,714.5,524.5,515,83
V2yRTcJXH=rcmosIC_jZFm5rvr=eoWz.jpg,332,742,423,487,537.0,455.0,410,64
v2Y_OtNXfFV_JEyhW_9Pq2X8Pbp6ytOU.jpg,418,860,429,502,639.0,465.5,442,73
V3h4xIWGtlyYNtftZ8pExjxUU13ayxS.jpg,308,752,422,487,530.0,454.5,444,65
v3ksW4GvSTExiMLf_N3cMcp52NYPvpw.jpg,313,762,479,561,537.5,520.0,449,82
V3nxWeqvyi1n9eiEiks48cbIq7uIoRr.jpg,270,914,504,594,592.0,549.0,644,90
V3qk_dNsMBhV2Iv6pPwtLGbBWae7R=.jpg,420,804,412,478,612.0,445.0,384,66
v3x4i6IxSScKbg=SaOnrSoEDfatWd5r.jpg,420,702,443,500,561.0,471.5,282,57
V3ZdnrQPDFVphnEThtEo6Ne2IrBTgJ.jpg,537,946,442,515,741.5,478.5,409,73
V3_9pec23NVrnqIghfxqXuC7awec6eBU.jpg,361,662,424,484,511.5,454.0,301,60
v4mtQ2kxo5Mvk2BQ3knVJMDVyqY3D.jpg,380,667,445,498,523.5,471.5,287,53
V4Ns7DYl4KURQRtBc4todnmeLia7vil.jpg,373,898,402,511,635.5,456.5,525,109
V4nsI58xbZTunxaJ3dHrH34YIEhBMwL6.jpg,410,832,438,497,621.0,467.5,422,59
V4PUydj6clLmE6eMTl3r3m32wTVFysKF.jpg,307,920,534,618,613.5,576.0,613,84
v4tgS4IEZDnMOxZIXD4tnqIhHRpan_.jpg,348,930,482,581,639.0,531.5,582,99
v4_hxcVX3QSmc7HIq14EmCp5H38qSi7.jpg,391,824,420,490,607.5,455.0,433,70
v5=hCdmh4zygY_xSveTTbuPv4DCMxl1s.jpg,410,954,458,542,682.0,500.0,544,84
V5EMz8mU4kd=SeRkIBYTXh7a22_417K.jpg,294,806,462,535,550.0,498.5,512,73
V5FPoPMRULoEO7YLJwXHvSbuM2DJCq=Q.jpg,321,746,412,475,533.5,443.5,425,63
V5GDPgI1S2xBunEZ4N42C3n94hGrc1.jpg,345,844,449,525,594.5,487.0,499,76
v5JV_3HhPV3ik8az6FiJwHOnk8SwZzm.jpg,398,818,423,489,608.0,456.0,420,66
V5siSSZttvm=hS4O5vyPSUhyduxTDkfP.jpg,395,805,420,497,600.0,458.5,410,77
v5TF72s9kMFViJgBIq_K9cz7Hp7Owya.jpg,407,966,457,543,686.5,500.0,559,86
V5ZTugtmx3RWve7xCLXgwsZ3fLJDnj.jpg,369,878,487,562,623.5,524.5,509,75
v6=5hh72W5k4shgyF7fQW=nMswhI1T.jpg,419,804,439,504,611.5,471.5,385,65
V6BtDu8xws2XH6U7ofmMUCU6267tuK1.jpg,344,854,569,660,599.0,614.5,510,91
v6jsLSxq5CFYMXZr1ofrJLZVHEMX8DT.jpg,459,722,416,469,590.5,442.5,263,53
v6K8j6cMfCP9Xx_O5eDDWDw2DseJGb_.jpg,296,755,427,496,525.5,461.5,459,69
V6p=24HftMmI8QT559bjT67EL65zFz9Y.jpg,351,1168,567,694,759.5,630.5,817,127
V6Rp2xe696zcdRJpbcuUTdXqFxU55k3.jpg,187,871,506,628,529.0,567.0,684,122
v6wcdIsWr59MUadrQ5laJsE2PvV6tex.jpg,248,777,447,524,512.5,485.5,529,77
V7gZNsS=6TbXCmoRj2qC2LzBc6lsvrNe.jpg,362,848,441,531,605.0,486.0,486,90
V7Hq1DxWLLfgHSwKdhLmsV7wsJWZx4Q.jpg,359,777,420,485,568.0,452.5,418,65
V7Ld6FQUXPPnhmJERPtdgQdPrgTNzcv.jpg,375,906,459,537,640.5,498.0,531,78
v7Qe4e6g2YmIguYRs_hQnasNiX6G4F=o.jpg,450,946,467,544,698.0,505.5,496,77
V7tqSpn3dbaopvGPLJLKzcLFLNVvW.jpg,446,868,418,494,657.0,456.0,422,76
v83FQLWhpk9oSddg=DRK6ozEd__58t.jpg,340,864,451,534,602.0,492.5,524,83
V873KrXj94PHEC3JRO37qGMnvsvalYpe.jpg,326,830,459,537,578.0,498.0,504,78
v8CHU1xhUZfjHDBhkrxSClPXTWGZV7PQ.jpg,351,780,430,507,565.5,468.5,429,77
V8NU7fEDpq_lgaml5TKxjsLqSMvcqR4.jpg,356,660,441,501,508.0,471.0,304,60
v8qkH3Vu7ETDWwFV5dp639s3o4tQw.jpg,324,896,483,569,610.0,526.0,572,86
v8rycfm7qhcYbdyWsM=MKYPgJ5PDLX6w.jpg,401,806,419,485,603.5,452.0,405,66
v96oa5n2lZLLzUIfav2XpP4oYWXn_o.jpg,449,862,416,488,655.5,452.0,413,72
v9os4qSIiZJgTJS3KhUgSQaTgU4baD2_.jpg,357,789,427,499,573.0,463.0,432,72
v9zg74yIzwT9mOGDeS38KwXZPjKnNEkH.jpg,374,886,454,540,630.0,497.0,512,86
v=CcRB6Ht_BwL7JGBhoDjN8qsjEj21K.jpg,182,960,543,651,571.0,597.0,778,108
V=HI4z_HaRPwLszOusfuUeYx3nyu=Z=3.jpg,366,962,486,571,664.0,528.5,596,85
v=ibGXzc_yxaOYWR3=HBVWWzqegPh.jpg,307,858,458,540,582.5,499.0,551,82
V=IEwLvNytj=hvy6tNp76rczZsz6KCz.jpg,396,827,429,496,611.5,462.5,431,67
v=kHRZFD8gjNieWS9SYFKxfyr4YW7taP.jpg,339,853,445,534,596.0,489.5,514,89
V=nSgKrsbXhaDrj8O63F=xSieh7Pz=RX.jpg,362,927,511,591,644.5,551.0,565,80
v=O1VivnYvFPE6RdtSpYldbOWEijNDIa.jpg,342,781,440,506,561.5,473.0,439,66
v=P8zJ3hQ_91W8TUPLa5Yi_g7dPXvcxc.jpg,409,855,429,498,632.0,463.5,446,69
Vai9BKxyhWI6olXf7iec6ICbpakEBXze.jpg,270,784,455,557,527.0,506.0,514,102
Vak9NPgNk4skYh2Pyrylk669H5lTejD.jpg,367,690,469,531,528.5,500.0,323,62
VakaHQWJsYEfehN7VKFB9rQFDxgrU7I.jpg,400,889,445,520,644.5,482.5,489,75
vb9Oz8ZF7g_NRTJSFvRVLcsTpSL5cg.jpg,466,870,443,511,668.0,477.0,404,68
VB=rnP42vuw=vX3Hd3XhRim7tE8nIPcC.jpg,489,778,449,504,633.5,476.5,289,55
VBbxFeBxzOmXRw7SUBSGVfstw3pgQ9E.jpg,447,787,481,546,617.0,513.5,340,65
Vbc4NWzLOhaRjrwIxCneaV=Z6n4JdhqD.jpg,355,886,506,584,620.5,545.0,531,78
VBcxxjWLvlpky5EDKBowLCeJQPqdT8_I.jpg,448,898,434,503,673.0,468.5,450,69
Vben_9jH_Vb_WsdxaruhOrMvH8cLqlvi.jpg,401,749,438,504,575.0,471.0,348,66
vbIcLuIjaBo5UWEzM7EDK1SOal3Is7Mo.jpg,325,680,462,527,502.5,494.5,355,65
VBLllPes5JD_OX2C249s97gI1EZljz.jpg,455,734,420,476,594.5,448.0,279,56
vBLQaDs_p7j57jf9czd2bxgw33Dykov.jpg,273,811,468,546,542.0,507.0,538,78
VBnTEQ4xQFoHFcZe=VymxTHvHqQtev6.jpg,391,831,421,495,611.0,458.0,440,74
vbojdfVfvE_NlYhpm_LBOpaiFCKj=k.jpg,393,831,430,497,612.0,463.5,438,67
vbPPeQojCppuGbqEat8vmuxMERzkHypV.jpg,362,898,458,542,630.0,500.0,536,84
VBPxe6kKg5zpCE88CLxjiDCteOaK8ezV.jpg,220,816,477,568,518.0,522.5,596,91
Vbs_p=wQwEfYDZ1hOx1_KrNe1cEzwIL.jpg,332,867,469,542,599.5,505.5,535,73
vBTjOvyIQ=hvKHbeg6jhKZalthtrprc.jpg,394,821,420,487,607.5,453.5,427,67
VByEqF2TxfmBUBIwQ6PF9Q_Td3m1nqs.jpg,427,862,460,527,644.5,493.5,435,67
vbySZ4LPGZDu3WfXpD3hyF1LjBX=4yq.jpg,352,906,475,549,629.0,512.0,554,74
VcbeEZISeurX4oCEqsnoKzjnl5wkQxN.jpg,312,796,450,517,554.0,483.5,484,67
vcGtUy7kPWtGSb=E7pB7=6SZMIOshNi.jpg,431,743,464,521,587.0,492.5,312,57
vCJEiB8BQ4IXNWNtCKs48q2vgUkhrEkp.jpg,454,748,450,509,601.0,479.5,294,59
VCkNV_jRiF3Vr78FqKQGCn=2JdpZlD39.jpg,432,854,417,481,643.0,449.0,422,64
VcKUm=LK57eazl95m7BjxUUviOyIV42y.jpg,471,809,483,547,640.0,515.0,338,64
VcZoN92XOXsqq7yXWMD=3PfVpSQhm.jpg,445,963,434,536,704.0,485.0,518,102
Vd7VGL6ss2zzxDFXRlLsv2Dbm2WIXXkv.jpg,395,701,443,500,548.0,471.5,306,57
vdaarGqeMbFXJHKZYusj85z3eViV_knh.jpg,481,951,435,530,716.0,482.5,470,95
Vdd6MlZFJrPe94EOxJjyqDoMQk8HOGL.jpg,409,724,456,514,566.5,485.0,315,58
VDh4FpFmLMe=7yTCSXxMqjULIYCIeD.jpg,408,791,413,477,599.5,445.0,383,64
VdjRrJCyIlpk7UiZLdgDNpImbWc1UeF.jpg,472,741,423,475,606.5,449.0,269,52
VdrVvXIG7BJ8ed6y4V8utzpYRxTsC8.jpg,417,825,420,486,621.0,453.0,408,66
Vds=mNXUHEt1yG=_ozcaSfcKc4t3YJoZ.jpg,358,838,441,517,598.0,479.0,480,76
vDtMi_Dy15KY8rorXG3ERGKQGWzUf8.jpg,254,925,505,600,589.5,552.5,671,95
vDU3oVNVJVvbGy4npt8Pe2mj8DDxJW.jpg,243,986,514,629,614.5,571.5,743,115
vDwW5rmunBI2tB=QN5_R1X1oRE2IUi3.jpg,177,815,490,619,496.0,554.5,638,129
VdXOVlKfRzGIQ2vVibIL5CvGOXWit3.jpg,400,970,472,557,685.0,514.5,570,85
VdYF8LeyXDm5SutVYhN6U248yNQ7Q1.jpg,433,920,441,515,676.5,478.0,487,74
VD_jVhpxDjpsf6y7wg3MJyQVZ_7bqp.jpg,209,808,496,584,508.5,540.0,599,88
Ve65wfDlCiz2U5e=zDL22ODO1qEEBudG.jpg,330,916,476,563,623.0,519.5,586,87
VEaxmcd6Vq_LR1OWs5FqpkLEcPIUO_.jpg,381,813,424,493,597.0,458.5,432,69
veEuyytDtrgIPvBQbgbTRY1Zcc5YDg9.jpg,410,706,424,482,558.0,453.0,296,58
vei9lV7c2v3qI2jGODZS3BLKEo21fJ7E.jpg,286,890,511,595,588.0,553.0,604,84
VejbEFTwkrqx3KI1xCM9S7o6=YWPcl.jpg,348,741,417,480,544.5,448.5,393,63
VEl7d92z4xxPiiW4zJFY2v=InOwVvR.jpg,377,884,445,545,630.5,495.0,507,100
VEo62vBIHvUbqoZul87izIyMuWKhrzq.jpg,403,846,456,536,624.5,496.0,443,80
VEqacPT1NoGIfwR34o5aKTeQdtsBDt.jpg,455,871,419,486,663.0,452.5,416,67
VeqeTgTtt1_XahshGhIXB5IY_9Ovkh.jpg,354,899,468,543,626.5,505.5,545,75
vEuMeS4MqGtWP6fV5n1psQRfa5TzrLwY.jpg,309,780,460,535,544.5,497.5,471,75
vew2rUdzykevbvBDoCKWB_jSsE=M1WW.jpg,439,873,418,487,656.0,452.5,434,69
vEwXn7JidLZtLw5XnYzcsedPkzPhwP9.jpg,516,999,465,544,757.5,504.5,483,79
VF2MF__8IOovLBe4oWkqqa=Ib4KmzDPG.jpg,472,891,411,477,681.5,444.0,419,66
VF5ke9OebjOPyfeyDMV1zmh9CoTxzR.jpg,385,848,444,513,616.5,478.5,463,69
vfaeqBL24aqIPhm9TNUlLs_W6svf4P.jpg,397,684,430,486,540.5,458.0,287,56
vfar49U=dDE=rszO55xUPsnQeRdlQ_.jpg,420,969,468,573,694.5,520.5,549,105
vFBWHUVINXITfxNMHq6Kxn1pNVYnrbo.jpg,369,679,461,519,524.0,490.0,310,58
vfF1EKZ1juwhjnqCzd1q9JHq9ovZx.jpg,424,873,422,492,648.5,457.0,449,70
vFFwN81Ne2h3wm7pPiZXXh=l5Pnp8kG.jpg,332,852,443,518,592.0,480.5,520,75
vFhgo7s2IJD3624yJf7lOgVdSjgB3h.jpg,345,835,446,523,590.0,484.5,490,77
VFiX7hjfCFog4aDXsef5QDvNPfe6o5.jpg,409,818,411,475,613.5,443.0,409,64
vFmta5vn65E1nHR6u5nM_d6UI9iw8V.jpg,398,904,450,542,651.0,496.0,506,92
VFnDchYpbJ5TpwyDBtIuvX8dVWK4UL.jpg,411,787,475,538,599.0,506.5,376,63
VfPhnf5KbgxPSryPzWnxLu_D434x7K4.jpg,360,863,455,529,611.5,492.0,503,74
VFqa6DZykKlCYlFF9hNEopjrkyx_Lds.jpg,382,818,429,497,600.0,463.0,436,68
vfR=qN2woskfC4TswvIk=nNXNQf1iusY.jpg,383,878,427,526,630.5,476.5,495,99
VfrRUaS=FvquKNpl6EJanYiWewOrN.jpg,344,855,451,534,599.5,492.5,511,83
VFShS7K9NrKzqn_hIM=WRwsBoWYubWlc.jpg,444,911,438,512,677.5,475.0,467,74
VfU1=cSEB2V7NL4JbwnkfKWTPoayJX6m.jpg,398,863,439,511,630.5,475.0,465,72
vfXi=UGxPOgm85hD843Z6sBB8nZnkU32.jpg,348,732,414,484,540.0,449.0,384,70
VfydcCqrOu1aK3ZVqeHrakJsM51UfRUz.jpg,408,856,438,508,632.0,473.0,448,70
VgBcSxw2pF9Pn2nbaZ5MjX1W4bZtK2.jpg,405,800,415,478,602.5,446.5,395,63
VgdckoVlQeKzJblyqzn5QDE7oVEI2H.jpg,397,795,417,480,596.0,448.5,398,63
vgFlPn5UPcJFvSsJVEqVsUFv6u_SU_de.jpg,418,877,459,534,647.5,496.5,459,75
VGIQ29Tzdd8_Bz4KSMcisxr3o8n6s6.jpg,483,854,430,496,668.5,463.0,371,66
vgivDqby_p8=1v3YdRoFTNfoN2IU2X.jpg,382,841,428,494,611.5,461.0,459,66
VGnU1XosJhyfWLjn1mrkpECMUw=6bQ=K.jpg,369,688,434,496,528.5,465.0,319,62
vGuaLWnVwB3jfbsi2NeDT1tWZUFI.jpg,401,722,465,527,561.5,496.0,321,62
vguCVpDql3ajtHia=Hs3625LwQZMsNa.jpg,401,856,448,523,628.5,485.5,455,75
vgunQXMCTkpoFThyTQVbq7zPNF38PVE7.jpg,298,652,486,555,475.0,520.5,354,69
vGUoXVSOm3x6MMZ=348nEcbGMoziYJx.jpg,232,771,464,543,501.5,503.5,539,79
Vh6pBZE9SWjXk1hoeITC6ydQUc1QeQpy.jpg,445,710,432,485,577.5,458.5,265,53
vhchUn8aRGsHXCMjlMrhSkvqBhvvqQXV.jpg,429,853,417,481,641.0,449.0,424,64
Vhdn3eNPhYvuH62NX3V6hhQu_m4OfL.jpg,348,742,414,478,545.0,446.0,394,64
vHgprx_OVF9tjgGKhOnBP78yOTDWPoWE.jpg,189,1231,695,831,710.0,763.0,1042,136
vhi83PgXq2sBCfn8SPGIokRK_Hb2Nj.jpg,326,834,463,536,580.0,499.5,508,73
vhIZ=npGep4G_qpY_WoJXjlsubgsFhy.jpg,448,873,453,518,660.5,485.5,425,65
VHk_Q1jkXFCex3qjJWbZd3js88xfXvR.jpg,380,742,498,565,561.0,531.5,362,67
VhL_KM79r9yM6dHYRd9BvD7WDq97nIX.jpg,384,815,420,483,599.5,451.5,431,63
VHnKDphhMtfVnwKCklBuX7It1YbUiITy.jpg,452,752,429,489,602.0,459.0,300,60
VHNnO6=lvYiJq7nbjo55X6FEQCzDYnm.jpg,323,743,453,518,533.0,485.5,420,65
VHpzz8tCGrgM6vvDWiqxCrczyvNX=J.jpg,341,908,473,556,624.5,514.5,567,83
vHqZmg9UqmeHM73FuaHeKSjOl2LNdaL.jpg,327,838,444,518,582.5,481.0,511,74
vHviWHV_VK2YNsSBHxhCwKUdUFTo71s.jpg,196,1011,545,653,603.5,599.0,815,108
vHYKnYkB=72SW3DzpXfhDJzxVNnJZ3x6.jpg,430,884,421,490,657.0,455.5,454,69
VHYzOW_jozWTkslGb_qY2mCVGpmefC9B.jpg,423,859,453,527,641.0,490.0,436,74
VHzwF8qaXRko37xQNlTz1j75=uv5X3P.jpg,128,1066,570,694,597.0,632.0,938,124
vi9oqotEm_6IxTRCZGeVUsGlottuSvbf.jpg,392,748,438,505,570.0,471.5,356,67
VIglFzg43DOUByS2LcEfL5=GT_=M8ee.jpg,269,760,476,552,514.5,514.0,491,76
ViLF4RZrBK2fCBSXajiaMxQSYkVYP4GW.jpg,356,674,445,502,515.0,473.5,318,57
VIorT9Ev8l7wFTlU1qnCvZ5Zu=bfan8u.jpg,389,841,434,503,615.0,468.5,452,69
VIsH8CB6PD6lRCdInMZHlagwrwn5mxgV.jpg,447,952,463,553,699.5,508.0,505,90
Viv182Zy5BCnW_atOxHds716tuzRu.jpg,383,797,416,479,590.0,447.5,414,63
vixphQiLE8bnoZT1TaBQoFgUcBqqrvem.jpg,285,916,499,590,600.5,544.5,631,91
VJ4MnBmvldsKdLDi2DHGQwuzehuOH8.jpg,394,915,449,547,654.5,498.0,521,98
vJ87BMTuDlzarxcOT_SWKYaGbnl3kOyp.jpg,419,773,498,563,596.0,530.5,354,65
VJ=Jzbw439JExaMVIw7ZEL=VS9indFU.jpg,379,811,423,497,595.0,460.0,432,74
vj=P8VVdeybT9MtWo=F13URzXzXf5ZUo.jpg,459,888,460,525,673.5,492.5,429,65
VJBBaVzSYX5BpSYtmy7IV=8xvtxf3uJ.jpg,191,819,492,584,505.0,538.0,628,92
vJFj4R6PjJ5YTXsIfZ2wIlaMTBBYx6g.jpg,390,872,483,556,631.0,519.5,482,73
vjfRJzob785CNSBI8=Zn7efyzVa_W.jpg,528,830,453,511,679.0,482.0,302,58
vjFS_H=StofhO=96oO7YhNlk3ho99pQ.jpg,394,877,437,515,635.5,476.0,483,78
VjgeBzowu4Ml3_V_Mwc48S8dRMT7Kfel.jpg,438,830,441,509,634.0,475.0,392,68
vjHbgR=yO3_Ji4IdlSGW81IpKPuC2ve.jpg,371,826,526,603,598.5,564.5,455,77
VJlj1QmEstpYy5dogRdkf4b86lB2r.jpg,488,873,506,580,680.5,543.0,385,74
vjN1ht1Go3LeyH=QSl2VYbGbsqB2n.jpg,295,744,432,516,519.5,474.0,449,84
vjN2JLGgdfgj4qLD=L4G71ZMbsFdjygh.jpg,391,838,429,502,614.5,465.5,447,73
vjnFl8bUSyTZsmwHKxwx657qofebNz.jpg,352,768,461,538,560.0,499.5,416,77
VJNUuEM8ObnFgDVR3TtS4ViqUFRQONH.jpg,395,929,451,532,662.0,491.5,534,81
vjuoj=3I2P=bH6pjJhOo8zgfFEWBUd.jpg,497,1008,447,570,752.5,508.5,511,123
vjwvJovegIL4cxeQOXOEjYxcGyDpoMT.jpg,493,881,437,508,687.0,472.5,388,71
vJZyEriyFyTiEwPB7O57uL1sYDcuHrB.jpg,394,962,470,553,678.0,511.5,568,83
vJ_Ei3Ls5O3PaxTT_4xyD4viGbGw4br.jpg,333,735,420,485,534.0,452.5,402,65
Vk1Nr71FfXy=wiTNXeLSlkzR1G4zNFy.jpg,491,881,442,507,686.0,474.5,390,65
vKB34ZKysKCbhemCLpXMKUBi2qhYY.jpg,495,768,415,469,631.5,442.0,273,54
VkDLIYUosu2T542X9ZRix8lCQRmWx.jpg,425,932,449,526,678.5,487.5,507,77
vKETv8_oV84Clsc3YHyJqfldi8OY8Vx.jpg,470,857,416,480,663.5,448.0,387,64
vKLzsEnjvhCkpJEVUM5C8mJrUB_pZfl7.jpg,322,967,504,615,644.5,559.5,645,111
VKMCcPhTyR81W_Ro263t_SHcnWSj_s=G.jpg,400,799,419,482,599.5,450.5,399,63
vKNXh4GeVbj=oZuP3JLsTooCYb=N.jpg,405,862,468,539,633.5,503.5,457,71
VkRX_LSC9bY8rjSXWwoEpjD_v5_N5Un.jpg,377,811,426,502,594.0,464.0,434,76
VKUkdavsFS7oLx4JKyrjpnXXLhksdWZ.jpg,329,752,416,506,540.5,461.0,423,90
VK_7nsGb9eVhD4Iy8413QscSQeuepU91.jpg,426,731,425,480,578.5,452.5,305,55
VK_cmpOueWiWdEdJDuHJeGgXU572GQV.jpg,353,939,472,584,646.0,528.0,586,112
vl14XsEknfIesXDyCNdIdPyLQSKeCEDW.jpg,262,900,543,638,581.0,590.5,638,95
vL29EkGnEvbJGN6JWX9dnoasZtPNZbm.jpg,406,946,456,535,676.0,495.5,540,79
VL3BGVmjkEbzf7huRRy2nfmd94Vqf3L.jpg,432,860,419,484,646.0,451.5,428,65
vL6R3Hbh9PO6WxhMllqCnfZrVIX=yP3Y.jpg,390,810,424,489,600.0,456.5,420,65
vL6XSTdUbKSWgEbsT9SdVJrWHtMikJQ.jpg,423,858,455,523,640.5,489.0,435,68
vL8Q2HebUVMVNYmSKc4tbr81PDcfwK.jpg,336,795,431,504,565.5,467.5,459,73
VLF2CNUBLk_dnzVPgrmEvPomwX6_SJW.jpg,471,754,427,484,612.5,455.5,283,57
VLfWXJ934zhVt6M2gpFbf5mOTi6Zta6v.jpg,386,667,430,485,526.5,457.5,281,55
vLjQkUXrdnHbNxL89Qr3XFada1CYrdOh.jpg,362,777,412,474,569.5,443.0,415,62
vLjZmtObaUeTTIJijajmzCxXiEq=iBx_.jpg,418,877,422,493,647.5,457.5,459,71
VlM4RKpL6lz5Ee9J33MJkIZ=YGbh1_aB.jpg,375,805,426,492,590.0,459.0,430,66
vLT_RZhtfEDqe522CDoTFCGoO3dSi6P.jpg,230,814,506,594,522.0,550.0,584,88
vlX4I_wY6Otkd2vSNFr3pG5b2entGeT_.jpg,377,891,456,531,634.0,493.5,514,75
vlxgekyUd3YbTdbuV5iBVzyFMey5uS.jpg,393,748,436,507,570.5,471.5,355,71
VlYonHhWrgDtnmPSD8xk6r8qbpuQxm.jpg,401,811,421,489,606.0,455.0,410,68
VlypGnlkR46jEFHNfSpLrHrVgQ4ruec.jpg,406,674,420,472,540.0,446.0,268,52
VM5qc1YmKDjloR5zn_6XYYiZ5wqMFzrH.jpg,407,712,436,497,559.5,466.5,305,61
vM74qJP6ZfOgEt2Jj4OVXNMbaD9h7P2w.jpg,412,902,444,520,657.0,482.0,490,76
vMaC1wBxaZxO6FGBrHvQb=hxDX6nvN.jpg,371,882,461,537,626.5,499.0,511,76
vMdBuKw7FgmnrPgvsG1RPJzjTFH5x_Iy.jpg,384,943,466,568,663.5,517.0,559,102
vmEny=RSyVy7SI_Qd6rghL7QU2yyDmt.jpg,277,800,451,528,538.5,489.5,523,77
VMeyHzFUs5UpBnil4sJJRZuXctGygoq.jpg,329,751,418,480,540.0,449.0,422,62
vMF7I2PBTMnrsBskbL_TkI_hzvjRaeZ3.jpg,419,973,508,594,696.0,551.0,554,86
VmhetmYxXLFhbCGg71HwEKPe_fWXBk9B.jpg,363,870,442,515,616.5,478.5,507,73
vMOJWrwfrKI2CiBlPk4kB1f2ofecvW5a.jpg,333,792,456,523,562.5,489.5,459,67
vMQ5p9mKMZwxYSrdSJEicZ5S1Xx4UF.jpg,354,785,452,521,569.5,486.5,431,69
VMSyKuWHCEswFfW_67B7dwjI92vE86.jpg,386,903,489,563,644.5,526.0,517,74
VMWLDOnWVaaV1O7TT4K2R53hvEMxJrI.jpg,407,886,425,497,646.5,461.0,479,72
Vn5GDp9B6ndsM8Mcom48EzrXtzKFhpU8.jpg,311,849,459,545,580.0,502.0,538,86
VN8Q7m3_E79IuDkFmRROZO2Z4UI=o8QK.jpg,379,764,485,553,571.5,519.0,385,68
VNDcj6uIXbq337u7bUgbGMSu2SVjLe.jpg,429,985,488,581,707.0,534.5,556,93
vNEFvi6w6GlQjiOjKfwkFp8NmdvlGdk.jpg,368,880,444,519,624.0,481.5,512,75
vNEkkQFdd_i9yCMMI=rISo=ThDgfU714.jpg,433,854,414,479,643.5,446.5,421,65
vnena8q4uHC9SZqLPUP=QGXpRulNSEI.jpg,325,772,422,491,548.5,456.5,447,69
vNf17idKvToiBLDqeRVSuUQssgsLOC.jpg,310,828,457,532,569.0,494.5,518,75
VnfzfGdreuH5_Q2awqP7sFGSzRfqxXE4.jpg,390,809,417,479,599.5,448.0,419,62
VNG3Z=DwFdYIHaWv7td6WvrlBGz6v_qJ.jpg,80,1153,641,779,616.5,710.0,1073,138
VngEK5ef3zHZCRDFBHweJDJZvXQTrWH9.jpg,366,853,473,553,609.5,513.0,487,80
vNhE7svye9Rda5KWHIVg43la_UGzlWN.jpg,215,872,488,616,543.5,552.0,657,128
VnKzCFFbaMW4R5I7gD5xSxzUDaiTsc.jpg,406,829,422,491,617.5,456.5,423,69
VNl48Kr1=bzC4ixzfU9VjGLT5cpWKBP.jpg,423,996,512,600,709.5,556.0,573,88
vnllMiCvYxM2mqdks8ciGQ1F7pVjVT.jpg,459,892,432,502,675.5,467.0,433,70
vnPylC1oVYYZ8476mcCjYK3db1TxhL41.jpg,513,843,468,533,678.0,500.5,330,65
vNSytdJHTNC_HxUFt5zKrOzV_IoH649m.jpg,303,756,424,494,529.5,459.0,453,70
vnzFtnT7vJNQjqnMbwBYu2J3i82pSaT=.jpg,345,847,444,516,596.0,480.0,502,72
Vo2_wXbhxEflGK8FfrQN_rKxvfkn.jpg,437,758,463,523,597.5,493.0,321,60
vo5HYgCn24Va2WumDHexIcvBYMymwXV.jpg,389,964,473,556,676.5,514.5,575,83
vOEBqS53VkkWCZpJOpVJl9cwDipys8.jpg,399,809,424,487,604.0,455.5,410,63
voHFUPSyozHiemaPHzb2XCjsdcKNQ9Um.jpg,460,848,417,479,654.0,448.0,388,62
vOHykiz_J9vyrVW67FYOHFGqj3lZbpN.jpg,397,855,469,542,626.0,505.5,458,73
voiL7dWVjmBKVJUHb93On4plUqyvn1.jpg,236,795,473,555,515.5,514.0,559,82
volSUeVcSUyQQhLN=2D9phEPzXZ1som.jpg,307,811,459,530,559.0,494.5,504,71
Vov2xeOJ4TryGEdXh6Rh7tw1TpteoSmb.jpg,423,880,469,536,651.5,502.5,457,67
VoxnN47mPMpmKTlYRw5GEcIkjbDCK5w.jpg,488,781,451,509,634.5,480.0,293,58
VoxTBKjfU5FQ28bmRynV9sR2KbMSmN7z.jpg,421,934,493,569,677.5,531.0,513,76
vo_Z9rXLxqb8WgxIcxevTVVuc3jJcOJ.jpg,422,703,427,481,562.5,454.0,281,54
Vp1XyktZCk4pRT51rp=uBh6US1qi1IW.jpg,368,822,431,503,595.0,467.0,454,72
VP3xTIDaeJYGL9isk1D7VuDJu87Zr9Y.jpg,417,915,481,559,666.0,520.0,498,78
vP49Rwx9WmieM6HGGfOCyT=kHy_TQM.jpg,481,767,448,505,624.0,476.5,286,57
VP5zo6SRuJx1W=pZ5i56wGk3yotTx3.jpg,280,770,441,527,525.0,484.0,490,86
vpIEKQtGs8p6klsr8ROi7ys3=tjlEhnS.jpg,493,887,406,480,690.0,443.0,394,74
vptF=zVQa6YKksXhhiX9SuWXHNxNytPT.jpg,339,827,449,533,583.0,491.0,488,84
vq4Mh6tZnRxRjEMRTT4jSSLiLOvQvXO.jpg,420,811,417,481,615.5,449.0,391,64
vqCoqHfjN52b_IQEOfRsLehuuKCVxgE.jpg,295,813,452,531,554.0,491.5,518,79
vqDsKnROHvVTrRJbuLXccMsWWDgxMpJn.jpg,400,838,420,489,619.0,454.5,438,69
VqeE3T9Zb5i4za8MKS8Rk2GWoIGwsta.jpg,428,901,425,498,664.5,461.5,473,73
VqeMUiyRiCRR94s=p98S6ZcmXUdP4JgJ.jpg,381,807,430,506,594.0,468.0,426,76
VQH1pnGILthOCvHuCXDB9q3Fht54y_bq.jpg,491,796,453,515,643.5,484.0,305,62
VQisiScWtduPGHmtrGUuqaj4Q64nMH.jpg,334,850,451,535,592.0,493.0,516,84
VqKFW=NzHBhSUXem5U1dKBVOEMkQM.jpg,457,955,482,556,706.0,519.0,498,74
vqmFMhbIfyu4DzT8=aRGUs4Xja4Z9K2b.jpg,322,876,473,551,599.0,512.0,554,78
VqRBgeDj6RkM2JUNE1kNcePMcFzv3vS.jpg,287,766,432,504,526.5,468.0,479,72
VqV8tS9ynkNx=ezuTxmW3gGlXkrfnwl4.jpg,415,928,449,526,671.5,487.5,513,77
vQWQQjGduqpnvWnRWboOVvlDS43nJeY.jpg,398,960,477,560,679.0,518.5,562,83
vQzbnTfmRmm4w4Pg=D=RJdBKXe9igd.jpg,448,901,457,531,674.5,494.0,453,74
vr1ZGEji3rx=WtV1I1JfKo=248PXipu.jpg,313,896,478,560,604.5,519.0,583,82
VR2QinbFdFj7DasdqI6IF2qTs8jnjXxE.jpg,417,852,426,498,634.5,462.0,435,72
vR6uwDBIOoH4J44=m2ewz4DBmgzroepw.jpg,347,773,421,490,560.0,455.5,426,69
vr6VcJOC2vfqS1hJacK7iItzZnsrDcGd.jpg,440,840,444,507,640.0,475.5,400,63
VrbWY3ofueGa78viP44EYBgcu6nGTt6.jpg,431,857,420,493,644.0,456.5,426,73
Vrf8fK=oqhSQlMWw58gDBGUNe=crB9.jpg,365,796,423,492,580.5,457.5,431,69
vrIFG4RNUr6SePcp3JqKnLk9sQNFQ.jpg,364,847,442,512,605.5,477.0,483,70
vRjtXFR5X8b2E6affO9vkReaVti5HgyL.jpg,426,939,488,568,682.5,528.0,513,80
vRNQRsObcsOjuyLGdXluTlUUDdWDp.jpg,408,848,457,528,628.0,492.5,440,71
VroKrT2shIGvsVI=4CX9XWfoqeM9YPqx.jpg,471,889,416,487,680.0,451.5,418,71
VRPn644Bbt2qoNksCTm7hjI5pSrvnCK.jpg,344,654,432,492,499.0,462.0,310,60
vrR4oDNwrL9U9oXCOBF7Md3mCEZGuHn.jpg,484,755,425,477,619.5,451.0,271,52
vrRQ7uvYeZJbX7ue=r6KBEfVf1w7Ti.jpg,478,872,511,583,675.0,547.0,394,72
vrUI3Wl9GbJd1Rh6DingzB84JXCbo.jpg,431,866,422,497,648.5,459.5,435,75
vrXstcvyi1fxElHcWMxFBw59_jPSaw.jpg,364,802,424,509,583.0,466.5,438,85
Vs15M1zYBgO_3E4Q2jm4B5Mm=h=oTEv.jpg,425,861,427,509,643.0,468.0,436,82
Vs3UOhK_1VOlph4Q1qOV9r5kiKuNUqb.jpg,458,739,420,475,598.5,447.5,281,55
VS6rwJMtP7YKvSyTntdq_Q6TWO=cw5.jpg,297,859,478,557,578.0,517.5,562,79
vs8WkIbj=6RC7FFwu=XQCWeN6dggmBcB.jpg,431,827,419,486,629.0,452.5,396,67
VsazHNGhryvX7ghp==RWq9CCHNYFlzv.jpg,341,860,468,546,600.5,507.0,519,78
VScuvigKfYoGZQqqGF8cQl2e71kZHqi.jpg,448,882,423,499,665.0,461.0,434,76
vSHH6a7pS41oznmbInKFSBiG7iKDMDz.jpg,295,762,434,512,528.5,473.0,467,78
vsJCVOBlpLFZcBs45WmQ56dIN5UD87y8.jpg,414,934,492,571,674.0,531.5,520,79
VsJUP3VHZ8URXbuN9EPudnRJOyqONYq.jpg,388,717,428,492,552.5,460.0,329,64
VsmiKmKtEj5oYnqkDEVuw6=N_d=WDox.jpg,284,794,453,527,539.0,490.0,510,74
vSniTMaSCFZM1keLujxGM6UQMYrwdpg.jpg,318,829,482,561,573.5,521.5,511,79
VSnxLHHLmCsJmpJ55_zcluqUVjIBZXIW.jpg,260,776,460,534,518.0,497.0,516,74
VsuFGSQwkZsONm1d7EZe2_9kuIyUqPKw.jpg,425,821,416,480,623.0,448.0,396,64
vt1eYS_CUZ8gIekHdVSE8=_7WIor.jpg,372,749,433,497,560.5,465.0,377,64
vT1V2wSipK5lToehh5cJI9nx74DpPv5.jpg,300,753,426,491,526.5,458.5,453,65
Vt5kNoTwUKeR3FCmTYqznLKMihigdY.jpg,441,887,430,502,664.0,466.0,446,72
vt5vW5tql3d_GcqtwE9hzDSFVlTd6bo.jpg,381,757,448,520,569.0,484.0,376,72
VT7MJhLTjqXYx=mGt7ZoPc4henE5Vbho.jpg,377,782,446,514,579.5,480.0,405,68
VtDVC9Zif2Om4PEi7ixqlu5rF4_x4D.jpg,430,839,418,485,634.5,451.5,409,67
vTeJXf82zWaR8ddS1uUGJOuXOFedU3.jpg,308,872,466,547,590.0,506.5,564,81
vTJaOVihZHvP1lYYwJ=JPU7q4ctngvn=.jpg,453,1087,527,625,770.0,576.0,634,98
VtNBUCjih8RJNOxj=YkRR8XiKO=tY9ja.jpg,325,799,437,524,562.0,480.5,474,87
vTOPsXv72iHrlamZm1k4FcaPyrg42HdJ.jpg,363,909,488,574,636.0,531.0,546,86
vTR8vw9ShfFaBwOixGPoTpNrWTQnak.jpg,393,976,523,605,684.5,564.0,583,82
vTRJI1GVmDpjLsFHgKCoTupzebLjuXvf.jpg,354,908,513,589,631.0,551.0,554,76
VtrnxRioxD1J5qNIGLqfIvN4N99cTu.jpg,401,827,429,505,614.0,467.0,426,76
VTszvQI1WVuiwPz7nk6HTpnaFib6S.jpg,400,936,575,662,668.0,618.5,536,87
vtTocXNb1E4MNxV4epz_mhMWLYtlJ2ux.jpg,396,958,473,556,677.0,514.5,562,83
VtVSoZso1jBGad8GbhpNFDWqydEgodu8.jpg,210,1015,531,643,612.5,587.0,805,112
VTXcjBXNpPXcOknzpBzClRTdE3Bu4sF.jpg,287,765,430,502,526.0,466.0,478,72
VtzvFtV6MQvC_8ztYrKhKZmwKQfJID.jpg,431,950,492,574,690.5,533.0,519,82
vuC4xm=HHCQ6iMoi7VcOOrw2fHE2JVK5.jpg,222,768,476,561,495.0,518.5,546,85
VucFXfE=S1O5ijiZKWlwUGMTu_utedn2.jpg,324,833,461,548,578.5,504.5,509,87
VuDrNnOSVGkLlOKwwEEx4VS4MR9mDGYv.jpg,384,775,438,505,579.5,471.5,391,67
VuJHo9N4VkfqxUOMboMhWIoYXzlGvIul.jpg,354,794,438,500,574.0,469.0,440,62
vUJqKZU8LBw3=cFxhKflamK23Ps11Jf.jpg,375,849,440,511,612.0,475.5,474,71
VUKFscleQrH5WgxUVFjwOgXgSlbFamB.jpg,383,810,417,480,596.5,448.5,427,63
VUPan=VpCpbNEh9T4vVdGvcdih1N.jpg,453,939,480,553,696.0,516.5,486,73
vuRcLlPQ5bC_T__accCXywqvnKl19L18.jpg,434,844,417,479,639.0,448.0,410,62
VuwyL9CXJzjil_GiYryryGvLEpj3Y4y.jpg,398,804,416,480,601.0,448.0,406,64
vUXoprpO5bsfl=dnXrxRViJGg_wE1Rn.jpg,439,934,447,519,686.5,483.0,495,72
VuZc1OUk3bNqoDXUggz7=dkv6HZ8Vv.jpg,425,856,458,527,640.5,492.5,431,69
vuz_wsdqaDry_DINBWTOODj1ye2DNS5.jpg,405,926,491,573,665.5,532.0,521,82
VVbee5CGZ9UuG84JzWEgsDplWtnUua.jpg,389,978,512,601,683.5,556.5,589,89
VVcxKj2Xbm6zalC=bFS3fFuvDzdkP.jpg,402,796,417,480,599.0,448.5,394,63
VVFmukonnba4kg3LeVfBf1uX17oWzCd4.jpg,401,858,420,487,629.5,453.5,457,67
VvGpcVriiwcFiH7HNqc4Bv2P=GiXIiRb.jpg,202,794,479,569,498.0,524.0,592,90
vVJPzhThXTMD3BbWTTF7_pcEPZlK6RSp.jpg,428,723,424,483,575.5,453.5,295,59
VVjp_4fchOGrY_wc7uUdOIXHVQBh_w3_.jpg,400,845,432,504,622.5,468.0,445,72
VVLRXtKlwmf_Whv3Wk4sKPzQE9_lN.jpg,421,812,411,488,616.5,449.5,391,77
VVpCYSBDcZS7V717gPHNTBWtFHNQ=a4z.jpg,475,1004,501,591,739.5,546.0,529,90
vvP_i9S1QQ2M_XVxb2UmgWjptx55zMhQ.jpg,360,835,432,507,597.5,469.5,475,75
VVQ6lGN1JyPdOwTYVvJ_RJRrIZYeExN.jpg,442,885,431,510,663.5,470.5,443,79
vVsCV3vlLiRVcPf3RCD_H2y9u=ewNW9U.jpg,450,898,450,527,674.0,488.5,448,77
VvsV=ZQsV8e8uIR7dCgEhz5la_ek3qm.jpg,363,918,468,554,640.5,511.0,555,86
VVSwl95FnhKXtk6aq4SnoMxPalR6J_dI.jpg,382,845,424,493,613.5,458.5,463,69
vVtRlMU4Z1KGx8aFbZqPod_oUGKy.jpg,239,719,480,551,479.0,515.5,480,71
vvVO3F6NJadIJNs_zMONwPSs4hT5p.jpg,410,823,454,517,616.5,485.5,413,63
VvvWvLl3rodKwvngEzSoE5V4_h83LXH6.jpg,430,942,433,524,686.0,478.5,512,91
vw4RNlFE4zJrpBXLHztpTL2PtCvRG3g.jpg,436,741,434,498,588.5,466.0,305,64
vW8ey68ciuVhqRm1_8agqXLCEKEH4ekh.jpg,465,890,448,518,677.5,483.0,425,70
VwDD4WZ_FeDg6XGJ8cyTHNFp1R8UGqzD.jpg,398,726,431,497,562.0,464.0,328,66
VweTPTTYjERnFWFr3R7=YFKrj9NBT1Lg.jpg,377,884,488,561,630.5,524.5,507,73
vwI_N_q4BOX9sWbEdyvkOEtbaTM4IHfP.jpg,177,1019,571,688,598.0,629.5,842,117
VWLjjSjiObKobhaFYgTvSs4X6cZUWV.jpg,446,864,418,500,655.0,459.0,418,82
VWp7Xo5bpYQHdkCIsiUZXO84eP=JZm.jpg,385,695,441,501,540.0,471.0,310,60
vWvvgtUU2Kugm5=mxl8rtC39qRWQQnMz.jpg,316,901,473,560,608.5,516.5,585,87
VwwwP3haWMc128V_4klrcu_yHfM5t79.jpg,339,764,424,491,551.5,457.5,425,67
VwXpCE7MkyHrC4svEnodnQXMv=4QK.jpg,325,935,539,626,630.0,582.5,610,87
vWXSV3fTsQQvko7Pt_57L9NDHnh3N.jpg,429,909,471,546,669.0,508.5,480,75
Vwzf6WhpRQTRwdKP8wRrT=fhp1gBTzrB.jpg,450,1014,457,546,732.0,501.5,564,89
VW_7X5y4k1zv2q5xkumBbDLlR3bqG=.jpg,396,859,449,527,627.5,488.0,463,78
VX5hSYN85fbhYUWiZiT7lGVggRWRzwK.jpg,384,808,416,479,596.0,447.5,424,63
VX5Od7CKkEH8FyXi_9SqpryNygdH.jpg,535,900,487,556,717.5,521.5,365,69
vxjcFr15mrsdOGrbBu2xxkVKOxbkJoHZ.jpg,232,799,470,553,515.5,511.5,567,83
VXlFnzOFzeeYrkvZHqRUpgQWqbUL_pn.jpg,353,952,517,602,652.5,559.5,599,85
vXloxG8pmDxN8=PCl7ZaBb4FkibXa=MF.jpg,460,788,470,532,624.0,501.0,328,62
vxQD_U26cKxlltrfOaeg9tWltz8nzfQ.jpg,357,823,463,535,590.0,499.0,466,72
VXzPRjN9F4bCPoS3JKJiGVeVEYnvEGMl.jpg,276,847,471,556,561.5,513.5,571,85
VxZTx8Tzh=LggiVzZytp46uRFxbx=uY.jpg,468,890,420,489,679.0,454.5,422,69
VY1pgBGQcdeKE2Sn829BDka_o4cMG.jpg,281,809,465,541,545.0,503.0,528,76
Vy2cEOrhFmgFXqPMf9jtjGWdB7EHJ.jpg,420,897,448,522,658.5,485.0,477,74
VY3X7ew8C8YpCqMQnZTnlxQu64eQIsgc.jpg,375,746,443,510,560.5,476.5,371,67
VY8NixhkJdYgqbQnhkcXPN1DwCgUlSEZ.jpg,306,914,486,574,610.0,530.0,608,88
vYBQ__NeZBxlMhv24__bQnHrEKfinXvJ.jpg,405,812,439,505,608.5,472.0,407,66
VYd128_lrCPpLgxwls3LYZQqWNbxfU2S.jpg,414,885,476,550,649.5,513.0,471,74
Vyd4lUD5Bk1UO8RRRBMSZHYfPIaLt8v.jpg,398,862,425,499,630.0,462.0,464,74
VYeG8pFNh7Odo1UcidhqXrV_pEzd3Z.jpg,364,936,465,557,650.0,511.0,572,92
VYh4ZqK4mo16=OGBccmlQY8iPWRmg1s.jpg,424,874,461,531,649.0,496.0,450,70
vYHl_Ti_OWHDEixdgJW5ZI7NjwTcIaQ4.jpg,367,877,434,512,622.0,473.0,510,78
vyilt56Q5rqDbHp5j=fDYjyy5vklsFr.jpg,431,1231,583,705,831.0,644.0,800,122
vYJWG7xYWMyNGPhpY_hq4xD5=jr5WHqR.jpg,449,981,458,547,715.0,502.5,532,89
VYkEh6RjQFGg74m47I1D1un7LJ248daC.jpg,440,815,411,477,627.5,444.0,375,66
vYmahoswURF_kxPcl4NobxixQ1t33oH.jpg,378,713,472,539,545.5,505.5,335,67
vyN31QCEkELDQbLFBo6gSXayMLCZVrlJ.jpg,426,860,448,512,643.0,480.0,434,64
vYoTnLChxgfyXnUa2t1j5OKaJoO8dhLY.jpg,379,857,429,510,618.0,469.5,478,81
VyQlvBTZk9nb8cwwFoCe63QqFu_4etV.jpg,415,838,420,491,626.5,455.5,423,71
vYS_gsmrq4igwzthLaLFJEkGd8GSltE5.jpg,396,719,466,530,557.5,498.0,323,64
VyX6q3dwH51CiE9ngKHqwiNaCX.jpg,376,802,457,523,589.0,490.0,426,66
VZ6gz6u6JGDQOb5s=PFYt7LO_9ymEh.jpg,459,912,459,528,685.5,493.5,453,69
Vz97xsK7K2B23HoB9ZfLISsbtzj5.jpg,355,939,488,572,647.0,530.0,584,84
vz9r3SReFROV_tUkzj3RCSOBK=719m.jpg,387,1123,482,626,755.0,554.0,736,144
VZ=f7gljNsBFXFYq6MgMzIlSKwPjaniv.jpg,396,734,430,493,565.0,461.5,338,63
vZag_Q5GMRDo9ZINiq9vd52WqIHg6VO.jpg,430,923,480,553,676.5,516.5,493,73
vZemgC=KRiprtiuerkJm3PYBRNH2pZig.jpg,475,749,442,497,612.0,469.5,274,55
vzF3T9J9W73NCiiOYgc3jHmk8OIJVquS.jpg,438,909,437,514,673.5,475.5,471,77
vzgs9IzgxhtQ7e1sFw_THS3kEzUUgZHV.jpg,472,956,481,552,714.0,516.5,484,71
VZiRmWeVyTf39lDwpc=7sHflkD2hTMP.jpg,366,830,426,498,598.0,462.0,464,72
VZjYTIFsGhevwyFauw4aotik9tdqgLd.jpg,303,873,478,565,588.0,521.5,570,87
vZLuWo4yuT7vH9Y79FPx3622aucL1w.jpg,333,749,423,488,541.0,455.5,416,65
VznpXc9kSU_vHY2KkKqbMe8mug9eiCs.jpg,430,898,452,520,664.0,486.0,468,68
Vzo89=8ytakasrr3PFBv2h67lZfrf2H.jpg,392,891,438,516,641.5,477.0,499,78
vZO8g6ao78U6tuXecE54atUicTzJLIk.jpg,304,779,469,538,541.5,503.5,475,69
vZpiVJakvaYbYK3HlIStrlHorEuLadDJ.jpg,450,945,474,551,697.5,512.5,495,77
VZt37hWaKTqONw55arYEeJPGBOidYail.jpg,349,626,419,474,487.5,446.5,277,55
vzYBQMP7R4gbRk2fmvcFKt_Hwtgpuyp.jpg,403,874,440,514,638.5,477.0,471,74
v_aDt8mc8Stl=L6yGdK3rXTYcHboZ.jpg,404,964,510,594,684.0,552.0,560,84
V_drpL2yDt_jNcOX6oOTe7TFCcfKm64D.jpg,316,740,425,491,528.0,458.0,424,66
v_gcDrZxCbkRH885LnxvjdL8iKz8nD.jpg,354,816,468,541,585.0,504.5,462,73
v_LvpOZxgeYdhr7Egu8YlJdy_CiQIhha.jpg,383,906,420,504,644.5,462.0,523,84
v_MOahJXrZEpsmMnrfo_Scnh9TBRZ4.jpg,409,871,469,539,640.0,504.0,462,70
V_YgLeLxi1Jko289JQQa2c__VbGH6R7W.jpg,392,828,457,531,610.0,494.0,436,74
w14yzJF=fLsWbdBuTpEVSPuxS1OzMIr1.jpg,358,794,425,512,576.0,468.5,436,87
w1921ehiHBkvIC8rFR=xPl7U4BKXjZg.jpg,301,797,473,549,549.0,511.0,496,76
w1KxhqB1mQaUeuWGa9wDIKfS7_I4vxo.jpg,436,856,415,478,646.0,446.5,420,63
w1RuTjBsQDfD8Lf=cts1eHSDpDHbJTLy.jpg,391,811,455,519,601.0,487.0,420,64
W1vjjvlTynTvn1yPUIvBPG7jr32hiEN.jpg,512,794,416,475,653.0,445.5,282,59
W1zKaPT9ZR_dDyDMeug45n9wHN61=1E.jpg,380,787,445,511,583.5,478.0,407,66
W23iEMr9LpWL56N_o=YNKvEr9zUeP3m.jpg,427,923,448,523,675.0,485.5,496,75
W26NH6sCduS73fm_nhyOZTC4l1LZq_Q.jpg,382,843,432,507,612.5,469.5,461,75
W2h5b73igv_BuwUiYqO=1SPbvRYx6.jpg,379,915,450,529,647.0,489.5,536,79
W2hcXrDgxJ9rPVR=9gjkFED15Re7Yu.jpg,407,899,446,521,653.0,483.5,492,75
W2jVE9vfUDJiNyGQGMroBGsDHBOSFi.jpg,406,872,430,498,639.0,464.0,466,68
W2mdy6CR8rFiN2PatKg_bhWgXWnhP.jpg,399,663,417,468,531.0,442.5,264,51
w2RJrCXgn=ECdFWCXhECff6LhReIZfF.jpg,339,764,437,509,551.5,473.0,425,72
W2rltUdxjUOQHXjXzPjetBXgnGVc7k_X.jpg,450,913,424,499,681.5,461.5,463,75
W2TeNKmaUWXrRmJMixaZu7D1zKG9X849.jpg,428,862,423,495,645.0,459.0,434,72
w3OnyiQY_X46uz7I5qpLUJ9VLWzp7q.jpg,417,855,420,486,636.0,453.0,438,66
W3pvbcpRQtEk8YwnKmZ8hcvxwlYHNZ8.jpg,301,650,490,556,475.5,523.0,349,66
w49kTMxMpUX7NNDGvn1NDResKrdN=45.jpg,346,867,450,548,606.5,499.0,521,98
w4aKjnlEPnuuszVb8Q=l45tQ2JIaNTWf.jpg,361,1035,468,567,698.0,517.5,674,99
w4ckO=oKTiUwUO4dmKKf3mSEJqof9J.jpg,267,832,512,604,549.5,558.0,565,92
w4eIUWvBQwV4=ROupuP89Td7Yn9FOm.jpg,462,736,420,476,599.0,448.0,274,56
w4fmWNr1MtTBuWPsc22iZ16GyS6GIME.jpg,353,760,447,513,556.5,480.0,407,66
W4HFeU9hXO1722X8SCyLmQfnMuz8j.jpg,389,830,419,484,609.5,451.5,441,65
w4J8PXr6vWvJSd55OxKLX9Es4cZxF.jpg,374,840,439,507,607.0,473.0,466,68
w4oxRR9Zp3aRy7GwHKohVpVgDPM59NMJ.jpg,504,790,446,503,647.0,474.5,286,57
w4UJV6X9i44MvQsJRqC=Bdoz6pnEjx3G.jpg,434,833,417,481,633.5,449.0,399,64
w4YQMrbw1ePeCt2PtcN8KIfSLieC.jpg,475,770,457,515,622.5,486.0,295,58
W4ZF9LYiKs8DfZl7v8OJsNSswTFNXzSv.jpg,380,883,490,565,631.5,527.5,503,75
w5HqSesNmmH7j3S1wh1fBNpCfJK2rv.jpg,305,787,472,542,546.0,507.0,482,70
w5iBK3QMebkC8BRYdjQSK9bCSsEM=l.jpg,338,857,460,552,597.5,506.0,519,92
w5KhD3yyiOtgeQdPsxdB3Eo6CzZIf.jpg,248,959,513,627,603.5,570.0,711,114
W5qv8c3CcgiKY2VBdiGKK4wegfEJCaTs.jpg,467,856,412,476,661.5,444.0,389,64
w5Tc8yynSXkNgNynjWGysX=BQ3_IlVL.jpg,333,775,431,498,554.0,464.5,442,67
w62H=_MC3J3lLN2rdv3Ng3xDbMgRtTM5.jpg,412,934,452,564,673.0,508.0,522,112
W6dirJexRfZJ2V5bpRm95kZKPBC28a.jpg,475,771,452,512,623.0,482.0,296,60
W6kWR33zQ8X573LdyYYOhDeND5rsVVX.jpg,402,809,421,489,605.5,455.0,407,68
W6m1egvfNjhkQV1zdmybYHzfdbbMNl.jpg,414,896,433,508,655.0,470.5,482,75
W7L=Iy4ugu_cXDHzfGh85Hn7FejGW5.jpg,408,805,416,480,606.5,448.0,397,64
w7OqDo86E2K5fgPo8aBqhLZMQ_e76v.jpg,411,829,420,488,620.0,454.0,418,68
W8DzQPb_XDe6WG7QDYJSRRfuTL6yxw.jpg,365,670,432,493,517.5,462.5,305,61
W8sS6IjXUbMJ1pSEpwx88nOyIBO6N1sJ.jpg,491,881,440,505,686.0,472.5,390,65
w91aheLltFHwp_hY84yqVbIxwKYeNRq.jpg,404,739,431,496,571.5,463.5,335,65
W9F13hl6QQFnLvxcdnZtoXn21Mi.jpg,299,878,457,541,588.5,499.0,579,84
w9W6R92Py96BbpBCfKVwKGoah4gOfNB.jpg,423,814,411,475,618.5,443.0,391,64
w9wWpg26uPd4kp5vp7g95WJ=u_uLK9.jpg,377,839,433,507,608.0,470.0,462,74
w9ZIJFKnj6ljI_GVrHjqYPwys=Wp5Its.jpg,408,832,420,490,620.0,455.0,424,70
W=8hXlnYUy3GIiX_e4lXtX5jSxEx_lD.jpg,443,877,423,495,660.0,459.0,434,72
w=eb7E76O8g_kFKG_syaNcEPT=hdfrG.jpg,317,746,413,495,531.5,454.0,429,82
w=iepdn_3RUrmoQEbmyfSiIBwXtn=ilM.jpg,429,802,509,579,615.5,544.0,373,70
W=SKrvL6ZIHtOpziFUbyLhT4RQr4ovTs.jpg,418,855,455,525,636.5,490.0,437,70
W=ynxDsKu7=4v13F53_DTU6Dow2Hckc.jpg,319,835,446,546,577.0,496.0,516,100
Wa1sOjW3Hq3EHKDalfc5hw7bpTBL8g8O.jpg,442,835,446,507,638.5,476.5,393,61
wa2u_lvD9YTB4BOHM_nkbSFtj_lTQEUU.jpg,354,917,509,594,635.5,551.5,563,85
waB8oHNdUO_1nGyRg58vbujjqEjLY116.jpg,328,862,455,533,595.0,494.0,534,78
Waiku1nj1IaOaXTkwNo7G5iII_eRbp.jpg,458,753,453,508,605.5,480.5,295,55
WaNcKB3zH1IcJzcbXeLKDr8vn3miyRoS.jpg,154,1084,602,732,619.0,667.0,930,130
waqmGR9PcRIJ3PC8Lg5SptY7KMlz7n.jpg,442,888,432,502,665.0,467.0,446,70
wasWSe7YT8c=f5fedHFzedNfeLfpx6UJ.jpg,520,817,445,508,668.5,476.5,297,63
WblSQMBJmR43w2pU_NChxpnRtr8PIU.jpg,471,874,446,510,672.5,478.0,403,64
WBRCTK9rJoouuZecvBJcPp5svymd2.jpg,440,869,424,492,654.5,458.0,429,68
wBszD5xb7VbrThS4wSxdWBYBmu1aRws.jpg,501,823,464,527,662.0,495.5,322,63
WbS_4tw2GWDWpeGWtLIoaR1ykejjoM.jpg,389,892,442,516,640.5,479.0,503,74
WBUv7ukz2fVOz8BGPFvqPfMZvQy3isem.jpg,414,825,418,485,619.5,451.5,411,67
wBuvZmcCox5gE9de984z62aMdunJHvn.jpg,398,686,451,506,542.0,478.5,288,55
wbv3K=bizWz5X2GQCZin4tldp9jXsWD.jpg,408,834,423,489,621.0,456.0,426,66
WBYCEcQ3wdCwcHStvEDT=etMxyKiSRn.jpg,464,751,451,508,607.5,479.5,287,57
Wb_exsYIRGX9ijLg=qQyHCOBVvCSuWO.jpg,293,763,432,504,528.0,468.0,470,72
wc3X2w5p31onOxyMYH2zDJ6_hh3LZVrq.jpg,416,838,423,490,627.0,456.5,422,67
wc7NQqoviznhTaVRMUtnZEDZOyyfn=Lg.jpg,413,805,415,481,609.0,448.0,392,66
WC7ukNtbFQcWRSyMH2z9yxbEdqqkyo.jpg,263,897,487,587,580.0,537.0,634,100
WCBPw1rISLd6ZwhxwL6D_zNfkJXDtw.jpg,390,808,415,477,599.0,446.0,418,62
WCEnKi3SKweuemX2W=5DXHE=gzQX36.jpg,464,877,421,484,670.5,452.5,413,63
Wcf==S8uvia75XzJjXSGIbbWnWM4M6V.jpg,335,861,500,575,598.0,537.5,526,75
wCFc1WhONbn3fEks7ewOm1ELk_aPdF2.jpg,371,670,434,493,520.5,463.5,299,59
WcGbh5JMsQiptxTdT3c3srUiTFJM9Gm.jpg,349,848,434,509,598.5,471.5,499,75
wCl9c53JNGyo5KgvNlhtZ4LO6rPl.jpg,316,745,423,492,530.5,457.5,429,69
WCLSa9qPko5K5VQk9i1ei=n6VZjpat.jpg,421,839,418,486,630.0,452.0,418,68
wcMZK6dMBO8OK2ooBLHe8VcN7wSVbnX.jpg,273,913,502,594,593.0,548.0,640,92
WCNZTwPInGwBBqnFOKwljdJeXh=WsVyy.jpg,243,772,500,580,507.5,540.0,529,80
wCPQtXlObMKTLaQOsyccVRJOuVMQpfx5.jpg,358,814,430,502,586.0,466.0,456,72
WCRH8e5ielkB7i7c7vu8OIOXhSmULqfd.jpg,398,948,479,560,673.0,519.5,550,81
wcrwJ=T8pkPLuqQ_y7ST8NGhY4Xtlsdf.jpg,393,810,417,486,601.5,451.5,417,69
wCSzEHEIOQi58gvRi3JyDIf2_vYJGd.jpg,459,931,434,509,695.0,471.5,472,75
WCwTKi822WtMCXlW8xWwWwTPdbZcjUhq.jpg,322,881,463,544,601.5,503.5,559,81
wCx=ZlHmhs99kxsHgbCwq6mD9geRTd_b.jpg,452,753,457,515,602.5,486.0,301,58
wcXFkvX6qS=87vNbNpWnUG3jjX=nUSBo.jpg,444,856,411,475,650.0,443.0,412,64
WczGBiihOmclXKmkelfwch3kJEcsry_.jpg,463,905,428,495,684.0,461.5,442,67
WD2Wr=cTEZTTfRmNstnnVFZ11skxO4jU.jpg,367,989,471,565,678.0,518.0,622,94
Wd4awBu8GxeqTsFjqc375ML4Ryg3S9.jpg,424,736,448,509,580.0,478.5,312,61
wd733Kpf1y5DNVcp1SSi1sdjgwQvuL.jpg,416,903,473,547,659.5,510.0,487,74
Wd96462cwZjbwWB7kULU32ebyt43p8.jpg,411,845,428,507,628.0,467.5,434,79
wdDrjhckBUM8yNnw5_qCt3BvBvonaUjh.jpg,483,887,411,487,685.0,449.0,404,76
wDEenZdzlUz78wS4jTk_PJIZpfOHk8Xa.jpg,401,829,416,480,615.0,448.0,428,64
wdf=sYBiq_Bq6NSMKZyrOl9MmHkskCbK.jpg,355,885,464,547,620.0,505.5,530,83
WDGEjOmYIuewb6qx8vsP1RyEMFPIEE.jpg,443,899,435,513,671.0,474.0,456,78
WDJJVqQbVa5k=UMhBcg6xh_zjG4xBxMe.jpg,375,842,436,509,608.5,472.5,467,73
wdLfqFLyEvdImmZJiahdFkPHyu8vzlR.jpg,423,862,427,494,642.5,460.5,439,67
wDmaTgfl8bhvkaI_ufBHhKGgJSS_aH9.jpg,562,797,323,414,679.5,368.5,235,91
WdmUcSRP7YTm9pc8qlDsgzgnlJJwC9Ox.jpg,389,925,463,550,657.0,506.5,536,87
wDng5CHna9hN_TYaU3bhrUa2WhYd389a.jpg,408,876,438,514,642.0,476.0,468,76
wDNq8zdSwCfg7hrL3PZrU6P2uo4Cbv.jpg,413,889,438,515,651.0,476.5,476,77
wdPHlDMFfECJK3xi_lpJzKDZ9ykxjtd.jpg,375,684,425,487,529.5,456.0,309,62
wdurcMLsO8Kcg9pVxDkD4zW_DYf9CSLn.jpg,308,761,425,516,534.5,470.5,453,91
wE28N9oDKzEXFQr3oHMjGQFTgHZMOrV.jpg,453,766,442,500,609.5,471.0,313,58
We2OOrdyj9FdEzGbEyn1c=93hdefvvfS.jpg,259,860,526,615,559.5,570.5,601,89
we33GwGqF6nmkmoThdkBLIfpQaMRfNwB.jpg,420,901,468,537,660.5,502.5,481,69
We5WGGou65F=UIL1czfHMFTlNro6jrzP.jpg,423,746,466,527,584.5,496.5,323,61
WE8Ql=UUponwDHwgLxWVgTzVFSRqF.jpg,296,969,506,615,632.5,560.5,673,109
WedM5bbgeDNJqSgzXH2JM1gNqoVhczd5.jpg,425,859,425,493,642.0,459.0,434,68
WeE7B3ZTR5cylLXxts5K3cTttZNf=Gvi.jpg,342,871,464,545,606.5,504.5,529,81
wEg=Ww_htr8Fpdr_QHaUX_NE6ar_RBd.jpg,240,787,461,542,513.5,501.5,547,81
wegnoQElKXHJzmWuIpPbjlbWghndWPu.jpg,467,795,472,531,631.0,501.5,328,59
wEiyRbMy215Q8UtiBPqrGfu=N=7gyf2.jpg,481,773,437,493,627.0,465.0,292,56
WeKzmHo7DmRPfLZ9_dPdbzZxqYzqkIY.jpg,315,778,432,507,546.5,469.5,463,75
WEmN8xH1aNPlJ27RIDpoRc85IEVIkgH.jpg,257,777,445,521,517.0,483.0,520,76
WEQseImfWSonIWtGvW8fMB7NbDP5B85.jpg,473,803,474,533,638.0,503.5,330,59
weR3bphDjfw=MbVLWvmS4cUE7Qo4.jpg,390,793,417,482,591.5,449.5,403,65
wEto5QVpXurQTFgyCzHZiYuTTwfQRQW.jpg,324,866,465,560,595.0,512.5,542,95
WEV494anQMzaG5_6I2VozmJwlqZ9e7.jpg,301,928,491,597,614.5,544.0,627,106
wF5MbxZVdWbUS8Wyj_tX62rwWwD17YG.jpg,435,855,420,484,645.0,452.0,420,64
wf6KIgswRePZipqXtwt=T=lqHQ463RB_.jpg,327,903,476,561,615.0,518.5,576,85
wF9d=m9yvNB9lhvisGoly_wQU65rZ.jpg,328,802,451,518,565.0,484.5,474,67
wfaUbPYhvmHIfM=3fTmyKLJ3ui6H=Yny.jpg,342,872,461,535,607.0,498.0,530,74
wFbQHeyNbgR39HRK1FW5pgJqDr2OLr.jpg,426,871,453,517,648.5,485.0,445,64
WFI4jUnaNzg4y_TxUpo1UufglMqZgZc_.jpg,377,866,450,523,621.5,486.5,489,73
WFMC8wb2tf3SfmjCcfOdbjuoDYfZ19gx.jpg,438,870,421,490,654.0,455.5,432,69
wfoX8EzaQR9t3oQ9S6T6rKZEnZED_SH.jpg,454,752,435,493,603.0,464.0,298,58
wFQyXjkg1ZdEolkGhlDJa5lzGExobq.jpg,450,876,423,498,663.0,460.5,426,75
WFtXWvvYblVQdrfxjVomRrnRXYkVk8.jpg,378,778,415,478,578.0,446.5,400,63
wFxo5VH1rpaq8uahxRjuMMgHfkMCwh9.jpg,330,757,423,493,543.5,458.0,427,70
wFZlp2aNJhCsmXvaMif2nc3DkVqHbIOJ.jpg,495,896,419,486,695.5,452.5,401,67
WF_9cRXrgcqi3fMvx=3T2m=S6nXIV=9.jpg,432,846,421,488,639.0,454.5,414,67
wg6NKFp_LBqubCKQJqtlbxFmFK5ME93z.jpg,269,774,441,517,521.5,479.0,505,76
Wg8BKydGHCwmOHZ8=2Uq5MS8dSK4fQ5H.jpg,454,892,412,477,673.0,444.5,438,65
wgaIytTE=uDO_3VbYaW=cdgNIlM3j16.jpg,379,825,428,500,602.0,464.0,446,72
WgE2jBkZV8=Ciybsl9y9eb17gd87CyU.jpg,462,875,449,518,668.5,483.5,413,69
WgecafxgEq42R34E3I75JuYuE5iGZRc.jpg,256,791,462,541,523.5,501.5,535,79
WgGtOxSCOQLFZRYv6STFDINvOq3t1j.jpg,343,851,441,517,597.0,479.0,508,76
WghheTCZqMf683ULRCMuTe4nHfFlTeR.jpg,331,820,447,525,575.5,486.0,489,78
WgMi_ZXDHzwRl7FDDfU2w9tMjhcTN9.jpg,434,725,440,493,579.5,466.5,291,53
wGOlixEch5UVXaXzljc2fi5GHWRFk2M.jpg,381,826,422,487,603.5,454.5,445,65
wGr3w_seQVXFKe9uDPRjNOMnx1CNS8.jpg,301,915,494,586,608.0,540.0,614,92
wgSIqUORMiiF39WqMdl2wCyzIkgELvy.jpg,356,667,472,529,511.5,500.5,311,57
WgsvJqep_PWGjEbceOY2qfvJYEa5WZBT.jpg,438,786,483,548,612.0,515.5,348,65
wgVvdR1h8SKHKtO4SKHM3M9M5WYTjcs.jpg,406,909,477,559,657.5,518.0,503,82
wgWLFeBMT8hsku9LuZqE3H_uRw7kk6E.jpg,463,913,455,528,688.0,491.5,450,73
WGXYubE64JlYr3Yq5vplF1ufjlzFJM6.jpg,414,697,447,502,555.5,474.5,283,55
WGyEjBaDryE85aX6yksMH6Bq6Dgum2.jpg,420,841,414,478,630.5,446.0,421,64
wH5MErXI3CGX5J3vQjZziiT6yblX6kBB.jpg,405,865,418,508,635.0,463.0,460,90
wh74DmZiDqEYbO=4q5RUzf=sXuKvL18h.jpg,355,878,479,555,616.5,517.0,523,76
wHfvBae_4amgDGKvFEnUgomsYkPxdVz.jpg,408,1001,520,611,704.5,565.5,593,91
WHgxsbuYM5JEfdajR1zshYXOVjaSy6s.jpg,401,811,413,473,606.0,443.0,410,60
WHlkv6r7Jj5N1orjq5CK_iR2l3lsfHl.jpg,413,855,421,487,634.0,454.0,442,66
WHQIQwVUSWnsDgh7FfHC8i_EGaZw9nKq.jpg,400,824,445,510,612.0,477.5,424,65
WhSrXkiSfFrIXOXRDx7Rk1mOrtZda.jpg,288,769,438,515,528.5,476.5,481,77
wIbcBb=W2Jrq5JpG_=f4QXUc1NQ6.jpg,304,778,440,514,541.0,477.0,474,74
Wig3FWs7Z2Kx3PpGN5VtMjkolHHUbTMT.jpg,452,881,452,519,666.5,485.5,429,67
wihXxg_NWdwWG8iTLU4CTOJzKwGTh=.jpg,440,825,416,480,632.5,448.0,385,64
WiJ8bIRcIdRNiL_POQlgovOnkPrFp.jpg,345,891,512,587,618.0,549.5,546,75
wiKLeyfwxX2eZ45lV3qSoo5nYBqcvuQ.jpg,342,834,444,515,588.0,479.5,492,71
WIKl_XbwupOONgTli9DM8r7vOW76JKhu.jpg,283,764,436,509,523.5,472.5,481,73
wIOuSHw_6Rsn7EXqS9ZKm1xqs4sGbhI.jpg,417,950,461,540,683.5,500.5,533,79
WIqtPqV73LfW8uuxaH1R=me9PoRtDdL.jpg,429,878,430,505,653.5,467.5,449,75
wIR7M9SbvEcpuxRfEN=uV8O9DuJvg9.jpg,378,897,508,585,637.5,546.5,519,77
WiV2LLPln4r173kazbOIyYb1ymBsVYcY.jpg,409,801,414,488,605.0,451.0,392,74
WIvdQYSklnIBv=Wu8_l_ksNKggMMrgHL.jpg,338,750,449,519,544.0,484.0,412,70
wj3EXY97_H9aOMuag3pR72B1JylnD1F.jpg,297,805,457,533,551.0,495.0,508,76
Wj5WfG5orVDoHH2Siy_9XZi=N2yXpG.jpg,410,819,449,514,614.5,481.5,409,65
wJ6qx7bOGSFEHswGPeMyTPaGXbdPt.jpg,390,798,411,473,594.0,442.0,408,62
Wj8dwKlfb5hbp_SEgj3j1lyHz99z5YcX.jpg,353,778,428,505,565.5,466.5,425,77
wjCTlf8CCMBHBZFxzUnkgVVqcpmN9fqF.jpg,371,910,499,580,640.5,539.5,539,81
WJHcygYT5Y8trjH1WOYeYFwDGJDrUYd9.jpg,358,772,420,496,565.0,458.0,414,76
wJHSsKOdu=urw92n1Mvv7mCUHIHRGOns.jpg,438,1228,586,707,833.0,646.5,790,121
wjiTaGmwV36l7U5=5sCKtzN=xyL41F3.jpg,362,826,436,509,594.0,472.5,464,73
WjJjT9jIbP=nPGQhsapr49L8soW2sw.jpg,362,838,445,517,600.0,481.0,476,72
wJLZi3hvNo4hwsZWFX8lEkHMSvoTGR.jpg,285,716,439,504,500.5,471.5,431,65
wjMM1lTZxpeD5S6wji=vBUKCUjqlCx.jpg,380,814,426,494,597.0,460.0,434,68
wJnaWJamvpJHJ3hk4VYe6Ya2fSLbv.jpg,362,657,424,483,509.5,453.5,295,59
wJtOQ9UggxID4JscoZ28nw4l2j1x=B.jpg,418,821,444,509,619.5,476.5,403,65
WJZuiv2beJlZcY_ZcIddURuKVqL3nNr.jpg,373,820,420,486,596.5,453.0,447,66
wK1HCbq=gHP=ZiCZGWRiMIvhQQsQ.jpg,326,760,429,496,543.0,462.5,434,67
WkBM3H52kEajvy=PWpk_2T5XNwi1fTw.jpg,409,939,486,565,674.0,525.5,530,79
wKG6LG8pjKus35MHyo1LGzOFd6bMaC6.jpg,247,768,491,573,507.5,532.0,521,82
wKhkXEfRMtJ6wuzazt3hWa5NJx1l=zJ.jpg,373,808,436,498,590.5,467.0,435,62
wKLBOVCblt7X7NbJi6sa9v68I5tDizQ.jpg,377,672,434,490,524.5,462.0,295,56
WkRaRaVVxE=CGdT6iIfNw_Rs8MN1O.jpg,419,877,438,507,648.0,472.5,458,69
wKwemy2aszwTi82aOQ4Y6YX6lJq8lLn.jpg,380,913,502,579,646.5,540.5,533,77
wky5ZC_=cw=b51vDaxQ8BYQ38nGIScj_.jpg,455,814,499,566,634.5,532.5,359,67
wkyKzKI3lRffxfnobyWNabr_iksdVmm.jpg,413,951,460,540,682.0,500.0,538,80
wKZ4VjYQot5ZgqcYw_4IJ4n=v9Xcsu.jpg,366,869,480,555,617.5,517.5,503,75
Wk_d77=KtwmbcOc=hWOf8oyqVgadxJ.jpg,317,792,435,509,554.5,472.0,475,74
wK_SEEcZFZIzmGrGKL93wYqqkhbt_.jpg,424,857,455,523,640.5,489.0,433,68
wl8bsWmBrRasPVdRCmOuyo9dS7yWXDu.jpg,396,878,478,549,637.0,513.5,482,71
wLahlkyOMj6rFIFLGh335TDplQlVi3W.jpg,332,757,418,510,544.5,464.0,425,92
wLBV7xhZfISu6PmN3gcYGBXllCLF9lR.jpg,370,878,459,533,624.0,496.0,508,74
WLE69dn_lrERhjBa_BXcZRthU3_TaOX.jpg,473,763,451,508,618.0,479.5,290,57
Wle924GV7xIarVPEGtbuBcRQlJZo5w4m.jpg,365,671,440,497,518.0,468.5,306,57
wlen1U=BiPBX84fMpUxff=jbxtWmBV.jpg,383,825,430,510,604.0,470.0,442,80
WLhzBBsHMtPUqgm6Z5ssnQCiYtQ6jn53.jpg,325,748,417,479,536.5,448.0,423,62
wlnvcvKmqxX4MRBJ3tWsfh32p2QitF.jpg,102,660,482,571,381.0,526.5,558,89
WLpS2msvnYHaeah26t=aefHdmvDvGXLV.jpg,400,836,417,481,618.0,449.0,436,64
wlupzSLkqKClFYMYsguaB2iOEOKs5Eu.jpg,383,849,430,507,616.0,468.5,466,77
wlY9S4lx_4s8NdSn1eRcM71UMc=JuffV.jpg,391,937,498,583,664.0,540.5,546,85
wLzBxuGuyG3Ou1zpfg=hwhnwQZOtP6f.jpg,418,954,465,546,686.0,505.5,536,81
wlZykP2LW7Fi2RyE9_CBeSbKoZ7JYTP.jpg,407,792,411,477,599.5,444.0,385,66
Wma93nRGPs=2PBEjZFrXi9pm3rN2Md.jpg,389,797,412,474,593.0,443.0,408,62
WmHhLybIx_87oLUZIBpOePLxojFiIItN.jpg,302,1091,651,771,696.5,711.0,789,120
WMiiINOCzfd6GjNfm3eblX87J=Lv2ajD.jpg,329,780,427,495,554.5,461.0,451,68
WmjE2dC28elZ9Egw_JbBt_9o7otiyFeR.jpg,402,806,422,485,604.0,453.5,404,63
wMLK7qlqkrM7C_PC12YI6zsmYR7DuY.jpg,418,816,413,476,617.0,444.5,398,63
wMmhzyKfzdrdoc7IdI4aTEX_Wb4DX2.jpg,444,791,464,528,617.5,496.0,347,64
wmshd=TrU2pxh6GWcljmTpzP1CygVZ.jpg,317,879,483,559,598.0,521.0,562,76
wMyKELdnajhJu1LO=3FtYBz3t2dT7oSJ.jpg,407,691,441,499,549.0,470.0,284,58
wM_zjraJqf8NTEkVgRhiZUYVEvleKyDw.jpg,302,822,491,573,562.0,532.0,520,82
wN3FbyEzugqpH5WEZVm_Gj3_huftR6TG.jpg,468,774,461,520,621.0,490.5,306,59
wn4wvkTmpDmVIInVunKrWmKI5JtcTWwp.jpg,220,963,521,643,591.5,582.0,743,122
Wn8YIgYsq7ScfGgOfU62rtMfmlaqCK=.jpg,370,658,445,501,514.0,473.0,288,56
wNaNvZNU=ix_FWfxlgkdc7WnIZLnUPhk.jpg,462,884,410,475,673.0,442.5,422,65
wnB_Lm=4G1QYWb_sHn_Y7k7WWwgoz2Or.jpg,360,859,450,523,609.5,486.5,499,73
WnCiJh2DpYzQjscQJvdV6ZdENey2r7V.jpg,408,948,460,558,678.0,509.0,540,98
Wnd4ZGKtvjObrXuhv1OOspoRRGJtcGfg.jpg,425,831,413,478,628.0,445.5,406,65
wNIJsyMryJuLHKT=g6pVsd=avmNTJW.jpg,312,852,459,541,582.0,500.0,540,82
wNkwXjZaHDDDVSm3bo3MWWO75Q8mgh9P.jpg,384,823,435,502,603.5,468.5,439,67
WnpUWwulHUZOTYpEK6F_Pm4b7vT94pt.jpg,472,783,461,520,627.5,490.5,311,59
wNQldTnx3aXpwMnPa1vXtpNiKvc2NM.jpg,417,703,419,477,560.0,448.0,286,58
wnqn5BoKXcrOchse116jaIgvCWM1D9bM.jpg,350,789,424,493,569.5,458.5,439,69
WnsEH6gBis8jlnOYiFXTv7ywu1af6Bla.jpg,465,805,453,520,635.0,486.5,340,67
wNUdDQIrvTvjc8QVWwaER4_dKFrJdvPN.jpg,436,723,425,481,579.5,453.0,287,56
WNUmk5Df4zTgSO2uQUrkDizCjG3qhVHK.jpg,204,1089,576,701,646.5,638.5,885,125
WnwqpcjPcUvq35gCkebLkD6OPXYcDIkZ.jpg,376,887,435,513,631.5,474.0,511,78
WNzVZqFoQjEG_Nx=3O2vuEaMH4fMq.jpg,467,869,415,480,668.0,447.5,402,65
WOBIfCfEuH3gOwtW61iQXkjR7RjWo.jpg,363,779,413,494,571.0,453.5,416,81
wodSdUmwE3WZZlmVKNd9ZIO2DnQVgBS.jpg,464,864,508,579,664.0,543.5,400,71
WOIcyEK8=tp6l6qLXplIlCD1ReRIiLvL.jpg,478,776,454,511,627.0,482.5,298,57
WOIVPEN8ZoOyfgItOOu_Np8g1fpz6U2.jpg,416,967,510,595,691.5,552.5,551,85
wOnIeKLkfnzuMoiqUtJtwZ_9bHSfm42.jpg,300,1009,519,623,654.5,571.0,709,104
WonmXLe6vb55IL5RXjJDfCsHZnqZT5h.jpg,359,830,425,498,594.5,461.5,471,73
woP26DaeCsLbU1V5eIG7zdJiCrzJ4tqz.jpg,377,948,475,561,662.5,518.0,571,86
WOP7L9bdNLjS8xUyZx6RF34kVTbv1Bg.jpg,363,837,427,498,600.0,462.5,474,71
WoQ4XVua_=QZPpOgTXh5uyci57nwsWL.jpg,395,796,441,510,595.5,475.5,401,69
wOrQaM61V8Mgca6o7f89Gwg=XWDoUN=y.jpg,420,734,455,516,577.0,485.5,314,61
wOTcrhw8xTJbzZTY93VPFs8uW6QlHI2.jpg,250,802,470,550,526.0,510.0,552,80
WOv3QwHOjzOd7bsPPIVlREs312PcUy4L.jpg,404,831,424,493,617.5,458.5,427,69
WOWg3QHwKRPd=X=skcKIsKQstKVtcT1.jpg,429,837,448,515,633.0,481.5,408,67
WOyqqmtDHPbEPWruPmFKotOUmQQCw_I_.jpg,455,906,427,494,680.5,460.5,451,67
Wp1UyONhpZGgVNiahgaa2q7zwbm69uz.jpg,352,897,479,557,624.5,518.0,545,78
WP46VtD1868ilfYshYccWeFFBfuBEFO3.jpg,402,882,445,520,642.0,482.5,480,75
wp7gqZdSz7T5h47fPj5a_4MtcxnnfX=.jpg,277,1039,529,675,658.0,602.0,762,146
wPBUr9k8G461HUE9huViapPUNv2OoaXy.jpg,387,894,446,541,640.5,493.5,507,95
wpg6abjNlyg78pzEtv2UmO11_nTz=jPu.jpg,466,747,426,480,606.5,453.0,281,54
WPGi88iiNije2ig2sQuNK=sLpnLuXWg.jpg,341,898,466,563,619.5,514.5,557,97
wPGUW2H2RCEc_ylWdBcSzNG3KEM8gPE.jpg,437,803,502,568,620.0,535.0,366,66
WPmd9ugyYaDSbPZL1zIW1u_VpgXetCiY.jpg,469,916,422,490,692.5,456.0,447,68
WppKawB7MWIb8SjHTxDoyie=lYSDtkO.jpg,412,819,421,485,615.5,453.0,407,64
wPrw525DLRMWGLvyhwe6aCx6ZeVZNGn.jpg,387,874,427,506,630.5,466.5,487,79
WpSZ7H6oKY2f=_S__exDtxx43Woxaj.jpg,340,783,427,500,561.5,463.5,443,73
WPUzKUOgedzer7SITLGG7MDdO87eE12.jpg,398,909,450,550,653.5,500.0,511,100
wPw8qr3IW37hlF4WqDgVNN4_TMENui.jpg,504,778,412,468,641.0,440.0,274,56
WPyt2_srvyTqNioRkxmwd1bcDVaLCi_E.jpg,368,929,465,548,648.5,506.5,561,83
wPzcgEL8LoLyvT_VBglJDBq3P_a7gHI.jpg,388,750,500,565,569.0,532.5,362,65
WP_zLUyqsFBEuNN_44LPGE3Uk3DhLn.jpg,358,855,450,522,606.5,486.0,497,72
WQ3VIXJubH8OZ7ZGTnvpj7mOhwYrdCD.jpg,447,792,451,517,619.5,484.0,345,66
Wq6pV5xQzStl88dq7qLxREpUVwPaSd.jpg,485,767,427,483,626.0,455.0,282,56
wQkNlquF4e7xaaNnkua9BmPIwTUOYjB.jpg,469,997,451,543,733.0,497.0,528,92
wqNWFJXlK=GoHpTSTQrSbgvPepvOJ.jpg,301,765,432,507,533.0,469.5,464,75
wQp1whxHMXqIJFykEBvynVjtuqBM6R.jpg,387,680,423,478,533.5,450.5,293,55
wQqX9WEVnkGZl8OLSVmsyhXkrro1xx.jpg,373,653,425,482,513.0,453.5,280,57
wqRcUuGFCT8Myla8c6YImQ=6SLxtB7.jpg,420,857,424,494,638.5,459.0,437,70
wQtQY1iPhRjf=unXuqKG6lh8jX8uSzey.jpg,480,914,422,499,697.0,460.5,434,77
WQWHmlYMELJdeUSBx=GRrITryTM9Po.jpg,410,710,452,512,560.0,482.0,300,60
WqzR76GqFtOeGeqLjICykEPGu5s6vF2H.jpg,429,909,471,546,669.0,508.5,480,75
Wr3gDWn1NTMNU=LUGFU7pfZIaxWqRuFg.jpg,414,697,432,486,555.5,459.0,283,54
wr95=4I_Q=NqIkMG3WlRp1kNl7vI9m1.jpg,556,776,355,430,666.0,392.5,220,75
wRBo6rs4dRruOElyF4IBnYaiGB3y4G.jpg,51,1231,749,897,641.0,823.0,1180,148
wRbTzckisoTUKpMkG3dkScLTwF135d.jpg,448,973,459,539,710.5,499.0,525,80
wRerH868Er8ayROG58838l6U3jFmVby.jpg,252,787,465,545,519.5,505.0,535,80
WRFENrFW=W8n4tpl2Ua8bInKnlfm2H.jpg,402,804,482,545,603.0,513.5,402,63
wrg69mB42GGZj_q5KDBvhKKnZ_yRm9fp.jpg,454,719,420,475,586.5,447.5,265,55
WrMWdfGjlxCfwTJMca6gxrH6V8FcXGm.jpg,445,936,443,519,690.5,481.0,491,76
WRPR5ciZot82rKUSQb5wtVECOdyKOcc.jpg,174,1208,613,757,691.0,685.0,1034,144
WrRNw28YF9=4LigMk9E_zjHpE=cFHKw.jpg,332,831,474,551,581.5,512.5,499,77
WRRRxNeJZCjLGGyuqdx8yoma3Lf8EH.jpg,299,770,444,514,534.5,479.0,471,70
wRugtGFD8POleMyCs5TKXfRpDgWia48S.jpg,410,1076,516,612,743.0,564.0,666,96
WRuKQjVHejbClNKVd3VOyy4hYw8l28R.jpg,324,940,496,581,632.0,538.5,616,85
WRwulyblfkKUIm4Klof8J_8gTcbz3k3.jpg,394,833,413,496,613.5,454.5,439,83
wrZ8otw=723Wyn1IKZ9uVVRjNNwsH8.jpg,390,790,418,484,590.0,451.0,400,66
WR_rL2Ht8reU6hoXuITqljnFZ9DWLbB.jpg,402,809,422,487,605.5,454.5,407,65
Ws2lRVBaXyjq=FSubPQoXNQs27yEPXG.jpg,401,708,459,519,554.5,489.0,307,60
ws4xY9VOcPIllesrmYzc9_Xh2mSpqkOx.jpg,439,868,458,525,653.5,491.5,429,67
WS79MYnQSabr9WXv6PODZigezvLtkjL.jpg,494,816,464,527,655.0,495.5,322,63
wS=JyuBfSg7gg1OOQnkv4iNwtNDu=Bq.jpg,370,824,426,493,597.0,459.5,454,67
wsaaxT97UCd8NFK51bJ_O5vB22B29BaK.jpg,437,847,422,486,642.0,454.0,410,64
wSGZJgJPsPHMatTNugNMNsVpF87USmm.jpg,333,741,419,482,537.0,450.5,408,63
WSMtorkPBT1gNkzKUw5=BzHi=FIUW2.jpg,315,755,418,482,535.0,450.0,440,64
WSqUhvpJmvDXLsW4MEB=bcpmskFFaPwT.jpg,394,812,419,497,603.0,458.0,418,78
WStSeak5ZfyF=T6tmPGtkt=tWdcHE8U.jpg,360,955,476,567,657.5,521.5,595,91
WSuD5uoXoZcxHF2zWqMUSbpJ_M4R1f.jpg,295,768,456,525,531.5,490.5,473,69
wT=Kkg675S8f7uuNXCqRJhvtl2Ylp1Xh.jpg,421,876,435,503,648.5,469.0,455,68
WtCLU3_w53L1QnHHtl3Qr2Iof8IpeaO.jpg,415,915,443,526,665.0,484.5,500,83
WTgR9NuSTHECiGbKuZWwrrKJ6H=vtOqw.jpg,228,1122,593,723,675.0,658.0,894,130
wtgTiyWS9wO65bnoVzTUfIlUki9FsGzI.jpg,244,796,470,560,520.0,515.0,552,90
WtLIppWu9GtdRguTCm_XRdS_Wzre9HDF.jpg,297,745,428,511,521.0,469.5,448,83
wTmNNH6gWaR1Q1zCTWHKeJPMhYFc_mm.jpg,379,814,421,485,596.5,453.0,435,64
WTn8ddzEZtvq=Un2nY6hGJYgK7dYJ.jpg,338,781,433,502,559.5,467.5,443,69
WtOes6KWmaptfZ3vsdJDPEMkmPdgBuy.jpg,321,797,466,541,559.0,503.5,476,75
Wtt2WmCjrKU2vz3fBuvhP56BMjh=Xve5.jpg,430,884,423,491,657.0,457.0,454,68
wTTHNCagLsZnYcbUfXyj=Ee2a2qJgQ_L.jpg,376,951,470,578,663.5,524.0,575,108
wTwi5dFWwcqQbELxCqHF2nmSQssGBW.jpg,399,679,424,478,539.0,451.0,280,54
wTxnsQJhP1jUWPBImdYOtjaK74evPJ=v.jpg,429,869,419,487,649.0,453.0,440,68
wTYD4PEPRQx4OL_COp5y_H=wKdZ1Pg.jpg,420,840,423,491,630.0,457.0,420,68
WUBepryGsSiM3Cuht_F8v1gRFWhmdbK.jpg,404,797,415,478,600.5,446.5,393,63
wufYY7wkuvi3y9__Km7HQXRtc6H46Q.jpg,354,866,453,528,610.0,490.5,512,75
WUiqS7uwtJBzI3JYCCj1y_SquQkk1R_.jpg,425,848,423,495,636.5,459.0,423,72
wuNexkPcLNbKE9XNQ3LOHNoXCMbTHMG.jpg,499,958,462,535,728.5,498.5,459,73
WUO1emtKOkNPmQdSt4WUDmsP_ix4Dv.jpg,369,960,473,581,664.5,527.0,591,108
wUP6dkEroTZEjHineiLD=5pqhYo5.jpg,332,1170,595,724,751.0,659.5,838,129
WUqhCGowPUtZIcNkW1JfeaMcOrQdZmUe.jpg,489,775,449,507,632.0,478.0,286,58
WUQsQ7r4dKgZ_QWzegIclmXhC4sRsM23.jpg,395,859,433,525,627.0,479.0,464,92
WUwX8csGGRz6TOfLU_CbCTMHI3NdTDxP.jpg,336,822,474,550,579.0,512.0,486,76
wUXvqaENQy1XfX5DTJCqrGWhQES7Q6.jpg,397,898,439,516,647.5,477.5,501,77
wv4OSoGZDNjdWhpzsmqrfh7JgH_Id3e8.jpg,421,759,484,547,590.0,515.5,338,63
wVeam_2huQe3gpiIdcvHTYjw=W=uZV.jpg,328,781,429,497,554.5,463.0,453,68
wvgs39EuWUQweqU5w5YkgD1=U1R3fXD.jpg,415,800,412,477,607.5,444.5,385,65
WVh9NhsGa6Ev1Nq9zT94wi8_hynXb.jpg,402,814,419,484,608.0,451.5,412,65
WViVqsncKI=UiDSeH7bEy28wh2riEjCn.jpg,297,764,439,513,530.5,476.0,467,74
wVThhyBTaLMy=MDvQh_Kq6pF745utJ7.jpg,421,941,491,572,681.0,531.5,520,81
WVTHs15Bm=13CzQOBxK=zkuSKYdcWOC.jpg,320,749,424,492,534.5,458.0,429,68
WvUlCmtS9E1YhhhWQBFBwW85gDrR61.jpg,377,804,454,524,590.5,489.0,427,70
WvVxr42_V7g1HPpEJiNqxOk5ovFeX.jpg,368,915,455,560,641.5,507.5,547,105
wvxamTmU6ktr5jaGhkci4Tmo4UO2IQj.jpg,263,1100,538,663,681.5,600.5,837,125
WvYrvJRU_E6y2k8ue92Q6RzS3P2HWMEa.jpg,419,895,440,521,657.0,480.5,476,81
WvzCtmQDNt1RZRD=3=pWhvV4sGLoarE.jpg,401,808,419,482,604.5,450.5,407,63
Wv_p57MOFiTcKPHkxph=ikvfEmkzb_I.jpg,405,857,424,491,631.0,457.5,452,67
WwdDuFCiOQoDnSGVS_36lxyiQXeK1Q.jpg,453,878,422,492,665.5,457.0,425,70
wWFOwZht37wzoegkGK8RTDDFng3KEq74.jpg,417,843,422,489,630.0,455.5,426,67
WWLfeGSY31=wCSgm2wh9MR46veQpklPi.jpg,424,891,476,546,657.5,511.0,467,70
WwlhOf1Dg6XXS4VMdNiYweokJLKVEzR.jpg,421,837,412,475,629.0,443.5,416,63
wWOm=vvbdPMc8CpJyHGOTwP=U4FXHCy2.jpg,405,800,415,477,602.5,446.0,395,62
wWTvIqwfn=24irlOLBJjLpLgHiPqFa.jpg,363,817,434,502,590.0,468.0,454,68
WWvatKGfqq7shwt_emHBSjBDY5lsE9.jpg,408,883,434,511,645.5,472.5,475,77
wx8sVBYrMWgVYr2iDf7DieGirqCycgfp.jpg,398,767,482,544,582.5,513.0,369,62
wXD8UfEtK6HOjM25oxxby3whQVhVphe1.jpg,396,819,450,521,607.5,485.5,423,71
WxgXZ8LWZO6UqUCasugLsElcouGziKH.jpg,222,1047,554,693,634.5,623.5,825,139
WXOyajjvB5ZrpxJPvEO9IVkHmmezhHJ.jpg,466,768,436,495,617.0,465.5,302,59
WXR3nr5beEsKJ7xfcFCyGLUMSqiE_.jpg,309,797,487,558,553.0,522.5,488,71
WxrIREBCn29mVVsFfRLGZdZTeXwc1Z.jpg,327,652,444,503,489.5,473.5,325,59
wXTEDLN7jOuVpQXqEYLSctLn8zqq6.jpg,386,862,476,546,624.0,511.0,476,70
WxvOTxMyMh4S1e3JMSKo=JPKpbHMff_.jpg,300,782,468,537,541.0,502.5,482,69
wxz8Jx7knWpxm1GTCWHflMZ7C1lkD2ho.jpg,382,836,423,510,609.0,466.5,454,87
wxZCXMiouh3Zq=xnBmcYfQJqg8XTgmo6.jpg,388,780,444,507,584.0,475.5,392,63
Wy4kTDQKkZ5=WYsU=nwzjl8oY8_r=LYx.jpg,402,816,420,488,609.0,454.0,414,68
WyCtDe8nFZOy8OCkVRNXI72PSv8Ihz.jpg,436,746,463,522,591.0,492.5,310,59
wYDlXJ19oodwgOoTuqjjUn1fjfERw=ut.jpg,450,880,416,479,665.0,447.5,430,63
wymBo7R3WuFMU51XSDZeqdq6KTTewI7.jpg,431,703,417,472,567.0,444.5,272,55
wYMjTaBzCZ_=tF3pfxGpSs=GaoiNTTYD.jpg,405,800,414,489,602.5,451.5,395,75
WYN4LTn_ws2Vua_PdZPa42QUPokDveqg.jpg,463,870,417,495,666.5,456.0,407,78
wYnUHbJWJfgWMbaFmhs45LhCgSstbPdd.jpg,429,864,424,496,646.5,460.0,435,72
wYnYKze8DdhOoszzqoeKDbrBaMVF7NKx.jpg,404,812,421,486,608.0,453.5,408,65
wyUTGnkk7=gWIZgIaXzFJh9efez5J5B.jpg,365,809,455,519,587.0,487.0,444,64
WyUyWHI3wHYk__MraQvjJtexJab6dc.jpg,438,719,429,482,578.5,455.5,281,53
wyvdsxHTDDil7HsPkCFhlbDTYVrRRl.jpg,455,725,415,471,590.0,443.0,270,56
wYYj76sIGDWDxbHmIljRyQbXmCxYa8c.jpg,598,1033,469,554,815.5,511.5,435,85
Wy_jk2C5ffRsnQb3DNK8FCWS2JTNoUZ.jpg,452,902,427,501,677.0,464.0,450,74
WzDzj4vGFIviUnXUHvi_V3OdGFxQLQj.jpg,389,835,434,503,612.0,468.5,446,69
WZeieSU1Oo3qSoEpOViqr=wXjn7nUKxQ.jpg,472,741,425,477,606.5,451.0,269,52
WzHVK6ojuOZdC8FgwoyThS2LPWhVPH.jpg,309,832,491,566,570.5,528.5,523,75
WZODJelhnrMWxCn8iDLn7=J7RtB5LJK.jpg,358,915,513,592,636.5,552.5,557,79
WZPFiJi_jC9QJUUpJggrRwQS9omOxdu.jpg,492,821,469,531,656.5,500.0,329,62
wzpIerOdPw9Yaw5Ef8rbnyyJE1l43om.jpg,442,715,421,477,578.5,449.0,273,56
WZpZM5mQykL5253uC3=2fNEOqMl9QjJo.jpg,377,866,428,503,621.5,465.5,489,75
WZqFegzkqe1fs=skcas8EgmGmy8atcj.jpg,472,753,425,480,612.5,452.5,281,55
wzvaXO=meUccm7EdGYIdf5ILaPay39Bo.jpg,432,834,418,484,633.0,451.0,402,66
wzVxGvsjMuflw8cfEd38h51hjnlczrY.jpg,384,667,441,495,525.5,468.0,283,54
WZXeO7KZw5y95Ss9=xee=umUaICLdaR.jpg,326,747,413,476,536.5,444.5,421,63
W_fkYFNJE7IZ5pkSICtT1cD19cqCUD.jpg,425,859,465,529,642.0,497.0,434,64
W_J8bbhyD5iQf9JHWakdKU8CwDKVTKv.jpg,226,1029,550,671,627.5,610.5,803,121
w_Mj7qarob8P7tzG3wWwNrcZME=f4w.jpg,420,901,444,519,660.5,481.5,481,75
w_P8cpHRfDwXLKsZfRYhnzmCuBB18Oak.jpg,479,759,423,478,619.0,450.5,280,55
w_pTIycJUH5z1D_zHJ2wWNOMpkPl2y32.jpg,430,868,457,526,649.0,491.5,438,69
x1ISXetxVEKfPyHNRk=KcxNWlKpM9dj.jpg,394,694,435,496,544.0,465.5,300,61
X1psVyVKjHmI5RRxa4JExlb1gF_cY5Df.jpg,332,889,514,592,610.5,553.0,557,78
x1pVBd2TLxzNe_EMzSP7RcGjoDbxI4nc.jpg,319,862,470,544,590.5,507.0,543,74
x1tm4jdQ6I3FQIfuT89Hoo42KLisvRw.jpg,398,838,426,499,618.0,462.5,440,73
X1W52P8c7rcWTRtM6pXgyx3lz6GwcFy.jpg,290,764,429,501,527.0,465.0,474,72
X1YWIKWO2OXZMQbwHwpP7pnxzo886C.jpg,501,1000,454,540,750.5,497.0,499,86
X2II5RCwnuvuTlduNezXIywrwUt9=xWZ.jpg,435,864,418,495,649.5,456.5,429,77
X2JaXyvt5e_Uo=6px8pIubceGMQQK.jpg,455,778,479,538,616.5,508.5,323,59
X2qIirbck2V5kdMwg2qaqLt8hIPv.jpg,345,767,413,476,556.0,444.5,422,63
x2SbMXh4F5ky3XVFmMyiLwkScf1r1oL.jpg,409,805,443,511,607.0,477.0,396,68
X2tWilnfVFJP1Fjme58G7D2vP2WCOoY.jpg,349,747,420,481,548.0,450.5,398,61
x2Vry6LZR=lFKBDCgWkxoTGw5lJChar.jpg,404,916,473,547,660.0,510.0,512,74
x2xFxN9yw92gLvVzeZN=xIBJWz8XqSn.jpg,386,842,465,540,614.0,502.5,456,75
x2yfJ7yK7PKmtuf4_M36xe__enxn2OFC.jpg,333,750,416,479,541.5,447.5,417,63
X3927Zqdm6f7=z56TUUvookj9TBBHVxK.jpg,288,836,461,546,562.0,503.5,548,85
x3C6laruQhcBXf3zqPVk2tIWXVGS3d=.jpg,475,959,442,515,717.0,478.5,484,73
X3chd6rfqFC8CKMXt_KDEZ=HKfJ27ya.jpg,403,840,421,488,621.5,454.5,437,67
x3eniNUOLkyplyniLOcgeN1WQr3u7HW.jpg,426,917,480,558,671.5,519.0,491,78
x3F1FdYMv_zcPoh8dIR_YDZ3gySgHCSC.jpg,386,798,415,475,592.0,445.0,412,60
X3fVQo4Gn_PmKdlV_CiSWfZsXKp5t.jpg,391,831,422,487,611.0,454.5,440,65
x3h1ynSGV5dI4sVLe3=Lhn=YDYmfnkE.jpg,269,904,505,592,586.5,548.5,635,87
X3mzXKbPcg3nl9gDv8p=c5IBmPXPgw4.jpg,376,784,413,475,580.0,444.0,408,62
x4acmZ3b58hw3VVChBwWyy4mxOW2L9eo.jpg,411,818,421,486,614.5,453.5,407,65
x4VwIL4Eb11FO7H2yxqUEvmmafBr8Ms.jpg,323,742,415,480,532.5,447.5,419,65
X59YgTRIHqCpJg_fL1LyDbu6ZrmF2aO.jpg,404,909,444,521,656.5,482.5,505,77
X5BeDVmbwRElNc9KosUdwfqMm9ClI6g.jpg,442,909,434,506,675.5,470.0,467,72
X5ImutktxlCtIpUpfoa=Ci5L7QDJofI.jpg,283,879,527,612,581.0,569.5,596,85
x5p23Lonk3bhefsSOcStTU8GiVgBH2j7.jpg,430,1006,523,605,718.0,564.0,576,82
X5qoja4J41ouY8OiCHNtlrH4Ughq_Qcg.jpg,472,851,437,512,661.5,474.5,379,75
X5v8JSlt4YmSNIlxzl8EO4P9adDVP.jpg,518,818,432,491,668.0,461.5,300,59
X5zP9Z1ULN_xZNZybaXzRKuhuLZoQL.jpg,435,981,468,553,708.0,510.5,546,85
x68RKLEUz1nYQ5tWdDrnoZpd9yni71x.jpg,350,871,466,544,610.5,505.0,521,78
x6DBJm7be_RorNFbo4tM3a2hcK_UNRv.jpg,588,859,429,490,723.5,459.5,271,61
X6HkSTqJCs4GyB1VY8dF_KyoiQIfRdy.jpg,387,818,416,481,602.5,448.5,431,65
X6nGmdBc1YFh9aGfQlnFhWQk88dt8.jpg,384,682,449,509,533.0,479.0,298,60
x6PR4ebNrKWmCX_aSrIdbwpnhzWSDL8.jpg,454,892,424,494,673.0,459.0,438,70
X6sajFqCEGnQKYy=1t295Kk4SbqYVvq.jpg,345,702,492,556,523.5,524.0,357,64
x6XqZYZWBcb1RFMyf2h9LS3w5zQa4vwh.jpg,384,878,467,542,631.0,504.5,494,75
X6yKoiEqn75D4FrSZ94qGzG7Xb3HBGgY.jpg,356,939,511,601,647.5,556.0,583,90
x6zx6Bdwe18l48pSpXEYRI8CQCiWlk.jpg,439,898,422,501,668.5,461.5,459,79
X76b5CKVQyxJm62BlTM_DXNITtwks2.jpg,309,723,456,521,516.0,488.5,414,65
X7BiEnRPdOWeYZud8LymOELrnbwd7vV.jpg,461,846,436,498,653.5,467.0,385,62
x7ImzDxlCPT7lZcMe6SdlBS8d7qxf1GN.jpg,331,660,433,500,495.5,466.5,329,67
x7lBFxkw=4Q2vIxJSE16hOnOdd=xqVDK.jpg,443,846,412,474,644.5,443.0,403,62
x7Logfol82gh8WOqV878oN7jzt6_HWpr.jpg,427,848,420,495,637.5,457.5,421,75
X7QCuX8tnGR2Svx1VCyLD6n7aIrSapL.jpg,357,797,429,506,577.0,467.5,440,77
x84BY4lhLzPeJ_ssFLh=Q5UcTSmpm8Cu.jpg,256,931,554,647,593.5,600.5,675,93
x8bG8jX_vG9jTeEYB5Mf6BVB4jejQBRd.jpg,457,754,436,493,605.5,464.5,297,57
x8CEHtFgP4b8lTzh=IDwKEFNzwq3p9D.jpg,335,798,448,515,566.5,481.5,463,67
x8E_EonqNSGVWbZ_MbVa8DJuhknV4mwd.jpg,382,777,415,484,579.5,449.5,395,69
x8oPm7eD9kqHLZjwcNG1u1KuGHGDNnQ.jpg,387,789,418,486,588.0,452.0,402,68
x8vIImIFVbKVSgmj=lLORn3LqvoNgCxU.jpg,484,764,421,479,624.0,450.0,280,58
X8W1YYj52doQwFabcb5P1zOUiWKYPQ9i.jpg,411,863,468,538,637.0,503.0,452,70
x8Z21dkK6LOSRsT41s24iZXh_SZEfa.jpg,422,896,432,509,659.0,470.5,474,77
X91OabR3ytabYqlD993MykI2oLHkm_m.jpg,356,854,437,512,605.0,474.5,498,75
X9=ZdcVbd_=ElSZpxSFL7ysajvyFnVjp.jpg,431,791,491,557,611.0,524.0,360,66
x9Jtx7_6VZpW7=nk24lCU94ytlJkCeP.jpg,351,846,492,565,598.5,528.5,495,73
X9P3Mx9E2=fNelJqxV7cSxs8l4MbTl.jpg,392,805,414,477,598.5,445.5,413,63
x9TzFtfOunisnZHlBbdQRmTSvdiItuKc.jpg,499,799,453,513,649.0,483.0,300,60
x9VYlsdJBOywwt_WGs2Q1wl_2GMzt=Nf.jpg,366,854,451,527,610.0,489.0,488,76
X9xpkucO1x2Ilx=fdttPj1fnVpIEUcNx.jpg,320,778,460,529,549.0,494.5,458,69
X=7NtYEcrITV5bNTrUaWix2n8GyE95IY.jpg,405,914,448,529,659.5,488.5,509,81
X=8WG8Tqo4ibRszlfIIar1Irav=Vnfho.jpg,274,552,444,501,413.0,472.5,278,57
x=GT9vvN33SLGk6awldtpWMsifCvV3G.jpg,320,872,466,547,596.0,506.5,552,81
X=lf7=yj4JBDvR6mlHmiUY1dDVllWf.jpg,471,916,426,500,693.5,463.0,445,74
x=rBo9jn3kGhrzdDnzBwOpRJwxZTs2U8.jpg,458,981,497,577,719.5,537.0,523,80
x=RznDb6UJYvPSqraPhyw=Yo1p1xcwyO.jpg,380,722,457,519,551.0,488.0,342,62
X=wj5svn5HB1JwVqzVQm__TykE6ekboE.jpg,448,802,461,532,625.0,496.5,354,71
xa63vKyijQsr4i5iqrCpiVuZdKVcv8.jpg,418,839,442,503,628.5,472.5,421,61
Xa8PqWR6vmybLIGF1xqnFI9h5GetlmyW.jpg,345,843,435,511,594.0,473.0,498,76
xacQYm5KjuvpXGjHOSMB6dtZGZfmK_.jpg,429,921,489,561,675.0,525.0,492,72
Xan9d8M4VmHfsaHUEXnB7aYkabTH3rsN.jpg,385,872,463,536,628.5,499.5,487,73
xaX4_7cYaz8s6c55LQRjunR3Ot8Jz_d.jpg,127,867,529,654,497.0,591.5,740,125
XaY_Y4gUnTDMkz6fRkotRO6ufOkc_M.jpg,461,783,473,535,622.0,504.0,322,62
xB3eWLQEmorYNcEQ921Sx1P5wVBcVbUM.jpg,373,928,511,593,650.5,552.0,555,82
xb4R3ifHQUJcKQqNyH8nIZcuT2mLL.jpg,453,875,417,482,664.0,449.5,422,65
XB7jlJcYCEuNJmUdpRPQUjjFVPYDFKU.jpg,429,769,481,546,599.0,513.5,340,65
xB8i6v8WrShlKIp41OnSIou_FBNxRiZD.jpg,348,849,487,564,598.5,525.5,501,77
xBEseGBErCBGNVyVPI5I8CqomqkvPt.jpg,399,946,461,547,672.5,504.0,547,86
xBG1wnG6ax34MsbJMYT5p8JyvZi_25ib.jpg,429,838,409,472,633.5,440.5,409,63
xBOVV8jOvxgyr_nvhckKZPwMzKmrPQ.jpg,424,942,492,572,683.0,532.0,518,80
XBt1LfMVR2h4UiIvMxwGHlmSOPW81Ql.jpg,407,887,447,523,647.0,485.0,480,76
XbWUUX1wOERdoDZqm9YCit3XPbGoiWZ.jpg,363,891,487,572,627.0,529.5,528,85
xbzowtbupa1Pk3xdaTLHVPmV4SOD3O.jpg,295,672,517,588,483.5,552.5,377,71
XC8h=rJ7fFsziTNEGWeP4SqTOQxkWOK.jpg,532,842,452,513,687.0,482.5,310,61
Xc8vimO5MKt1SnMzk4mO5aE7qqMwgZ.jpg,505,777,419,475,641.0,447.0,272,56
XC=FhF_ToErP3Vqju6JCpKsLCkrtbtXy.jpg,391,907,449,528,649.0,488.5,516,79
xc=tTQWVEWINv5WIL1sO__fg53Jb1LWb.jpg,353,866,458,542,609.5,500.0,513,84
xcdMNI=EIldgffarEEzbM79zl1CV3g3T.jpg,185,866,517,618,525.5,567.5,681,101
XCdT_RbCf4DslHLSTbp1UWCaBLKmV5.jpg,452,801,484,546,626.5,515.0,349,62
XcqOJxZtsuH3UeX_S==x3aca=KfnLh6.jpg,392,859,468,538,625.5,503.0,467,70
xCu4fUdGDBIfzVFl5raw27xCW3orsRsO.jpg,550,863,455,521,706.5,488.0,313,66
xd38XT71nPEHv_x9LPYU6fHMnKrC.jpg,349,860,457,533,604.5,495.0,511,76
xDaSGztVQGGkfjiOOom97xNUrH63JIet.jpg,382,830,427,496,606.0,461.5,448,69
XDeCbGN48ytheVqLY3MDmtOaWiHLXs.jpg,458,791,446,518,624.5,482.0,333,72
xDGrnu8SjdYSbj7Nr=jOS4heRzZHQ13.jpg,458,860,445,509,659.0,477.0,402,64
XDIBR7GjKsYz3v56HWs=jFgM3q9anu_.jpg,404,796,410,490,600.0,450.0,392,80
Xdir6EOfvPZ9aTTybUQTOqlTGPMk4t8.jpg,392,838,459,531,615.0,495.0,446,72
XDjBf5osMWvpNYrv74sOct=XlUfbCZq.jpg,294,776,446,522,535.0,484.0,482,76
xdPPCZstxOUvIqu6k_oyc4pGk6WnOHSr.jpg,442,849,416,482,645.5,449.0,407,66
XDutOuWfnrZLZoa4KxywrmwZjrXfhh.jpg,406,920,435,511,663.0,473.0,514,76
xdxTk4qVQnUKV2oG_d4uCfjaWGN=SRM.jpg,431,842,421,487,636.5,454.0,411,66
xDXZMusWF78DrU57tcoPzWxMUpP9hx9.jpg,376,815,427,506,595.5,466.5,439,79
xdybh5S1Jm9VxFcSdTo3wHz2OLvZ_tW.jpg,442,720,427,480,581.0,453.5,278,53
XDzfM2GV97TLf6du7a_hBjk3IF==uG3n.jpg,379,800,418,508,589.5,463.0,421,90
XeE6d8udfei52MrKFsF93eC6XyysRyMa.jpg,431,746,468,526,588.5,497.0,315,58
XeEcyWrqsdCd_ia9QTE53lesUbyVCp.jpg,397,788,410,476,592.5,443.0,391,66
xeEPtew9GhaXznFuIgyrqZc2s5ZUNEjL.jpg,429,819,439,505,624.0,472.0,390,66
xeIXfs_VHTLaLPrLHeFnwTtzFD_Z_ssF.jpg,488,788,424,483,638.0,453.5,300,59
XekuOczxTvcEwM6IvKLQpjX7jUpsWdIh.jpg,432,890,461,532,661.0,496.5,458,71
XElw2ge=cQRpwD6Z1aIdvKOsPyh4l2h.jpg,371,897,459,536,634.0,497.5,526,77
xemOZYpx1Hcgw8igg2Bm4tSReEMfGxy.jpg,408,839,427,496,623.5,461.5,431,69
XeMXPnDGm592vpV9s4L45LpagqVboz.jpg,472,900,458,523,686.0,490.5,428,65
xEoHsI7rqolqT257KxGVyM8KJqVZOvCx.jpg,322,793,433,501,557.5,467.0,471,68
XEsOcjb49GE3zTzlLg5ItucJ_di_8EN.jpg,296,833,459,538,564.5,498.5,537,79
XETSxoP2vM3YqwbQqkI2pDY7h7FLCGg.jpg,386,772,448,520,579.0,484.0,386,72
xEU3THdJRPrtjZ22anMWZd9ErKJDiw8.jpg,446,835,418,482,640.5,450.0,389,64
xEummGzWCPdEXt5H=GXL7_KDRfvncQYC.jpg,380,796,443,508,588.0,475.5,416,65
xEv5CpgUIhnF1PGwMBGYoNJHcua4wO.jpg,343,753,415,478,548.0,446.5,410,63
xEWs6GKHvCNtYe_7qvwe_I7WyTm4ppH.jpg,400,972,475,581,686.0,528.0,572,106
XexqB3orLmDUbsLg5FZY6dSK9J8hoz.jpg,408,741,453,515,574.5,484.0,333,62
xeYDw9rVb_y8gZQqVZgL9arp8OnWzS.jpg,355,745,518,583,550.0,550.5,390,65
XF42=zX28iWKJO4SxbGF8sQ8M=2Kdj7.jpg,388,857,435,507,622.5,471.0,469,72
Xf8_L==Rww6bm62QajUVr1zmfeGZzc.jpg,384,881,465,542,632.5,503.5,497,77
xfd_qvNd3_jNKIopSuyJsqEVgfKbWZb.jpg,404,981,505,596,692.5,550.5,577,91
xFJY4rBg3uYEltOLKxTKQogRnT6_Ln.jpg,346,809,438,512,577.5,475.0,463,74
XfTkGVGPWpxgulxWHqs2lR2Jnscr.jpg,394,814,413,476,604.0,444.5,420,63
XfuLGVzk9Sx7BStH=VYzW4hygQjvGdU_.jpg,339,775,425,497,557.0,461.0,436,72
xFUYZdscj2SKhPMYYNctxH2x_W3rldnt.jpg,382,833,421,518,607.5,469.5,451,97
xFzi2sXrCbe5VW8YoJ1Nn3RCyUzNQLP.jpg,460,895,428,498,677.5,463.0,435,70
Xf_6Np2NavNqt4tUFM2uKIFYHnK=Te.jpg,229,813,478,565,521.0,521.5,584,87
xF_OyEcfICCyIdtKY6JGFSUjS5Qbc=UQ.jpg,350,866,473,550,608.0,511.5,516,77
xg5fXRu1Q9ie1ysOEw1awCZUOI1LigZ.jpg,453,768,473,530,610.5,501.5,315,57
Xg=fQ1g4hckGWLlgFdsNSckxwGsDsbF.jpg,269,779,453,529,524.0,491.0,510,76
xgdxkPkftDtZdkzYn3rta4MS6NuFbc6I.jpg,429,853,419,489,641.0,454.0,424,70
XGE8QZtZDHpn1FPHGqhEFtf2iS4ckG26.jpg,388,845,450,522,616.5,486.0,457,72
xGVN3ccxq4K7ecdBpMXEU6=PJvwXUsPI.jpg,437,883,434,503,660.0,468.5,446,69
XgwHQfh9zaiXEFaL_OgkCWYQBEhYfsd.jpg,305,759,424,492,532.0,458.0,454,68
XgxSfDVbuQ_Pwwfcrh_=RTO7kSXcxTX.jpg,361,756,446,510,558.5,478.0,395,64
XH34IYtHcYfU8IGOpPNF2=zljnym.jpg,401,999,474,573,700.0,523.5,598,99
Xh7tujdmJI9L8Sd5R2Xx2ZTVNDB1pTjK.jpg,430,845,415,478,637.5,446.5,415,63
xH9jYVvtGws_haPO8JWnh6iC9qGLmPco.jpg,468,760,431,487,614.0,459.0,292,56
XhElmPg8i7g9OFVmQppUiPvYy1qaIos.jpg,295,813,445,523,554.0,484.0,518,78
XhgLtUT6FOH14c7XyLJ6kOGPV4wxsLM.jpg,393,864,446,516,628.5,481.0,471,70
XhjqGBPI4P4=nB56u36mUWMia4H5QXM.jpg,407,864,434,506,635.5,470.0,457,72
xHKjDxOw99f6KaUOcZOCQSXsxE8qS9Yv.jpg,453,881,421,491,667.0,456.0,428,70
xhmX2wO4pT=kGX2rpzwYZkmKcj3WJzLd.jpg,380,856,449,537,618.0,493.0,476,88
xHo3XazFixEuMDmWMTTfWGaj6jTHJIkX.jpg,385,929,501,585,657.0,543.0,544,84
xHo4XDdRnEtkegYDTxdrrh5ZhGLl1z.jpg,435,908,473,547,671.5,510.0,473,74
XHOLmwxUF_Td429rDwcIccqoaKe9IIZ.jpg,267,904,530,619,585.5,574.5,637,89
XHPRG4vQ3OgQh274__uqS3wJY75nqkC.jpg,464,809,485,550,636.5,517.5,345,65
xhqy_2SDUTJDbIr21xIIVLSZYlgEuayE.jpg,379,827,426,516,603.0,471.0,448,90
xhtqK8SV4Iod=fcwyatTE9fG83xYU5Vd.jpg,277,803,466,542,540.0,504.0,526,76
xH_qItY3DI_bfamSCsOM_51fqnt_uK.jpg,442,876,458,524,659.0,491.0,434,66
xI1JrLNzOIJ8vyw48SvMcNKeea6rvrTd.jpg,340,854,499,575,597.0,537.0,514,76
Xi64vgn_8m7_yGnfs8hN3T_ROcXMZpY.jpg,413,831,423,488,622.0,455.5,418,65
XI7Z1mW19akJYPG=2WD9ZVPnepR6j52.jpg,413,838,415,487,625.5,451.0,425,72
xI8NFX4YFpdf3DE5V4fvaO5jjVYEv.jpg,442,783,479,542,612.5,510.5,341,63
xi=C2TLKGvaqN1tINomUKlwI79dR=Ly.jpg,389,818,422,487,603.5,454.5,429,65
XIaeKr2BuJ6xPFz7RO2lX4fOdwzmmkT2.jpg,460,768,459,519,614.0,489.0,308,60
xIBB=RIgeRy7nWuJJlUplWlCcHi37b5O.jpg,231,780,459,554,505.5,506.5,549,95
XIdjWfxnGSX9TOBp9TCvNRgSQgjqYU.jpg,256,1024,546,654,640.0,600.0,768,108
XIeXEYYursE1iJPOJD4noQlNI2WpnRWm.jpg,410,841,417,504,625.5,460.5,431,87
xiFDWKvYnaJNG22_xdBHkSRDm65ar_xD.jpg,364,813,428,498,588.5,463.0,449,70
xIfNGJNO2tNpgtIFsWbhdM54KY8=pr.jpg,466,736,443,495,601.0,469.0,270,52
XiHHRx3cPj8fuWrghv8InZ2vb=Py3yUz.jpg,391,892,456,529,641.5,492.5,501,73
XioOJmrRtmXCn827p8oRePX7hDxP2Vg.jpg,441,927,471,548,684.0,509.5,486,77
XIP2CPynBYYMoeYj1vGg_Eg6L7VqXn4.jpg,383,867,439,513,625.0,476.0,484,74
XiQ47ZTN6obDhF_RzxIh7G6HzMpNwz4.jpg,415,895,469,547,655.0,508.0,480,78
xIqeGoL8cXPcaJZzuESGbOGayjaHbUq.jpg,417,977,508,587,697.0,547.5,560,79
xIRgeEPGgvUfy2VnbWB8Oyt=aPvpuY.jpg,453,739,430,485,596.0,457.5,286,55
xiSJVgv58Ofixn319DfsiP8PfadfWp.jpg,254,777,460,541,515.5,500.5,523,81
xiVRMUFvYtpE4K5nSJ=xhgL6gcFozB.jpg,246,736,456,528,491.0,492.0,490,72
Xi_lozpXNpZh6K7aM8ZcC32BPqUOMNc.jpg,445,911,469,543,678.0,506.0,466,74
xj2unwGGyga=kYeCEvbEQMw4eyfJlNL.jpg,319,834,550,642,576.5,596.0,515,92
xJ3NWNQLzHzzTH4ISLUP3dsCtSQR1x.jpg,470,903,419,490,686.5,454.5,433,71
xj6uQnvn3kl5YOkoM_zYyYD8vx2sMpim.jpg,114,837,650,759,475.5,704.5,723,109
Xj8TbYOEmumK3UbzwylHpDw9=ml5nX.jpg,307,883,471,556,595.0,513.5,576,85
XjF6YoW3El1JDFzVB9u3Re=x77kpZf.jpg,353,791,437,504,572.0,470.5,438,67
Xjfn799qeEdy7dXHvaOSBNdvQ7hN55o.jpg,390,816,424,490,603.0,457.0,426,66
xjfpxeh3E8y8Jo6cbN5BWyfxRM2s5r.jpg,392,820,425,503,606.0,464.0,428,78
XJogctDby_5jScH2Shvtkjgx3YWefwe.jpg,454,869,413,476,661.5,444.5,415,63
xjOiZ23zR_L4vyTUFKCBtyLbW1KN5zUy.jpg,378,867,475,548,622.5,511.5,489,73
xJQbpvJXtcbpH2GdgHB88e_RTG6ce7l.jpg,362,800,420,486,581.0,453.0,438,66
xjqkyvu81dt4lBnmDwfLM6_uFh8Y3gCN.jpg,326,892,476,555,609.0,515.5,566,79
xjTWE9XM=k96YkdBEoB6KTJHvB6I81y.jpg,477,818,485,551,647.5,518.0,341,66
xJUOgJKToDHEKEYfRXFcCDEUtTx6I5dq.jpg,414,1014,523,613,714.0,568.0,600,90
xjURrd=q2VUOe7utwyxwfjFF8EyloRQT.jpg,415,852,421,485,633.5,453.0,437,64
XJXrOnYzcFoou=U6hubVfTByds_Bbq5.jpg,394,774,448,516,584.0,482.0,380,68
XjYQMdEWJ241nho81zGigsnuTneCD5O3.jpg,405,795,418,481,600.0,449.5,390,63
XjZq99BifI8y6BFLGiwREr77no6HcUL.jpg,409,843,457,524,626.0,490.5,434,67
XK4fRFgrbHth6KuiodVhcQ5H8vbxWw.jpg,410,856,433,516,633.0,474.5,446,83
xk5OpeVEKqwPNM5h4Mfw97CUssr3cag.jpg,314,740,423,491,527.0,457.0,426,68
XKcxK9OOunf5d6O5spDO7Fu3jm1zB45x.jpg,476,770,423,480,623.0,451.5,294,57
XkJfzPRKjKJMtFcfMcnbLuzksoGn9DG.jpg,308,914,498,586,611.0,542.0,606,88
XKO8xj1rbqKn6CXUfOsCIm8ZXnX6Rh.jpg,396,841,453,517,618.5,485.0,445,64
XkpwRMyRQmcg_flaHjfuftBy7Cc31XS.jpg,470,854,437,503,662.0,470.0,384,66
Xkrz5KPYQJ5NOHZjcsocgwtPwpEPoEE.jpg,232,786,481,560,509.0,520.5,554,79
xkTsFgIFLG4HnlcOtB=vJ98XpJxkgXye.jpg,429,884,454,520,656.5,487.0,455,66
Xl2xTMYszRajPmlwOKta3BVeJwsX_f.jpg,366,825,436,504,595.5,470.0,459,68
xl4JJm_DWq71k9kMVd6hq7b24MuDL42r.jpg,431,803,478,545,617.0,511.5,372,67
xlbZMcPZyp61ItwVdEUdyVCuzl31WfS.jpg,435,906,436,509,670.5,472.5,471,73
XlCQtjJqLR8QHR1Da3PUXLahB7hsuQ.jpg,439,876,464,529,657.5,496.5,437,65
XLe2Vtb1TuKiHXHiMDKkckzWaDnD_.jpg,406,765,501,564,585.5,532.5,359,63
xLEydhDZ_e7jRd9mhEfOWSxKTjOmVa.jpg,473,778,459,519,625.5,489.0,305,60
xlHv7M73_6KDfQ9MMYlZKF1SiDHds2.jpg,409,941,459,544,675.0,501.5,532,85
XlJWGiIVl2cGFNpnmRn4ZhmLaW5YuR.jpg,370,748,412,476,559.0,444.0,378,64
XlmkB2XUxpxszfUR1ivtQNQ9w98RG1xY.jpg,372,943,483,574,657.5,528.5,571,91
xln5SWqLeEXcoOioKOm6aSocD=qnTF1.jpg,365,833,447,528,599.0,487.5,468,81
xLQ7d1rmMKk42lNkH6mXzfGkuyHNFUo.jpg,437,952,455,535,694.5,495.0,515,80
xly=FTGw=CbpENhhxYVHkR_uC4vcDpG3.jpg,504,778,424,478,641.0,451.0,274,54
xM8HF5pY6lG_2urWr9XxslbFLQpD4Zim.jpg,418,895,421,516,656.5,468.5,477,95
XmaZCpqPNMb4Vl1O=2sIizGiG_ZUL3SI.jpg,253,831,515,601,542.0,558.0,578,86
XmcGxD56EemdOGP5na5BT_ycN3lUeQ_.jpg,335,807,424,495,571.0,459.5,472,71
XMg1SKOikKRkvy_LDpk_4dF79Mw9a=z.jpg,186,821,498,588,503.5,543.0,635,90
xMIWDRXOod4q=4y3m7DGWrFDgjg4FT.jpg,440,853,419,487,646.5,453.0,413,68
XmJW3RlYpLVqCFlGi5dym7rHTIfB3fb.jpg,282,822,461,539,552.0,500.0,540,78
xmL59IPze4Ir6MFpa2Wj_g78uxWdhZzX.jpg,313,764,422,491,538.5,456.5,451,69
xmmsVYcir1JTl8eJT4lbl9uL8RZHmRI.jpg,332,790,432,504,561.0,468.0,458,72
XmoH8EMy78B5sBcqqDD9vJ4lPFJ1v.jpg,391,829,434,499,610.0,466.5,438,65
XmoHUIzeemGO6iLZhzTtENsXR2IS8IC.jpg,477,750,437,491,613.5,464.0,273,54
XmQ71zMY_pyDNYzPSnCvbal6D2kaMTs_.jpg,407,702,424,481,554.5,452.5,295,57
xmq=keoj47nsLG5LdgB3HkUafWVMMlH.jpg,408,872,472,539,640.0,505.5,464,67
XmSbNCGRHFvlfbi8EnaEYPjf5UCVGn6.jpg,330,695,434,494,512.5,464.0,365,60
Xn4F7R_kyImaePvyOKzZohddS6W1CB.jpg,417,898,444,522,657.5,483.0,481,78
xnBGrxs3uRK1qnx2vEHnx1Xe9rI5iug.jpg,327,949,493,589,638.0,541.0,622,96
xNF5bdh_VHPEZnVMXfmtp6bD48Om_6x.jpg,378,847,434,506,612.5,470.0,469,72
xnjIm_mwpS5nLMEjeaRcfjKkL5c2ry5.jpg,343,1108,532,652,725.5,592.0,765,120
XNjuJBR3ENxV_=nvfh_TYMlBEy5KtMg.jpg,477,803,475,535,640.0,505.0,326,60
XNLCW84cUZDebpcnqzMuGCvM8kgnqCEf.jpg,343,761,418,480,552.0,449.0,418,62
XNmPxeSGdHghZfQpd8xDEzs8IUIy1XQ8.jpg,462,909,427,500,685.5,463.5,447,73
xNvLbOPhiJ21rzvhedgOfnB_=kEFgqH.jpg,380,823,426,496,601.5,461.0,443,70
XNxXHrooudJq8hcIj1yteqIhQEexVmTJ.jpg,461,743,442,499,602.0,470.5,282,57
xnYqMgFt9uuX26kxdo7xbd2XK9ahdz.jpg,312,769,460,532,540.5,496.0,457,72
xo3GB6T=p_yi1ytwsXo7PJWq6UCpaBp.jpg,475,976,485,561,725.5,523.0,501,76
Xo6Zb7oxNqO74dOQl7aHxTesIxr5g.jpg,413,867,449,515,640.0,482.0,454,66
xoB1YI7Re5LuciQhMD4k3dBUapo45CCn.jpg,483,774,452,509,628.5,480.5,291,57
XODTuNvCa=p_tMU_V3hwO_Z4sfYda.jpg,315,831,451,552,573.0,501.5,516,101
XOfunduvhMZGyWb4aBfnrj7WBm6f416.jpg,513,839,448,511,676.0,479.5,326,63
xog=L5Cugz4KqYMxlYniwKnRwzueNoH.jpg,382,680,446,508,531.0,477.0,298,62
XOIg4ZPERXLzBmsdMd4XNHYH1r=Urbr.jpg,292,915,515,604,603.5,559.5,623,89
xomU2zCogDvJGMzKZNY89VCFuMTrf33.jpg,469,751,425,480,610.0,452.5,282,55
xovlUcu29_TKC4hSVpNqTzs3JksmDUeH.jpg,323,930,535,627,626.5,581.0,607,92
xowdNFXSXTdgou_IJlkMffZxZtcpvzI.jpg,384,695,440,500,539.5,470.0,311,60
XOwvyRDQX63kYcUtDw7ZZvsGCIzMi.jpg,362,832,431,501,597.0,466.0,470,70
xp5TE6dLncgB8K91QLxconJlaar=mSqT.jpg,451,880,408,495,665.5,451.5,429,87
xpFehjRE=CmF_4ICJ3LCWujdPTUwWvE.jpg,425,909,446,519,667.0,482.5,484,73
xPN8pon1xYsJUIbHjzQ2x11iYuT1WQ2.jpg,381,850,439,508,615.5,473.5,469,69
XpPrdDEctwbhYqz53XX3OYQelxgxLp.jpg,399,911,491,567,655.0,529.0,512,76
XPqIY3EX4p_w6q52nV1jPLalUJU2NQh.jpg,380,791,414,476,585.5,445.0,411,62
xpsIR3fu32Nvcl5ZwFSivcyoNVvHpa.jpg,206,1147,601,738,676.5,669.5,941,137
XPUaxprkV5oyuGV7pM_8rghvy8fuVVdT.jpg,289,808,459,533,548.5,496.0,519,74
xpYL2kt8peThhdmGEVFds5WO4OzFgh5T.jpg,332,879,468,548,605.5,508.0,547,80
Xpzapy9i49vSdofWRDLmMO6XG3nFbp8z.jpg,408,858,427,498,633.0,462.5,450,71
XPzsNajfbWNIhOZyIx7kSVwsI4WGBST.jpg,398,682,428,481,540.0,454.5,284,53
Xq3fEHQvgE9VjMKW4eyLg5b_WSXgX.jpg,329,887,471,549,608.0,510.0,558,78
Xq5g_9vm3wKbGDTTHIgwFkhvsMcYLs.jpg,471,756,449,503,613.5,476.0,285,54
xqblD=y7ODyvtjWL7LOK=i_7Hjece5Q.jpg,438,899,466,539,668.5,502.5,461,73
XQceMKDW61y_qFOc6uWvIT5Fbw2zwpCy.jpg,419,841,415,480,630.0,447.5,422,65
XQe6quxBy7HBgOSl5oBV8YKzTINIJX.jpg,496,777,426,482,636.5,454.0,281,56
XqFPey_Ih2GJ5arXB_RhjLHVrQgGNo3y.jpg,416,894,428,500,655.0,464.0,478,72
Xqh4GZfYaCJrkCnJjbj5OVtycxYQX.jpg,401,801,412,490,601.0,451.0,400,78
xqIWyJ6PHRJGXJyIuka6lo_o5PT8lr.jpg,351,879,450,533,615.0,491.5,528,83
xQnmSslN7BhJTEdf3FMWTwMBqyFHRG.jpg,414,703,421,478,558.5,449.5,289,57
xQOQKN71E=X86SbQ3zmyaRbjlmWzVnr.jpg,194,793,475,561,493.5,518.0,599,86
XqpNDpa8ST77eOvHsk47E6voBeoHrQ.jpg,426,846,412,475,636.0,443.5,420,63
xqw9aE6fZSFfP3Nw2mDRREyxsLHTmFe.jpg,440,890,482,545,665.0,513.5,450,63
xqzf1i9lKkQNyCkGb1MiXL2hZrBY=uWW.jpg,468,870,415,485,669.0,450.0,402,70
xR2XPo7RDar17ymPlXiv1ou19qNXg_xo.jpg,442,908,461,546,675.0,503.5,466,85
xRBd_HMc81w8zwPiK1CjUpYfsDe_z2.jpg,446,743,454,509,594.5,481.5,297,55
XRGljraDzxz28S=xkfkayQqsHydEsKdO.jpg,421,865,422,488,643.0,455.0,444,66
XRt5UcBtB38MnEbdNSgwZPsL1tGgRJR.jpg,320,867,492,574,593.5,533.0,547,82
xrTwjnTFQiSZxGBU72zqD5vk1N7k9h3Y.jpg,104,972,530,654,538.0,592.0,868,124
XRu5Mn_VxoXUGZJs7Ja8O_gdL6BkOyht.jpg,442,871,425,498,656.5,461.5,429,73
xrUbEy1GuvK_GpzGBNtPL335mqNqi7L.jpg,378,874,451,524,626.0,487.5,496,73
xrVbyQ7rCB8oHVz6mfPhU1kjU2RetmH.jpg,283,762,443,517,522.5,480.0,479,74
xR_qWeOrL5gtOKdhaWclDKkWpXumh7y.jpg,403,855,429,509,629.0,469.0,452,80
Xsdd4ND2EvFDYtVDBmPfb7XJmw7Ie2F.jpg,403,822,420,493,612.5,456.5,419,73
xshSz4yVMye2r_1lJsp31Um8m6p_hyua.jpg,462,912,431,501,687.0,466.0,450,70
xSiF_8WrlkLuj_tc1fpwZj7LqPc3HDm=.jpg,406,825,447,517,615.5,482.0,419,70
xsJzHln7dS2OGBlsMDh33KdInoLRohN1.jpg,367,876,439,515,621.5,477.0,509,76
xSRuID8wJTOqvIVhtvafQ91XCO3tl2.jpg,399,895,480,558,647.0,519.0,496,78
xswXks_LtVtSZanMiQOzYmE8jkC7UVu.jpg,414,808,465,539,611.0,502.0,394,74
XSYHKiHBzC12i9nwsuY3Ywzv82_aerb.jpg,399,891,430,504,645.0,467.0,492,74
xsysG4EVyYMXRXDIoCGh74CqaGwBMEjn.jpg,481,946,464,542,713.5,503.0,465,78
XSZyWHEbdg6CfXTVWIYtIo3YBdhwQC=.jpg,477,1021,480,561,749.0,520.5,544,81
XS_nyVNm_YYCgtodPqvwYamhPTjSBl1.jpg,413,990,511,597,701.5,554.0,577,86
xt2Cq22JQ=xrrL9qK2_jus2R=JFMh9wO.jpg,236,883,507,598,559.5,552.5,647,91
xTai5VOI1fdZOzWMy1TPKVWkpRRhY.jpg,428,914,443,520,671.0,481.5,486,77
xte3ucj8prJSGPqmKkwWU1UWnx=bmX6W.jpg,439,847,448,514,643.0,481.0,408,66
xtgxMT91nVC66thcbdFqKVHPGEOWb9.jpg,441,917,442,514,679.0,478.0,476,72
xthllXWtOdZ3jtBM_QsJvv3RWIiyU6aT.jpg,257,761,456,531,509.0,493.5,504,75
XTKhOkH8PxuDBWDJrKpI6H9FRZ9aQ75K.jpg,435,835,418,484,635.0,451.0,400,66
xToVz3uIpg9kEqFphd=OqMdr5DvjHQ.jpg,437,864,432,497,650.5,464.5,427,65
xTqEsnwsSLZl7oNlpf_3M1YHIEOBidLN.jpg,471,802,456,516,636.5,486.0,331,60
xtRuTqeYLwxnJebSwB2WYz949WDlV3r5.jpg,294,799,453,528,546.5,490.5,505,75
xTulIDoMuaDcZKXs68ZDVv4=ZE9Ty8P.jpg,351,864,465,540,607.5,502.5,513,75
XtY3l1Dw7xkFCDw5a6IxXHC=Fto7bbj.jpg,377,836,437,513,606.5,475.0,459,76
xTyRUucd66JvvRol69ISd23XrtSOE9hV.jpg,479,908,415,483,693.5,449.0,429,68
XTZ4Zxm3itPom1_MkQM7HUxbn94VC2=r.jpg,366,787,437,498,576.5,467.5,421,61
XT__ur9YzCDdHVkhShzZ=wgNyINswRxo.jpg,451,903,464,534,677.0,499.0,452,70
Xu6gNN7BDaCf2srP8Nbo3vlm8fufD.jpg,107,827,515,665,467.0,590.0,720,150
Xu8Jrq_mgPddhjd41N2FbcQ=PLjDS7XG.jpg,428,905,445,533,666.5,489.0,477,88
Xu=rgh2spPXUi4pI1Cr6p8OmfyUVms.jpg,358,830,461,534,594.0,497.5,472,73
XUBkJvWROBdb2Lq1v=OjITDua_MpMb.jpg,273,996,518,647,634.5,582.5,723,129
XuF62P4jf5shhzFbWZTcQam=zMiBNtyF.jpg,451,846,440,502,648.5,471.0,395,62
xUIKuPopBXaSbBkjlmc7Xc=yENDVDau.jpg,422,834,415,493,628.0,454.0,412,78
xukdJbqJpWPqfsaCaEWlCKrtwbIWlKzM.jpg,300,762,436,511,531.0,473.5,462,75
xuS8NlXGJ7zxdbLdxpr_KMLpvHtl34.jpg,463,879,415,498,671.0,456.5,416,83
XuT1GxR1wo2U2m_w5TaDjCzDk59ZV8hB.jpg,518,874,452,525,696.0,488.5,356,73
XUVqUxFEaOBfWlUTeUf2hHmc2_qRlBhR.jpg,547,821,425,480,684.0,452.5,274,55
xUXzphBru52MOKCNOsU3Z16sWE9eZ9M.jpg,317,743,417,481,530.0,449.0,426,64
Xv19H4GQWajfdKTsHBcJoz8RaKTVa7BR.jpg,450,788,441,502,619.0,471.5,338,61
XV1v6ez=CDcEpsnCB2ijJpQ_dJ8XKYPI.jpg,274,937,495,614,605.5,554.5,663,119
xV3Z5oWRQTStQdpxzY5QCDD7PLMiOM9.jpg,224,960,523,645,592.0,584.0,736,122
xv6Evrh8quS_4i6UgyC4Nbia65a_Cfl.jpg,387,823,419,483,605.0,451.0,436,64
xv=RaRsycBBX9D4mdkpBF6uwI6Q5Mnam.jpg,424,851,446,515,637.5,480.5,427,69
XV=swhjy8TMXXKgxzR27EDCuCZCnY5.jpg,356,763,455,514,559.5,484.5,407,59
xvCPRSYHZOthEBCBMPEUPruY4w=pMyDf.jpg,396,922,496,570,659.0,533.0,526,74
XVCruXk8wgvx7nJv3npIcqXNmyotk9p3.jpg,340,759,424,491,549.5,457.5,419,67
XvEh8mIpdlfNQERvfxEmTTp55P9giill.jpg,425,865,429,498,645.0,463.5,440,69
XvHYnSKmG6TfIIUWQVTguH_1dWSc9sE.jpg,499,774,424,478,636.5,451.0,275,54
Xviby_kYSnc5ejzDZzBHVH9tOgB4HPDX.jpg,433,825,444,507,629.0,475.5,392,63
XvpOg6rdadoL7FQGyyPV_TYGXo5YY.jpg,452,790,435,505,621.0,470.0,338,70
XvsCfZC4dr4yk89Dwpa_edRczS8LeRN.jpg,380,911,462,540,645.5,501.0,531,78
xVSiUw2w4Yb8PSybgDXD_H=vZ=Gfmp8S.jpg,320,865,468,547,592.5,507.5,545,79
XVtMK1ETjBHQgkMB1tPxX5j2Vk2XEb.jpg,296,795,435,510,545.5,472.5,499,75
XVUbsT9idzV4UnloSIqdPQfoKxVChT.jpg,287,926,490,587,606.5,538.5,639,97
xvWXgZgGyrcyWGfZHlwpSgQgSkusKf.jpg,374,821,424,500,597.5,462.0,447,76
xVzYKsf6lUPzrEthUrsKFqa8mpjY_Ys.jpg,302,765,424,492,533.5,458.0,463,68
XW11VaDxwnuP2Gr_GzHROrJGiIO5qH.jpg,407,983,515,601,695.0,558.0,576,86
xW2PhnxCNC8s_MyQMNa4vakwai5bHhW.jpg,262,779,455,532,520.5,493.5,517,77
XW7zSuwqMZoaSQgMC_QH2MHpFHN8jvyq.jpg,405,849,459,528,627.0,493.5,444,69
xWcNHNeEG=t9Rvd=kVHLM=CXlXFC_p.jpg,441,899,435,506,670.0,470.5,458,71
xwdW1F=laSfGKKE_VwwdWSk_XsfBRjx.jpg,374,839,437,511,606.5,474.0,465,74
XWE2ftq3oGF_lkjY8PEwxlSthTqciEb.jpg,398,934,499,581,666.0,540.0,536,82
XwFzKRdO2hJEe7admQrIVQrDHQF9wIb.jpg,498,856,485,550,677.0,517.5,358,65
Xwj3GweJ1pSlQiWiNyV4TFDEFfzacvS.jpg,513,966,420,512,739.5,466.0,453,92
xWlh5fNcIMwJLO5DfLYyGiPGq2x21XN.jpg,246,810,517,597,528.0,557.0,564,80
XwlTwzU378mJ5nvi4C3wnHGZ8RPzl.jpg,451,888,423,492,669.5,457.5,437,69
xwLuRLZkRxJHgUF5CwEwFr2OtQdF6dw.jpg,310,777,450,523,543.5,486.5,467,73
xWmv28DYR3rMGLESNFf8ONuE6bmGHDr.jpg,504,822,457,518,663.0,487.5,318,61
xwNk3EIVpCFxhLEJb3J8OhIyvJKyEI9.jpg,372,926,512,591,649.0,551.5,554,79
xWp9Z1=3SUOsW6r=68r_QwmillvGyi=.jpg,329,764,435,499,546.5,467.0,435,64
XwSajBd4rXL98F7Oa1beu8EUa8PQCwx8.jpg,399,1055,493,593,727.0,543.0,656,100
XwtcfURX1hCXfFahI8WhKCKLKuHq=oh6.jpg,458,823,501,569,640.5,535.0,365,68
xW_5Dn_TTf7Z=xHz=nJo9UkbUJhNhK5C.jpg,426,828,413,489,627.0,451.0,402,76
XX4WCnL16LzRP1PR33GGsnP51ZQInrz.jpg,343,741,418,481,542.0,449.5,398,63
Xx9NWF2bqgel=4Ww257uyIdRSvSW2U4.jpg,472,771,451,510,621.5,480.5,299,59
XxaIXhc7DiCUVKRy44uRmPKdzJXWhx.jpg,342,888,447,542,615.0,494.5,546,95
XXDFK3HhHV7oEnJfhstwJbSqds2coV.jpg,399,838,416,481,618.5,448.5,439,65
xXdPtmktJfsRFc_Rlc5HsMfDzwdVQGL.jpg,384,831,433,501,607.5,467.0,447,68
xxgoz51S1iMuUOl4SzvR9TRgNZ=VP3g.jpg,373,813,462,527,593.0,494.5,440,65
xXLDRHbuYDI8nxiBuu6zey2=7Ul=Ufb.jpg,429,841,446,518,635.0,482.0,412,72
XxOjmBS5MHobDPEB3fg=2YLJrw_c=ZUH.jpg,224,796,462,544,510.0,503.0,572,82
XXt5_73=KmvaGFWgokhwEduBNvkvT8q.jpg,465,910,417,482,687.5,449.5,445,65
xXTnTvfgxIcEvU37b9WZF1R1IOYITo1N.jpg,251,836,517,604,543.5,560.5,585,87
xxU7icJ6hCizmrDBKuPwliPxa28HwU7.jpg,370,823,423,489,596.5,456.0,453,66
XxyT=cxHMdjNVE=jUpURbMgml=DNqyN.jpg,349,763,425,488,556.0,456.5,414,63
XX_pTVFwMJq955t8L2V4wXYJf4U9BO.jpg,386,850,422,492,618.0,457.0,464,70
xy3R7UMxvbk5EGWxBI3is8DiIBYoXi.jpg,414,956,452,537,685.0,494.5,542,85
xy4focCz2pBza_wipXwfkw3iCQOOxu.jpg,445,864,451,518,654.5,484.5,419,67
XY4HBpl4obunWLfRijLIe=sQNxfG4vYq.jpg,326,757,421,484,541.5,452.5,431,63
xy5GT=cfL_ekSn7uMsHbZshe6rcnQI.jpg,321,916,477,584,618.5,530.5,595,107
XYcMizlkQm4GiDMivDBwL2te823j_.jpg,357,855,451,524,606.0,487.5,498,73
XyFGbPmaajaPxfHE_8eFfiTpDwcL1c.jpg,435,925,478,555,680.0,516.5,490,77
xyfWo2VRgoXEWTMHFFBmzIxVczFNGywc.jpg,432,854,422,488,643.0,455.0,422,66
xYiQpfsZM_tZiPumgpPrpWTG9HNIh2.jpg,463,814,492,557,638.5,524.5,351,65
XYtz_EO3WsXpczGoU15ip9nRoxhOalDQ.jpg,383,720,459,524,551.5,491.5,337,65
XYUDDzGBqb9Y4SmDu7LPrlavTMJaySD.jpg,466,947,469,546,706.5,507.5,481,77
XyuyCjZ5QGqE4Txxz4zmGUYwejvylipb.jpg,307,851,486,561,579.0,523.5,544,75
xYVB1GrcD4DhlUdITUzzPaXo=MCn4x.jpg,399,751,446,511,575.0,478.5,352,65
XYWGG=_rIQwzd2zRmHVvXiGV5qcDjwC.jpg,340,817,466,548,578.5,507.0,477,82
XYWQiQBEQvtvU8EJq4Kt7gBSa5RBOyj.jpg,331,745,421,486,538.0,453.5,414,65
xz7CsjuZDYNDTZ8cmX=6k=T5MU2S9.jpg,411,850,467,535,630.5,501.0,439,68
XZgC1RjuhgSyOvED77l4h3frEssWCuP=.jpg,498,811,459,522,654.5,490.5,313,63
XZmquYxhpsOFn44qViisWNgngvUs6LxQ.jpg,339,736,445,511,537.5,478.0,397,66
xznesuILxT=dmx2jjxvd1FSH4mp_.jpg,393,803,420,493,598.0,456.5,410,73
XzqgFuDd4Eb9BNcvja6jWLKH5PjMNX9.jpg,326,741,421,490,533.5,455.5,415,69
XZWrUrNjyIU9H89_7cEU9W_GmVJPwHt.jpg,282,721,445,515,501.5,480.0,439,70
xzxqqRYfdBz_XCHtROkftXSLVlDp3rN.jpg,371,802,424,495,586.5,459.5,431,71
x_hj1NqYRnE1fPM9S_SztY_UakOrl.jpg,430,853,416,480,641.5,448.0,423,64
x_kJCz==DlYZw5GyyXbGQqivkVBUEx5q.jpg,398,910,475,551,654.0,513.0,512,76
x_QKtdVs1dzWQ=O7pmSg85aNWBLZfva5.jpg,494,778,429,484,636.0,456.5,284,55
x_T=tUm_x_1_rP5oJK3OC7Hi7DVOiQ.jpg,450,755,454,515,602.5,484.5,305,61
x_UEb6lCPT=m8lyE8M8hiitzMPSUp38.jpg,308,891,483,566,599.5,524.5,583,83
y14jBD8Ff_8wQp2vN7Bc2jfV4QhlacV.jpg,431,1029,456,555,730.0,505.5,598,99
Y1GkaUwRC6nQruKV6Xy9ZLNknqZ8dSn.jpg,476,997,456,537,736.5,496.5,521,81
Y1gr3P3LhxQPoGgaQaedGbmHPLMpvhEE.jpg,275,814,466,548,544.5,507.0,539,82
Y1KDe1KElDuSUKGQ32dWw6mdqZi9F2.jpg,356,801,453,519,578.5,486.0,445,66
Y1QZWMdse=k8cLMm52_Wekl3BJYauaLF.jpg,361,835,459,528,598.0,493.5,474,69
Y1UGz7_L6UydX8vUvi3ZUT1t8zLMSjc.jpg,241,858,542,633,549.5,587.5,617,91
y1utVT3DhqzI357tnlKyp2hyXJzGM49.jpg,393,796,412,472,594.5,442.0,403,60
y1YKzcqjqkhkSekxK9fwor1WuQlW44k.jpg,342,846,434,508,594.0,471.0,504,74
Y23M6155RmbGoTqdZJffvyTb89RYal.jpg,334,740,421,485,537.0,453.0,406,64
y2buRgFKNRwLyKGpBXX82sUSwG8Go.jpg,408,808,417,486,608.0,451.5,400,69
y2ICfYkaT8SrswVmQSIdchbVDVxrrrQg.jpg,406,841,453,528,623.5,490.5,435,75
Y2LzNe2cMeF56eFBdMD1CLh_BSl6l4z.jpg,357,775,436,498,566.0,467.0,418,62
Y2MFX4Ix6Z87XDyi6_1PD4ua4nRMssEm.jpg,335,744,415,494,539.5,454.5,409,79
Y2Mt=7r4PJnY_CEMGYT5UWzemNQuTy1.jpg,373,847,432,509,610.0,470.5,474,77
y2oTdshr4ymZyudHnTDzKwKk8tcN3QWZ.jpg,408,843,418,484,625.5,451.0,435,66
Y2PPhGadHHF=WjPEZKkf1hNSlz_hwbMJ.jpg,420,852,422,506,636.0,464.0,432,84
Y2PPRbbzxp9P_Z61pydEo5d=x9XrB5y9.jpg,359,691,474,537,525.0,505.5,332,63
Y2un_ocifNfVc82NL6hXfeHldW34c6I.jpg,387,832,422,490,609.5,456.0,445,68
Y34njax5i6mxgOPMoieT9ffe=gcezh.jpg,389,809,419,483,599.0,451.0,420,64
y35pyQRZsUsHvE8ELKq5rrpMdRXH2EJ.jpg,280,812,484,563,546.0,523.5,532,79
Y3aEgm5N1qUFxpvlnyHNFvvrwByJjsf.jpg,400,1056,543,649,728.0,596.0,656,106
y3jCsKr7788eU_dxoiwNudOf8D66O7eh.jpg,414,973,504,591,693.5,547.5,559,87
Y3JUbeEbiG_fwrJkhzBnzmPrHrmRn=.jpg,379,821,463,532,600.0,497.5,442,69
y3kSqHEcQpZmWuFL9YRxuD9cgePp3=q.jpg,481,762,447,501,621.5,474.0,281,54
Y3PrhU9NN48L6RoisRq6ipON8Yk3kHc.jpg,408,751,436,504,579.5,470.0,343,68
y3T9HIKODM_a2jNua4jWDc38UYD8TKE.jpg,382,660,415,472,521.0,443.5,278,57
Y3zSwGG2Mj=h_QNuoyTDiWqkahnaun1j.jpg,398,739,474,539,568.5,506.5,341,65
y49VGiObkUyn7VGITEPoPqXRbOgOaRz.jpg,464,822,496,562,643.0,529.0,358,66
y4ccOqDePNPPXqMKNJi3uqvdhVJHew=.jpg,398,805,412,482,601.5,447.0,407,70
y4dNw3hBIWu_GtJvaCFrnF4l2n97q5f.jpg,389,939,511,590,664.0,550.5,550,79
Y4jabJJmiu9gKJbfQqU81bLLP13Gj2w.jpg,395,826,427,512,610.5,469.5,431,85
Y4LitIRiK2mtD=_SudvHtGstvZB3UPK.jpg,399,675,437,491,537.0,464.0,276,54
y4nDB=D2pTV7YosHQ2aDW86Lj7bDeLcX.jpg,393,804,411,471,598.5,441.0,411,60
y4UgwR9RzWrvYNQIczfOu5lHHq8yTx1.jpg,316,803,471,548,559.5,509.5,487,77
y4ZoJRfkH=M3URXJUP=iU5=s5SC68N9.jpg,343,831,446,518,587.0,482.0,488,72
y58Dkn8drdIx1JpFcy1v5BNjm_4qpqBq.jpg,413,884,472,543,648.5,507.5,471,71
Y5lv9p==jj5c4mMdlwZeWDw3ndJ6SDx=.jpg,401,822,418,503,611.5,460.5,421,85
Y5qtTFavXN8_cT4iY1ycsz1H931914C.jpg,536,813,440,496,674.5,468.0,277,56
y5SfCbn7lVUbSJT16FcEs8Cu_R5e9_.jpg,357,870,462,541,613.5,501.5,513,79
y5t9D8meEPCp4Rs7FYpN9sjc72atp1.jpg,405,845,461,533,625.0,497.0,440,72
y5tuLUJq1FV9mTTVGdvhfEyUX=y9BxC.jpg,358,820,423,516,589.0,469.5,462,93
Y5wF3PRYxRnBsw=Lx8U2UOpJ_lzVUJ6Q.jpg,408,867,427,501,637.5,464.0,459,74
Y66SzNMQSdVtjQPEHK4tgSSTgFrDwQx.jpg,189,1047,575,701,618.0,638.0,858,126
Y67sSG2gTvfEzptHFwjHCbFtUj4=J2i.jpg,453,866,421,485,659.5,453.0,413,64
Y6BiVexv9KWNkRvBqFQwHOFWkCMdjLNZ.jpg,421,868,458,525,644.5,491.5,447,67
y6Cmp9C9cfMW3wcYdXXNfEnqWCHmXw.jpg,308,751,419,486,529.5,452.5,443,67
y6EgHRtd8mafP23JJO5UCBZlKTlRKr.jpg,403,827,422,491,615.0,456.5,424,69
Y6fG2MZfUFzfvoU4w6Mv5JG3eDpnfnWz.jpg,417,900,469,541,658.5,505.0,483,72
Y6l4WK3Iwfor2P4gDT4mjX77DEebLjE.jpg,382,942,503,593,662.0,548.0,560,90
Y6WKLg=E3b=ICJs1xHBjNRhl9UeMenmd.jpg,402,838,427,517,620.0,472.0,436,90
Y6ZNas7geVtY9_t75pRJon6TDN.jpg,383,826,420,486,604.5,453.0,443,66
Y76irahbotNBuQwMqXB1hj6mpIGSqn2y.jpg,388,855,435,524,621.5,479.5,467,89
y7Ec7VxvqnOOlgsHGfxLT_DaPmuWrfI.jpg,407,918,401,506,662.5,453.5,511,105
y7vOLpxQSpO9HXZFObi5UkePVXl_RXr3.jpg,377,882,485,562,629.5,523.5,505,77
Y8=VcgWltfxYSCicqjL1rh2nCS2uOLUu.jpg,423,863,419,484,643.0,451.5,440,65
Y8blx3NQhemqFGZF1Wez54USzlTJ1Gg.jpg,491,825,476,538,658.0,507.0,334,62
Y8DiSfv_IE9ZXUje4WglxrBbV3KeLZl.jpg,291,766,445,514,528.5,479.5,475,69
y8ilbC5qDFKq8ZBrDM8ORzTQdfb31oLP.jpg,302,764,438,512,533.0,475.0,462,74
y8qbvvToW6BeLCWvNiHOUjhU4eYezXc.jpg,379,817,423,496,598.0,459.5,438,73
y8sKlekPK8GWl6okM=s517IEzxeWMpQ.jpg,420,920,453,526,670.0,489.5,500,73
y94=jG9I3gUJDd8bSLv1wnakLfsxX23Y.jpg,413,895,459,532,654.0,495.5,482,73
y9afJiY4tPZR8=7FpLnyTVe=1qoCQ_j.jpg,318,749,427,494,533.5,460.5,431,67
Y9FZ1_mPqDjylbTRzI3==ZNHGgbnn8v.jpg,310,797,448,541,553.5,494.5,487,93
Y9NOdYUszh=dHUB8gu7TFkq1dv=nTz=.jpg,334,874,462,538,604.0,500.0,540,76
y9T3i52wdrWFq2d21KpvIkYSPk.jpg,444,892,429,500,668.0,464.5,448,71
Y9t5VNIbE_FYvlr89RtYjwOuOnB=wN.jpg,277,802,447,523,539.5,485.0,525,76
Y=1MD8xYP93HZ75fV3Mz9F68a7lO7t.jpg,473,802,428,491,637.5,459.5,329,63
Y=3aYZaL=NszD4DGdxhYGsS5Jm=lQp4M.jpg,419,845,415,478,632.0,446.5,426,63
y=8yFS8B_bu_yTRE7xRdt8ntgxw=R8k.jpg,434,855,445,506,644.5,475.5,421,61
Y=9djNZuMpT=nQ=KLFPrRx6USelWQJ.jpg,264,776,438,514,520.0,476.0,512,76
Y=ljCQpQ8e2XeSFxBg6d_moF38CF13.jpg,382,850,437,511,616.0,474.0,468,74
Y=QcZqFWE3f=6vaxNhmiIizbvGzlCCp6.jpg,349,868,456,532,608.5,494.0,519,76
y=uSWJeyqMS5E5iVWI95kGXz_S=1fLN.jpg,419,853,435,500,636.0,467.5,434,65
Ya4rigZilCb62VUGxPEQjcF7DcSK1mg.jpg,457,739,424,480,598.0,452.0,282,56
ya7u1Qpih5db9EG1PJntrobrZ1GOqF.jpg,454,889,460,529,671.5,494.5,435,69
Ya8SFJfe9ysFfCykW6riSoSijLv_5hGq.jpg,282,808,487,565,545.0,526.0,526,78
yaCarqJmIwUBgq32psIQhj58zP4R=hz.jpg,442,834,420,484,638.0,452.0,392,64
yaDc5jPickksghxXH=6M6cBci8IHH=.jpg,425,925,469,543,675.0,506.0,500,74
YaefOyFCPK5tTl668jNYQOax4Kp_T_T.jpg,341,764,449,514,552.5,481.5,423,65
Yaqp7VIv4zieO4KGXX2lt2psTWNphvlB.jpg,408,847,435,504,627.5,469.5,439,69
ya_IN5hB7Z_lW8lwoyy3fLkBJojhJyZ.jpg,384,857,436,508,620.5,472.0,473,72
yB8bUNhKz3p9vlRRvKqR5QqSZ_R4stS.jpg,161,823,501,594,492.0,547.5,662,93
Yb8L48CVO7DerGzpy6BuUnITI1J6rS.jpg,404,931,462,548,667.5,505.0,527,86
Yb=FTBRx6VeltmR7omOfoCa_SdsXRFS.jpg,428,819,420,494,623.5,457.0,391,74
ybbH1vN7a3PrrLH7dlc6oDvLdYDlQGKp.jpg,430,880,422,491,655.0,456.5,450,69
YBCPfgzlj5C=kGWcFhvdEz6mQg.jpg,472,763,429,486,617.5,457.5,291,57
yBct8lprnbq33PJo8FwfFtfF5=5DJUUN.jpg,348,750,418,482,549.0,450.0,402,64
YBc_5oGUFLWbyzpkJ29a3u5spEm7Uf.jpg,301,762,424,492,531.5,458.0,461,68
YbDBlM=_qOzNPjN4MfplHRMp4gMYCt.jpg,476,810,430,497,643.0,463.5,334,67
YbDSQ=JXNLBOJdNv7OY=GBLI8MVg_LB.jpg,372,865,445,519,618.5,482.0,493,74
Ybobu_xnhyJXx24TFNjDrm2TpwtJoY.jpg,364,773,458,519,568.5,488.5,409,61
yBp6v7zCVZwVHF9wz=CkU665yoUNUY1.jpg,450,886,432,502,668.0,467.0,436,70
YbQNKyIzGCvwGO=UqDVs2z9s2Cs=3faQ.jpg,414,795,483,552,604.5,517.5,381,69
ybuccS1jOCXyrIsHIWiy=g7pwLkh2rQd.jpg,465,954,476,553,709.5,514.5,489,77
YbwfrUk_Ln_rP45Y=EC7mxQ7pEfGaln.jpg,396,722,431,491,559.0,461.0,326,60
yBXee=R4KlwuwY3wHy4CJGz3zrNs=B8i.jpg,329,852,502,577,590.5,539.5,523,75
YbXuSUVyosjtCkvr3SqjI_km7rQDap_Y.jpg,311,740,451,514,525.5,482.5,429,63
Yc2oR6GsG_nY4_fEzYGkhJh1JJQEe1N.jpg,444,827,474,542,635.5,508.0,383,68
Yc83qBNba3E1iVuTXL2oUg=g=jYQ9v.jpg,474,795,463,527,634.5,495.0,321,64
YCfRpbLxSJ2EqGYFSs7BW9Yp6rDcKF.jpg,409,856,435,515,632.5,475.0,447,80
YcgZshpVwCGoBe_i1w4Hv34FBrh_Nkg.jpg,456,732,423,476,594.0,449.5,276,53
YcmnGrmNH38Vh5q78=IQZLtDt4OHnsy.jpg,431,745,465,525,588.0,495.0,314,60
ycrczePWvlvqBYduQjp_iEyTyCfiXr_f.jpg,433,884,463,537,658.5,500.0,451,74
YCvGeuErKaPVhLeCLF9fXu8yHSLkSP.jpg,222,798,482,565,510.0,523.5,576,83
ycZUe49mEt5y7yWy8IYJ9twD6jzi9_.jpg,230,1084,577,703,657.0,640.0,854,126
Yd6uM7SUnZim8MZ7sf78In9U_bZyf8.jpg,378,860,559,643,619.0,601.0,482,84
YD7gu93MvgOgC9Xad45Lxp7zs94YL_x.jpg,321,754,419,483,537.5,451.0,433,64
yD7V8NcW9cXOdnwXaRRCMmT1Vn9ZKbn.jpg,429,871,467,535,650.0,501.0,442,68
ydaJ=retHg8l9xa6yhFw691=uXsmc1.jpg,457,889,417,482,673.0,449.5,432,65
ydatexw63lclT3U4ZkJSwFnTSdFh5Z.jpg,422,834,432,504,628.0,468.0,412,72
ydIZiHbqlLDfr3nGMz9FsKzMOh5MO7B.jpg,402,815,420,488,608.5,454.0,413,68
yE1IXlK83ms3mtjQJiGbcyEOKke.jpg,398,913,458,535,655.5,496.5,515,77
Ye47yU9VyoxvEDyX__lW4jgqbOQ8Mw.jpg,452,902,464,541,677.0,502.5,450,77
ye9gikuVduSKdpSPKZ1fD8BoiunlT4Tp.jpg,336,858,454,544,597.0,499.0,522,90
yEE2j=UNP2eoUMglUaux=1SQBR5iVh1W.jpg,470,906,422,493,688.0,457.5,436,71
YEeLhzaLuiv7ZeTSjMJotgqlNg2tgjg.jpg,281,905,501,592,593.0,546.5,624,91
yEhLCXRcRIM44sD1j5eUsTEfXOn5ixD.jpg,437,901,471,544,669.0,507.5,464,73
yeqwiEHpClHD6hulVN6T4GWHk9NSVe.jpg,427,774,440,506,600.5,473.0,347,66
YERVnT15zgnyIShff8p89tyjPZBYzHiQ.jpg,400,953,514,594,676.5,554.0,553,80
yEvshCzZK=3Erqx19mcQqQIIpkJm7Bg.jpg,381,824,422,512,602.5,467.0,443,90
YEXmdP3Rv8PnsDg1ftQYrURd1lUSV.jpg,328,879,470,550,603.5,510.0,551,80
Yf3mCxo8R_YpIxHxpdXKxTpWTxFOmcWw.jpg,350,683,465,526,516.5,495.5,333,61
yF5nDu8KrY2WYMMwCymv=7QDKkPP.jpg,445,932,431,507,688.5,469.0,487,76
yf6JN1LCPeqGmjMs65dKjLm5O2BRflv7.jpg,317,760,425,495,538.5,460.0,443,70
YF7FmmJsY7WoPmTNELIK_ZmiSme8=8w.jpg,453,749,452,508,601.0,480.0,296,56
YFczTdIVS8bu4ey2z6hctPhv5DVslvrY.jpg,318,832,462,541,575.0,501.5,514,79
YFDbS7PF22seMQ9=bG_C6lJjMsHxYc.jpg,332,847,455,541,589.5,498.0,515,86
yfGD6xsx3cykciVvBZcI9u5xc3oL_Ef.jpg,257,831,514,599,544.0,556.5,574,85
YFlrgFKxCk8aTNuRM1Bvv7QzB6LL2yP.jpg,376,947,513,595,661.5,554.0,571,82
yFpq8sN5uggPYXzf3Nh=7BH7UbCTRdWF.jpg,433,822,446,518,627.5,482.0,389,72
YG8PPJg2IevwUcEJSC8qeCPWv5sb6zXr.jpg,399,899,445,519,649.0,482.0,500,74
yGghvutsx=sXeiLl4LLintqUcvN5ta.jpg,294,1092,557,680,693.0,618.5,798,123
YgK3gGGTrpX524aFlyDqi6DBwJERqgJH.jpg,451,766,448,503,608.5,475.5,315,55
YGKizi1hUDTpyxzkkbOXR4odtjbKuW.jpg,390,820,430,496,605.0,463.0,430,66
YgPrk2JZH2nVqcK6hK_3Q5okHFin9Nh.jpg,429,937,496,567,683.0,531.5,508,71
YgstUUpJg5izfzO6tL5N2oZloNZDrQNT.jpg,382,807,440,502,594.5,471.0,425,62
ygxveZ6sWYG7snnisB527_LYZo_JfJC.jpg,417,809,449,519,613.0,484.0,392,70
Yg_N1yNNWNh5HTYkJwYu7gMw3ngQI3q.jpg,484,768,445,502,626.0,473.5,284,57
yHecpvhWBBoiKVKXOQJahSEKdp5lOGFl.jpg,358,862,456,531,610.0,493.5,504,75
yHHQzVqDEoj4bBWcafStoo97RM_LH6V.jpg,477,986,489,565,731.5,527.0,509,76
YHJOPdbZtuGcFt_ZQ6eMihFfNMZS_.jpg,343,962,492,581,652.5,536.5,619,89
YhPyumICEBa4PNR2XpkKutgMSJ3Eci.jpg,214,798,472,558,506.0,515.0,584,86
YHQJyWf2mcjFhsQGdcOixkUgaxPWgM.jpg,269,792,463,539,530.5,501.0,523,76
yHvp2py82jMX7vG7oK7JNcjQ8Dgirrn.jpg,375,806,476,555,590.5,515.5,431,79
yHzSakbTX81tkcNnXxCogpPaE7Fjxc.jpg,474,940,429,507,707.0,468.0,466,78
yI5wB7UcfG4kXQOgBFvnLs8RL1VEj1.jpg,345,733,414,477,539.0,445.5,388,63
Yi9R8uHJh7pYVH1KaIOSpmmdFC5_oMe.jpg,274,947,509,614,610.5,561.5,673,105
yICbfguBQ1vluOsodHYUrwhsFMMCtYY4.jpg,435,714,424,478,574.5,451.0,279,54
yiGmdtvjUZwtxbX6SZE_YzhEkLCcIrW.jpg,461,812,491,556,636.5,523.5,351,65
yijo3Q481lHU9kX7lp1uRGGH8hxy=s.jpg,419,911,445,518,665.0,481.5,492,73
YIo5y7EgHTcX5QF8y33hmxwwps3oggBY.jpg,420,953,451,539,686.5,495.0,533,88
YIs7RH2R6c8qaXL2fY6Ls3xqQ6DiNVl.jpg,436,842,419,487,639.0,453.0,406,68
yIU46gGMbjFP6nho6xelSXZZdTwa5sgZ.jpg,400,877,434,527,638.5,480.5,477,93
yIvCEZvC3kLrj3koajida5oz_5T8aubD.jpg,426,871,463,531,648.5,497.0,445,68
yIVNDskFOZRddk7Kie2ieS57fL4TGYSy.jpg,380,893,452,541,636.5,496.5,513,89
yIXbunOVk4B3LmRxPywuYTCj=S76Pua6.jpg,403,793,421,487,598.0,454.0,390,66
yIzWkj17U4wVg9uNV31TiKwEW8_LoRJc.jpg,467,888,418,487,677.5,452.5,421,69
Yj4d9vRg9FNet3WnEhwLFC5RfxLGgfyk.jpg,454,900,458,529,677.0,493.5,446,71
yJ9Iks_DGplFfXrfmGgQvMolmWbEj1vZ.jpg,456,887,449,527,671.5,488.0,431,78
yJEY9uLP=BdUwLngB2rVp7orKs8.jpg,442,849,417,480,645.5,448.5,407,63
YjFElVunk5BHB9Fxr=uWFR7wK7Gk7kPw.jpg,382,838,431,503,610.0,467.0,456,72
yJJ2LkYKs8OFXI68WUwuzq4JCwf2OgeE.jpg,459,917,467,538,688.0,502.5,458,71
YJPw2pW6xbjhROB8KxjcN_rTw6B.jpg,394,814,437,499,604.0,468.0,420,62
yJQBsrOUmqGkw4YMtV3pY8Ss23gTqvmy.jpg,423,893,446,515,658.0,480.5,470,69
YJS11tXvrrEZ_Ev39QEZxXWfm=4VXct.jpg,363,672,431,491,517.5,461.0,309,60
yJVca_xU5mDe3DiREb9cxIaRnT1Q5BT.jpg,424,914,454,527,669.0,490.5,490,73
yjVV_laBWFaaB2kk=mwoXbIRf2zJV39.jpg,437,776,486,547,606.5,516.5,339,61
yk3h196FeM5gnq4JHXXDpjrvPJ3noIJZ.jpg,407,811,420,484,609.0,452.0,404,64
yk3TlwhIDLsm3Dww18MH3F9MT8vjqH_M.jpg,374,803,448,512,588.5,480.0,429,64
YK7OWh8fV55gOE8xB6DBY_u7Nv1qqNG.jpg,285,1072,544,661,678.5,602.5,787,117
Yk8NMB4bksMHwBwzRn2d1HtKFOfHReq1.jpg,466,850,434,502,658.0,468.0,384,68
YK9Vjcb79Bu4K=Ga__kuVu25PCMpJOM.jpg,382,797,422,490,589.5,456.0,415,68
YKBIoZLzy32DGkGnL7skpwEFngmhMQ.jpg,372,828,424,490,600.0,457.0,456,66
yKGEChjRzc4LunJ2Ut=ywK6HaVlQM6p.jpg,284,968,502,627,626.0,564.5,684,125
yKGG4R95uqtZODIi2ZxETw_GcGqy5N.jpg,456,781,471,530,618.5,500.5,325,59
ykHO78UCTaTGYaYj8nQzsfexRdckrWs.jpg,384,896,450,551,640.0,500.5,512,101
ykkSXuVdkgs57DPjcbhV2WCv9xJM3HX.jpg,368,814,424,490,591.0,457.0,446,66
ykmgBBptsJmwL9jLWfJfkf7xLiNkq8Ly.jpg,361,838,443,517,599.5,480.0,477,74
yKt_jsktdSTktyrmSnMu8sodoIvms7n.jpg,287,858,423,513,572.5,468.0,571,90
yKuHhl2nKQJ=VVu2H1tiJwO3qDgzV.jpg,432,710,425,480,571.0,452.5,278,55
YkVeHm=h_jEete9vg2Fa3LFMwM_5S.jpg,385,919,507,585,652.0,546.0,534,78
yKxI7izWnkMeRmMeL8Ya7IaiJKGPeByI.jpg,275,769,448,525,522.0,486.5,494,77
Yk_RelzZ6JSyncgTeZQZertJqm_aC.jpg,364,829,453,519,596.5,486.0,465,66
YL138sGgB=1BSoEpU5CYWHZ_J4=Vc_.jpg,478,752,441,496,615.0,468.5,274,55
Yl3NTcyCvcQO_9rQ8lgjEr3nuJFQT4Bw.jpg,359,932,513,602,645.5,557.5,573,89
yL5QhLRhw_He5I67hNGtn6goYC7q1aFg.jpg,436,863,421,494,649.5,457.5,427,73
yl73VDwkoBbeCZE_Ci1c2OotyIOz2F.jpg,425,921,433,507,673.0,470.0,496,74
yl7Znqep8CkyoHNJ7qJsaJRv8ElCSw9.jpg,374,853,440,511,613.5,475.5,479,71
yLfwBZv5EiS3Cd1gedoBLT9UTwa2i81.jpg,362,853,431,505,607.5,468.0,491,74
ylJI=ibSNudFu8ty7McY1u88c9HrL8.jpg,266,770,433,510,518.0,471.5,504,77
yLNsjperZz5OEkYKMlZbwaumMsBg7BV.jpg,445,883,458,528,664.0,493.0,438,70
yln_Ray4MjH3MBr1El1Bj1Na7VJjK.jpg,402,865,447,516,633.5,481.5,463,69
yLQryIiuqgGn=do1ea7kTB9XH3U4cGR5.jpg,354,648,427,484,501.0,455.5,294,57
Ylt6_2WftbSVHLEFve1E=6kyf2e9MYI.jpg,396,859,423,491,627.5,457.0,463,68
yLV23j6oi7TbLSrJeFalzLNxuk2_fEu.jpg,323,840,454,551,581.5,502.5,517,97
YM2wwCEiFkDuHornhCrvTUiyrJ4Hzf_a.jpg,433,809,494,567,621.0,530.5,376,73
ym6CIzvxzfJpQoqmpr19_5uifPpHIo=.jpg,352,786,426,493,569.0,459.5,434,67
Ym82E=sIVJrJ8s_XOQEoHiFsMi5UfU=U.jpg,414,840,421,504,627.0,462.5,426,83
ymBZiaO36lZGgspDNEZLHeU1C8JvRo.jpg,409,843,419,484,626.0,451.5,434,65
yMd_p=BUYIF3BP7HoagzBwUkXJOEi.jpg,376,924,508,592,650.0,550.0,548,84
YMFEIKwQQO4PzN6HnbEStpmy5GF_1it.jpg,403,912,448,520,657.5,484.0,509,72
ymgo=3GvOvoU=_U6fgPcCBV2v14bCF=r.jpg,269,759,447,524,514.0,485.5,490,77
YmjZuHyeGMngYTskIQos5dG6K_X63Oua.jpg,414,860,421,498,637.0,459.5,446,77
yMLM6s=xiVgzY8jjXRcOYsW6KbKM.jpg,256,764,454,532,510.0,493.0,508,78
YMNa7osGCykxFF7v_WNmVRYHicYbtMU.jpg,219,986,524,656,602.5,590.0,767,132
yMNG_v5uxMGhUX4KUxZWRo_ycs6s7COk.jpg,380,851,437,509,615.5,473.0,471,72
YmOGytbK2Itlxp5CmigogbWm_i_bV=N.jpg,353,825,430,499,589.0,464.5,472,69
YMoLUM=f8btb_ktHr38Ufl1EpvZ2_yG.jpg,447,926,439,511,686.5,475.0,479,72
yMQVaqIlfEWwxtR2CQfwYFn2KsH=Nmf.jpg,426,973,457,542,699.5,499.5,547,85
yMRqGBuEqFbVwfeY1rw8Ffa8XrVcsN9V.jpg,431,857,456,522,644.0,489.0,426,66
YmwH9Kg9RwNvdVaskqyySEZ2HXOwoB.jpg,254,774,505,579,514.0,542.0,520,74
YmyRKVBU7=ExGnOOUxxGIcxIGDQUq6v.jpg,457,890,419,491,673.5,455.0,433,72
yN=m5=SlX91fSWdiFh3u93eXCrC3=fXm.jpg,386,813,423,489,599.5,456.0,427,66
YNbOQV_YM7ChuQd7uaa=7aUagHhUE4T5.jpg,377,884,437,514,630.5,475.5,507,77
yNdwRQ2xtiCPxJbrMyIbLaexupfEROzj.jpg,512,838,466,528,675.0,497.0,326,62
yNk2orpqL89SkKNcKcks8x7Wm4QUe1nI.jpg,373,651,424,478,512.0,451.0,278,54
yNlDKqRXigkKZ5qWE=lCrNPTeBEmUc6k.jpg,420,891,468,540,655.5,504.0,471,72
YnnB6QShtTBptv5sVqcDxd5wV=2zvDL.jpg,428,888,462,539,658.0,500.5,460,77
YnniWb_1a7X4MjCHTlpzISfvI_gYDLSV.jpg,437,803,499,566,620.0,532.5,366,67
YnojbL91TVdqfaN_gjowEOgJD5MaR5u.jpg,422,842,422,489,632.0,455.5,420,67
yns8R8UpeWBFQYiU1H9JFiE9Lg5HYq.jpg,433,905,519,603,669.0,561.0,472,84
yNu5x75Np=p=dPiNGLkduYege29hHRrB.jpg,356,896,459,539,626.0,499.0,540,80
ynVQSBBfN67CxWlMcLdoygkDaDxzYXey.jpg,393,818,427,495,605.5,461.0,425,68
YnwpFP349vqIuZpZMawIIjMUYyNCanvo.jpg,348,1087,587,698,717.5,642.5,739,111
ynZ4_9Ki3auN4flbDmP_jXF4XhSqSZd.jpg,369,846,433,511,607.5,472.0,477,78
YnzIQ_GpRjNnRBiV6v1Ie9M2mhL95KWM.jpg,145,643,480,562,394.0,521.0,498,82
yN_IosZeIwnPEUxvRcjJnNdOxY__cpDU.jpg,372,888,457,536,630.0,496.5,516,79
Yo25z1UHZ8KaTBZO_Fl8yHXoXGOSE_.jpg,439,896,431,506,667.5,468.5,457,75
yo2xy=oF1bELoNFfVpCdRZ9J2MBnujl.jpg,280,1231,607,751,755.5,679.0,951,144
yO3ohpfiQ3oo2pDfZ4H6R7CWyP5mBJL.jpg,443,857,412,474,650.0,443.0,414,62
Yo4I9JDLwrgSE4VJQdqUTSrcaUrzH2.jpg,385,820,418,495,602.5,456.5,435,77
Yo=4HUGm=_zlpMScsbEC9kLzlOkza6M2.jpg,434,862,423,505,648.0,464.0,428,82
yoFNNCFNDxLw3bv5qsjvNqRdVGY_kl.jpg,329,902,475,564,615.5,519.5,573,89
YOHJ53mcPM3LLEWqSZwOSeQCVEdr=V5x.jpg,479,838,497,563,658.5,530.0,359,66
yOLosfUckbce1utST=airtmBO2MneMhy.jpg,436,953,453,555,694.5,504.0,517,102
yOUgkp=PnbFTMELZSkWNFIZN=QlQ2EOJ.jpg,469,1016,489,592,742.5,540.5,547,103
yoyJf3ZiRiaDcaaFIBkVkWYGOa138WH.jpg,397,978,526,610,687.5,568.0,581,84
ypamXG=rUaOupMIh=Kh7NuUryEzme6f.jpg,391,809,415,480,600.0,447.5,418,65
YPKPV5zlyhWd=Ui73dQ2W5iSyLC3wMx.jpg,399,688,424,480,543.5,452.0,289,56
ypoJHsjfitmHBf5UehGFxf2hXQXEggWD.jpg,413,818,422,486,615.5,454.0,405,64
ypPa3Ei7H3fb_W9WGsELR==GjI1pMGvM.jpg,408,841,429,510,624.5,469.5,433,81
Ypu2Wl3VCJq=v8VqsR33po3XPGW5XDYt.jpg,200,742,479,555,471.0,517.0,542,76
ypvwVsjhlprqDI2BkV=4eZToVx4RXbC.jpg,462,790,470,533,626.0,501.5,328,63
YPxrDjE_VTnYx4yl1NgG_viHVmY2J6pS.jpg,425,862,418,485,643.5,451.5,437,67
yp_w_lr3TpV_iQd8XuYPbP1P3Jw9I.jpg,394,929,457,550,661.5,503.5,535,93
yQ65azX74TGOXZo7U_ElpEM2a4jjUcI.jpg,388,948,477,561,668.0,519.0,560,84
YqaDmBrrlbqe6XuklF4fw77q4yON8sJ.jpg,170,730,481,562,450.0,521.5,560,81
yQCuNpnDKN=WR_hH8qZ9PQPnHXEG3e.jpg,532,864,462,529,698.0,495.5,332,67
YqFjJFlRIYFITFXzHgYOS85rJNwUgqPn.jpg,380,810,422,491,595.0,456.5,430,69
yQlI889FO4npNNqRt49zKH3z1_nyX5S.jpg,393,798,412,474,595.5,443.0,405,62
yQpNXkRyoENt9E4tmobagw1LcZUaq8vo.jpg,491,757,440,492,624.0,466.0,266,52
yqslIozCtsEfGJQXxPkPQscU4TYE3FT.jpg,244,789,471,558,516.5,514.5,545,87
YQTW4l2J5gnjXW2utHlx7kPIRoNMw9ou.jpg,434,840,419,497,637.0,458.0,406,78
YQukpiUck5ktqoT2Yl7Ziba6JcWGuCNa.jpg,429,876,430,498,652.5,464.0,447,68
yQXkur9HqOasVcGQpDdvUQt2kS=tLTfp.jpg,428,871,461,527,649.5,494.0,443,66
yQynQl=z43frqhKims_IWepwvwiuN.jpg,297,756,448,515,526.5,481.5,459,67
YqyqHBZEEMEVGyhsq1joj3I3lOQhR.jpg,482,790,439,499,636.0,469.0,308,60
YR2LUFh7JrnLkaIS47UGJi9BtZ1PPx.jpg,283,831,513,601,557.0,557.0,548,88
yr5PafrFwOyhtY7fXyFSzlZdc8ZaiN3X.jpg,347,801,436,509,574.0,472.5,454,73
yR6UgcXeb5jpuEJO9JoPnuVBQX1hjMZ.jpg,369,926,513,592,647.5,552.5,557,79
yRbvgj4pdyPFbU4fqe5ecKuP6ir7E3a.jpg,441,896,471,541,668.5,506.0,455,70
Yrc5sUzrPV1Hf7my2b9Rx8IW=5lt3jD9.jpg,455,935,431,511,695.0,471.0,480,80
yrcPKmEKc5ifiYtgGpC23wrxnpVyWLE.jpg,386,823,419,486,604.5,452.5,437,67
YRDRXdaDPIBMmxyRXFTtFdcqt_NRxKM.jpg,465,802,481,543,633.5,512.0,337,62
yrEcqUUMNOLnXiBTgY=iL5ZU4IJTYWbu.jpg,331,787,432,509,559.0,470.5,456,77
YRJOyl=Ntzf15lbej6aSDijHiMgNGXLr.jpg,385,826,422,486,605.5,454.0,441,64
yRkCNPNIP1v9NnyUntuYVBqbmK9rlE.jpg,465,753,433,487,609.0,460.0,288,54
YrKFvk9PUpEakVwEe3wxrDqoJ52pbpbs.jpg,424,763,479,539,593.5,509.0,339,60
yrLkGbUHLp8VFYkiFElEjt9KVGuHPpW.jpg,238,790,462,566,514.0,514.0,552,104
yRL_IsKBcVq6dBCEQT1G61Y3f9JtDwZm.jpg,451,881,420,492,666.0,456.0,430,72
YrMMPZMmKWoRhcfGU5ca8sbR7pnKys.jpg,302,1001,514,625,651.5,569.5,699,111
yrOddd3dJ5phQYKO8yjrS_y6Md_g5ou.jpg,413,871,427,501,642.0,464.0,458,74
yrPmTW85QK2Ww2YXEtVdh8NkmBMW6nQZ.jpg,367,830,449,516,598.5,482.5,463,67
yrQ3PzT68b8a8a5gob3qQkC2D2WbE_.jpg,431,900,420,497,665.5,458.5,469,77
YrrZb2rlkXzBfjloJW9p3wOcx9V3Xw4.jpg,427,797,444,517,612.0,480.5,370,73
ys28g1M86Qp_enHtUsJ7Pvaf1bPi25r.jpg,404,983,471,562,693.5,516.5,579,91
Ys4Y1CvjBY6wWmW5EwOGsOtK2lLeuUpw.jpg,377,923,507,586,650.0,546.5,546,79
ys9aMzfd_sqdoy61MNqBsPLGR2w27WB.jpg,430,860,421,490,645.0,455.5,430,69
YsbnQN9dHzddzaWx6FWtg4VjlNUT6iQF.jpg,468,841,438,512,654.5,475.0,373,74
YSDMUKcg=62n8MZDFVgIR7td8FkFPPe.jpg,303,801,454,524,552.0,489.0,498,70
YSePyt2B7D3_xvEqIlFrnFF7X7PRj9R.jpg,245,783,459,540,514.0,499.5,538,81
YShKB5RyGdlrE2ZTXs=kUtTziqVBfrp.jpg,425,927,480,557,676.0,518.5,502,77
ysIWMmTz_tdznn2nDfODHOeULUsJisXm.jpg,438,866,423,487,652.0,455.0,428,64
ysLlTpFH7qFgnk2u2p_JORyYXGaHBkor.jpg,367,658,433,490,512.5,461.5,291,57
YSm_2w8dQu1RL6O92Y9thzTujiUfTKa.jpg,318,952,494,593,635.0,543.5,634,99
ySOrM497oM5GtXzDDH2wfXM48FwBY.jpg,393,829,431,510,611.0,470.5,436,79
yspTB8P_UMuIsrFwDDKVbDhmtEgWjO.jpg,451,837,438,504,644.0,471.0,386,66
ySu2W9hqhwMZ_CdF4u=kQq8wTnXZBw.jpg,393,854,420,493,623.5,456.5,461,73
YsVe_Cqxnj8hsKW5_MwPjcWLo1p3.jpg,406,918,452,527,662.0,489.5,512,75
ysVWb=jRdtNnGbtIjtBmlX=hw3ju3.jpg,457,732,441,494,594.5,467.5,275,53
YSVzbczpGqF1e5D_O3xPbgGoWJQPLPU.jpg,340,752,421,486,546.0,453.5,412,65
Ysy4qE3F2v8LWPrgKGO4=1mrgEJxCWC.jpg,408,818,420,487,613.0,453.5,410,67
yT1nSSSmFsTaCCLrE1Tt4Pp22glqZj4.jpg,354,788,431,496,571.0,463.5,434,65
YTaCVizkLfhw4ZUp=7PcqDyWCkO5gWm.jpg,291,773,442,516,532.0,479.0,482,74
YTCt38EqngxbfOIPfD8d9_ev8_R3E.jpg,451,769,471,529,610.0,500.0,318,58
YtFTOYlaWTqSPEVm5FFXirtC11HzNBOJ.jpg,161,845,491,574,503.0,532.5,684,83
yTHNlMv7cainPEjolvD5kUbCMKKMO4d.jpg,388,979,527,607,683.5,567.0,591,80
YTIougN9V_RPlyDj3l_yuXK=vs8aoaG.jpg,396,819,426,492,607.5,459.0,423,66
yTKkQCU6RYpW3Wq3rpsxussKQkP9C1.jpg,254,1008,525,638,631.0,581.5,754,113
YTKXvxeWLEQM59qDFDKfuPTcTTL4ti.jpg,429,875,429,502,652.0,465.5,446,73
yTpunSS5RaoHeRPxWyR4TvJ5m7fa6pG.jpg,517,831,454,514,674.0,484.0,314,60
YTSQLf_XqS9HbPbDN9gJcwuMG8MCGI.jpg,348,861,453,531,604.5,492.0,513,78
yTTwKq54TBwIV8d6qJx92GhnxwM2i.jpg,298,886,461,548,592.0,504.5,588,87
YtXIKISljpquEP1OzgveEeyCwKz4sFr9.jpg,253,831,475,556,542.0,515.5,578,81
YTXQoibFkR_jIOX9cZ9ChUpyhfhha3.jpg,319,758,420,485,538.5,452.5,439,65
YUEyoUEl41lX6BM9dMB3PZra9FohCJnL.jpg,334,793,461,525,563.5,493.0,459,64
yUkbE5uGIbpVBbFKP5aw6Dxp9FCEiXS.jpg,365,868,483,560,616.5,521.5,503,77
yUKD1QRFQ_h6XbWyce6x=TN3ifY9l.jpg,421,932,474,556,676.5,515.0,511,82
yUkoGHISjI7FUyx7TgxRKiW3hixEex.jpg,243,804,474,560,523.5,517.0,561,86
yumLbk1aZlM7YFvKL4wKd4FdbmT5426l.jpg,205,971,521,650,588.0,585.5,766,129
YuMT4i49vylDKC7omIIQBFJfv7vsH2US.jpg,400,832,417,483,616.0,450.0,432,66
yuqDh3pFyZenyPImysutLGByoIpwmDs.jpg,402,963,510,590,682.5,550.0,561,80
YUqSShclIV8cgX_4U=BCFmN7Rw4EQF.jpg,421,761,480,543,591.0,511.5,340,63
yuv259KnEv9KInWzjj69tWHv6lKlLgl.jpg,435,821,438,502,628.0,470.0,386,64
yv=TmSRSyZr8JnEPXaal9kjBBxvxQcue.jpg,377,842,442,510,609.5,476.0,465,68
yvduS7RFWjFjJ2lnXwS2S7WojPPSy.jpg,451,890,430,500,670.5,465.0,439,70
yVg8QSrOubNJ1eRiox_pBmN1RLoNWmOM.jpg,391,863,441,512,627.0,476.5,472,71
YVGof5wyDEz5ePE7GWSNQuu3DRMLk2.jpg,411,953,508,585,682.0,546.5,542,77
yVjOIruYOB27QnrBS9UmZWakIFMmRd6.jpg,458,726,435,489,592.0,462.0,268,54
YvJSxi23O=jZ_m37BNbv6DwwbjDGFl.jpg,253,796,462,553,524.5,507.5,543,91
yvM7k1PDIQFvMlD8GJQGLM6R_ztE73X.jpg,410,742,429,493,576.0,461.0,332,64
YvsWrYDhYn8dpVecLSUw=DkKlIoB6uMQ.jpg,375,892,442,519,633.5,480.5,517,77
yVT2fIFE6rZaj3c9cNrYjEH9VjorDBKc.jpg,97,922,502,632,509.5,567.0,825,130
YVUd_hekSP486P3=o=vpL4R4xWpXTt6.jpg,374,808,457,522,591.0,489.5,434,65
YW=gBID1JVuY8OfisraBrDvEmbNpoEtp.jpg,414,832,449,519,623.0,484.0,418,70
ywb3IPLatN8dtBQy5WHOuopN7dT8GX.jpg,212,944,521,627,578.0,574.0,732,106
ywf6tPi7DSaxCYOXxb4=2gFkeOFjos.jpg,385,843,466,540,614.0,503.0,458,74
yWi3OXxaJm7uyg6wEnTlwBXYPLtdmUm9.jpg,444,861,418,487,652.5,452.5,417,69
YWs1khkIz4pvBtO9e_iFWWQNggFeyfR.jpg,407,895,464,544,651.0,504.0,488,80
Yw_34aJOtyVjWrWl8NCbNRautQPit.jpg,329,742,415,477,535.5,446.0,413,62
yXdP6yZdz_qnuolCMmQBNmx6b8ww53QV.jpg,425,787,492,557,606.0,524.5,362,65
yXHit2dIJWiHpOJP5_B2qqyX4nHiL2o.jpg,322,800,449,519,561.0,484.0,478,70
yXhXtiU=7XdPhvwqvM3oai9fhEHIWngO.jpg,348,817,443,513,582.5,478.0,469,70
yxkqs7Wlgq4XTZ3EY2PcK=NqBo=2NqKR.jpg,270,840,470,556,555.0,513.0,570,86
yxqucTGgRWuE444_v8QD6aoh58NR711.jpg,424,870,430,498,647.0,464.0,446,68
YXtcIO6T21h4msUpP1Ox4J7O4kFeCV.jpg,270,732,447,520,501.0,483.5,462,73
Yxua447xMzOznH444t7VBMS9LRzM5t6.jpg,408,857,421,489,632.5,455.0,449,68
yXUsdD=t8WhL3PxpesDdgTOmVR147u_.jpg,435,928,438,513,681.5,475.5,493,75
yXv33ZC1ZwMZbFzGo7PoI=FH9qqpfNss.jpg,422,975,456,547,698.5,501.5,553,91
yXvarm5wK34p3kHxlG4xoCBfYz5jpQIy.jpg,371,723,438,511,547.0,474.5,352,73
yxWNYU_4=sX_GpbkeDcapoGczkHZhy.jpg,370,824,428,495,597.0,461.5,454,67
yXymNZUMSe_819kHN5JLDRC8dU1fUc.jpg,399,810,418,485,604.5,451.5,411,67
yXYnIZ7OZX5pIdmVswJNGuF51nK68M.jpg,490,1076,468,561,783.0,514.5,586,93
yxZr2TK=6QlWcPnZt1_G4Q3KM3eUeYU.jpg,421,841,414,479,631.0,446.5,420,65
yX_xJ9yEym3hdL8yyTEIDxhEOwL78f.jpg,260,758,471,548,509.0,509.5,498,77
yY9jQCQKitF6ZFqvhlohlRIIoBCV=VQ.jpg,350,917,472,561,633.5,516.5,567,89
yY=Pp6B9d=I4OepnUVv6xPM5KqDJrr5f.jpg,404,859,467,535,631.5,501.0,455,68
YyatwtWdxxzQjSmTGcMqzmz11GzmOZH.jpg,363,947,505,595,655.0,550.0,584,90
YyDWh61ZoiSYwc=Bj=YxjujqKtgUl7Y=.jpg,244,1071,568,690,657.5,629.0,827,122
YYGz=_imT8NwLDhO2414767Gx2o4ZD.jpg,425,867,459,528,646.0,493.5,442,69
yyIBgHhS4NMrX6=XJIG6j5OLou=ToP.jpg,428,859,413,479,643.5,446.0,431,66
yyT4rtSgqYhfVWaK5jXkgsMyxso_czg.jpg,368,892,492,567,630.0,529.5,524,75
Yytfq5wgxVNu=7zjFUfrUMCbHk2P2bzn.jpg,392,723,484,543,557.5,513.5,331,59
yywZnP6cGiRWI=ovmhQMYUUC9prh.jpg,359,846,454,526,602.5,490.0,487,72
yyXdUg61SRQXNE5BcMUDwLyVnuPyuHic.jpg,440,866,428,495,653.0,461.5,426,67
YZ6EEe58Ppp9YxU4QXcsnniN=nWlb3V.jpg,343,871,497,575,607.0,536.0,528,78
yZaW86pnm349biinoqjkSMYeoFKcMQ.jpg,317,752,419,485,534.5,452.0,435,66
yZcu6r_vGmnSo9yJ8Bc1wTnfr2iSCvz.jpg,469,897,450,519,683.0,484.5,428,69
YzDehOVboG6WhWtHUSI53Ss4gap=84.jpg,419,844,424,487,631.5,455.5,425,63
YZIZ_FTmpgQNcI2kv3eISO8uxzOZFLTG.jpg,464,769,443,502,616.5,472.5,305,59
yZwNqv8nz2YSwjvIHmsjvEm8C9w_Pspm.jpg,368,830,428,518,599.0,473.0,462,90
Y_7svkSucGCUkmmYpScPn2Ij__UL3DNM.jpg,473,863,436,502,668.0,469.0,390,66
y_CjUnCzZ7bfOW8nS3Rr12sP_LUIpv=.jpg,466,925,430,503,695.5,466.5,459,73
y_D8TX=ySJ8mpZ2TWJuTPLWGhXYUZ.jpg,452,781,474,534,616.5,504.0,329,60
Y_hQ1GjspIgaom2PGOP8mxaY4ImoT.jpg,404,714,461,518,559.0,489.5,310,57
y_NLKakHKOebDq6DOQnBk1m2w=lv8yS.jpg,325,913,479,583,619.0,531.0,588,104
Y_qHEwFT6bFf8r6jOLUBgmZp31rH2keF.jpg,396,800,418,483,598.0,450.5,404,65
y_T6Ko85FJf4qi2bThitmQe2hJEbGqIx.jpg,407,873,441,511,640.0,476.0,466,70
y_YQGJFONQcb1lIyS_Fp8pgBedQ63m1O.jpg,350,905,476,553,627.5,514.5,555,77
z1fC_u2KhOCjGHRyzKBfcyOsHuNX_.jpg,443,758,472,530,600.5,501.0,315,58
Z1H7e5zOldDYZ5Q4tn_ZU58La6NIf.jpg,409,871,469,540,640.0,504.5,462,71
z1T7LU=qMzkmxnNuPDCYlDQwJN7jFqG.jpg,465,916,420,511,690.5,465.5,451,91
Z23HlGzWioQejCHHbtZY2XrmUIfvMpR.jpg,439,900,478,548,669.5,513.0,461,70
z2BF5Tz4is1Z=Zq6C1YKTSuRN79TYe5.jpg,470,748,447,503,609.0,475.0,278,56
z2ywOfjXVi4WX9=QE9jnwEQgDYE5z47S.jpg,420,938,445,525,679.0,485.0,518,80
Z3EXByfRpNvZal9d_YpGLDVpJ_zwhwE.jpg,312,680,447,520,496.0,483.5,368,73
z3FaLs8WhzOUizdpukFlFujgZVSoa2.jpg,264,878,487,580,571.0,533.5,614,93
Z3fzvXSr4kc_xms86sC4hQIhhpK6_uO.jpg,410,822,441,502,616.0,471.5,412,61
z3K7fqPmP7i5LHMuNbUbjkYdoTeh9.jpg,420,839,418,498,629.5,458.0,419,80
Z3MfRGJC6MligiYRdLLF33hTPv7chXi.jpg,437,934,451,530,685.5,490.5,497,79
Z4doiKma1mUVBzSh3g__m_QVQNPDioC.jpg,300,852,470,550,576.0,510.0,552,80
z4dovLHF1M6H8Dt5EHf6UNv8Cy3X8Fp.jpg,510,780,419,473,645.0,446.0,270,54
Z4HtCWOfdvLqJzmHoCMjMMzDPJRNtun.jpg,246,706,465,541,476.0,503.0,460,76
Z4nQQTUZb_UWV_SSp2MepJumjIG6HZ.jpg,384,829,433,501,606.5,467.0,445,68
z4Tvd_LhieOLiR6Czc9JVqgEdkaOYcS.jpg,373,880,491,566,626.5,528.5,507,75
Z4zMlm2xWg7xRNt=Ph7BGjk_8gOMdP.jpg,457,861,449,515,659.0,482.0,404,66
z54xnN3rOuqCgraR7bKZTfVMg4qal.jpg,315,744,422,497,529.5,459.5,429,75
z5Stm3ZJP7gO7p6pboe3n3WKUQy2QB.jpg,467,860,436,502,663.5,469.0,393,66
Z5X_aqE3Hd3bDSHWKtSNIIk=gq8nKl.jpg,466,800,460,520,633.0,490.0,334,60
z62mC8cV5K4IkVOCng8Rw84tEfpjQbSD.jpg,266,724,445,518,495.0,481.5,458,73
z6CaGwZUm4sR=xbRpc_Wweu=yNihfN.jpg,393,848,419,507,620.5,463.0,455,88
z6eXlsT3v2SRW=5wenriu1cJqnuPlp.jpg,426,852,421,492,639.0,456.5,426,71
Z6hxBsN8VziSLleEN5xmsix7lBmexHr.jpg,446,740,431,488,593.0,459.5,294,57
Z6jFOKj=nfJ=mUNpV4I1plMrtxIC5Q.jpg,267,770,442,516,518.5,479.0,503,74
Z6pdT3oovFQbzfn8gp77tXhkdsft3dg.jpg,488,774,419,478,631.0,448.5,286,59
z6YKXh2P8BpavU9GF_DHCS9U7MQHry.jpg,438,736,432,492,587.0,462.0,298,60
z6ZSTMSCvnT4cotY5TqwV6Hmjy926oU.jpg,448,895,432,500,671.5,466.0,447,68
Z75SsXm9jO7pqS5JcPE48lWTdUpZ.jpg,377,812,433,504,594.5,468.5,435,71
z7e1zOl81HfuJo2VTOzfLPkplffQ1B9p.jpg,422,916,449,542,669.0,495.5,494,93
Z7G4RlEQ1UdaYybMNdkRjVMa=shatTk_.jpg,341,886,488,568,613.5,528.0,545,80
z7iGneDyWn4Lnxwaci_V51Sr83w57KPX.jpg,315,771,417,501,543.0,459.0,456,84
z7ma88Nal3YhoXJ3Gqys_nDUO6VIY.jpg,443,926,442,517,684.5,479.5,483,75
z7O_6fKlO9z7yKhm9i76cusSwcWCRba.jpg,448,761,428,490,604.5,459.0,313,62
z7uUBsM5P3xBC1jBLfgnEXWhOgw4LfX.jpg,433,955,488,570,694.0,529.0,522,82
Z7vN7xdqnQzYgDNZrMP4IaJgqX6lkF.jpg,445,898,430,502,671.5,466.0,453,72
Z7wM9up=nHjOcLllCanC9sQstfmwuCvy.jpg,463,912,434,504,687.5,469.0,449,70
Z837Eu8v8ESKvIkQDqOCMEBw4tgbufMf.jpg,425,888,456,522,656.5,489.0,463,66
z8LuSGmMFvjUSvkZZL=igEvdP9ugyd7.jpg,383,782,417,479,582.5,448.0,399,62
Z8xGlFtiGq8H7lknd8_GlQZYa34NHCB8.jpg,348,816,446,515,582.0,480.5,468,69
Z9F9JqYWYd9Ztma=tplY2yNDCUQ1nzH.jpg,420,880,428,517,650.0,472.5,460,89
z9GelOxtHB6QDT8GsNMCrwYiw4RH8YC.jpg,475,914,430,500,694.5,465.0,439,70
z9HIbx_OkewUEpEwdlk3hw8zobZep9.jpg,303,765,431,507,534.0,469.0,462,76
z9iNbGSSlqzPj2n_zQ5iNcP4Lp_FBHb.jpg,341,810,479,548,575.5,513.5,469,69
Z9QDs1H3dh6UKRxxGdIk_cZisC_hIwd.jpg,440,725,428,485,582.5,456.5,285,57
Z9suZmwBOLi9e7lk3GBS6fNeVhvuhX.jpg,342,775,427,497,558.5,462.0,433,70
z9vM8m2pq7pTIUInll91v25VjKCnn8.jpg,405,830,454,524,617.5,489.0,425,70
z9Zz4hM6kFZHkl6j38O9lyTOTdb56imY.jpg,447,751,454,512,599.0,483.0,304,58
Z=11TmhVXt21=VLSlE2ZQ5J1ajm=_h.jpg,305,814,449,526,559.5,487.5,509,77
z=LKKtRsfwBP7pxB7dK7Irr89SOjSM.jpg,377,801,430,497,589.0,463.5,424,67
Z=Paqz_XgYnFeKfbr3jmJediSuKHSR=R.jpg,252,801,478,556,526.5,517.0,549,78
Z=qpfjGhVgiBtx4ITo47IS3loUZkWWsu.jpg,266,784,444,520,525.0,482.0,518,76
z=tHqOM48IvryMz4eUqFC=NzUNVDHuom.jpg,332,759,418,480,545.5,449.0,427,62
Z=vnosmfmOjci1knM9xMopLqXl9hPFhB.jpg,395,828,430,493,611.5,461.5,433,63
Z=vp7egdr=nq9NPbJogc5JURrwgruxZ.jpg,290,762,434,505,526.0,469.5,472,71
Z=zIfEP6GI4_cvzEh7_KtsPzU9Bjhsz.jpg,309,942,490,610,625.5,550.0,633,120
z=zTciw6g8bf2vi5YEVm8nCjelcH54jg.jpg,478,883,411,493,680.5,452.0,405,82
za26HUdYR1Gi8xBh32QMPlJGXz4WSmR.jpg,368,989,468,559,678.5,513.5,621,91
za7IHSsd8CSMK_gdQhNGhwxTGtYSpPX1.jpg,380,850,444,512,615.0,478.0,470,68
zaDmw9vPrSiSqL7hnmu3D6QHgSBvWk.jpg,390,715,445,510,552.5,477.5,325,65
zaDRU1cwazyllkUaWNdz=F_ayc9psu=.jpg,425,704,424,480,564.5,452.0,279,56
ZaFQoHTZ5usThMRnqgiaBsYRJUDOYuS.jpg,465,746,427,482,605.5,454.5,281,55
ZagnCGlisuBnjr58hsEamyeDfl=t=mb.jpg,404,845,420,485,624.5,452.5,441,65
ZaJErSd_kKVQ2IWL3M4yplRDXqY14uiU.jpg,381,680,458,515,530.5,486.5,299,57
zaKbFBNOabrBIhdm9EyM8QyIDeggOxw3.jpg,316,744,427,497,530.0,462.0,428,70
ZazoOXDPPl7_iN43QC1Yd_3m23ZPFB.jpg,298,1202,637,770,750.0,703.5,904,133
Zb7W55kdPRjRYlK_637FO_7j74viHs5.jpg,471,791,471,528,631.0,499.5,320,57
ZbBgzY3nW8H6UD5QTr7zegvokcWW9=i.jpg,508,804,427,486,656.0,456.5,296,59
ZbdTT_YKP_ti9zJyPrV9ml65vIK2Dm.jpg,382,817,420,482,599.5,451.0,435,62
ZBjsTdbw9y5QreUdFrQ2Dmq9bY9q6o67.jpg,426,971,461,548,698.5,504.5,545,87
zbNk_5lzlmj77gO6j1fjIk9U4GoXW46J.jpg,479,753,418,471,616.0,444.5,274,53
zboDVf_E86Jb9hPw=z9VpcUaWh4sI9ZB.jpg,413,835,412,489,624.0,450.5,422,77
zBRzfyea9Y6NQ_7NP5erP6Ug6_GjDz.jpg,489,900,412,477,694.5,444.5,411,65
zbUvMGi8cscq1QVIiKhqLRN_gMwiwx.jpg,341,997,471,584,669.0,527.5,656,113
zBvZQpfwos4nq836KPProaUeR1HKicx.jpg,416,953,462,544,684.5,503.0,537,82
ZbyHjJMKhR__SBMKReYjUyXloxfhZ.jpg,394,921,458,537,657.5,497.5,527,79
zBzNCXfNEFv9O49_l8CDHGJciei9ZgZ.jpg,397,818,416,480,607.5,448.0,421,64
zBZp_wF17r_YQ7YtP7jdFr3OdnHh4R7d.jpg,380,846,465,546,613.0,505.5,466,81
ZC7ShE6hRU=gdnjSvoFbfaxBYaeXyBN.jpg,476,910,416,510,693.0,463.0,434,94
ZCEnIDPFnFIOO2GQaYVVJSiaOWU5dp8.jpg,423,942,443,552,682.5,497.5,519,109
ZCfHGJtpxuSaegKoLfNw_sex3u_WWc.jpg,424,705,430,485,564.5,457.5,281,55
zcJSVaok83kMTnwH24bZVRSYBEl_RwTi.jpg,430,890,456,539,660.0,497.5,460,83
zcM6q2KDzzXKswxl9=BdiDBOVmGmOW.jpg,307,820,480,551,563.5,515.5,513,71
zcMp47nvxW9JVYUdVoqDGvimxRJbZau.jpg,364,789,428,496,576.5,462.0,425,68
ZcXGqfbkO4xEoqfKsnPay7YRHr22jkh.jpg,433,947,470,547,690.0,508.5,514,77
ZCxw62eBrmfE_gvBC_VpNt9TVkkIMPmF.jpg,381,834,461,533,607.5,497.0,453,72
zC_e=WeIUW3stFdxkCzY7iiyr6GMB.jpg,376,788,417,485,582.0,451.0,412,68
zdCJwDic5mKKzN6RK7Pan9yGkXE5LJ1.jpg,331,933,526,608,632.0,567.0,602,82
ZdkG7E3lXUYuyIcy4X1vhh83us1S4Y1S.jpg,274,754,436,511,514.0,473.5,480,75
ZdMIoc=qRTW7Rr9F9IY_uKMa724QRPIC.jpg,426,885,436,507,655.5,471.5,459,71
zdqWy9KEYDljUORyGEQLloVBTM_71otf.jpg,369,834,425,493,601.5,459.0,465,68
ZDQZUEGBb=VJoxHhN6x9xGVCwLjS1lxB.jpg,356,771,422,491,563.5,456.5,415,69
Zdu58Jjz1MYgy4MZ6ky2v5ZD14zwUOfF.jpg,421,900,432,508,660.5,470.0,479,76
ZDuhfIIE3IsQhXZ_8MdZJjQqupIb4k=c.jpg,410,812,439,503,611.0,471.0,402,64
Zdui9jemXaSWFeVLyzaS84BHxCbyL2_i.jpg,416,816,415,481,616.0,448.0,400,66
Ze1wyvW22m_VeEzbCm6Dyhxjz4JXSp.jpg,412,882,467,546,647.0,506.5,470,79
zE31wgCmezBzLxk1kr2KStm7=fu=vGGj.jpg,249,813,459,546,531.0,502.5,564,87
ze8uOdICWINxvQUecuUVtGDZVsT8pz.jpg,400,966,506,605,683.0,555.5,566,99
ZeBJdTH4pkY9dYPIHibqKLsMo9h2nOgl.jpg,385,916,568,663,650.5,615.5,531,95
zEC33nLm8WIxPdjI=1Vae2kDPX5L6d2.jpg,373,829,434,503,601.0,468.5,456,69
zECayfSJ1mk9JsyZuJoJQnEG9sUY6CxN.jpg,405,930,456,544,667.5,500.0,525,88
ZEczVOHbBwutwWg5MEKiU4jg8Bml7T35.jpg,399,930,460,544,664.5,502.0,531,84
zEeBxzezxpBgoKWK=5G8hgC2MEN6X3Ve.jpg,364,892,421,513,628.0,467.0,528,92
zeEKUfISD5XLqbjYpP=BeJytbQQGua.jpg,289,865,469,585,577.0,527.0,576,116
ZehBM9Tw8OmZSR6P4=swj=4koL3fSukj.jpg,313,797,451,523,555.0,487.0,484,72
zek9UpHFYXNhVlUDr4QfMDj9hX_MaTVv.jpg,396,884,427,524,640.0,475.5,488,97
ZEklS47X6iDcMuP5kUovGyomzRqnTvdY.jpg,361,963,482,567,662.0,524.5,602,85
ZeNCbco2W8h3fE28HyvJCx_P7KMpUd1.jpg,437,847,464,527,642.0,495.5,410,63
zEPk7b8t_NNyoH2kwp5YgKLypI_iD7.jpg,422,838,448,519,630.0,483.5,416,71
zeqbYhEvxDR=DC6MJ6QjMzTslO6bePmo.jpg,454,854,415,481,654.0,448.0,400,66
Zeqfm4Xm1eiK_XcyIFSXvryz4yQWi.jpg,404,845,460,530,624.5,495.0,441,70
zervpyEbcdK7777IEkTJKKxNJeqK=.jpg,354,774,419,505,564.0,462.0,420,86
zESM3DSGO4oSixCPiDOc1dJkBaTsutuH.jpg,380,826,421,488,603.0,454.5,446,67
zETkkJ3ENJ1RrdpZU8ueO1o7LxbiTZ.jpg,466,816,495,558,641.0,526.5,350,63
zexrmTZUebRpTtkiLYFcnPK63ekbvLNP.jpg,423,723,434,494,573.0,464.0,300,60
zEz7ZgXe9TN45FB2GlR6WFDgWE43BSY.jpg,434,850,428,493,642.0,460.5,416,65
zf3xELVMgfkd_TfsNqXDJOBQPlrOBzT.jpg,420,837,440,503,628.5,471.5,417,63
zFDuRJnk=zhS5ImIyBaYqXcGvnxzz8FM.jpg,431,753,468,530,592.0,499.0,322,62
zfdY6heOYLEWh4cdxNFd9P=7gcX58L.jpg,367,855,457,532,611.0,494.5,488,75
zfEKZ7_7D=EzjdHKtORzqsXOwM9EJ7Ua.jpg,271,810,462,541,540.5,501.5,539,79
ZFG5nT2qJt7xbU6OEjGauKWWDKTXfSD.jpg,415,938,486,571,676.5,528.5,523,85
zfGVaYzTz91RX1CGPH5mhSo2CXPJ933R.jpg,405,813,423,487,609.0,455.0,408,64
zFgyCcU9w=xu7eqapdRIvcF8Mmcu8P.jpg,513,806,421,483,659.5,452.0,293,62
ZFj9bXp=Uofme22r1oZhVM4b6eBnXtE.jpg,447,734,433,489,590.5,461.0,287,56
ZFjWYPXgXvUk5vfdNoEtdFg2YyPWJ.jpg,385,836,437,503,610.5,470.0,451,66
ZfkEk44obbcBQsZne7ZeXJ7JjJ3IJIU.jpg,236,1146,593,732,691.0,662.5,910,139
zfzYsZYTpKCgnVaNYdQRongRWfZvG3.jpg,431,852,421,495,641.5,458.0,421,74
zG2GUizZ=9a74X21xdx2sdtLwJk43m.jpg,421,900,485,554,660.5,519.5,479,69
ZG9gTSGlt9nnnqLjTPBmOJlHTFO6TF5j.jpg,424,758,454,517,591.0,485.5,334,63
zgiUz5FPOtXDztF488LfdXmGo1onLJTp.jpg,464,815,466,529,639.5,497.5,351,63
zGjaYza6TUx3VOLI3kYY5oxGVpW=mW.jpg,361,686,462,524,523.5,493.0,325,62
zgkIv3lIlEEapzLrtdvdGXMMVuecLJjV.jpg,436,879,429,499,657.5,464.0,443,70
zGleGNn7_NpTNYSKeIwqMMpwaLgj1Qmu.jpg,314,747,424,493,530.5,458.5,433,69
zgqGMJ5s64Nbj6Eh=npUFdZFP7bDcMx.jpg,387,883,489,558,635.0,523.5,496,69
zGt2IFen4Kfn9w_ivFauHQpUNY2iM5Xa.jpg,392,693,452,511,542.5,481.5,301,59
zGvsCR_HwUxftK3yeJXJTb3NBZDuIvTC.jpg,390,784,439,507,587.0,473.0,394,68
ZGZ7=2R9rkQpsJdGzjZJEJb2CgwKie89.jpg,436,722,442,498,579.0,470.0,286,56
zh5jzeg1jGfR4akvOGsjRnk8dQlEun.jpg,331,1091,528,661,711.0,594.5,760,133
ZH78ismKRgFRTG3U5vt8431CEWH8Lq7.jpg,425,870,421,487,647.5,454.0,445,66
zH8vYFSzb2Zrj83vMrzSliEqaNK28f1D.jpg,213,797,464,548,505.0,506.0,584,84
zh9=9ObiGZ8uI5CyzsMiG4E34LOn1TB7.jpg,295,763,428,500,529.0,464.0,468,72
ZHBLWMaeVpWQSxNkQgBpFkUxFGiQDr.jpg,405,916,481,560,660.5,520.5,511,79
zhcYyOx57NykGq3DecSnmenvxRGbr6av.jpg,449,854,491,558,651.5,524.5,405,67
ZHEaIRqakVG_sBGNDCtYgGRXfhql6Fl.jpg,404,831,429,505,617.5,467.0,427,76
zHHgpkqdz6XJ1Mf9lclYXEG1N3iMvdKB.jpg,418,691,437,492,554.5,464.5,273,55
zHKgg9FmOpUWaEjHs=WsebTpbRvkiq.jpg,327,899,472,550,613.0,511.0,572,78
ZHNnn8c9HKz6G7Y3Jd4qjSvLLkNSEhXu.jpg,375,896,441,543,635.5,492.0,521,102
zHu6sWpjhMYge1F9SMigzKbWZT=IMHr.jpg,386,813,420,517,599.5,468.5,427,97
zhvvC3tbNwbJiTxuTVjoNXp7TUnz6Md.jpg,326,741,421,489,533.5,455.0,415,68
ZI28vMTuF1fnsfSTxkZXLQvuvrkWp.jpg,421,869,466,537,645.0,501.5,448,71
ZI2H4RCXjD3Gs9NPO489j8PaH_qzvXZ.jpg,385,811,443,509,598.0,476.0,426,66
zI6ev6upDPe6=nUU3phI86fD_J6mZVF.jpg,452,844,462,534,648.0,498.0,392,72
zi9cgDERVztioaHhk2ibWvIhJrUdDNQk.jpg,438,776,479,544,607.0,511.5,338,65
ZIa8eeC2lTMBO4BvkBv7iTIBZYm6sV.jpg,446,877,424,489,661.5,456.5,431,65
ZicdrlVq9XV3dORwDaucGTnhz1jC2.jpg,380,814,419,485,597.0,452.0,434,66
zIFDQrtRMY=9O8iaGsJdIuCOKHsawGET.jpg,402,808,417,482,605.0,449.5,406,65
zIMLb9d6nvR=3GMXywITGsFFbDLXbM.jpg,469,756,419,476,612.5,447.5,287,57
zIp7JSTJzIK9WzhE7jVFCY=Nk7Nn6KXh.jpg,351,864,456,555,607.5,505.5,513,99
ZiSlCeowL1T9wDkEQF1_YhmheiF1kx26.jpg,338,736,417,484,537.0,450.5,398,67
ZIuMpacHKU22YViNf2ppU=Dxr6hzdpM.jpg,405,882,422,498,643.5,460.0,477,76
ziv7niS2Cdtq4vv6OjiEfGaQb=G2BD=2.jpg,442,852,412,474,647.0,443.0,410,62
ZiW53JUTS5=C38I9B9_jwVuG8_CEkOTL.jpg,423,937,500,576,680.0,538.0,514,76
zizHQ55rjysn_BUWKYm9kQUMPy_9LBm.jpg,470,796,475,539,633.0,507.0,326,64
zJ5OOQqTIpluYkdGEKVaxR9UVC_pZlR2.jpg,387,763,513,582,575.0,547.5,376,69
zjaeuh2b75jyh1zjHm=IkRjnvghodu3d.jpg,294,840,472,558,567.0,515.0,546,86
ZjBjhcfctyx2QNF8UrR8DPjwucNSnvG=.jpg,347,679,455,515,513.0,485.0,332,60
ZjCpeflWXB2hSIr2b9D43seDCG646ga.jpg,409,898,453,525,653.5,489.0,489,72
zJhtmFCDuh7pbXkFsjTrCQQ75Tv5zf.jpg,308,929,484,594,618.5,539.0,621,110
zJIBMC9vXHPZabuYteT1gJ3DKhYzyMR.jpg,324,679,468,533,501.5,500.5,355,65
zJmUeP5iWWZtG2kLpWRXEgS6ISyUxUOk.jpg,386,1002,527,618,694.0,572.5,616,91
ZJPV8gT2mOhaEChTqswBvg2HEDgOcsU.jpg,455,785,454,517,620.0,485.5,330,63
ZJpZoNizxmBzraVUPiZG5TohdHIMdil6.jpg,414,899,443,520,656.5,481.5,485,77
zjTUoCp3MbVHZ9YbLr5=H8c=iRqfLLv.jpg,285,916,489,583,600.5,536.0,631,94
zjvoRhsvVmgcwP8gk55zQ9m8njxxf3NR.jpg,433,740,459,520,586.5,489.5,307,61
zjVUPL5xgl3We8GGzyoo1cySpZVT2SY.jpg,394,870,439,511,632.0,475.0,476,72
ZjztOfT9kMESb7VcJb5fD6fom9ijWMS.jpg,498,770,416,470,634.0,443.0,272,54
zk5m_FGZX3X4sNg8ZbLJR7DDy=rv4=n.jpg,447,963,446,542,705.0,494.0,516,96
ZK=Nb=qFrGz3XFgo56U712KcRzVPdV=P.jpg,333,873,457,543,603.0,500.0,540,86
zkbl4NQQbwKuTbZZiBF981gGgwt1Z1.jpg,354,867,460,551,610.5,505.5,513,91
ZKG5_wL6e1sUIyoi5CJMftBsi=8vTvm.jpg,450,816,457,529,633.0,493.0,366,72
zKITSqtc82LbusGGD3HoqSonYlKMwxTw.jpg,412,959,466,548,685.5,507.0,547,82
ZkjeMcTeUJ1OhFfUpJWQeiKer=Rn_EZ.jpg,415,833,429,497,624.0,463.0,418,68
zkQggsZa3qTzgtC2Ib42Y5KHjwea6M.jpg,414,935,456,557,674.5,506.5,521,101
ZkuZWME2TQ1quIsxDamb=XlyfdoChm.jpg,437,916,442,514,676.5,478.0,479,72
zKV3MiCwgs2MYlw_cYoCv6xNXQpJM42.jpg,479,775,448,507,627.0,477.5,296,59
zKX1_uIqY47HnJOWxS5sZ9hIvHjLrc7N.jpg,320,787,458,527,553.5,492.5,467,69
zKXV5LVsCv3zT7cy71aT333ZS21xxu4.jpg,445,862,420,486,653.5,453.0,417,66
zL4QRQvMm1K2GQXdvuZBdJNDUWkomtD.jpg,406,831,420,488,618.5,454.0,425,68
zl5JygICcaG9NiSujS13g6U22_4M8FI.jpg,429,932,486,564,680.5,525.0,503,78
ZLB3=_rJZSqfVqnmPnhN1V1MqLLFP5qi.jpg,469,879,414,480,674.0,447.0,410,66
ZLeSTNe5hGukV16d4u4MGm7ZOqOd5pf.jpg,373,896,482,567,634.5,524.5,523,85
zLgfyqh2FWUdpnSubZ1e6vTXSYNTYJ3.jpg,378,803,418,481,590.5,449.5,425,63
ZlKsIDGyjObleroMGxEgEnrEoSep7ge.jpg,326,872,488,576,599.0,532.0,546,88
zlOIe=YPD9Ck3sMtX8SODyyc2jfg6sH.jpg,342,788,424,492,565.0,458.0,446,68
ZlOixaJQ2pxjzE5KkKi92unBDatJ8olN.jpg,437,875,458,527,656.0,492.5,438,69
zLR8SZGpG3biYXbYzgMm9RaD1rY8bt.jpg,409,754,436,502,581.5,469.0,345,66
zlskR71G6ZGJxdeCoVZgBV=f6_5PwSl.jpg,380,798,433,506,589.0,469.5,418,73
ZltGukR6RiPPlVcBLlykDLXrvGNF5j8y.jpg,351,821,466,542,586.0,504.0,470,76
ZlZCjb=Pd3Hd=oBV=VvEXVEFSRNg5kg.jpg,328,877,472,557,602.5,514.5,549,85
zLzgt_K4IW7c1wklHSxlyrPYCHNtJ23.jpg,460,825,436,510,642.5,473.0,365,74
ZM8cBSDTZGlu_PPzm6c4=O4YkkffrOds.jpg,372,771,447,512,571.5,479.5,399,65
ZmdNiq4kbvGc4TffgC64HdhNuMMj4Dt.jpg,377,684,428,488,530.5,458.0,307,60
ZMHGXkbToQXO2SmEyQCVeM_dBoxXkh.jpg,409,828,454,519,618.5,486.5,419,65
ZMJQj4ilQolbKXQiK7jmkn1lLaf5ypz.jpg,396,871,438,519,633.5,478.5,475,81
zmK8x38sbdbiPzT_7Xqxlm9c3xq=FLC.jpg,447,733,450,504,590.0,477.0,286,54
zMobB_p198GGiI6cLh=dE6Qs3ploPh.jpg,427,845,450,517,636.0,483.5,418,67
zMpSaevHB_EGVqpWJquUzH9Ev9kQefz.jpg,298,1026,533,638,662.0,585.5,728,105
ZMrV17xwPMe7KLXUi1PdjEFPon7aOluz.jpg,429,895,432,503,662.0,467.5,466,71
ZMTXo4tqln2y61xmyxV3E6UpE5pO_ltB.jpg,388,901,488,565,644.5,526.5,513,77
ZmtY3WCJToYdJ=eGIohD7XLWsD6x_stU.jpg,432,861,446,511,646.5,478.5,429,65
ZmWOyLm7WYiPHglgS2ZnHaflDZJFh2Bb.jpg,454,718,419,473,586.0,446.0,264,54
zmWUZtI=KsdtLPfQOFPgFsGM46_EDq6.jpg,440,860,451,514,650.0,482.5,420,63
ZmZRJijxFV1pRIvXBrdicHcf9M8QPm9Q.jpg,338,949,479,580,643.5,529.5,611,101
ZN3_UYbwIKIDrts7P4N4tSMTkxtzUR2H.jpg,427,843,426,494,635.0,460.0,416,68
zn5OPNZ2rb9ofCZW3VZOMyfTS=KBcmq.jpg,403,972,484,575,687.5,529.5,569,91
Zn5pj8REcR7jINcSSmeXRgyBOHSq9m.jpg,328,749,419,484,538.5,451.5,421,65
Zna8vVt5z=OLxdyb=4dN5rZeEBZtVr=N.jpg,303,833,483,559,568.0,521.0,530,76
zNbCcxWekitOVlVTF8JIV=KKeOt6ElP.jpg,445,854,410,472,649.5,441.0,409,62
ZNBi=mdWhx=klFSFPzGmQRkS_owrXvj.jpg,423,837,422,488,630.0,455.0,414,66
zndMfQjyE1WTkN78r_uzpYUNbhTOXO7R.jpg,393,848,427,499,620.5,463.0,455,72
zNhvbEhCVMYs=BtnGHFExcClqr_nWBtt.jpg,461,855,476,553,658.0,514.5,394,77
ZNiVN4gQkyvsi84xIaF2KXzhfNzKo8s.jpg,416,958,472,555,687.0,513.5,542,83
zNJuEPJ=6zaKnoztcS=8=DdtbZfkB_UO.jpg,272,779,453,541,525.5,497.0,507,88
ZnMm=cvy9InKIEI5Up4zqv52BMGfaBVq.jpg,319,860,464,560,589.5,512.0,541,96
znqrPc1awsMlEoLzgiNbGvioJD6Doap.jpg,393,685,433,489,539.0,461.0,292,56
znqSLBMeI8JzLTP7=CHkXsygFcaZ2Bg.jpg,442,909,426,500,675.5,463.0,467,74
zntUkQtYsYyq6sbQeWdsnsHSP2i9vk5.jpg,427,962,457,535,694.5,496.0,535,78
znWk4aM8ME=JUZ4eJKln=7qNDea7gH.jpg,423,776,497,561,599.5,529.0,353,64
ZnYpWn9o5I5MIdm2ia2Re2pvjmWu8Se.jpg,377,819,423,487,598.0,455.0,442,64
zO9J4m1uwcIdlIpVxSknnr3Y8Ee_5WU6.jpg,455,888,416,481,671.5,448.5,433,65
ZO=mj8PiZ4G=HNCaY7P_5EkDOHzdrQF.jpg,315,760,422,489,537.5,455.5,445,67
ZOb6=PyFyVwlu5kvEa1dRCBm_fSWmMPw.jpg,457,754,450,511,605.5,480.5,297,61
zOC=z9ZKO52T_hP36XFgZwY=3Xfomw.jpg,394,799,409,472,596.5,440.5,405,63
zOf9mR7uen7ZUXua2Wx=mfGO4lQt3.jpg,406,930,500,579,668.0,539.5,524,79
zOgv_d6ZrWmNKURh8ZOdQxsCZ9=XjP.jpg,398,857,474,543,627.5,508.5,459,69
ZohaCLV5f3_lmfPawGIeOyo4JS1KrCy.jpg,422,911,436,512,666.5,474.0,489,76
zOku1iBwznbgY1_Bp5p1NlFOmdEjITBL.jpg,446,864,419,490,655.0,454.5,418,71
zoLW7orUy7OEsoQ11hS8O9sHGEfo.jpg,440,838,416,481,639.0,448.5,398,65
ZOM4v5LIkw6NU7CtUT7zsih2sa2k4qft.jpg,432,847,450,518,639.5,484.0,415,68
zON36ch=ikOViaULkHYOoq4h1Xccc.jpg,348,874,458,534,611.0,496.0,526,76
zOown7rYSnvezQXcvQ3JH_eGUYtUPTEQ.jpg,323,741,425,493,532.0,459.0,418,68
zoQ5UHqJzXfKuZWscDx=LxqLIgqxyrm2.jpg,427,766,454,514,596.5,484.0,339,60
zoUqRwhrJXscTR6o4BokBhbftpgM4hj.jpg,298,752,431,505,525.0,468.0,454,74
zovhXSgbITaiDbRMK=mFhSahMhy5kw_9.jpg,365,832,441,515,598.5,478.0,467,74
ZovY2sDUuHulYJJDoSORaT29e1fhhaQs.jpg,262,808,494,573,535.0,533.5,546,79
zoyJVfrRowHbhcchQafH9T9dkj8hHpv.jpg,416,865,439,511,640.5,475.0,449,72
ZPDtVSEcQMIoUcCf=uToiaCaO3gsSKZ2.jpg,354,854,453,542,604.0,497.5,500,89
zpef4mliN15MkZiTg73DzD66HXUJKes.jpg,457,897,456,526,677.0,491.0,440,70
ZpG563QuTCOxlvItP1ppwefQq14lDK.jpg,403,806,420,485,604.5,452.5,403,65
ZPLBkqlCRrmJpvo2vX7=1YH=zeNYMDM.jpg,342,757,437,513,549.5,475.0,415,76
ZPrFah54QKf1OLssyt_gZRUX3QtQNe5.jpg,424,937,452,529,680.5,490.5,513,77
ZpRjphN_DlLxKTbLMfBKlhxn7Xvmrja.jpg,445,714,422,477,579.5,449.5,269,55
zpSF92EXjo=MtkSGjBBWtq2mIRlpGNW.jpg,395,843,430,496,619.0,463.0,448,66
zPsL2vl1mYKkoxp7ew_Uyjz8PHeB3=L.jpg,409,831,422,490,620.0,456.0,422,68
ZQ8h5Z8RD=hokwgJDCH=P8531DTTKpOz.jpg,401,860,443,513,630.5,478.0,459,70
zqE4fxd7LGhUdUrTR=t=bhp7MCF78fe.jpg,556,822,419,472,689.0,445.5,266,53
zQf64yjeYk=Gxu2LCbhi2MpKX6VzG.jpg,461,829,513,579,645.0,546.0,368,66
ZqFCpbJ4N2OHU5XwrzCfSDzZj5IyiZ.jpg,219,822,452,572,520.5,512.0,603,120
ZQJREKyNn7JC_acnDPjtzB8dl6iGCg=.jpg,359,830,481,552,594.5,516.5,471,71
ZQKYwaG8B4WYuKObRk1fskHHl5m=37.jpg,333,795,423,492,564.0,457.5,462,69
ZqOYRTwWaWW3ltfon=ocTWhBzg1GS.jpg,341,740,416,479,540.5,447.5,399,63
ZqQiogiPqVuXurvK_Bd6bNLbpNJ=ELI3.jpg,433,875,428,495,654.0,461.5,442,67
ZqRE4jt21ig44NlvlRk4Lp33jpfNodk.jpg,405,846,429,503,625.5,466.0,441,74
ZqsRmpxKnlHzFwhqpCzrEVINT=yOL7Y.jpg,368,834,434,513,601.0,473.5,466,79
ZqSWuLhGYzxCFjOXmb_VKTl64whUWw.jpg,367,874,458,532,620.5,495.0,507,74
ZqTE6josmM4f4LZUelP4zwgyKTK3W6TX.jpg,377,824,425,491,600.5,458.0,447,66
zqxczDmveiww8zhXEThPjN3yMlWklKz.jpg,354,853,448,522,603.5,485.0,499,74
zRDW9u9jhQmBpnuyHn3d6Df8aeF3Bx.jpg,345,788,434,504,566.5,469.0,443,70
zReX6qNzvYVIRH1Wd5ThqXbknffDzuE.jpg,348,770,418,498,559.0,458.0,422,80
ZRGF7FD9PfaPaxU9H1gluCp1OECB_ry1.jpg,250,818,515,598,534.0,556.5,568,83
zrgu7RkjDqT=2w54NyZsBnYRsZGGDO.jpg,404,837,475,551,620.5,513.0,433,76
zrlZcOBTHJ5OnZgJszDNzBC72G8SuL.jpg,430,831,423,486,630.5,454.5,401,63
zroTdakYXYpCz37Ncsh9dRgncS7ty8Rb.jpg,486,777,453,511,631.5,482.0,291,58
ZRwKKpVvtR9DlynJMIurdUrrRYP7Jwkn.jpg,347,941,488,573,644.0,530.5,594,85
ZryLU8Dx7Jv8MVFa6_K6DltlmzCpJzK.jpg,411,851,418,484,631.0,451.0,440,66
ZS4keOc7zGabEfo8Eyw8f7niy9XI1l7.jpg,219,974,519,646,596.5,582.5,755,127
Zs8YibmJGjHK9St1ddnkxugPBEfb81GZ.jpg,415,797,417,479,606.0,448.0,382,62
ZsFREiyJzyhX6DYRWG68sMfpxSUwzH.jpg,264,786,463,542,525.0,502.5,522,79
zshiU5qfa3eyb_QIbuccrfbhDKPsYL.jpg,379,1058,521,613,718.5,567.0,679,92
ZsJEJwMPuwOMptQ=ZomLxrBHwThk.jpg,468,926,461,542,697.0,501.5,458,81
zssjTCxUg9iLipgQj_ECsN9Txb3gvyqu.jpg,445,865,442,506,655.0,474.0,420,64
ZsTRhrwzkTEi_KG6UOfJGfft_i5RVJ.jpg,412,820,436,498,616.0,467.0,408,62
zSV66tLomcL8WC1tTTZ=L5sqQqXCpaX.jpg,406,869,428,505,637.5,466.5,463,77
zszT5RaJ2L8z4OpvOhorNpCXN9NeSgW.jpg,260,789,460,547,524.5,503.5,529,87
ZT5xJ4cstWUv2TJcRJZ=I98czPUZFS9.jpg,353,792,422,488,572.5,455.0,439,66
zT6n9NMSNcUwcrz6qYw5h3s8HZegEdT.jpg,374,840,443,510,607.0,476.5,466,67
Zt8ZhaWb4Dc7wt2MPBUYN1lQEgM85.jpg,273,776,467,544,524.5,505.5,503,77
ZTEX1REuRkM=iligKtLqWLaasXsb=gzB.jpg,431,905,439,510,668.0,474.5,474,71
ZtiKqRtQL=uOWDC6qkkazhWOnw=Zi4OC.jpg,347,836,442,519,591.5,480.5,489,77
ZtIW_dyskW8NXz1DIwYtYtqCD8x4H=sI.jpg,448,1012,460,573,730.0,516.5,564,113
zTkcFsfbHeyPr1C=Dspu_btzFofR7Pm5.jpg,464,916,470,540,690.0,505.0,452,70
zTmyFY9t_gyqIR==z8Tsur1H_6pxShF.jpg,416,829,411,490,622.5,450.5,413,79
ZtONZyQpjm7C43sDFB7J48=z6N1pgN.jpg,247,847,468,594,547.0,531.0,600,126
zTuB64V23kTCfsERul3uYpYplMZNuqR.jpg,459,750,435,491,604.5,463.0,291,56
zU3faTmHg=k5uP1YR7oQcMZzOQCc2l8.jpg,383,659,429,480,521.0,454.5,276,51
zU55fpNFS9R7xQefgcTYifpmjVNB4d.jpg,405,905,456,529,655.0,492.5,500,73
ZUG5bMZt2dSlBtxNlulxmJEcKZiF5.jpg,380,916,499,583,648.0,541.0,536,84
zuho_Hy1RyWB7xDvljKbwYdIDNhnB.jpg,345,910,478,556,627.5,517.0,565,78
ZUn=mGX1qIqBOF_k9NXCki5aItr1Dx.jpg,391,844,436,519,617.5,477.5,453,83
ZUsZGD2r5=cpcj9boesjmREFRh1i.jpg,360,921,478,564,640.5,521.0,561,86
zuWTLcvahybeWsOF92weMlzGwOfRr7w.jpg,405,842,419,487,623.5,453.0,437,68
zv1u=fu3GvCGE4EWXxeems89aOuFod.jpg,311,799,467,538,555.0,502.5,488,71
ZV2Xc8Yqnav7Imi9NbH=Mh68jz27V4.jpg,270,809,454,544,539.5,499.0,539,90
Zv42DuUYQsKRUzEolUBiW1zGfjwnN43.jpg,328,752,430,494,540.0,462.0,424,64
zV454G6LIIPi9ZXVh8OGOcRodyyg1E4u.jpg,381,841,437,506,611.0,471.5,460,69
zV4sjVi_oLokNoVDKW56ZqH9UvfsU.jpg,367,770,417,482,568.5,449.5,403,65
Zv61BLjUF7Y9BQFoG49RXxdRTBEKDX.jpg,292,876,479,568,584.0,523.5,584,89
ZV6J6k6XwkGJsSrSKkBYfgHmXLY7qWWt.jpg,424,915,446,522,669.5,484.0,491,76
ZVIm4=EZi3vzNk2LdZnF_5LFmMHawY.jpg,360,967,524,616,663.5,570.0,607,92
ZVkxl25cILNEOc8hsQWix5BWDFub9RG.jpg,337,763,419,484,550.0,451.5,426,65
ZvNLfo6WWTgaMUKDGc4u97nPk3df.jpg,360,654,422,483,507.0,452.5,294,61
ZVptQYHKx6cFB8cXBgjyc_NpWWFNZQo.jpg,500,776,436,490,638.0,463.0,276,54
zvRIupuGnXEIFu8K598ZHonXSISvrvO2.jpg,260,756,456,528,508.0,492.0,496,72
ZvvcFNSuewZD2V9mwv9rkYy5v7hzO9z.jpg,326,915,476,568,620.5,522.0,589,92
zVxeWFYQTqSC_cQy6SrweM6qf18bJz4a.jpg,479,1112,507,616,795.5,561.5,633,109
zvxq92Yi6s1KhgUcEuQItgUj6xLtUmQ8.jpg,425,855,455,528,640.0,491.5,430,73
ZW3a1frMD=yhDc7yiqjxuDE67j7yjw_i.jpg,527,800,434,489,663.5,461.5,273,55
ZwcRfZykKUWjsVpw_y9c5mdMIUMg88V.jpg,441,914,433,508,677.5,470.5,473,75
ZwcsOKaflwocPOcPkg7H85d_IzivM2a7.jpg,418,751,448,512,584.5,480.0,333,64
ZWD_4ojOuWnXsZzhYHHJVekGdgoUG.jpg,415,919,565,653,667.0,609.0,504,88
zWilwpKL9JapUtlgxh1x6Eewr4lbcYTu.jpg,416,864,460,536,640.0,498.0,448,76
zWjo1bLSL3fFDIRYFNUJakwli5=JY4Q5.jpg,409,811,420,485,610.0,452.5,402,65
ZwKCxvShOa1_UqnaNmHlEzHOIlus5evq.jpg,387,824,422,488,605.5,455.0,437,66
ZWKtTcQW9P2VsavK6smY4eycsbn5sorM.jpg,247,851,536,621,549.0,578.5,604,85
zWRy7bxYpeRS3xudX1UzPQcOHf4_msH.jpg,465,820,467,530,642.5,498.5,355,63
ZWVYFObCbXoV1gYLa5HHiWgkimR7sm_k.jpg,384,963,478,564,673.5,521.0,579,86
ZWXZbeuNmr_GERdz6UTYSs7dIefeOyFi.jpg,413,828,419,490,620.5,454.5,415,71
ZWXziGwhixR8MJTiDk1a2s6tIe=bkRG.jpg,431,894,421,495,662.5,458.0,463,74
zx8kfOX9lQWN3HszFQguN=sxUDlwNxb.jpg,423,875,432,499,649.0,465.5,452,67
ZX8vc_2W61OBUhJr1FoFZ5YL1uMYDEg.jpg,420,712,424,483,566.0,453.5,292,59
Zx9oIQM8JUSiZK8gtZG7k7ZiPEHzhdvO.jpg,341,810,470,540,575.5,505.0,469,70
ZxbVQdqFJlfQsTHMSRzf1tSqgIXn133c.jpg,323,882,469,550,602.5,509.5,559,81
zxlxWhCMvgmWz3_lkFvhOXoHGUNlsxm.jpg,348,886,472,551,617.0,511.5,538,79
ZxOETGHM=mV=mMS2Dm7tG31blcR5WHb.jpg,360,845,428,503,602.5,465.5,485,75
zxP6XI2eznc8BQOdHlM=QNbV3zjz8l.jpg,450,897,455,528,673.5,491.5,447,73
ZxpsgmuDkjvLeydi4yv1t8Qyiz9JdQ.jpg,305,777,435,530,541.0,482.5,472,95
ZXQ8dPw4MTHfJgMpMu2viy9Q4F7So.jpg,432,709,427,481,570.5,454.0,277,54
Zxrtps58=DByLtxW3JFZBHr=yqr3FIF2.jpg,319,899,485,572,609.0,528.5,580,87
zxS=8exMgUt6NLcOKPuOCQe9BGGsQ1.jpg,173,792,548,639,482.5,593.5,619,91
zXx7oZIyxxGKEBDsxqiXgkz2Jjc5atfX.jpg,317,750,421,485,533.5,453.0,433,64
zXzfbeBDt7kMKT9o9kUosNaEUyaM8wL.jpg,339,746,420,485,542.5,452.5,407,65
zxzZ2TRXm_v2=pM6GhXvq7iF89o7mJx9.jpg,434,965,458,540,699.5,499.0,531,82
ZY4kVY51BP13abMqHnv5IXJXVxf39u.jpg,475,887,414,497,681.0,455.5,412,83
ZYFDovgtBZOg3cLrgyIZDoc3CmcL.jpg,445,876,422,501,660.5,461.5,431,79
zyFpdWVEIbBGLtPTVIwYtWl5SpZs8.jpg,463,917,432,508,690.0,470.0,454,76
ZygaN5UtBTg=cgrbU2bwautPFoTpgjG.jpg,398,978,486,575,688.0,530.5,580,89
zYhD799ffnqC2Y95moxqOZ5QyxBxl9.jpg,370,889,448,544,629.5,496.0,519,96
ZyI5LOv4pCzGbwI4XfaJIjE=hcrwe3x3.jpg,320,807,451,521,563.5,486.0,487,70
ZyKyQgcrRhUFqNfzkj2_aJeGUUi4X2M.jpg,463,726,424,475,594.5,449.5,263,51
zyl8qESTf1uF4y1ZoaOJvPjlOnmYwX.jpg,400,903,450,536,651.5,493.0,503,86
zyLxcgUNKj6tIXcEoqnjbpqe=zOet3.jpg,454,888,435,504,671.0,469.5,434,69
zynvsuEBYeefIMDXF3Hq5ZEDng9lYITk.jpg,425,818,414,480,621.5,447.0,393,66
zyo1XsbQpaep6gLkRtMJ7SJ29gUpJan.jpg,428,923,489,563,675.5,526.0,495,74
ZyOx1jNhMOMr6f4cq2hglswgN7EPETtn.jpg,324,843,475,548,583.5,511.5,519,73
ZYPiBeYBmgM1lHD_Ku2Qq=W4aQhpcln4.jpg,447,876,456,522,661.5,489.0,429,66
zYPUYs3LUL1zcqE93wVgoBL_Dg15eGa.jpg,409,831,413,476,620.0,444.5,422,63
ZYrKlkEDEm_fpt6WtTVq4vgsSBMTyVNP.jpg,407,811,447,513,609.0,480.0,404,66
ZYZhMmj=ynwRSdh83vdJCZ1XveItkz8.jpg,335,755,418,480,545.0,449.0,420,62
zY_1Y2iCQJFBCG8dS=qXb_eFnRvxrEzy.jpg,387,831,432,498,609.0,465.0,444,66
zzfv5m5pSTm6DWwwDV85J=w3Um8KFUX.jpg,313,744,420,485,528.5,452.5,431,65
zZguL=6QI=9QO3hFZTWNXMC1oV94y2=N.jpg,435,870,418,483,652.5,450.5,435,65
ZzJlq8DcHcZcbTGo9du2vrQkxjgSOD1.jpg,438,845,416,484,641.5,450.0,407,68
zzoEeXVUiRhfifIw2BkIoW86qZEuwmE.jpg,343,879,461,541,611.0,501.0,536,80
zzQe59K3fmRZpaCv8x1Kkg69nIsSO8.jpg,311,877,477,573,594.0,525.0,566,96
zzqLx44eG=fwcBv_nRUC2rlxrIBN9u.jpg,211,1231,627,775,721.0,701.0,1020,148
zzZ_fTjua7zZXu_eWuLw9d1tHgE6IdUu.jpg,393,914,448,526,653.5,487.0,521,78
z_BBHCfzM=pPqxkwIoi79JYN6di7u7.jpg,397,962,495,583,679.5,539.0,565,88
z_O9rJEhHCYblbKLerLcbrctQ_Wqs7ST.jpg,348,878,464,538,613.0,501.0,530,74
z_pHLjH7_8q5fddv3coZc=wXVBncda1.jpg,402,730,431,492,566.0,461.5,328,61
Z__HUJ_RRd5=NCZCgu39T=Nau9fmwGvY.jpg,455,903,435,504,679.0,469.5,448,69
_1GfbpRkSTs8tTU_Rzi6rDVa6FLQp.jpg,543,961,441,517,752.0,479.0,418,76
_1TFexxwPqzHZM9JTwJTgmt5Urphufo.jpg,416,944,435,510,680.0,472.5,528,75
_1UDp_d33Sykrs6V2ZkovqVvwdtTbW=7.jpg,332,853,480,563,592.5,521.5,521,83
_3hLk8HXQ3PKDcLhDUhIebkqnac15l.jpg,368,852,478,553,610.0,515.5,484,75
_4JLX2DnJMq4wZ6LfIIndmyea7JywZm.jpg,408,724,431,495,566.0,463.0,316,64
_4mWhEKDN7vCLPWrvbZZn37qZrnj1gy.jpg,398,805,462,541,601.5,501.5,407,79
_4UV5ZB_KFqW4WFMUq79dwhSioDvzNzE.jpg,399,883,441,515,641.0,478.0,484,74
_5a6SH4kVJenLjIPCfHJBS_z_z3Vx9g.jpg,352,749,419,481,550.5,450.0,397,62
_5Ut=iYJ_aW6X7n2_JWgJPEJbgejVKPq.jpg,345,841,452,529,593.0,490.5,496,77
_5xRdmGUPTrHkVzcXzOlNTmjytdo.jpg,281,822,464,544,551.5,504.0,541,80
_6jPdM3UVVE7oxoijJITMPOtRwi1e=e.jpg,422,711,420,478,566.5,449.0,289,58
_6t7M4I9zeLNUVLEOcBVYwqslkxVxwCu.jpg,389,1010,497,590,699.5,543.5,621,93
_89sFtJYHIL3p_Kz34i=uKjxvhw4LI1D.jpg,392,790,446,509,591.0,477.5,398,63
_8DEtRhH96zGzIF17FF=G4mlwJzL4Ws.jpg,409,812,419,483,610.5,451.0,403,64
_8PXI=v12Lg1fj_2_Dvq111nbcXStnyw.jpg,340,876,459,539,608.0,499.0,536,80
_8RcvuGTdyDJqBCM_JBE9S_vIyxHpp.jpg,385,883,481,558,634.0,519.5,498,77
_93es8OLoCyvfH5mkC7io4sZhZ5flMW.jpg,215,809,516,608,512.0,562.0,594,92
_9=QFdcxD9yqBlu5XlKiWoTvQV3sTyM.jpg,503,845,455,518,674.0,486.5,342,63
_9bG78aNHxZ8EqPxNOVp6fkKyIbqa9D.jpg,430,787,495,560,608.5,527.5,357,65
_=FiT84j5dmJxvNr2VkoKoFu_OJ5QX.jpg,400,800,416,484,600.0,450.0,400,68
_a4sGsxgOr4TKRIwUIGkdr6nqc47PXo.jpg,330,800,430,528,565.0,479.0,470,98
_aEUhsBCvi5XSdQuS=Rf2zZlmgidqWvF.jpg,387,914,459,535,650.5,497.0,527,76
_aJkE8FgkWQOGVYivsa3imzTWqM1c43i.jpg,312,752,421,485,532.0,453.0,440,64
_aNfGmDIisreYSjGN1WhMLWuyuYY3COo.jpg,350,823,441,512,586.5,476.5,473,71
_an_rYdnqdqXmQalJ6n8F4z=YIlzR=L.jpg,411,860,463,536,635.5,499.5,449,73
_aqgPL25lUBIBp8rBdEYSkYbJ9IHIzCq.jpg,367,797,461,529,582.0,495.0,430,68
_arycvwDqkouyWLX9Rijh6bkQj33fiu.jpg,425,997,506,600,711.0,553.0,572,94
_as6DatZ9nayOz6OG2xxoBQ6qvBl=TG9.jpg,427,851,425,488,639.0,456.5,424,63
_B85h4OwOiLmsUyuBVGeXkzIEbo1t=.jpg,307,745,422,487,526.0,454.5,438,65
_bcX7_78npLjzQMRoUenautyaUFZV.jpg,343,935,481,566,639.0,523.5,592,85
_bkjnTpbsSgQnYLJQisrnW65kk58Qqb.jpg,413,800,441,502,606.5,471.5,387,61
_BmqCyjUVbcaK917HCCpnGlfvglcajC_.jpg,404,818,424,493,611.0,458.5,414,69
_cupNTdDY9geb4ohRfCmowssGw2H7PF.jpg,400,814,421,486,607.0,453.5,414,65
_cyrDHofKJvZxhRyqghk8ZYYW3zj_2.jpg,243,790,464,545,516.5,504.5,547,81
_dBslhxpjk9pZiIRnhqGD9kq2IBxrGb.jpg,415,849,426,494,632.0,460.0,434,68
_Do4yFckY_XZIzCxG=TBr=ZdYig176QJ.jpg,457,951,485,560,704.0,522.5,494,75
_DOpY1JrDy5TOzmHpxkjUfHmJ1FKrJ_f.jpg,446,865,450,516,655.5,483.0,419,66
_DqGuuVs6=_irxhUnnh=Gfmc_2K3Yf68.jpg,286,764,439,516,525.0,477.5,478,77
_Dx3V3WOMsZRRadVuEUV47wmFlzL6Osk.jpg,406,919,457,534,662.5,495.5,513,77
_e766zeWenNpgK6BtOQEUmQkQXZdzBt.jpg,220,946,524,628,583.0,576.0,726,104
_etUJHOxLVHj8FBapTEXz7gV6qxEYN.jpg,414,1004,463,555,709.0,509.0,590,92
_EXNyM9g7CrSP_rwv1lXTSSJW3cQDnNy.jpg,310,776,439,514,543.0,476.5,466,75
_EYk5Hsd9CsksJLjcn_j9t2lDLcWZtDq.jpg,397,863,435,508,630.0,471.5,466,73
_eziC6av5LlqVsRNWfVaYRB9Ds88e6e.jpg,396,808,415,497,602.0,456.0,412,82
_f2xBjivDS4gbXZiZbCMnTxrFBZL3gwO.jpg,418,875,437,511,646.5,474.0,457,74
_F6ns6py29HHxoS9YkvU6M57ypF31NXp.jpg,417,824,447,512,620.5,479.5,407,65
_f7i1XRRuBTXWLiakn5PlnfJhK1NKac.jpg,461,754,430,487,607.5,458.5,293,57
_FdLXoFGQ=lWr9fZDmGPoUmq_tcM=aFO.jpg,469,805,478,542,637.0,510.0,336,64
_FGoKZzsJaH93vGTexNlFi3dwJKkdYV=.jpg,478,894,422,488,686.0,455.0,416,66
_fjXQFs1eVmxQpi4hYY5TCcq5VdzhCm.jpg,289,800,459,533,544.5,496.0,511,74
_FpiUM6gqRlnfnymWNoD41G=Qn=wNu.jpg,264,908,500,591,586.0,545.5,644,91
_FVUWf_S=qQrHmoBHCV_3E5deGrotP2F.jpg,358,891,453,551,624.5,502.0,533,98
_GkS4tTCM6l5Lwvp_lwo3vCiFJ4OHHP.jpg,343,651,429,490,497.0,459.5,308,61
_gLmhRXXqIvQr7=2_mTBJBfdC6uzG8r7.jpg,419,960,446,534,689.5,490.0,541,88
_gOfQr7RDb49pytGLVPBXydR4xZmetEN.jpg,424,894,486,553,659.0,519.5,470,67
_gQUURlu=G11Ub7K5s2tXwMQWEprDdZ.jpg,294,1049,536,647,671.5,591.5,755,111
_HMa3jOr31EuvLY=7ZsQZdU5pyhnNNI.jpg,332,753,422,497,542.5,459.5,421,75
_HO9QI1He7DEG37zMoP1F2fgMaL4K2jk.jpg,424,844,424,503,634.0,463.5,420,79
_hwlUDc1=WCnP6CrxNFE14iZFxEK45NX.jpg,432,905,449,518,668.5,483.5,473,69
_I1cV9ia_4R78=V4CoQ6pK9kJ4WOP2=T.jpg,453,1131,502,612,792.0,557.0,678,110
_i29RZW9mO_p5JHpbgZ8oKLif_U3guxJ.jpg,462,892,422,493,677.0,457.5,430,71
_I7DpiGDikmgGGKnbFj3b4Pi=VijT2v.jpg,374,926,460,569,650.0,514.5,552,109
_I7nCBGUOzt16oWSPUbGJDZfQSfY48ji.jpg,419,819,409,479,619.0,444.0,400,70
_ICSovZklIon1pRx=6OtYChKbU1fzklT.jpg,380,892,483,559,636.0,521.0,512,76
_iVOKwzhtu_TMeeFjyQUEgtbNndcpMq.jpg,361,875,459,532,618.0,495.5,514,73
_iZxQjNT=GxmXTZlBoYjGfymRGtJm4m9.jpg,390,823,434,502,606.5,468.0,433,68
_j9lGHZqFxVhjwFYWq2VWR51y4cORdj.jpg,377,678,435,494,527.5,464.5,301,59
_jbWLjFHVaPtYhVylkyQVvN43ilRVYV.jpg,323,1159,550,673,741.0,611.5,836,123
_jgoiRGnM3W9tqmuNWxj7BLh1UhhkH.jpg,322,820,478,552,571.0,515.0,498,74
_JovoIaGMcKj=ZlVnEmCHY2PkbWhpL.jpg,379,739,452,523,559.0,487.5,360,71
_JscfK4YkQpCxN1=TMkmmINV2XzsIEj4.jpg,408,910,490,562,659.0,526.0,502,72
_JtSGz7kQ5pqo4roenycdtV1fdtWS.jpg,426,699,427,480,562.5,453.5,273,53
_JvcNnmgy=TEbhcEviRmWKeuYvXt3Pt.jpg,399,793,418,480,596.0,449.0,394,62
_k5FTi1SEs59V9Q_vEoUa8ocwB32NdeQ.jpg,373,901,449,545,637.0,497.0,528,96
_k6XZD3qX3G1JYJFaURNLsxDJQ2tlyFN.jpg,320,930,492,584,625.0,538.0,610,92
_K8v4PGuZ8KOFFbk6a6dpHmMxkF97QU.jpg,384,820,419,483,602.0,451.0,436,64
_kDDHaUYYPH4VgRyiDa4UHF9nB6e_TC.jpg,461,877,421,489,669.0,455.0,416,68
_KhataUhZV7S9OcnkVxxSKWFNwQ81mb.jpg,412,884,430,501,648.0,465.5,472,71
_knVaGIcbEX=aRzW1xItZSCO2cRkiZ4.jpg,458,744,430,482,601.0,456.0,286,52
_k_y14goZbwrX84NQc78eW_2izWTuyZn.jpg,378,919,472,555,648.5,513.5,541,83
_l5t4C=LTQuHgZUVvRF7yvtYTEjhgP.jpg,408,864,428,502,636.0,465.0,456,74
_l6Ey2_uUjgQ1uTGyOCXvjlxdbZkhOp.jpg,440,896,466,537,668.0,501.5,456,71
_l6Y2g7IByjV_slYC1XYfvqokyWOCjXf.jpg,313,910,528,612,611.5,570.0,597,84
_LBJFk3p75DlgR_Hgjdrvl4vuhqWEbgi.jpg,331,909,484,579,620.0,531.5,578,95
_lVPz_CJCFbGkWl7Zg5n3=9saUliPDUp.jpg,353,638,424,481,495.5,452.5,285,57
_LVuHIIIVCo5n7qG3=7zPg4R4DPH9D.jpg,376,762,440,501,569.0,470.5,386,61
_m5_kxHUjtMkZJRIsO9JYc2mdC3COt.jpg,432,847,415,478,639.5,446.5,415,63
_m9vci7uO9Kjf4qJBoW4M8B5RiTXqysn.jpg,430,861,428,495,645.5,461.5,431,67
_Mas7VPUjpD=dsoZ_TC=6Q9X6jQwseJ.jpg,375,827,431,502,601.0,466.5,452,71
_mdNianen61f=GScjXCXc52UsaF6YSg.jpg,330,805,466,548,567.5,507.0,475,82
_mDZLNVSq=f6lbGQMoM8ttE6voGBm_m.jpg,406,763,467,531,584.5,499.0,357,64
_mHSsCPfiRNCpbS2EvV3cmDbuCaHh9x.jpg,365,891,457,531,628.0,494.0,526,74
_MoPIx=Ykz18hyo6LqFwbkFw2gosSJz.jpg,351,975,500,596,663.0,548.0,624,96
_mVkfBT4KXPPUhPKVS4RWmXjfZBKCT_s.jpg,277,805,467,566,541.0,516.5,528,99
_Mw4E4TGX1KC7R9btnbKCYYZ1bE6p16p.jpg,302,1047,528,649,674.5,588.5,745,121
_MZ==rhnLrpeu3IswSjQpB7IesHfqZ.jpg,497,772,418,475,634.5,446.5,275,57
_M_59EtOjY6UvWwW9=qeXFlRQvPiw.jpg,436,850,449,518,643.0,483.5,414,69
_n6XIdIghVHNFQQFLns2CeiJUxWYqYB3.jpg,405,937,446,528,671.0,487.0,532,82
_N7GeQkYsDmL7nSKE4ONNbhvi=fvswlk.jpg,510,865,434,506,687.5,470.0,355,72
_N98_bRBWo1xyuuS_IUdRpGuwymbkOq.jpg,326,774,423,506,550.0,464.5,448,83
_nGiuWsul4EcZFNeq=pTZnpKwsUq4hBk.jpg,309,751,421,504,530.0,462.5,442,83
_nHaqHrSwSe71uXu9XoVuDhPnxYv4K.jpg,436,970,458,539,703.0,498.5,534,81
_Nl7H8HOtVKNBkk2PVvcGpv2olooVZri.jpg,363,732,443,515,547.5,479.0,369,72
_nLZyTi3vVX33eOLrwC6uNcPqE6oCvE.jpg,380,830,431,517,605.0,474.0,450,86
_NrDsIdDuJ=r7I3aZdvpo8pMXL2bcad.jpg,466,922,461,541,694.0,501.0,456,80
_nvipfZtJ3ZNUvZlEtF2at1Ewk7q12n.jpg,450,908,466,537,679.0,501.5,458,71
_nw7QXltwHnVbDb6HHxwXPs7DPbztH8U.jpg,469,877,412,474,673.0,443.0,408,62
_nXmR9SaD7j_POvFmQncfE4EkVeskdb.jpg,428,829,418,481,628.5,449.5,401,63
_nYqmLMDZuJNLh5x=47BbLPbdggBGz=.jpg,415,870,425,503,642.5,464.0,455,78
_OKYo24k4jZje_yuwOoYy5FDsqmUDs3.jpg,307,982,514,624,644.5,569.0,675,110
_ORVGaIRnQ4DmkSaX3dxjwQOZHS9plqC.jpg,452,791,482,543,621.5,512.5,339,61
_OWDZ=IkjUXeOtceCmlClLK7cnsNhPg5.jpg,389,828,457,529,608.5,493.0,439,72
_oyofm88Ov_zqm__J=CdYbdz15L9TRu.jpg,396,800,421,486,598.0,453.5,404,65
_p3Gr7NnoRRvkdqcPlUFLWVYSqW3Dex5.jpg,318,891,486,576,604.5,531.0,573,90
_P5jIDwdBsFnKFqpOHlvd_7HQorxW9p.jpg,378,893,456,535,635.5,495.5,515,79
_PBQwgrGc=llkE2OycRKPQZV6uYiBi.jpg,338,815,473,543,576.5,508.0,477,70
_pmccXFWYxwsVrw1SaPj3yhPQEkNuKnp.jpg,457,776,471,531,616.5,501.0,319,60
_Pmqv6zxGzBFZ5SYhDWD_v8t_GV7g.jpg,438,994,502,589,716.0,545.5,556,87
_pnedoT6ierxl7XdV2qvDK=8gVlIrDj.jpg,419,717,458,515,568.0,486.5,298,57
_pQBNqzkU=zR3yFSNkElSlXnaj8cnVu.jpg,389,807,423,494,598.0,458.5,418,71
_pRsBQnvc8j9yp26lJS7DvUTVhb5TOs.jpg,297,836,458,553,566.5,505.5,539,95
_PVjoUYpLioQmkPLKVgOfZ568Yv9Q37.jpg,394,923,492,569,658.5,530.5,529,77
_Q2hjpZR_UNDDjQQ6KqnT6i1foGQ4ffQ.jpg,470,982,479,571,726.0,525.0,512,92
_QbHh2Mc5USEWshYP2POhyynKeGW7J4a.jpg,468,749,422,477,608.5,449.5,281,55
_qFrvD7JPxjV2shDhsLKglYm2EIP28Q.jpg,405,1106,553,668,755.5,610.5,701,115
_qO1=rFDJsdLUwilJWrGTe5z2fCSzbMa.jpg,389,801,417,482,595.0,449.5,412,65
_qRDuwQ_XKl9RdOTFvvrhXCvsDutT=t.jpg,505,817,462,521,661.0,491.5,312,59
_QV9Z3Z1lRxiqDbCdnYrL5pZ9cOVJsJ.jpg,363,845,436,515,604.0,475.5,482,79
_qymldahxG7ICyENLvUBkS3izeSDJPo.jpg,390,806,417,479,598.0,448.0,416,62
_RDeu=sB6f3c_FjUL2LHiRsNr=IZYd5Z.jpg,407,821,429,495,614.0,462.0,414,66
_ReYReSaWt=cZywJa8r_4tRlal===1M.jpg,461,907,424,496,684.0,460.0,446,72
_rhOZE5Z2Jo4l2Qt4UteZ1eQQnPwPF_G.jpg,342,911,468,562,626.5,515.0,569,94
_Rov9z68IW=ogJfO2c9vRbRsgU9HLZdY.jpg,352,750,418,478,551.0,448.0,398,60
_rwayY1HJluRreRZ5L85aGxc5Zz92.jpg,343,817,438,511,580.0,474.5,474,73
_RXhTa2J8PVkaCKtTKGEQyaWVDMr6uVp.jpg,368,830,423,492,599.0,457.5,462,69
_RYkb9=RpJihUhYal8WnZg1e2CIyGKn.jpg,389,815,428,495,602.0,461.5,426,67
_S4uKm3jgq7boux=YMsQ1W5aSTpx.jpg,341,768,420,488,554.5,454.0,427,68
_sbxdS4FtQl4W4F4sQiyh17s5pKNBjtM.jpg,456,846,411,475,651.0,443.0,390,64
_sfV_Ug=gUvCyFWl1YIZtYf5nw1gCcX.jpg,344,870,456,535,607.0,495.5,526,79
_snuNvwDUF1xU2HlvX2HoWhosNS1Xa2v.jpg,399,674,414,469,536.5,441.5,275,55
_SPQZ96Z=1tZL1EPDn4_5Mmd7Cg1pkH.jpg,424,728,421,479,576.0,450.0,304,58
_sPwceuz7ITcZT_yt6NQTyZrmSapPnr4.jpg,423,868,426,499,645.5,462.5,445,73
_TFGyi=Y4vtqCXalVaI1dD=QkDKuKV2.jpg,413,806,443,509,609.5,476.0,393,66
_Tk8v7NmHLNIMKpLxV3=JEmgQZ=4Cg.jpg,418,954,474,551,686.0,512.5,536,77
_tl5=tL5QkTNk9shl51aLww7GkpOMak.jpg,422,980,447,536,701.0,491.5,558,89
_ttdaxWg_3Ihs=OEKlbDkY8bYR=2t5T.jpg,497,922,445,520,709.5,482.5,425,75
_tZBHbyjz6om5Q6HQ25iu=pug2vc6mH.jpg,386,940,501,589,663.0,545.0,554,88
_ucYr6VDKF3=1Mz=w_V4W2kfXKNpIXf.jpg,309,898,474,559,603.5,516.5,589,85
_UGU7pKpXaEGP_1WgKDlo4kyxjSuCfSa.jpg,334,855,448,527,594.5,487.5,521,79
_uiwPCpyiVZStP5i1tiJCxYizeGSfx5.jpg,474,744,437,489,609.0,463.0,270,52
_UUP2fmmMrcCr6BUSv38rRRW9E8qDe1x.jpg,356,665,440,498,510.5,469.0,309,58
_v3Zu=kjlCwYrtrLi96CvCNxPrUBgJc.jpg,419,904,472,547,661.5,509.5,485,75
_vELhgW8GzEbrJFLvCgfD9sXk3Ozjqu.jpg,374,647,423,476,510.5,449.5,273,53
_VQS6yPwI_Xwao5ngZakvawuO8WtC.jpg,407,856,422,491,631.5,456.5,449,69
_vqUmNM49fDFMROb6qhry4X463=7oGZ.jpg,461,752,434,488,606.5,461.0,291,54
_vtzIND7h8HijOPNU83_=WuXDg47LIO.jpg,456,887,425,491,671.5,458.0,431,66
_w8KtWCwOmaUbwOeUkbG7Kf=1QIY=TQT.jpg,435,1126,510,618,780.5,564.0,691,108
_WgRWp7pi4REU1Rfd8P4KKUhk3vYYKn.jpg,382,955,464,553,668.5,508.5,573,89
_wqhK4Pvp5lhRi7Sdq11Osk7GgSqvlY.jpg,381,869,447,535,625.0,491.0,488,88
_wTEEZV3K6kvFF471fl599uZycUaPCvL.jpg,415,983,505,609,699.0,557.0,568,104
_x5_3rTI3tNo57ZsbGmFHvYwmB76Fs.jpg,432,705,421,475,568.5,448.0,273,54
_Xd8hyFogIVmS5B1h3YOoDu1fROV2VB.jpg,313,667,468,534,490.0,501.0,354,66
_XDnD1klgylvMXcEcwlWLkkzFzxMzkge.jpg,398,811,422,489,604.5,455.5,413,67
_xJLUb7ILI6GGyOfHeXyG3k6NcUDTua2.jpg,259,805,462,559,532.0,510.5,546,97
_XNLwiwNLIFNXU4CSQY32IVIQk16ceB.jpg,406,948,456,557,677.0,506.5,542,101
_xpBlavH9QkQcCTKxiKRUqVVmDXPrc.jpg,345,836,441,517,590.5,479.0,491,76
_YBC=VhOkUFJvsaq9OesOx1v4xFaKicx.jpg,375,721,465,529,548.0,497.0,346,64
_YdDoDZKYDzkmQz5Y1HJRKOq=rTKkW4a.jpg,310,757,424,491,533.5,457.5,447,67
_YJiDizrlMsIbCkEJfcaZSItcEWHMXM.jpg,398,847,451,518,622.5,484.5,449,67
_ysyR4JZFjlpOxHrWH3oc7ej=gbFIMVl.jpg,373,888,456,532,630.5,494.0,515,76
_yWeT1a=1LdFgw7d5TjfN58W_8qK9sG.jpg,388,987,517,613,687.5,565.0,599,96
_yXqKktQF=h55R4bBgcVRI5FM8IyktWQ.jpg,475,914,433,502,694.5,467.5,439,69
_Z4MjZVvwtYKFOKMSvFBj3xTTaLVuX.jpg,365,758,415,477,561.5,446.0,393,62
_z7cGpwWJN7S8kIVFTUQEIi4v_sd8.jpg,374,886,477,557,630.0,517.0,512,80
_ze6sTpwBm_wU7LniIrguRUEGwpo8BfO.jpg,312,768,431,522,540.0,476.5,456,91
_zm32GiuxSBJRLwU2jRiKYCHyrSa4ab.jpg,175,810,486,589,492.5,537.5,635,103
_zrRu4l2GbM2myHrcRQdNo5V5hZN3dY7.jpg,416,976,483,576,696.0,529.5,560,93
_zv1SuHn9T2g_amXSUrnhsY4KzfeLxBS.jpg,414,802,412,478,608.0,445.0,388,66
_ZyabtjEo=7PNlZ4oH7qRbJbnH_r1LE.jpg,408,813,424,488,610.5,456.0,405,64
__eN=NSp5V3VuC9dHV9664GdpOgFf3Q.jpg,413,825,446,513,619.0,479.5,412,67
