filename,xmin,xmax,ymin,ymax,xcentre,ycentre,w,h
11cOBn_d6c_kbVxW7d4_munMeM_apqb.jpg,466,743,426,481,604.5,453.5,277,55
128hBWgWFzLrEpY5vqkaZ4nGB3Qxj1.jpg,466,915,460,531,690.5,495.5,449,71
12cDKZeTduLtHUcVapMqYdRb_fdZcdS.jpg,378,813,420,483,595.5,451.5,435,63
12S=wvzN=vtCILWmMYQ7wf3qmSKH9V.jpg,351,735,413,475,543.0,444.0,384,62
132FyevxyaRyVUStkEu7ciXHVLsr_4vq.jpg,360,888,442,519,624.0,480.5,528,77
13dsjukXXqfVKS_SSwLumVblLSxSZK5.jpg,392,798,419,483,595.0,451.0,406,64
13tOBFk2ypzlGsHQmGgJlZ6abmFwi.jpg,406,863,459,537,634.5,498.0,457,78
14djU15vgmZQmztXNKGXlk18EuHX5O3.jpg,417,986,466,553,701.5,509.5,569,87
15d8XngYdUk2Rc3h7RWX8EBUDrFgJQ.jpg,368,895,491,571,631.5,531.0,527,80
168gIPfBqix3Wp1oFK1EHiT1H_2WrW4.jpg,421,817,419,481,619.0,450.0,396,62
16=ZhiEgHRC2_75tEI_XC=wBdvbUfqZ.jpg,65,900,562,676,482.5,619.0,835,114
16emhJ2=7_3LXnqj2ZQhLuoG4JuEM.jpg,425,917,451,525,671.0,488.0,492,74
18yWP9vCpPENPXZeUTzIYI53QzJYGXO2.jpg,383,857,440,513,620.0,476.5,474,73
199bxSoSRTR9UHl7OKNEvO9Uns9e1nR.jpg,349,816,503,585,582.5,544.0,467,82
19n2Q8i28OxihxdlxYKFHIjq5vH4U6.jpg,432,886,434,520,659.0,477.0,454,86
19UlmCKxSvW4nSNOq52bnmQjq4k63ws.jpg,442,911,476,550,676.5,513.0,469,74
1=5f27BW7RgtxbqV5tCETsLIn=lrI.jpg,401,800,411,472,600.5,441.5,399,61
1=gBwCI73dqQWzgWhafK6tl2t51DxnP.jpg,411,803,485,555,607.0,520.0,392,70
1aGzw1GLL6QdXkOTy4xY7_EJc5hUTBVO.jpg,384,855,436,526,619.5,481.0,471,90
1aLBp8kut_WQcscZa5ErGfX3shQK6PX_.jpg,411,808,442,513,609.5,477.5,397,71
1bbOqo8gfxp6tnbkC6HnfXzt8sPPtDZ.jpg,379,761,503,575,570.0,539.0,382,72
1bLKjC4CoUxV1ubmijPNSy5FRIxa.jpg,407,723,468,526,565.0,497.0,316,58
1BXx8kLY3uO4Ehjcp8KpzI3p2qXo8mo8.jpg,398,864,444,512,631.0,478.0,466,68
1Ca7TMPqNXOk7GThxaUpstlLsusCMjha.jpg,382,914,480,564,648.0,522.0,532,84
1CxziWoOeETviYTJjk8H9l5YehQrepOe.jpg,350,840,450,521,595.0,485.5,490,71
1CYluauGjVKyFwY7hMr8hDcUtNuozTOG.jpg,376,675,437,495,525.5,466.0,299,58
1DuD2mY13M6ytRlG3NbQ7ySgo=jir_B.jpg,337,859,470,547,598.0,508.5,522,77
1DxdxWees1bo4CYfQOa8ZEoajTrXrf.jpg,377,875,480,557,626.0,518.5,498,77
1DYbnhOPt2ogZnizNWnDEU9sJz6ivRc.jpg,346,740,418,482,543.0,450.0,394,64
1FaguPTW9o=Ba_Uuac9yTupqPO=Gjfo.jpg,193,835,527,620,514.0,573.5,642,93
1fdkkYh7VHy_XfXr6X1VjPm2kJpYZ.jpg,294,836,449,530,565.0,489.5,542,81
1fHvJ7jr6gWPginuhQX1=x5xrjY6Zcb.jpg,402,852,425,498,627.0,461.5,450,73
1G21It6hN26efyhM1_u_33IlQvvddcee.jpg,410,899,486,554,654.5,520.0,489,68
1Gd=IDM23YTXnZZmGIIBH6jdpFq=d11V.jpg,397,813,423,489,605.0,456.0,416,66
1Gno3xnfI3XnvKDFgqtJ1jMUUxnb33.jpg,419,771,442,509,595.0,475.5,352,67
1gZG6T15vPM1aEa=BCecSLJca=fmaJpe.jpg,367,667,460,518,517.0,489.0,300,58
1h9D25N6eIdujGaUfsud6=biuedS2l7x.jpg,350,777,429,493,563.5,461.0,427,64
1HT=RczjSgtt4uk2y3_dF4CGihfF_nCd.jpg,411,813,421,485,612.0,453.0,402,64
1hvDMoFx_gWesvyrRORSZZud7TTkNXF=.jpg,312,778,439,510,545.0,474.5,466,71
1HX8Yxy4aNtF9vK=QlGngNflBsZ=XWz.jpg,319,753,421,493,536.0,457.0,434,72
1H_dJiIp6whXc5ypcU1oBDU3zX5BFfZf.jpg,265,778,454,530,521.5,492.0,513,76
1I4j7rJLI6YrSC1xM2=rITpne2ij86W.jpg,453,904,459,533,678.5,496.0,451,74
1IR5pQtjfV5biG7nh3yVLtcd=G4rwBQT.jpg,334,869,456,537,601.5,496.5,535,81
1ITinXWBgWWz4DkEQ2USLeyur47svSk.jpg,386,927,461,543,656.5,502.0,541,82
1JyLFLfC5eFHHwCi72zTQ4aMq2Pp8G.jpg,485,804,462,527,644.5,494.5,319,65
1L=7sJGhzwYGPt4q3V5ghwRkcefUwWx.jpg,413,876,426,514,644.5,470.0,463,88
1LYryUEBwHjIJvqUF3FjifPyCbi3Ix.jpg,446,933,479,550,689.5,514.5,487,71
1LzlesdDL8_pW7aWY5R4umPGZeNkMGLK.jpg,474,743,429,483,608.5,456.0,269,54
1MkT7ZevCPg3JUofrR6B4lu9CiWxxW8P.jpg,326,940,533,620,633.0,576.5,614,87
1mQdnbm3xQT4mTfCZ_9kzjYe=eR52Gs1.jpg,388,840,451,514,614.0,482.5,452,63
1MVfzGCJoTWOkshJaMfbsfjT4WkKHsi.jpg,401,838,417,490,619.5,453.5,437,73
1N3r9R9Y6hgcd7e2ttXMamt7GCqELjl.jpg,403,867,460,534,635.0,497.0,464,74
1nku3VP5RLRUfLH5HWOyKB=Ymuug2ez7.jpg,305,788,429,517,546.5,473.0,483,88
1NzsU63YboiS_XF9qDKm1d2feWHh4Nr.jpg,301,755,430,497,528.0,463.5,454,67
1NzwpZ3bjJHicxYfZ5p_7z2Ki4krdtlz.jpg,474,742,439,493,608.0,466.0,268,54
1O9zmMPiIDiX4gq4ZfT_hn7w8RdDDvh.jpg,278,776,442,522,527.0,482.0,498,80
1OvIVbrECE9iwcJnxQjYxthU7PItc.jpg,393,819,444,507,606.0,475.5,426,63
1owJzEnjebhdzv=DoUE1Sa1tzw_wa.jpg,365,842,446,515,603.5,480.5,477,69
1oXXsEPVTuP4PbnQjr5vKtRwo61HoifR.jpg,328,765,418,505,546.5,461.5,437,87
1p=JtuPVqIR3lpdvhxcEZ1tZ2xlFOgv1.jpg,432,796,495,561,614.0,528.0,364,66
1pmsPQoEX1SztFByzy57wp7MBt4Ue3MB.jpg,455,957,470,550,706.0,510.0,502,80
1qB56HGzh4wNVzIRJY1nOSVENe7qwPR.jpg,356,925,486,572,640.5,529.0,569,86
1qeWqeEHBVqBFMUsxVjQxW8HDJc2E9Y.jpg,402,861,433,506,631.5,469.5,459,73
1Qj9NQ3XclULFvKZY_DLpoJaVS_sjIo.jpg,330,639,443,500,484.5,471.5,309,57
1r8P7dbjbn=qU2PRsGZs3gmgI=qDBPl.jpg,455,873,430,497,664.0,463.5,418,67
1RHBgSx6iPiF2iO=eMDiox1PQPdDO5lX.jpg,442,860,449,518,651.0,483.5,418,69
1Rl2WC4iVo2oV9foIeWUooIbr3Kl=YKt.jpg,234,782,472,550,508.0,511.0,548,78
1Rm6Duu_ghqdmYHEGmXjYLb=3pBy.jpg,280,808,452,563,544.0,507.5,528,111
1rmELxT5kzX8ce4rHYqIfq3XLX17e2.jpg,352,857,454,529,604.5,491.5,505,75
1rWcsI_KEhbKyjhZwVBm4cmXopBcz8z.jpg,333,979,544,646,656.0,595.0,646,102
1s3PJopb71yiC_gni6hKJ2gNPDrm3tW.jpg,418,959,476,552,688.5,514.0,541,76
1sjsw_ohKyHSChq4dlrQr_5G9Npc9Gt.jpg,434,860,427,499,647.0,463.0,426,72
1SRfV2Jddrld2STYgy8P7ThvfORC5R6t.jpg,452,933,446,522,692.5,484.0,481,76
1ssdMbwIEW3V8aNS1PwGBrU5p_oSgik.jpg,418,932,493,570,675.0,531.5,514,77
1sxxmQmcGrufdrHoG=5hmIsKqs1_Kine.jpg,425,855,429,496,640.0,462.5,430,67
1TK=CXz3ugbEMZReRcYIUcpt13Q2bkN.jpg,299,803,461,538,551.0,499.5,504,77
1TNZW3K5dxfSwhjuq=2iKb81V7PX1lVC.jpg,391,924,500,581,657.5,540.5,533,81
1tQRo=foVqOc=CYSGSHG1VJi1FThF55.jpg,402,858,466,537,630.0,501.5,456,71
1TuXb1GTglCUbgcoT9j3sWDeVamYV9x.jpg,394,803,416,484,598.5,450.0,409,68
1ubF33Smk74yy6Dv9DaG8a72ETzyJ8X.jpg,442,895,434,506,668.5,470.0,453,72
1UCM7rMUvdS=y5Ea=4LzZiN=CtpIINc.jpg,458,910,424,499,684.0,461.5,452,75
1UIBGhlftmw8VoJn3Heao2135nvngzJ.jpg,450,858,453,519,654.0,486.0,408,66
1UiINYtnGeOnXQcgkZvW=JmPx5uYYuSQ.jpg,304,844,446,529,574.0,487.5,540,83
1Us1UiC6=4kiIS2epkp2OIYmd6kz4nh.jpg,404,854,420,488,629.0,454.0,450,68
1VUS74=PcK2mxQdR41oB23M1pwk5gs6V.jpg,340,917,509,595,628.5,552.0,577,86
1wdMBhwf9VnMDQkUoopCD7o5xLQ7ho2x.jpg,313,907,502,593,610.0,547.5,594,91
1xcjxpe8y234YNSnvPZTpY81tDWqW4.jpg,393,979,485,566,686.0,525.5,586,81
1xeBc4iQhLfg7U_49KyXEg2uy5VHuko.jpg,391,804,441,501,597.5,471.0,413,60
1xXnfipEoMzvPJe_DMeDbp9KQqSqJel.jpg,382,850,439,526,616.0,482.5,468,87
1YQuqRaxzH9qDonVylp85tDBUm_BSaSD.jpg,452,870,420,487,661.0,453.5,418,67
1z5HZQO2VuN_9BrHkQJVJOBGXcUyYRPO.jpg,376,950,519,604,663.0,561.5,574,85
1ZE5CKJ8zXdYq2=FNNLCgv16DRzeQ.jpg,388,820,458,534,604.0,496.0,432,76
1zjvyMh8pj19acCjEzMG1dLsF28pWqmY.jpg,317,752,425,496,534.5,460.5,435,71
1Zmdh5yJeCp9vYlIb5zJBi9G5anFJb.jpg,364,918,512,597,641.0,554.5,554,85
1ZpcH5eG1Slnb7J2MLKJ9SOhrOmx14_I.jpg,469,965,437,539,717.0,488.0,496,102
1_OL_XMELndFPNr=84qnO11tBUazj.jpg,437,743,463,521,590.0,492.0,306,58
1_xaW771WiSS6RB8xGIFVatm=OXTjbm.jpg,254,934,515,618,594.0,566.5,680,103
22UmQrogi3UsbuItN=PXOuN=8M1w6B.jpg,505,767,416,469,636.0,442.5,262,53
24goBpkrTspGD8lc5Tw1u9O1gOIHfCa1.jpg,395,831,417,482,613.0,449.5,436,65
24P7JcnNUwhkREtl=Zgi=fi4kQDvYGO.jpg,449,895,429,499,672.0,464.0,446,70
25cpavNlI36vxgvHFICvMLEPpsNDiB.jpg,447,1064,524,622,755.5,573.0,617,98
25Gj5FvIfe1qlHTpMpaazbziBn1iwhZ.jpg,393,796,413,488,594.5,450.5,403,75
25WwszHiIsVMNiOQaynyyCtX2rCEvYXo.jpg,303,808,456,532,555.5,494.0,505,76
262OV6khWBTGaTyj8XLBaZhM7IUrlldq.jpg,450,855,445,511,652.5,478.0,405,66
26EBpuUwhe2Knux4mVvnf=2QkPDhOlI.jpg,421,784,445,514,602.5,479.5,363,69
26K2pU6BlY3UorOdq8_7qdpmEMpwmF.jpg,367,875,458,537,621.0,497.5,508,79
26sUW_NkqLoXuRuP6rZl_O7tgy9coqy2.jpg,447,893,434,504,670.0,469.0,446,70
274HwtUZBk2z=U2VKKS3I=4y3pxyGVOD.jpg,357,793,418,487,575.0,452.5,436,69
27Q61zKfuM4xLh7F=Z6VPozWCDt=a9.jpg,285,854,519,599,569.5,559.0,569,80
28ZDLUdq5QRII7g=SSnnz3ZGWCFmUi.jpg,395,969,478,571,682.0,524.5,574,93
2=6LxxKXJG437dYcXh5ZKz3htxfcigJ.jpg,527,917,430,498,722.0,464.0,390,68
2=nL3OvNjIgc28o3FUE8LY4HW366L7uu.jpg,443,884,431,500,663.5,465.5,441,69
2BcJsNfFypzINoM7HKkR72jiyt7xhNd.jpg,309,744,420,484,526.5,452.0,435,64
2BSDCHfzOugt5pNnRQvMabsVu5mWxf6b.jpg,319,889,478,560,604.0,519.0,570,82
2C4PlspK_8Rfw3S6EaesNju1dmlwlF.jpg,293,920,491,581,606.5,536.0,627,90
2CF36mRHx1nI=zcaigQZmovTHboWXTY3.jpg,329,762,419,482,545.5,450.5,433,63
2CIgbbhnxrdfnj8EXbQgawKrK_lo.jpg,390,948,514,594,669.0,554.0,558,80
2CUs2fICJ6f5jb2qQBz7EX=bPuWCJ.jpg,404,744,473,533,574.0,503.0,340,60
2dec24EgEvZj7SbN5Svw89wYzL9PBLkG.jpg,395,858,444,513,626.5,478.5,463,69
2DI4FYmkL5ftQ4yHhDm31aVdyknl5=.jpg,400,740,451,515,570.0,483.0,340,64
2Drsq7vLRCvyZi6c6Hw13yojQio6KE5m.jpg,224,990,539,652,607.0,595.5,766,113
2DS6rTavowhkl9MupZzcm32O6rsStlgf.jpg,330,760,427,496,545.0,461.5,430,69
2DYb5LLttVjc19ryBxtyzXqegpxGhyl.jpg,481,948,473,546,714.5,509.5,467,73
2EcLEftdbneeRQyrMSQBR7OHYMRNpPn.jpg,350,737,411,474,543.5,442.5,387,63
2f5hLR11M55rffwcSCZCHmn2UJ4_yyf.jpg,300,864,477,558,582.0,517.5,564,81
2F8Bn8s6J_=kCQTmbXiUafHCGw6ggwG.jpg,340,840,452,527,590.0,489.5,500,75
2fqhyMCdB3krvESLrac_koqjnzF29NV.jpg,494,912,417,486,703.0,451.5,418,69
2G5cLF6Yab3ERmkL9=owzQoJzm3Gb7a.jpg,368,892,459,536,630.0,497.5,524,77
2GffHTrZH97CWuezHvsNzmklho=rZt9.jpg,373,826,423,490,599.5,456.5,453,67
2GobcWuztxQ2q4pucbRJ59iEYL2Bqk.jpg,399,830,430,499,614.5,464.5,431,69
2Gs6yeownpBD9wj188W1X6NpJyB_=JQ=.jpg,351,906,461,546,628.5,503.5,555,85
2HbMNC9SvOOnGUz_LiqRQR5naa_O7P.jpg,429,908,478,549,668.5,513.5,479,71
2HJpR_Hq1JINzsHGqW2gYbxc3bj8OaXT.jpg,181,781,524,612,481.0,568.0,600,88
2i1lS8ckIjj1Eivj6QP596SVjf_QXiVV.jpg,219,735,489,567,477.0,528.0,516,78
2iGF5My8pGHvraJ9BCHHj3VIxlc4D.jpg,361,771,419,483,566.0,451.0,410,64
2ils82O7o8GBHSSWkUtavUWBcQXBn.jpg,363,889,475,552,626.0,513.5,526,77
2jcr5b23EicTDiKUUVNlqkYWWZK5tuHx.jpg,504,775,437,491,639.5,464.0,271,54
2jDjj2Kaq95Zcv6CZ3zOc8eSbMZGLpg.jpg,402,866,430,508,634.0,469.0,464,78
2JuquPhUszcyqG5HPeqKdUwMMmTLJy.jpg,457,959,485,559,708.0,522.0,502,74
2kwa3WNg_vxD4GVZ9zY56Zhn9RhS3GN.jpg,307,790,469,539,548.5,504.0,483,70
2LGamg7yjrSBPNSFNwkJYv9IFbio6Jds.jpg,343,920,514,602,631.5,558.0,577,88
2ln_eUPjQMWcObszXMISth7_96hMhI.jpg,328,844,446,525,586.0,485.5,516,79
2lX8RYTEZ3YuHI54yHwCW3RKnUCagnR1.jpg,464,836,501,567,650.0,534.0,372,66
2MleImDJFVSGyRBBHSEorMxDUONKKb.jpg,406,852,425,502,629.0,463.5,446,77
2n3F1LIgVzhwCFNlIO3KBQBiYszirTN.jpg,352,847,443,530,599.5,486.5,495,87
2N=XRqkGDV3dsg4DsrhUmDY9nxB4_wi.jpg,470,870,413,489,670.0,451.0,400,76
2NeB3O=LksBFOdW234yUN5HYkczmkCix.jpg,347,669,433,497,508.0,465.0,322,64
2NTClxWYwosZrYC7xDm=xppsGGhbcism.jpg,380,874,447,541,627.0,494.0,494,94
2NUZM6KG6SNCCEoggM6nxdCilrh2znn.jpg,359,856,454,534,607.5,494.0,497,80
2OnGqCgCpq=_2uUp3JY_ZYsvYtRfmP6S.jpg,271,767,443,523,519.0,483.0,496,80
2oYlqWmcNO7CqQmgt49t3nr9iVX9LFL.jpg,248,756,485,562,502.0,523.5,508,77
2qe9Vm=ppEbvBaqdL2PXuFPlePPtNnh.jpg,383,836,436,509,609.5,472.5,453,73
2QMTiqOpkPkXLp1xba_YJIjdZz2fPX3.jpg,373,839,440,509,606.0,474.5,466,69
2qQLpdBUXxpK7v1TQeY8q_1tI4yURTp.jpg,389,819,425,492,604.0,458.5,430,67
2rgzKh7sVwnBQqFbD1jb_=bKDfsSruSF.jpg,454,761,459,518,607.5,488.5,307,59
2rMG4UIj_hELOwQuppyQMCFiQxXSY1s.jpg,323,933,478,574,628.0,526.0,610,96
2rWBx52s62RXBFcC5zZhxWQ2OXhbHLs.jpg,348,828,478,551,588.0,514.5,480,73
2SBNu4Nr2PpOUS8lBLCiBCrwuR=vhjI.jpg,415,882,469,539,648.5,504.0,467,70
2sr=cEsBdCw6lYML6aK9ncI_Line.jpg,446,847,443,512,646.5,477.5,401,69
2svjy2IZBoFbf1jPJWdXrkI8IGCU1SM.jpg,417,843,421,488,630.0,454.5,426,67
2svqdK87yg_UEbCiSHHqsmOZ55FTux4D.jpg,455,933,479,552,694.0,515.5,478,73
2u9jCqBJHQPlzek8O=b8DpSPXC815Q.jpg,339,836,449,521,587.5,485.0,497,72
2uMo2xl8WJjUtTC6qcLab5BCnKgslnC.jpg,380,879,489,559,629.5,524.0,499,70
2v3iuRsisReREL6O8EmNMMHUdPXsh.jpg,398,894,482,554,646.0,518.0,496,72
2V7TGiovVTjv5=ei8nHiPJ55ymbYPS9i.jpg,383,833,433,498,608.0,465.5,450,65
2VFRo_P1148c5qHnj448manwft_j=OHF.jpg,326,758,420,486,542.0,453.0,432,66
2vl_1NBNkSBOy3e7zX1OXv=3yIgBxyP.jpg,419,859,415,481,639.0,448.0,440,66
2W=yucNkG5sbpG2p34ucgjHst8JgLowW.jpg,362,789,430,495,575.5,462.5,427,65
2wkTHBpWNdhxVdpOR8vNHHL2jJ1Yo22.jpg,399,861,468,543,630.0,505.5,462,75
2wL92orxS9UBwnhX7Jl3PEwtfWgoJs.jpg,355,781,429,494,568.0,461.5,426,65
2Ww8x8CKM_mXBJfa4uK7cDDLxZf693n.jpg,392,1027,495,595,709.5,545.0,635,100
2XRsynp4IkxiFzgwUmeuhBRFJ8T3lMG.jpg,301,848,472,550,574.5,511.0,547,78
2XsaVuEYFqfpI6SafGVkEnxPu4nSb3n.jpg,430,858,418,482,644.0,450.0,428,64
2Xsm=s5G8wv9VpDKhBXSPXp6QgrpFKS2.jpg,413,830,412,476,621.5,444.0,417,64
2XTq7TSIp=flu=srgZ3SrXcdfRoUQo.jpg,414,956,505,586,685.0,545.5,542,81
2ymri1KGSpWavQmr715=VyMrWuzbVxV.jpg,413,943,463,541,678.0,502.0,530,78
2zCMIZ4w1boC83dV_J31IvyWw1jDbuYX.jpg,193,744,491,571,468.5,531.0,551,80
2_4GejwYnkcjXcrjeKXG8DnhYObnSo.jpg,432,847,421,487,639.5,454.0,415,66
2_kM8t5b6dXYHXaNxrZBTnfdIKx4r=Si.jpg,211,965,529,638,588.0,583.5,754,109
2_ntYQdLnx1zxSitnG9hlQibmXL=fau.jpg,417,698,420,477,557.5,448.5,281,57
2_Ypg3t7BJFhkfyTKZtsxzPu=DEgsUyG.jpg,436,826,420,485,631.0,452.5,390,65
31WHwIOE8tMjuMkvMvqJ77=glYvrsD.jpg,416,716,461,516,566.0,488.5,300,55
32yJ8OoluPEJV28UcoJR3lLnOzSl5obq.jpg,274,755,466,543,514.5,504.5,481,77
33ZiJGB=UewjD9DjYFyUsKa44dyBqOO.jpg,290,894,521,615,592.0,568.0,604,94
361lVF1xI5xnK9t2NuSsSYuiPY4cgwcf.jpg,401,909,445,546,655.0,495.5,508,101
36=GO1GzSMifw5e_bI6egqdUz1froLR.jpg,423,984,513,597,703.5,555.0,561,84
36ETarkODwPG5KLDMxG8Z6E414QIlod.jpg,411,817,417,484,614.0,450.5,406,67
378jF81Ss2ez8b3huFGOim3VaqZRPRj1.jpg,199,975,547,655,587.0,601.0,776,108
37IXlOLV86UYvZaOmivV3SxCq8E87paJ.jpg,386,883,430,520,634.5,475.0,497,90
38GN7lEaTX_V8CT2iEdG=edwl75EpG.jpg,280,780,452,528,530.0,490.0,500,76
38WhXv4UsQrVmKoETyvf2UFgfrNh6nK4.jpg,378,811,427,495,594.5,461.0,433,68
391I2SGxrQ2_XmV_HHhxPOXuhYroK=.jpg,409,870,420,507,639.5,463.5,461,87
39EFnOy7kINah8ggpKzNNtpNlFby3_m.jpg,462,731,424,477,596.5,450.5,269,53
39qXTMx3syx97LXsQwJbXxJOt1vtsCd.jpg,300,838,456,542,569.0,499.0,538,86
3=ajCT1Yrs2tqOsUCH5oJWU_1GoY6F5.jpg,441,872,424,509,656.5,466.5,431,85
3=uKsY=Nu53Z89VZ_Ofpz_IJuOJrjZQ.jpg,356,864,455,530,610.0,492.5,508,75
3aw=B7fX2VXqls7DS5j1LpEm5nUGcTW.jpg,137,963,557,688,550.0,622.5,826,131
3BnEDFFWXhDgvPOKzYrZjkOZnh_EnC_e.jpg,359,776,423,495,567.5,459.0,417,72
3BT=j4InvcY7sW7zMNnhpRLFwcQ7liEa.jpg,408,822,451,516,615.0,483.5,414,65
3BtTQ1eSjRaHT7r6xOIEexxuDRKoyVke.jpg,331,743,421,489,537.0,455.0,412,68
3Csqw81WMWZXvlTtoY6g2j=LrjfzM5hX.jpg,178,800,492,606,489.0,549.0,622,114
3DcI7ISqv_EIxpR4rjhJnesw9LIJuxV.jpg,329,934,528,614,631.5,571.0,605,86
3Dhd77QLBQxBM=g9hB5kJSxPIIhM4JpR.jpg,423,912,484,558,667.5,521.0,489,74
3drD71lXWEGa2msqhdb7RB9_h=jqTW9.jpg,275,821,499,577,548.0,538.0,546,78
3F5O9FXP1L2TET6Jylqr6rTSVP61742.jpg,380,970,489,573,675.0,531.0,590,84
3feQ2uB3bjxFQh9bOQ174PVcGqIudia.jpg,370,873,451,537,621.5,494.0,503,86
3FswK9IMLuUsLI9KrhQdSvmhHHCNtXSD.jpg,390,835,449,515,612.5,482.0,445,66
3ftbWsgEgYJ7qybVvSWMSGnStM3Me.jpg,338,909,513,592,623.5,552.5,571,79
3G53i3KU3Qg8CBSWYLJL4NDhZq5C4YXh.jpg,373,865,455,527,619.0,491.0,492,72
3GxTlx2L2Qj1kM=OuL67bmFcZ6z3tPEd.jpg,414,835,451,518,624.5,484.5,421,67
3hSOu_3GbyCKeRY8Q8e6qNwSsHDN4bBj.jpg,418,900,475,551,659.0,513.0,482,76
3iHZom_MPfVjJBJBiTnYrGZI5xhgPqM6.jpg,323,848,451,528,585.5,489.5,525,77
3InzcXQcwfO7xZdJfI7n7SPmjPK2kk.jpg,370,784,435,503,577.0,469.0,414,68
3iv3LsNkd8KpWXVrarhMLRrLz=FZKxEE.jpg,395,916,456,536,655.5,496.0,521,80
3J8RJ5uVN9ZEFp_oH7KQwumvVPm6cBOs.jpg,427,887,442,510,657.0,476.0,460,68
3JEbheQmkYnHs_aS_H6jS6L6WY_btx.jpg,484,762,420,476,623.0,448.0,278,56
3KccjdUlTMVjGiH3e4eHRPersylrD.jpg,482,789,438,494,635.5,466.0,307,56
3KjurLmjyfJ3s=UzJgFqTpCsC5acHQi.jpg,298,813,457,547,555.5,502.0,515,90
3KRc14NTXZnFEOa8f8Q9ylGZZOTXuI.jpg,349,887,470,549,618.0,509.5,538,79
3kUWyLMqWf_JkMxCDwPvhi9jZmyXIP=.jpg,426,871,466,530,648.5,498.0,445,64
3lQu6OlOBWG6=bIvBCdkg=bHQI2rkE.jpg,457,928,445,518,692.5,481.5,471,73
3lRtZ=Pmt74aavGn3dgyfDhDsjXDvnJV.jpg,375,874,438,515,624.5,476.5,499,77
3mDZIqXgQpV4k4tuiCCbnKFIbtztKh3.jpg,307,802,460,537,554.5,498.5,495,77
3MrgYOLp2DXwII1rQM8fMwKFO=m3mPq.jpg,335,676,442,507,505.5,474.5,341,65
3nbdnxexYd=MBB64BiC2jvgoYG56BkxP.jpg,471,818,479,547,644.5,513.0,347,68
3Np2EfehPfn78PiQH9m9HcquOEVnSm8g.jpg,456,786,469,531,621.0,500.0,330,62
3nYBeV_ZaRG7ia2zP5G2z1qdhyPG6.jpg,358,897,495,573,627.5,534.0,539,78
3oeqb4QILco6QmiF1hI7d_sgg1i2.jpg,372,930,494,577,651.0,535.5,558,83
3OFzTWkuIIUCcNJxU9wYgQItk_zPQpV.jpg,325,792,437,510,558.5,473.5,467,73
3P7hvNtDyhKT6yy9gbqErdY5For5CrN.jpg,283,833,469,566,558.0,517.5,550,97
3PGGGZRaxRaIDbLlwSWgZ3rkIxE_2GV.jpg,368,663,460,516,515.5,488.0,295,56
3qlDnhnlreTVRG1gHTc9okGsMLdIhaYf.jpg,347,881,503,582,614.0,542.5,534,79
3qUfYT1WRZDZs1M_br7fJgJOQJFldO6p.jpg,380,906,460,537,643.0,498.5,526,77
3r8eGzv8juIqILXw=i2a9xEaIRCCSxvQ.jpg,410,951,463,562,680.5,512.5,541,99
3r=lkwXtKoktLmcU1KgcQ8Qe56Be2V6p.jpg,463,766,437,494,614.5,465.5,303,57
3Rh8u2ynL=1pUaisVgzF=VeIzQMwGzI.jpg,397,770,435,496,583.5,465.5,373,61
3riBjWUKQ8ybk4DwqHIN2R95Nox7YoS.jpg,430,936,486,563,683.0,524.5,506,77
3rVm9s6yHvI7519qI27VbasgWBzY7U.jpg,420,852,425,491,636.0,458.0,432,66
3S4_Z9J6ZWJ9laWKWNtwCLoaTcn6Yz.jpg,418,818,419,484,618.0,451.5,400,65
3sgODaHp2qVp=pVWRR7Bcy398UdDWq.jpg,427,852,416,481,639.5,448.5,425,65
3SlJrW29BQaT5OpVCmq7QaEfwEfd5yGw.jpg,471,888,450,518,679.5,484.0,417,68
3SoZW6UPyBYpbTmw=Z==bn4M2E192nhL.jpg,292,846,516,593,569.0,554.5,554,77
3SsGuFawCUSYrwBZRBpmHjGJxYxPuRv.jpg,322,753,418,482,537.5,450.0,431,64
3t1t2DdTqDDObteat=W2r3Rhpj6mUN.jpg,319,849,458,536,584.0,497.0,530,78
3T2LPqhPksr2vgDcNvXr74tKr1u7o.jpg,462,916,438,520,689.0,479.0,454,82
3TdYzhQ8RuIrySO4GxvvkIIp7PLtJT9.jpg,296,755,433,522,525.5,477.5,459,89
3TmTLn7QsLPEM3M22RCpS614SqWn4JV.jpg,392,904,483,554,648.0,518.5,512,71
3tobRtbLrEsVVNoSjbKSBnKOYg1KqQT.jpg,323,781,431,505,552.0,468.0,458,74
3txRUH3_7J5UNTLwZl=vpZY_8dv8FUl.jpg,335,803,461,539,569.0,500.0,468,78
3TyShamDCvGeONogTo7ZmJ54UWDsU1Z8.jpg,477,883,423,486,680.0,454.5,406,63
3TzvVLd_pNNrDMn6f=Zl7JVObFbZZWQ.jpg,497,768,420,476,632.5,448.0,271,56
3UHVLs3l4tfMhOsSJLQJVeDvqOY=YP.jpg,463,863,445,512,663.0,478.5,400,67
3UYdpgVQbM3kxjw7cBnxn8=PbvczoL3.jpg,463,988,490,569,725.5,529.5,525,79
3v7n7s5zUC1THoJ71L_ViQ99cXoa.jpg,398,857,427,505,627.5,466.0,459,78
3VaDK5GqhEF76IW9JhN5eGEfJI8jhxJ.jpg,419,831,529,604,625.0,566.5,412,75
3VbPDMdv6GEpi4IQqCZ1hLxGIj8kXg_w.jpg,307,892,431,515,599.5,473.0,585,84
3vFiDNjFJkB9Y6W8XDO2P7FRn2Oo1Qt.jpg,461,936,440,516,698.5,478.0,475,76
3vhhmVUb7bYiioJVGpC5fulO=4pOwkNH.jpg,385,812,417,480,598.5,448.5,427,63
3vKhfI1wWVCF18CurqQXUBkVbsQad6pP.jpg,395,868,475,544,631.5,509.5,473,69
3wCry=594ob7wu1V8JF3VTtnwJp=5.jpg,439,899,459,536,669.0,497.5,460,77
3WE78evZwnVy6oXrQKYxd_hy5Nr2Ivk.jpg,396,810,416,481,603.0,448.5,414,65
3Wf_p=DN4OuzomP4GgaVpybnspdj=UZ.jpg,335,877,459,543,606.0,501.0,542,84
3WWDjxEffyDT7DRoCWu9CK5jXqBBw.jpg,481,809,459,517,645.0,488.0,328,58
3xN3WbQdEYDoMfxpbSG2hdrfrebEa.jpg,427,840,419,484,633.5,451.5,413,65
3XRw7hdT1tF_wznu4n=kLT=w4pl6mH8v.jpg,375,784,427,492,579.5,459.5,409,65
3Y4EVczMWVJMgsIbDGk98OZGVPG6T9b.jpg,341,906,473,558,623.5,515.5,565,85
3y6RGqENF7yGECCel=v14TIEpMkq_BJf.jpg,152,873,463,559,512.5,511.0,721,96
3YHw2PIBvJPJyukK1p9O==b_uzu=5OZ.jpg,393,803,444,515,598.0,479.5,410,71
416mIZvaBHiaZJbYpUn6r=2UJ_=Bw8x.jpg,281,771,451,524,526.0,487.5,490,73
4179PuMawRrNyCNnTcqrO_ntsznZqaGv.jpg,485,910,419,493,697.5,456.0,425,74
41sDlHksN26D4sGYEvqQ_Mq7f4xnm.jpg,412,958,496,581,685.0,538.5,546,85
42tMRelFkfBdXQktdSF19ZCKCzIpTPFP.jpg,348,662,440,502,505.0,471.0,314,62
42zNF2t63YBZKZ=OqJOfOHKpnN6zV.jpg,360,875,490,566,617.5,528.0,515,76
43_=n6GBEbooDPebBZEcqgpkE76Ost5N.jpg,397,959,504,592,678.0,548.0,562,88
44Ewmmhh5OIuGjgelkgcXz5WiiYuy7=E.jpg,452,749,446,501,600.5,473.5,297,55
44KtuE_e8UqqtrxiigyPugTfevmaFciO.jpg,305,755,434,505,530.0,469.5,450,71
44PpvH3SigRO1FPLq7U2xIjrNSxsaS5e.jpg,318,793,469,542,555.5,505.5,475,73
46T658m1pyqvwwkWMSqiswHnqTIdtI1e.jpg,455,1001,473,559,728.0,516.0,546,86
46WNRhWoNN_gyZWXh3uvlNUN2yvbW.jpg,471,792,479,541,631.5,510.0,321,62
46_BzmVhEnLvksseDX4RkdarrDtG4JuI.jpg,450,974,495,579,712.0,537.0,524,84
47Jrrsr52HYuSTVe2RO_7quY2HrsNt7.jpg,457,870,412,478,663.5,445.0,413,66
48lQ4Dk4JkfN99e=ByoKundaKmSvGssJ.jpg,320,969,495,604,644.5,549.5,649,109
48wHrzTlzoFj5SyM6tmWdNs4I5xmeUVq.jpg,448,894,431,500,671.0,465.5,446,69
4ayK6Tb3IKERfep2pz264xZpRGJxe7g.jpg,184,824,512,595,504.0,553.5,640,83
4b=RPvzC1hDYafhac3QTcazvhKMkxTls.jpg,236,877,539,635,556.5,587.0,641,96
4bztE14a3EFWwyQ_VjusKJE6rFBPEjoF.jpg,460,923,425,502,691.5,463.5,463,77
4b_Ma8hk881CE_o4bd4zM9USEOpXcQYD.jpg,222,854,524,622,538.0,573.0,632,98
4c8BpoGXsnwcfaqFgLOZYNaOuq336nMs.jpg,391,947,509,589,669.0,549.0,556,80
4cTDszpTSmTk7nTbz7uLd5GJ7mE8pzWm.jpg,410,821,421,487,615.5,454.0,411,66
4cXYz4MZND82bBTt42=D16NOS=qr8mSj.jpg,303,763,425,521,533.0,473.0,460,96
4dbIBWXTZpXejirbZS_hDTtddjqHbq.jpg,414,912,483,562,663.0,522.5,498,79
4dFR7pCMW7GfjFarR4ObCet_=n9vXUsc.jpg,347,776,450,516,561.5,483.0,429,66
4dyiZwoZw3=1S28gVi6FQ3RaxXJChR.jpg,449,796,441,509,622.5,475.0,347,68
4EjPBbW=PdZzOgrs2TxTQgZPJfJO=F_.jpg,284,798,420,505,541.0,462.5,514,85
4EmCLMD26RefRE2rd96N2Isk=1yK5gd.jpg,322,778,422,492,550.0,457.0,456,70
4EMpfGRp71LLukyntdZY8HfqGTRypKf.jpg,375,856,433,513,615.5,473.0,481,80
4eYb=27ljmYnQ9Dual7LobXQliunsCJd.jpg,366,916,471,550,641.0,510.5,550,79
4f6R3yO7QRaQxMtvNsUp3yMZZrQGiUU.jpg,464,748,445,502,606.0,473.5,284,57
4F9PQbNh4uB5D3DWCxVxcLg29mZbwy.jpg,352,854,457,542,603.0,499.5,502,85
4fD2hFO4QM5SSgRwe5xhf3p33w4aK6vz.jpg,373,843,460,534,608.0,497.0,470,74
4fomSapS6HfZZC76m2kN_iCCnPtQMibm.jpg,392,811,426,494,601.5,460.0,419,68
4FYOv6M4IUEQslfvr3ILOg5e6eRSS5IY.jpg,355,916,463,537,635.5,500.0,561,74
4fyp1PLKECEMtgUj2XoVjVaQzglcWuH.jpg,421,757,485,545,589.0,515.0,336,60
4GBhv=ju5C_6_TW84hR4EYUNTeWTLGO1.jpg,416,944,492,576,680.0,534.0,528,84
4GCiqWMnjgkRPWMaZix1sg1zDr=reqi.jpg,462,753,432,490,607.5,461.0,291,58
4h7YUF8xa8mTYkppHFNDsoWxRyOJJBU.jpg,438,739,434,493,588.5,463.5,301,59
4hBhP3NBg5uzjwVQYauGiBfQFWMyZNN8.jpg,356,916,467,550,636.0,508.5,560,83
4hDaybQzR2ycCaPlqK8iQqo7Kp_dWIEY.jpg,408,982,511,598,695.0,554.5,574,87
4hDll7zUlmHF=VLeusN624jgQExI6r.jpg,327,750,423,488,538.5,455.5,423,65
4hwTBr8QVMOC3FhzidUbkcSfTKcW2mcE.jpg,465,750,421,477,607.5,449.0,285,56
4i471Fbv9=XJeMcZ1j=i2ih4dfyQeRf.jpg,377,802,421,496,589.5,458.5,425,75
4ifSL5zfEszefu1IEI_VTrVNcijFlC.jpg,411,898,480,555,654.5,517.5,487,75
4iQ_JJNQoN4YLpTOLSRRlYRHB8X9Kh1v.jpg,245,1003,528,636,624.0,582.0,758,108
4ITPPiqlWZ=b9PREuqX=tkgCRU25Dou.jpg,211,998,546,666,604.5,606.0,787,120
4Jbc8UkBrtaWqjLZ1J1bKlqHTabHD.jpg,283,713,442,507,498.0,474.5,430,65
4jh5zBlMuCva13YvjnqpkEgcQGJzw9RJ.jpg,381,790,462,538,585.5,500.0,409,76
4JHmmlRnYwjc3Q4dBB8Ssowb8h4T6H.jpg,348,654,429,489,501.0,459.0,306,60
4jqEPPbnEecGjcwMierDh2R9Rp1q2F.jpg,342,912,475,559,627.0,517.0,570,84
4JQfu4QSnO9=k_Grjr=mZOYqqpsLhx.jpg,436,828,414,479,632.0,446.5,392,65
4JTIGo5Cmbioa7ZcVJ4GJvtq39uBlhO.jpg,359,794,432,496,576.5,464.0,435,64
4KQDevRWP46KnM6GKFxKqP9ZEpwEZzR.jpg,369,821,452,516,595.0,484.0,452,64
4ly3Rcb=ClvxQ8N_fMIOCaeiLVrtxOu.jpg,420,749,470,532,584.5,501.0,329,62
4mhF3h5ImO6el814Z6vXotqRlYNHoI52.jpg,483,782,451,509,632.5,480.0,299,58
4MmWLVmqm2TrReceKELt3Xt4l2=qco_3.jpg,475,767,456,510,621.0,483.0,292,54
4Mt3vy78JZ1YWyutR6Zu1b4o9U7IBgEQ.jpg,402,927,487,571,664.5,529.0,525,84
4N8oNS6QyxXYsXYVYJE1m9tpjcHHO5Vu.jpg,207,799,483,580,503.0,531.5,592,97
4NBV=BHMWF3ZhwEaQHf6Hb=E7pOa3YPt.jpg,392,865,427,498,628.5,462.5,473,71
4ndju5y5n8aQoi3m3GHdR_YMVKgig7.jpg,456,814,488,555,635.0,521.5,358,67
4Nj2TLrlbfB8Qqddw686pSEp7VDNpe.jpg,376,867,441,538,621.5,489.5,491,97
4nMB7X_qBZNBCp7nqcnFMeo=6gIRenn.jpg,449,918,433,522,683.5,477.5,469,89
4ntNOSdlcCEzMvGaJmuza8tMKhRcRNx.jpg,394,810,420,485,602.0,452.5,416,65
4NXz3DuHw3OoTv5LTitCp4Mlytcu56vK.jpg,332,874,467,549,603.0,508.0,542,82
4ODbb=DRYE7ZzjUTSDbzdtxdqb9xo.jpg,186,1028,578,697,607.0,637.5,842,119
4oMW8f1X7PFPsHnB=LtvMzYXxvFL_Km1.jpg,388,955,493,575,671.5,534.0,567,82
4OvNDvTz1R5ny3Jvcg7VGwdvVtafDL.jpg,426,838,420,486,632.0,453.0,412,66
4pjZyQ45tFm8RjO1wqYjGF6bWoC1zW.jpg,378,824,436,511,601.0,473.5,446,75
4PzIjDSYlx31wysOufYf8StaKiickt.jpg,384,853,438,521,618.5,479.5,469,83
4q7dg8t111hoqZLfIh9mc6b4ofevjUl.jpg,403,863,441,515,633.0,478.0,460,74
4QPEgd=My5Hg3LhT3LefE8EgfKnq_.jpg,382,828,422,487,605.0,454.5,446,65
4qptpDP2rpEW8sIvsaY3cSNhOnpqM=3b.jpg,333,753,421,486,543.0,453.5,420,65
4QVekXHFDTEFxRhP7VmZOEHnIEtXgs.jpg,405,795,416,479,600.0,447.5,390,63
4QzGyOZWwPTOnowindkfjici6=SmL2P.jpg,408,677,413,466,542.5,439.5,269,53
4R2ZBp9NENQg_9TDbRKwrvLBDLfwYWj.jpg,372,931,473,555,651.5,514.0,559,82
4R4Q56tDMcM5xfn=dDvkRQVLienGVh.jpg,369,748,412,477,558.5,444.5,379,65
4r9uLvGgZv=3wWrzSMpW8RWtdkzsd.jpg,367,807,421,485,587.0,453.0,440,64
4rcCU8Nq6_L33tcP8IPQy8ywh7gfZo.jpg,433,735,428,486,584.0,457.0,302,58
4RhFsyPTZEprpH7d3h_ahnOO4YDGNPV.jpg,470,762,430,485,616.0,457.5,292,55
4rmHsvpMORlJSV7c_hovjMcsGNBhv7RJ.jpg,392,882,443,546,637.0,494.5,490,103
4rOrUEJh8c4y1HGPONEYTHvXhDsN4PX2.jpg,308,714,429,493,511.0,461.0,406,64
4rOZYQrgg27RmY74tzonTTjRdHW6ayM.jpg,271,762,438,518,516.5,478.0,491,80
4RrUaOZgveuMuhg2tQSBvzuW_Zu84Tc.jpg,251,792,458,573,521.5,515.5,541,115
4SoGSzwbZT_Bta22t6uWmef5_FijxOC.jpg,385,738,485,549,561.5,517.0,353,64
4SXMpF4PYxYBND1B1i7ujGlJwaqojd.jpg,404,830,425,502,617.0,463.5,426,77
4sZBoqtDHrp5nUMsIPqzfLjhe3x=CW8.jpg,359,677,448,506,518.0,477.0,318,58
4TBD8FJlr15iKNL7nCSuf7xn=7XCsPY.jpg,439,812,507,578,625.5,542.5,373,71
4tDxgyNeoFv4CXGc_I9JMfHW3sLDFE.jpg,499,956,430,506,727.5,468.0,457,76
4TNSyrqXOt9UutS4E55HoD7KfqJPTVx.jpg,449,849,442,510,649.0,476.0,400,68
4tqC7yw6psJDlGaLaF9QEDcuSSI2BW=.jpg,329,830,436,511,579.5,473.5,501,75
4tybbSINQsup5fshjSH7hzM1fQEG185b.jpg,460,855,415,480,657.5,447.5,395,65
4ubvCax=WG3fHqPJdX_bIRiBHvxLkMt.jpg,285,769,443,521,527.0,482.0,484,78
4ULyLG8QpvVHGDKUjKCOKWhfMbDvcbD.jpg,462,897,424,495,679.5,459.5,435,71
4uq8q=YcJNmVB7vUfT6cdXbt=gpxeZ.jpg,248,794,460,540,521.0,500.0,546,80
4UTfTZ_3Hd8JNSFxPSCgtPqnJfroH4K8.jpg,333,773,430,515,553.0,472.5,440,85
4uwfeIrZHGEPze9RFKCLF2ofCLh4cSTm.jpg,306,828,445,520,567.0,482.5,522,75
4uY7_yeTlSqjx2aCon4abv_lDb4NYB.jpg,439,917,465,544,678.0,504.5,478,79
4V3woyHfJmv1LMxurHnQN6L7b7MG58a.jpg,371,722,465,529,546.5,497.0,351,64
4vVQeG1vYRo4gKZmGmndTQ3ylHcw4B9.jpg,376,836,438,507,606.0,472.5,460,69
4vX2sI8oyCrMQUd32VQ9oegz6QKga_x.jpg,322,905,474,579,613.5,526.5,583,105
4vZIKhFpPXGg9N8KO564Z17uSHyxHquc.jpg,391,835,423,518,613.0,470.5,444,95
4WxB3cduqyKNd9oR2HuiUdei8UCpI3g_.jpg,403,789,415,479,596.0,447.0,386,64
4x4apwPee73=Em8m2yFZpq=88DmKj=S.jpg,370,781,420,489,575.5,454.5,411,69
4yEdd178zXiKop5VBoHefNH6=u1m.jpg,321,871,453,543,596.0,498.0,550,90
4yvdnxsEv4kQjVnSxKHycJ2R9dlXWUrl.jpg,352,900,466,545,626.0,505.5,548,79
4z8hxuUX65kdd6yE9iTXNGGT4xs9e3G.jpg,400,811,445,517,605.5,481.0,411,72
4_6y7qxO1HTDWXrbNMFrCl_jt_fq9NUt.jpg,481,896,420,489,688.5,454.5,415,69
4_ipMVW8pjm9wO=q9OtaLd3DNm_2eI.jpg,430,871,424,500,650.5,462.0,441,76
4_UMpPqOzNU4dPFE68=I=59J6s2DKjc.jpg,326,804,464,534,565.0,499.0,478,70
514WraB_w4qvFtEV6TQSFt4xx1Hr.jpg,375,822,441,505,598.5,473.0,447,64
51FouV_LR9pUNa3yGgD6mn5w5HwPT=rZ.jpg,443,858,413,495,650.5,454.0,415,82
522WgFdoSwN2WPcErkoGfhRc5k33Vqg.jpg,454,771,471,529,612.5,500.0,317,58
52n5h54CtZU6hMOxnKt2IKt8DTV1U6F.jpg,404,795,417,480,599.5,448.5,391,63
53F4IdiR959XXgJKDrxR8UmyVz1bO9L8.jpg,357,859,454,527,608.0,490.5,502,73
53g4xv=KwOfL1vZBZ8Rlxrwou8Q2qDoW.jpg,362,1053,511,634,707.5,572.5,691,123
53mmvO4CyQKxx7ekq5zlCX6lf3HVO.jpg,397,920,459,547,658.5,503.0,523,88
5579FDorktQ3kk5SyG7KRMLZ9jw=VyT4.jpg,485,768,446,502,626.5,474.0,283,56
55UZONLTcVhngdQn4XyblZ16VKmm64K2.jpg,426,860,419,483,643.0,451.0,434,64
56eoFETOckt2gToRe2NHMtx7uQth4N2Q.jpg,322,756,451,522,539.0,486.5,434,71
56PU1ze5=GBxsCr2TzxlkeJCswSdV.jpg,487,779,430,488,633.0,459.0,292,58
57i71bNRuEySC_tpGe8YzJMrmcJsaoR.jpg,356,885,498,579,620.5,538.5,529,81
57IUDc2vbf9QQ4IJ_iO912CQo3PVO.jpg,373,814,432,501,593.5,466.5,441,69
57YtOkVodEQyJGFH=11BN8XbIRz7=gwi.jpg,438,918,433,508,678.0,470.5,480,75
57_NSPRDOBrheMvc1a3BNWjnVOSIOgZW.jpg,391,805,427,492,598.0,459.5,414,65
5=CuDev1hBktv93GdWUQcWThhYVBt.jpg,449,767,432,497,608.0,464.5,318,65
5=sVDwbpYSHDckktqJEfh2hIGcnEvbEz.jpg,319,874,468,550,596.5,509.0,555,82
5bm5kraWxpmiF5IchsoEklDZTxyxQRZb.jpg,429,736,454,515,582.5,484.5,307,61
5Bp4zSVx=9rE1DefrfUR4q6KBSCaCc.jpg,143,714,506,585,428.5,545.5,571,79
5BPwWrejQJHREvgzDeeRGeCf4kiwxq_.jpg,404,821,423,498,612.5,460.5,417,75
5cbTxBlJ8Bie5_JY_S2nLdf=fFrosmx.jpg,424,963,506,585,693.5,545.5,539,79
5CnXEPcUYSly_nBgpWRcvQsZFmGvfajn.jpg,321,763,434,504,542.0,469.0,442,70
5d2uh6hk6J1_c6wdXpVKwDB1fndRKOOE.jpg,379,863,483,551,621.0,517.0,484,68
5d8LLwnBgC5e6sIqQ9c2oeD5f=y.jpg,371,766,418,481,568.5,449.5,395,63
5De_73XoompjXFJsdY4TWvDLdgDuR5S.jpg,388,831,432,501,609.5,466.5,443,69
5dgrW8sOdO4vyk4eN7qhxwevSS3O_Q9.jpg,407,822,429,496,614.5,462.5,415,67
5dLex7dDYfJcKVTFuMHIlOt88ZbHp4gS.jpg,406,763,458,520,584.5,489.0,357,62
5E=emJ5rYY9woev49fwyvUNrYloEWpCH.jpg,441,941,452,528,691.0,490.0,500,76
5EZE9Clg7_Cyz8G8Lf41CHNhu8rMsNm3.jpg,393,919,424,508,656.0,466.0,526,84
5F2Ki5ycnSNTEZH2mcI_yC8toNvQuI8.jpg,423,852,431,496,637.5,463.5,429,65
5fcGfRWn_H4FBrCEI=L=vE9USfirYNGq.jpg,126,888,522,633,507.0,577.5,762,111
5fh8tlIj2PT3GnbSqbGwBn9mdgaS.jpg,399,837,449,512,618.0,480.5,438,63
5FQ7M2JUWcvR83wKadEy9i1_8UDRVv2.jpg,422,840,420,489,631.0,454.5,418,69
5fsC_4=mTeHBcFFK4KMbY_Qt4Qerm4kn.jpg,471,793,470,529,632.0,499.5,322,59
5FwZg__XiWUOX2Gy2dI_kgFDGbmqFl2c.jpg,368,771,415,481,569.5,448.0,403,66
5gJ2X9CvkMGdjj_5iEhLPQrRDV8i6I.jpg,302,823,445,524,562.5,484.5,521,79
5GLqIsUcQnVRypKJv9tv6HsU=yjXjq.jpg,386,795,417,484,590.5,450.5,409,67
5HLxyiVvUC6Jlm9x7zURD8maZ2XCR5QV.jpg,392,947,511,590,669.5,550.5,555,79
5iGJyEE7kgRWDKDdH9PYzrCsqgC9ikZY.jpg,386,826,430,502,606.0,466.0,440,72
5IqSTtzyDbXlnoeX7udWJiurJ_5Skq.jpg,432,845,446,516,638.5,481.0,413,70
5jaDdUzFU9UnrvsT6QXIQi4G4JpmS_6m.jpg,456,785,452,515,620.5,483.5,329,63
5jQuS9Ya71roDTKYQqbE4R6kCxZjdd.jpg,442,891,461,533,666.5,497.0,449,72
5jWPgBO89tmqh6TLaK=pRzmRZc_3QOU.jpg,450,855,422,489,652.5,455.5,405,67
5k7bjIDzYCSxocna9tDozF5v9Nvonh8.jpg,462,852,411,489,657.0,450.0,390,78
5LLZonL2iRie_rSSX2QcHTErGVT1HWU.jpg,393,909,457,538,651.0,497.5,516,81
5LSGcvZI5aZ8v8kmBNSt8FyF1iXfs9_.jpg,337,806,447,515,571.5,481.0,469,68
5MGDBHQn8znOEGhj4tcOx3TPFwFjvoN.jpg,359,670,446,505,514.5,475.5,311,59
5mREiFiQHzLB7ibsLeotCiYXMZpirOf.jpg,305,759,440,508,532.0,474.0,454,68
5ngweFxXfcY8T3=Yp5D=ndynteFTi.jpg,261,756,460,536,508.5,498.0,495,76
5Njr12tkHoRVnUOCUCIwxjKxjIRVhul.jpg,346,859,457,544,602.5,500.5,513,87
5NTkdcQYuKrItRfwdf82hHq1dt9w5x7N.jpg,341,809,463,540,575.0,501.5,468,77
5NzSelc7FII6R5J=nLf3eLflUO7jpk88.jpg,430,894,441,521,662.0,481.0,464,80
5olDIhs8Gtu8Sa=zEPSxcCj4wvxDrgwO.jpg,406,956,464,565,681.0,514.5,550,101
5oPtRUkMzO3Y=HJYEuudrmsGy3=aK_ho.jpg,328,823,474,548,575.5,511.0,495,74
5PluDQVB53w3g6zlD3NUoK7qDw2CZNK.jpg,461,854,438,503,657.5,470.5,393,65
5pMXdadzDCxxFYLMcpnKeMoaDOriC.jpg,446,810,468,534,628.0,501.0,364,66
5pszYOZzNUy=lFgRWwb_JDS6W9bYm1.jpg,433,822,408,472,627.5,440.0,389,64
5q=gYGkJWzZgHrPlnfQYrNEZrZOl9l3.jpg,376,658,448,504,517.0,476.0,282,56
5QcH3XbGy3GcyYe=BXp4UQ6RDLmjHOR.jpg,312,823,479,557,567.5,518.0,511,78
5QUvRt6Uo59FPQKQqb1Jp_H=WQMjT1qM.jpg,393,816,427,493,604.5,460.0,423,66
5qV2X2Lf=yaHXeYeYfVBr9Pc6a4NNOB.jpg,348,846,433,506,597.0,469.5,498,73
5qvL7NaUgPu1_zJHx13hL_2eZKVE=QU.jpg,406,839,428,495,622.5,461.5,433,67
5R1OYmmfRKrNU3JQq4SyVe4U45RqYzf.jpg,261,788,444,539,524.5,491.5,527,95
5Sp_SOKEZZigoIGyrVpP5XKizeO_8vi.jpg,269,876,531,615,572.5,573.0,607,84
5sX6HGU_CiTxRaLrE_nyfxmKXtt9z_u.jpg,445,877,430,500,661.0,465.0,432,70
5sYsFFvVCRkoTKVD53V5BHyPysllDoxv.jpg,463,880,422,491,671.5,456.5,417,69
5SyyBrdYgm9f9BIF5=qIEzn8XGvFMd5.jpg,419,875,438,508,647.0,473.0,456,70
5taoKeS_bgUuN1mxW=HWUK78NjeOrK2g.jpg,380,834,434,502,607.0,468.0,454,68
5tDjHehviXCaIiZlHr4s=eKQKvdm7Eqa.jpg,391,796,419,485,593.5,452.0,405,66
5teKv3fnSZL5UFT9HI1vUW4nE5LW5Vo.jpg,455,871,418,487,663.0,452.5,416,69
5UPD1_2=6mj=9pjsoXVphQZJFKwaTO.jpg,416,805,443,507,610.5,475.0,389,64
5vbGxaxPXYDqXxw54T2aGn93C19UR5L.jpg,398,803,421,483,600.5,452.0,405,62
5vEt6J_ZOHqpW9Ql4pgCPyUjdL4cXR.jpg,226,938,563,665,582.0,614.0,712,102
5VPIOD4ljG9NrM86CLd5YmR_pNrTEKtf.jpg,385,793,448,513,589.0,480.5,408,65
5Vrf2Js9JDoeo1EDoXDcOx_RYnzPTQk.jpg,457,719,416,470,588.0,443.0,262,54
5VuJvq_GDfLYXqUYqzjqG21Lagyp6YS.jpg,337,749,420,484,543.0,452.0,412,64
5V_hTfpxD83Z8dkkCug5bO8S1ibeg1.jpg,335,897,469,549,616.0,509.0,562,80
5WCa7RIwlnshrfLPgz27uRTMCUniogR.jpg,303,759,426,494,531.0,460.0,456,68
5weuD2Bx3=zO8gvJFneJqgWcqeU.jpg,396,913,498,572,654.5,535.0,517,74
5WrGLTiYrGONw1haXFCcsuPK_U8S5gB.jpg,237,1217,607,747,727.0,677.0,980,140
5wRueZ53wz947=BriNUKjifMZwnGCFf.jpg,453,855,438,497,654.0,467.5,402,59
5Wtbs5Z2PO9GXqasBEq7hB=c_UVi2CR.jpg,364,935,517,599,649.5,558.0,571,82
5x7_oufj4FLNSZT7TzQiIQcICvbFwJF.jpg,479,763,452,507,621.0,479.5,284,55
5Xd36Hq6wbkqciwZgw3BJh=v_9QNzg.jpg,381,781,448,512,581.0,480.0,400,64
5XnEgcmrh8TslNJe74ciPRCv1vqVsf=.jpg,310,755,421,489,532.5,455.0,445,68
5XzChz7BiknbQTWgQf7QDvItC=iuSf.jpg,446,1001,510,597,723.5,553.5,555,87
5x_csIL1rLRcUlNPeZOq=O6RT8ZCUby.jpg,317,782,463,533,549.5,498.0,465,70
5y83__Yw62=TZ6CVpDNCMY2LLwTpGz.jpg,407,843,431,500,625.0,465.5,436,69
5YgmxMsgzeuQXV3=brTMzqStbWIPYzN.jpg,383,830,423,490,606.5,456.5,447,67
5Yr4M3IGFdjXUqKhMaJLfDl2HU_by.jpg,374,748,441,508,561.0,474.5,374,67
5yudoKKWKORDogj6U=mRqEO9qS3Yi97z.jpg,367,871,457,540,619.0,498.5,504,83
5YvO7Vcedppqgyk_vG8kLhfeR7uBpR.jpg,309,661,471,537,485.0,504.0,352,66
5zRSNcPn7alJLBTNb7IUvTgXHZ=EDmT.jpg,385,858,474,545,621.5,509.5,473,71
5_bNhzChorpNOdYE5MC=R1xcStDgUNTK.jpg,423,840,422,489,631.5,455.5,417,67
61C8769_hpqGrVTZbasrdv2en=y4mIm5.jpg,390,945,452,563,667.5,507.5,555,111
61cZhk85zYGwm47KHRFdSG2j_tq9CeIn.jpg,258,708,454,521,483.0,487.5,450,67
61zhHXy9bogBt5bJS76zjgwzXEW=d2.jpg,327,757,429,510,542.0,469.5,430,81
62hrlorag=BKKCM9dq4C1z7sVpP_TRY.jpg,328,741,414,477,534.5,445.5,413,63
62v1=xDsDOe8IJPpr66ZUbW8WNiUyZG.jpg,469,879,442,513,674.0,477.5,410,71
64GaUqErNirgzNOQ_DxQSygUjaJMD64.jpg,392,890,487,560,641.0,523.5,498,73
65BTPRx==CLhIY9YWTJC=Xi8uEDpkyWQ.jpg,348,767,412,499,557.5,455.5,419,87
65fCBmLEPozBoo3OjgzzrvxTcgrkhSW.jpg,380,943,518,597,661.5,557.5,563,79
65k7yWpR8kqLSdcyiHNXQzVIRYNO48.jpg,447,877,432,496,662.0,464.0,430,64
66cMLM=g8Tg9zFzKzvddE7a9RKJOE6eY.jpg,286,773,439,517,529.5,478.0,487,78
66dmw7=z1CqGSEW92F2jVphzPZ8b5=.jpg,436,727,451,510,581.5,480.5,291,59
66IyiEzGq66wK6VcujNJnng=XrS_yN.jpg,284,842,513,597,563.0,555.0,558,84
66J1ze_VC2UIwD9Y=JBlBfKgfL=HXjHg.jpg,474,886,443,510,680.0,476.5,412,67
66oERbEyOZ_DpcoNEgysn7B8feqCES4.jpg,399,871,473,546,635.0,509.5,472,73
67LFRgn9dXo7ktHjFfGrN3tb5E_p2eNp.jpg,443,880,462,526,661.5,494.0,437,64
67Zwq2sfX5xHlkhcsuqwOcd4UB6Imtf7.jpg,266,852,467,551,559.0,509.0,586,84
69IeZeQXeLg5chMS4gtRMmaOHzclNp.jpg,396,848,451,518,622.0,484.5,452,67
69V4QtzIJWZmfpiSYhw5U5n67iad.jpg,460,786,472,534,623.0,503.0,326,62
6aWD9ayoPUj=rPojD5rWLzWtfkzfkO4B.jpg,276,748,449,523,512.0,486.0,472,74
6B26YdSuDS5yvHiC9zLMBjgZYkoqF.jpg,424,886,433,504,655.0,468.5,462,71
6Bc2iaxs1KXR661Zyt8PC=apuIHI4jg.jpg,324,692,471,536,508.0,503.5,368,65
6bfCJbnsDRSHtzMSW7ODqfLX_6nes1.jpg,358,766,424,508,562.0,466.0,408,84
6bGEIW5yzYN3JItHYVTiiHfwspDnS3L.jpg,418,808,414,479,613.0,446.5,390,65
6bzOeTP8puRSkRNPppResV6Bgkjh3fQq.jpg,374,891,449,529,632.5,489.0,517,80
6C=oIgbNvNu4LpsW_WbNt1fZKR_aUa.jpg,405,832,428,493,618.5,460.5,427,65
6cmjRtWglI3Bdef_RumMf2dU43ZKF5Ub.jpg,480,949,471,547,714.5,509.0,469,76
6Ctv2W4XfRxVcs_Dp=56dZR2jOoP7pR1.jpg,322,874,465,545,598.0,505.0,552,80
6c_RuqXS1_esn5FcNq3sBsbQszHBOyYr.jpg,438,856,420,494,647.0,457.0,418,74
6DjTMDqRwSzNygGHkmLoK2h88afJIV.jpg,516,810,447,504,663.0,475.5,294,57
6DjzfFE142imKpoOLJgrDyuMMgDkmy1q.jpg,331,873,452,531,602.0,491.5,542,79
6Dsm3R553wJkCNYiWhoUjYLDc86xsRuo.jpg,389,858,438,509,623.5,473.5,469,71
6eka8GmoXrffB3Ld7LXIp_qJznh6Nj.jpg,412,865,465,535,638.5,500.0,453,70
6eOOhypd2kKyithhOX89gr5EtOPpdWj.jpg,354,766,417,494,560.0,455.5,412,77
6EQgVONdKE7zGGtHmznEdhWpGuDqR=Tg.jpg,443,823,441,503,633.0,472.0,380,62
6EY9rCLqUKy12Mppmu4bsfZtEXmICw.jpg,460,914,457,529,687.0,493.0,454,72
6fcUjfQhK3kxtJTLqHfSXm2GWYOQU5G.jpg,435,739,455,516,587.0,485.5,304,61
6FeZtKVwsCUXVUTo9pQjHiP=Xz2psu_.jpg,442,868,454,522,655.0,488.0,426,68
6fjPVSDVSDp8E3rW9wrPzasDVVqf=Oo.jpg,287,873,481,565,580.0,523.0,586,84
6Fs5xB3DRtIc2XrEW1L7PBJiwn5aZ_n.jpg,388,801,526,599,594.5,562.5,413,73
6Fsqa_gihHpWN_HPaxKIImOYOrnPLHv.jpg,332,737,420,485,534.5,452.5,405,65
6GaLiP4GigL9MctU_3c=gqEKUsaNx.jpg,406,931,483,563,668.5,523.0,525,80
6GoRm6PqN8OCQpReOJOmvKOBQ8Wqj4.jpg,422,869,421,489,645.5,455.0,447,68
6iHjVIeBlLq3rQF66gyCzzJ8EWep4DP.jpg,431,831,410,471,631.0,440.5,400,61
6Iq7fQ9CKnwHZr76xgcuhxpmbamCsEXd.jpg,442,856,419,485,649.0,452.0,414,66
6JN3G2MgumqZIb6txlBXKUl=aO24.jpg,395,829,432,500,612.0,466.0,434,68
6KaPweL_ms3PFHPxKI5BpWmP6kIR.jpg,292,833,467,546,562.5,506.5,541,79
6kC7rd6WeBuWOZtQGs7HfgL6nzmB5j.jpg,340,745,419,496,542.5,457.5,405,77
6lFc99dK5fOc7697YlpRyXqJHJWEB3.jpg,352,841,467,542,596.5,504.5,489,75
6LHG=7GBYlbGouwejE2LDCVcXRx9b4U.jpg,375,901,499,576,638.0,537.5,526,77
6LMQUIMUvX3QQ3yQGDPT9fgEPnISm7.jpg,163,684,451,553,423.5,502.0,521,102
6Lq4c3IKta4ikwevyu3UzOGkWahO7sxV.jpg,401,853,434,521,627.0,477.5,452,87
6LRW2R6kCHkB_yRcaDVjDpRrwCWxjJ.jpg,396,820,421,494,608.0,457.5,424,73
6MDE2bNugbPVyEWjYQfGpRcfQnevEuj.jpg,481,813,452,517,647.0,484.5,332,65
6mdvY9r6NQWswXxzpuJ4jPRfoaZSOn5.jpg,399,684,426,481,541.5,453.5,285,55
6ojmE=6xPzHWEGxVFDVpoGkPffIWHRUT.jpg,594,914,462,526,754.0,494.0,320,64
6OoRlT=4IvuNRXKac_aFuD4qgWpIGqa.jpg,414,914,432,509,664.0,470.5,500,77
6OwRcchao8CBHtdMB5wG6YBNotkIwL.jpg,465,986,437,519,725.5,478.0,521,82
6pTIE4tE4jdcn4tpB2_G8hIWhSUb1WQ.jpg,469,770,452,509,619.5,480.5,301,57
6pTrJOh4_kYTjBYLLGh7lMF=L9laMN4V.jpg,313,807,432,522,560.0,477.0,494,90
6PWTVzG5LII6tfMyj5JdtHbmaOgOgO.jpg,319,905,477,564,612.0,520.5,586,87
6px3ERTCf4TTv9d74XCGkV9Fo6ks5_S.jpg,385,674,436,494,529.5,465.0,289,58
6PyiEGCUF1lbIiaRPpm=3RPn6EyKEb=b.jpg,454,871,423,496,662.5,459.5,417,73
6Pzi18SHl=PFM=PF39=py8qqwnTUFkc6.jpg,335,820,448,531,577.5,489.5,485,83
6QaCj4Z6eW6_MHV6H3bPtebnHUuw8.jpg,415,763,445,509,589.0,477.0,348,64
6qHLrRbzFMHNdarzLDZE_WoHGcclwl.jpg,376,960,524,609,668.0,566.5,584,85
6RSD385aYlj7fwB5imbKbbO7Fa3CElGT.jpg,413,842,426,492,627.5,459.0,429,66
6RvsVlEUFpGQEyPj4L2DODUwat=t_W4.jpg,493,896,443,515,694.5,479.0,403,72
6sGY8y_yvFWlwng_sX_7NihlJOkMqv.jpg,424,710,428,485,567.0,456.5,286,57
6siO1vKJG=B_=dqPTMw4P2a8QxozBE.jpg,423,786,497,562,604.5,529.5,363,65
6srWwY65jL3OLMOV3r9mzzF2jhOdHK1T.jpg,375,800,424,494,587.5,459.0,425,70
6T6p8cGwfF=C=rNdnEW3782nq8rtgkjs.jpg,350,814,441,530,582.0,485.5,464,89
6ttqIuel6U2iqmobUzJ782qGrvzPMge.jpg,264,771,444,554,517.5,499.0,507,110
6vM7LlYsr2CYvtMvQF_j17leQN1dmgzc.jpg,301,767,430,515,534.0,472.5,466,85
6VM8syYaX9x1_H2IaMNORtXvHgu2q6c.jpg,393,809,419,482,601.0,450.5,416,63
6VOkxVpjEoF4GfPIIxFNFKhRHFsp=iJO.jpg,319,744,423,488,531.5,455.5,425,65
6w4ejpwe2Om1xPdFvmqTtZPXsIXxIx.jpg,424,856,422,490,640.0,456.0,432,68
6wjCYhsoN7yerGmw6hxOhtliu2T7lkI.jpg,344,654,436,495,499.0,465.5,310,59
6wOME8Dlqq=55fkeZruWtkbdJq7ssohh.jpg,421,715,454,509,568.0,481.5,294,55
6WQSWKzWZzceqB3yVLYB2Mrsx=gFh3.jpg,418,919,488,564,668.5,526.0,501,76
6wTzXuYf8Y_R5pYoLeZkNXxyq=w_.jpg,525,969,463,532,747.0,497.5,444,69
6WzdevBXxEcBWCD1TVsseGTzeIzlqZK.jpg,493,826,476,541,659.5,508.5,333,65
6W_lgxwCcaqFPrB_=crmJyN8YbFLo2m.jpg,401,837,432,498,619.0,465.0,436,66
6xpMq=XPLbMD4sRCTNrr79xvFBXHqb26.jpg,433,881,459,529,657.0,494.0,448,70
6yBmXFS4ePkunh4a2qnxCT=rlG4HZft.jpg,445,866,421,489,655.5,455.0,421,68
6yRipyS4s8l2pYfl6I57EauL_vYN1.jpg,171,966,541,654,568.5,597.5,795,113
6z8xL_hNDUHUdJds54fXa3VEO4yXtmFP.jpg,404,865,429,504,634.5,466.5,461,75
6ZpajsqQa_I8Mc6PSr=QQLv92VcGEasi.jpg,458,917,461,538,687.5,499.5,459,77
6zuDM24FpIjkMlSsMfn9HhBkKtd8_f8N.jpg,391,750,494,560,570.5,527.0,359,66
6ZYx=O_k4UIWr=taEMljrvdM5j5zty2.jpg,322,750,450,518,536.0,484.0,428,68
6_28R3EORTNmosMeG4fa4nOiQEiceMD.jpg,349,775,474,550,562.0,512.0,426,76
6_ReDzVwYjcGfgZaBaPa=K7fq2_9oOk.jpg,384,903,458,539,643.5,498.5,519,81
6_x11btM5R=zvkncznOtmzSqsQupUSsn.jpg,317,879,479,561,598.0,520.0,562,82
725hE1swuFMJM88forTKn8p_12___F.jpg,461,796,472,539,628.5,505.5,335,67
72kUYUwxZsZ2MLGktrzV5oQv3HmkYypL.jpg,413,841,454,521,627.0,487.5,428,67
72m3tF7Re_NP2C19rme1qxamloUxaoUE.jpg,454,929,435,513,691.5,474.0,475,78
72xUXDQKND4WQ4Vi5rLREWgqmrrNrM6.jpg,306,755,434,517,530.5,475.5,449,83
743bSyMcanhmIKVB9MLk5NF1Icdwm7.jpg,445,991,471,557,718.0,514.0,546,86
74B_WddJ2a=WMo2_soPFC28nSoUWgrBJ.jpg,370,798,447,509,584.0,478.0,428,62
74Q9Hb6U6JQlzc9gEkymYtg6TzBoJIUr.jpg,421,904,435,530,662.5,482.5,483,95
754a8FdXwBWaBI13OFWdcqTFgHJSHf.jpg,444,898,430,501,671.0,465.5,454,71
76bj9GlDKtZH9uc8DDiSEtr6IKcxWli.jpg,344,865,452,531,604.5,491.5,521,79
78IUeNFLCqc5nsWrxffg7UKsMNHQU_Hk.jpg,409,753,434,500,581.0,467.0,344,66
78Iva2oqDJNVI7KvcL_5_8YE9v3ju8e.jpg,453,728,424,479,590.5,451.5,275,55
78QxbjhuOBeI9J=PW9Ft71PkxshCS7X.jpg,447,872,420,487,659.5,453.5,425,67
79YpZzGXldsE_=j92x6mnNpR6hBrGNuJ.jpg,307,867,471,550,587.0,510.5,560,79
7=d5hKzj19PIabOKfkulx4FbCalbzmxU.jpg,357,760,441,501,558.5,471.0,403,60
7=xppIn3MmkvoFiaibsSidaQFQusRRX.jpg,358,881,453,554,619.5,503.5,523,101
7a=gn6_tXNmY=4ZxOe6r5=mQ6JGyCKLK.jpg,266,764,440,516,515.0,478.0,498,76
7ajjbZ3sJiLi8CUWhiYlDUw52edqazp.jpg,379,949,471,559,664.0,515.0,570,88
7aNURCODgW_MyfCpMZ4aX6n275hOvUWD.jpg,402,723,476,534,562.5,505.0,321,58
7au9VKSxLXcjE4=P72K56gkExj_luMiu.jpg,383,804,424,488,593.5,456.0,421,64
7B665DWGiHcS1CURihf2s2IB6K=yiP9J.jpg,392,917,480,560,654.5,520.0,525,80
7BaRbkt2l=QBBaH2WfqTo_cm4naFWKf.jpg,400,830,450,517,615.0,483.5,430,67
7BNoniMRO_QCYJodCpoNn=ZwZ6ZqUW.jpg,266,817,499,580,541.5,539.5,551,81
7BovwjZ6JPoj3EesEI4KllJPfZTdGBB.jpg,423,718,453,512,570.5,482.5,295,59
7bQTcUtixopJ_lqiEbLwb=qUS5LswUH8.jpg,409,863,417,485,636.0,451.0,454,68
7Bz_=V7SWgB6S4OiKrouzDhFtzZKyXxF.jpg,411,825,414,478,618.0,446.0,414,64
7c12gdt1xQOr75MtwyGZFhXxor9N_J.jpg,224,891,437,528,557.5,482.5,667,91
7Cbbdfcf3kYIJe8F7hoqGW9Sq9untGb.jpg,302,752,449,523,527.0,486.0,450,74
7CeqPgpQzJQpJjv34ebPIW7xUW8Mo3.jpg,415,829,415,484,622.0,449.5,414,69
7CH1zHF2MCGbrrdUvSkiNrNTuCsQuv.jpg,356,876,486,566,616.0,526.0,520,80
7DLlbem_JLqK39PhwCKQjwaP9=n1Uh2.jpg,328,747,416,479,537.5,447.5,419,63
7Ds9ioyEh62kgO=nTBNfZNjkDxWJerYC.jpg,336,866,460,538,601.0,499.0,530,78
7dw=MBNENzCcduVBr2L45HpBfycXqUJ.jpg,469,763,432,493,616.0,462.5,294,61
7e=isLC6NRw1DgzooQ_r2F3SvgvphrX.jpg,348,794,490,567,571.0,528.5,446,77
7eSF5TpK1Ps_rGKdKFqZHoBxxdel7_.jpg,353,933,476,560,643.0,518.0,580,84
7eyfkjYyPRFqG6dtXrRHnmTVFlXBVBH.jpg,405,996,520,606,700.5,563.0,591,86
7f7QDtaxqdemyXllupUt9Iw6gCMLXl9.jpg,292,1012,515,623,652.0,569.0,720,108
7FE19pNlLHDNHuUkkIw99DGZXZeDJbIC.jpg,394,866,430,501,630.0,465.5,472,71
7FgrPFq3TZqSpoOMDD5soMVFsFvavo.jpg,454,853,442,506,653.5,474.0,399,64
7fZDo46SLydllPKF21HbWBWBrd1bIp.jpg,368,731,489,554,549.5,521.5,363,65
7fZsCzcnaXZWWJ1btu11Q8FsRKiDWR7.jpg,403,836,459,527,619.5,493.0,433,68
7guVnPXtg9weu6pqQOVkEcXWbSKVtZbj.jpg,284,807,462,537,545.5,499.5,523,75
7gzoZIF4K1bt7afT=JFXaSDeFfWIjs3.jpg,372,828,431,500,600.0,465.5,456,69
7hDaDwh1JlMIZO1GQh9QmkC8_PNaMyHq.jpg,579,879,456,521,729.0,488.5,300,65
7HKOxoRvB8HsdhNBLkvVmzr1zSbIHiJE.jpg,495,783,422,479,639.0,450.5,288,57
7hZnorB2ubcW6Evg2m8jDSZbyhK8.jpg,442,875,457,525,658.5,491.0,433,68
7idmF2jG9s9uhcDDmGGSBsyW_HQ=O.jpg,462,810,481,543,636.0,512.0,348,62
7IDNQWD9u6jbPYlbVt5vs1GH5DS47WmF.jpg,401,796,416,479,598.5,447.5,395,63
7ir4o53tbmEXh8p4zYxaWs_GTc7O.jpg,350,732,466,539,541.0,502.5,382,73
7IUzonRYxHNw3n4D8PkG=auOB6bwgL.jpg,367,976,491,592,671.5,541.5,609,101
7j5RO4hKaiSmxmNYp5awxznnt2WixII.jpg,339,1023,513,613,681.0,563.0,684,100
7jGNjuxPjBTNB7eZCgUudiUB8KzqPnk.jpg,427,795,472,538,611.0,505.0,368,66
7J_ibhW_eyfexcPesevJZSvWDn5LuN.jpg,385,817,429,499,601.0,464.0,432,70
7K5PV52fl9bfxSV7m4oSOofrTvjuw.jpg,469,825,425,493,647.0,459.0,356,68
7kL763Rktw1h14DPhXEvrnwXfN_35UDC.jpg,426,890,445,514,658.0,479.5,464,69
7Kn3vTmqKWN5q=yo8Erk5h7Prwupam4.jpg,345,918,469,564,631.5,516.5,573,95
7L2KyKBXKUpicxUB8v7dW128jQgf1fob.jpg,408,912,471,544,660.0,507.5,504,73
7lcHx4lKMn4M=KxcpwSvnqHamT2m1G.jpg,356,854,459,533,605.0,496.0,498,74
7lg9DFG=5qDkyyQj9Pcgb2RPbNWrJWiM.jpg,465,971,454,533,718.0,493.5,506,79
7lXEzRlY7LVfL4k9URG48bQS3bzCNr.jpg,491,781,445,502,636.0,473.5,290,57
7M3Ij9v1OJavnQU_GxPqQp=jcypJEnG.jpg,388,863,443,513,625.5,478.0,475,70
7nfqWlfRVkp97YVZq=iKNg_TnQw5fG=.jpg,373,807,420,502,590.0,461.0,434,82
7NW=rqLXMQUqvCtOzeJ4kNFboKDguG.jpg,404,901,427,497,652.5,462.0,497,70
7oSsZ38Iz1LOsb4UMH9ez3Gbz=z9SdY.jpg,299,1086,543,660,692.5,601.5,787,117
7oZEPZP=U4M_t6DKoEcytP34Htt6HFe.jpg,409,860,431,504,634.5,467.5,451,73
7P6XSVbzV6UplgH8FWOc=LmbeEeogWXD.jpg,239,792,468,552,515.5,510.0,553,84
7PbD5ElPkZLwF1R8mHjhCfHH_wRYDht.jpg,399,875,426,502,637.0,464.0,476,76
7Q=qgY_LGsqIv14=SSvKud7rT7b3v7.jpg,367,883,459,538,625.0,498.5,516,79
7qCPWRsioeFkxwoGf9X4zauqx9UuLRpg.jpg,404,734,470,533,569.0,501.5,330,63
7qQ6LVcT6rMhgQkh5d2R9YSdZ9lTNrX.jpg,422,879,421,492,650.5,456.5,457,71
7qqSpnTwe8mXok1Nym=KivTJI7cytB5.jpg,371,824,425,489,597.5,457.0,453,64
7qrtMBP=YaBPgMjne2fbgFMVQa4SVlW.jpg,372,1155,599,724,763.5,661.5,783,125
7R9eCKqKVqu=G5yHHvj_yFvDKSrS9F.jpg,357,739,417,482,548.0,449.5,382,65
7RfYYsSbSukIcZV3OewDe5mbdnx1clZ.jpg,482,783,456,514,632.5,485.0,301,58
7RsCouwmHEGloFF17MK_NmSsrHD=4JzO.jpg,444,849,422,489,646.5,455.5,405,67
7RVWXOCuFO5HEYwv6n4yY_pyzrJGHKq.jpg,438,901,469,542,669.5,505.5,463,73
7rvXCCwM4zVq5eID7zPO5enJNolzTwvS.jpg,413,857,462,530,635.0,496.0,444,68
7sbPyICEjOoWg5czcf9wnY4i7dSMTpfZ.jpg,287,814,465,543,550.5,504.0,527,78
7sJuSU=Skssqke9Q6YdfkUoJuutEVq.jpg,343,1045,510,626,694.0,568.0,702,116
7tHI_=h6L7QITxBSUIwZF6tlM9hIjPQX.jpg,398,912,487,561,655.0,524.0,514,74
7ToDnHOPXzSnSYwGzyOi8_msE4Mq2c.jpg,326,693,506,570,509.5,538.0,367,64
7tzsxNtdmXdTtp_UdpTQZB3TS73z5.jpg,428,837,424,489,632.5,456.5,409,65
7UacbdQm9TBOFkyv2TGa4E2aHk4Nrcx7.jpg,408,819,424,490,613.5,457.0,411,66
7Ug39=KnQ6xo_ta7gaRTRhFRrKnrwa.jpg,468,939,437,513,703.5,475.0,471,76
7UTTQZz3C_YN7GPSDzpFNhdsSLG9sti.jpg,339,748,420,485,543.5,452.5,409,65
7vCL7UjyJTIaDvqMVNEin5vx6ufOdWw.jpg,442,759,470,529,600.5,499.5,317,59
7vgJ9__WThTzfMK4aEyvtRjmDVgbCQe.jpg,383,909,455,559,646.0,507.0,526,104
7Vl9yF6zbKwcb5QQEUB3RTGjxbhwXEa.jpg,402,963,515,596,682.5,555.5,561,81
7vuT8b3pYgdsQ6W9vRsbXoElMGYv8Uv.jpg,382,952,514,599,667.0,556.5,570,85
7w2TP9OUXfwhtmF=JP_HSILcrdYFmOpJ.jpg,168,830,513,603,499.0,558.0,662,90
7wCt23Y=8mdFaO7M=dwfgFKdfGJgJ9h.jpg,413,843,450,523,628.0,486.5,430,73
7WoarXNe12eE3WuSvzPHHND2KccNZew.jpg,307,853,471,548,580.0,509.5,546,77
7x2hXoaLrpDE7m8LgJ8IHjEk6egrPb.jpg,366,820,445,509,593.0,477.0,454,64
7xazseTyZgJ2mnq93ar6_z7oilXIOm5.jpg,422,844,425,496,633.0,460.5,422,71
7xMfINOGtw3RXOOGe8hp5vYahV=zDSM.jpg,387,884,458,531,635.5,494.5,497,73
7xuQegYW6XR5Kn23QEKIStFbCXDF_lH6.jpg,306,782,447,533,544.0,490.0,476,86
7xurLOKzUTHTh4xDoZJa=wJ61SJ3a.jpg,351,810,473,542,580.5,507.5,459,69
7yC3RE4ac=WlYy_hbkCM9B6WOZ6YwhC.jpg,352,909,475,553,630.5,514.0,557,78
7yjIiTZgnKIzRWueNL=j1deNkYlZyozs.jpg,293,772,442,513,532.5,477.5,479,71
7yMih5hxsQTc7INKkIkwDQLxu8nbjW.jpg,308,815,493,569,561.5,531.0,507,76
7yqxbszjWcty_1a_eP1rPE28rH2_ohzl.jpg,388,886,456,529,637.0,492.5,498,73
7yX7Wgz6aj2ZsBjpNsmsI73w=iNKxOdY.jpg,414,925,434,511,669.5,472.5,511,77
7zUMNXRgwIeSVcG8qrDWl59wM4dPtFd.jpg,420,875,427,512,647.5,469.5,455,85
7ZvgCtSuRE69CZpm3hrWomGxYRu6872Q.jpg,324,767,422,487,545.5,454.5,443,65
7zv_Gk79qS1yEpiEuzDZBkUhiYMJ1GZ8.jpg,410,941,465,553,675.5,509.0,531,88
7zzcGI2E6_4XBtvpqG2Rmq6eio57MZC.jpg,388,918,463,542,653.0,502.5,530,79
7_b5l=uVoD=y99jwKBvFnRLm2iL8mG.jpg,367,1163,566,697,765.0,631.5,796,131
7_fdHdFE3QSHlizn1at_bNVDxnQ7Si7.jpg,477,745,420,471,611.0,445.5,268,51
82=YCY2uGCw5LI3bMBsJVf_nmSGBNgu3.jpg,400,870,452,522,635.0,487.0,470,70
82yehSm2_hby63EJ7PDsEpOfhGhp.jpg,389,831,434,500,610.0,467.0,442,66
82_igJX5aK_PDI39SUU3z_tFgsnouGo.jpg,411,912,489,563,661.5,526.0,501,74
84usPWNkNSj9zdq1D3B89xIY5aGxISC.jpg,392,839,461,533,615.5,497.0,447,72
84wEBEiJVuRpXYKS772b2kcrnlvREzj.jpg,304,800,440,531,552.0,485.5,496,91
84YfUm_5P8DLW2Gul29HMYbsrqStK7r.jpg,384,790,422,487,587.0,454.5,406,65
8525gx3jBa32ciOF_eNCIyn97T8hBB.jpg,392,869,470,544,630.5,507.0,477,74
85HCitwZ5FwjIyvXbDMXeB53U7Imy1dH.jpg,487,754,439,491,620.5,465.0,267,52
869LWjzmSh98SNi6YazklYDjDcoBMaY7.jpg,398,918,455,534,658.0,494.5,520,79
87jHaw7EdTqPC7SmFu2OqrHY27kzb=mz.jpg,386,885,485,559,635.5,522.0,499,74
89iPtujyFowcuYlZHicgmKqcXUg58M2F.jpg,405,917,461,536,661.0,498.5,512,75
89ooU7mgZtcIpYZN4ehoCBIGl4GFc.jpg,382,997,482,589,689.5,535.5,615,107
8=9E=qjjklvjEDbwooXRF2a2vNxUX_.jpg,388,927,453,550,657.5,501.5,539,97
8=gyC=NZacW6VdTG8JqqbutBxE9GdgX.jpg,390,981,526,613,685.5,569.5,591,87
8=kZ5p_hHk68cOYVMSNpmQSBnIpDcoTV.jpg,420,871,436,508,645.5,472.0,451,72
8a2OHBRoasYp6Pgi9YfYNfX23R=vvpsH.jpg,463,766,439,497,614.5,468.0,303,58
8aa_bQRH6BiXHUf45qlEI8bRvBZWN_r.jpg,362,660,433,491,511.0,462.0,298,58
8av9=2T1=8z_c6rwrnVMFjdaxN_pfOeY.jpg,324,868,465,546,596.0,505.5,544,81
8BbRDVsTsr1Q5xRUeUaLbcSbsCNMOYP.jpg,342,698,457,525,520.0,491.0,356,68
8BkkdwoLE8w4aBsSYbDFsGrnVns159O.jpg,444,951,445,523,697.5,484.0,507,78
8BnISuUxLffRjgeZL9E62HOXtL37ci.jpg,398,921,453,529,659.5,491.0,523,76
8BRyXuMshbRQiaaFeYx4WT6T4Yd7EV6.jpg,279,760,446,524,519.5,485.0,481,78
8Ce9Ge9hILkLI=fjTWo=RgYqI98dlD3.jpg,497,834,473,537,665.5,505.0,337,64
8ctS1SCxkG7vf76oduEikJF5JmRCkOV.jpg,447,815,506,576,631.0,541.0,368,70
8dFVRlmhkgJz=E3_l3RDOYTW3GYF4O.jpg,422,709,428,485,565.5,456.5,287,57
8dgOaTROmOu7q9bhFVNuJXb9XcmMWwhz.jpg,458,910,459,531,684.0,495.0,452,72
8e=Rzp8vWYrhpRe_H3YllqNdgEwUvbtZ.jpg,396,680,420,475,538.0,447.5,284,55
8eDVcRdJkF3sEQBycHRvh6TMdNlozRp.jpg,352,836,445,517,594.0,481.0,484,72
8EoVgbkT8ULPlJRGsvLrLyFUMVr5yJm.jpg,319,803,448,517,561.0,482.5,484,69
8eQYEs1G_ROyfP47VVEmoptpF6U5dfQI.jpg,355,950,484,571,652.5,527.5,595,87
8FQ_4fEvUov1OnvzyRKiLMEhUoZRGOlT.jpg,307,884,473,553,595.5,513.0,577,80
8FRCBLMvewUyC6lEOvrg81EOgcRWR2a.jpg,404,721,458,517,562.5,487.5,317,59
8Gcz6Zz6Rqx6hQ97mNyNJZ361HnTLNF.jpg,344,862,465,541,603.0,503.0,518,76
8goxhDseMWc78S3uIRnygXIhdS6TIx7q.jpg,336,860,458,539,598.0,498.5,524,81
8gvjIdlT=5jFg_iGYZKZbiKlNL_l9PJ.jpg,378,788,420,485,583.0,452.5,410,65
8gxtTnDJ_6kvqSvITSwQrwb=3jhCdDWi.jpg,125,702,509,593,413.5,551.0,577,84
8hdari6kpHCylyIpXk8FsW3ijvzYIgl.jpg,388,866,468,539,627.0,503.5,478,71
8HdmNKk3pFeWfXueXf_ngRcbNE_bxyS.jpg,368,883,457,536,625.5,496.5,515,79
8HFKRe928qkYYQzEPQirha5is2KXRtaH.jpg,389,793,492,566,591.0,529.0,404,74
8I3UudZBfhaTy6aBgWpJ=mrqLaMcs.jpg,484,869,475,544,676.5,509.5,385,69
8iGSWuFwI=bgh_ywNbYByzlEYk5uWXM1.jpg,363,874,457,545,618.5,501.0,511,88
8IlMCUCyf4aZ8ouK93pp=nv5hNXa5VD.jpg,404,798,417,480,601.0,448.5,394,63
8inek2wExuCMRPnLxU2_k3GrXbOiz.jpg,337,736,417,482,536.5,449.5,399,65
8J=ql74EEmGEZbjPvmvfUb7vf9uX=c.jpg,389,904,442,518,646.5,480.0,515,76
8JBuzQKfTcsZHyDu2fYRFBeKb_tSF89s.jpg,327,843,488,562,585.0,525.0,516,74
8KEkwaoSjRt3dQvwRuMNyaWvqoX1F_.jpg,602,903,435,498,752.5,466.5,301,63
8lDPSl_rRUkk5fkg78VPcBSew1i1vh.jpg,353,789,452,515,571.0,483.5,436,63
8LxhBgULgi_RoVQzI4LNHQad7tYVrPF.jpg,348,893,478,550,620.5,514.0,545,72
8MnH5xF=FCkEGqS3_bVuj9E9=vT1loK.jpg,415,1109,577,687,762.0,632.0,694,110
8n6PEQos3QfFx1tn=bKSVGUd8d7HvDO.jpg,388,844,422,490,616.0,456.0,456,68
8n=1hu=Zt4dD9BzrJ2hXRWuDspjSdHnS.jpg,370,732,442,513,551.0,477.5,362,71
8nlnaD8nNsa6tePXW6o3ZRF_wDYrU9Z.jpg,197,798,477,590,497.5,533.5,601,113
8nmJ44f=ranXiHSYlHj9vU6raRnshxBC.jpg,417,834,424,490,625.5,457.0,417,66
8NX3C2p1Zb_JJBgwXmBKd=SdMYV_jR5.jpg,372,658,419,474,515.0,446.5,286,55
8o1B2ql9led3KRPKXmyE42bVNimUdC.jpg,343,771,422,491,557.0,456.5,428,69
8ObXIOeI6xFbaP3RYmXSppxgpwPVEY7.jpg,400,1150,542,660,775.0,601.0,750,118
8OpyQsFSv8mizFaH=x6F5_k36Pszcy.jpg,314,800,463,538,557.0,500.5,486,75
8OVHpQJrmDB56xiMUCucmYaKne19nmK.jpg,391,752,470,530,571.5,500.0,361,60
8p7ecTThB1VjCsqZ7VmFk=kFp57MfsF.jpg,418,893,472,545,655.5,508.5,475,73
8PO43wVwdQTpeXy5wMaKtR7SmHT3WJra.jpg,288,705,507,573,496.5,540.0,417,66
8qb1URLsz5ClMKgMdVRFLpVDjGNK8KE.jpg,467,800,484,544,633.5,514.0,333,60
8qEfogDMmkxd57cHbeEo3EdSl_vgDbL.jpg,327,747,422,490,537.0,456.0,420,68
8qlGEuj8ExSgIaBOYHOhjTK5SDalCb8.jpg,401,799,409,470,600.0,439.5,398,61
8qVZH67yDkLPOTB71XwLYrGLFgwTI7M5.jpg,459,795,479,544,627.0,511.5,336,65
8QygT=zf1sFDZszllGRVPGSIs8kDvhH.jpg,314,770,459,530,542.0,494.5,456,71
8rCYgTw9CgxUFYYSvdZZlo41MY7PyJ.jpg,399,828,436,496,613.5,466.0,429,60
8RPJbNSE_qhkm7tzW1a3HJPJdJh5l=Cg.jpg,437,878,460,525,657.5,492.5,441,65
8RqPhxhqy_uOPk3S6yyNWUJN_WSqysJ.jpg,424,859,462,532,641.5,497.0,435,70
8RuVZs_qnsUEzHuk7uX=KHT6nDGdGoSx.jpg,428,929,446,527,678.5,486.5,501,81
8rzkjxCU47mezdTsgztIJEMuwc7IgG.jpg,361,884,457,534,622.5,495.5,523,77
8sfnio1fuOl8w_JsoUT3rDwECQ3WYZb.jpg,267,963,509,635,615.0,572.0,696,126
8srrTOkZDFZmU5TTJVymwHVVgp5zs.jpg,390,925,498,578,657.5,538.0,535,80
8Sxbp_yPdikmuqJdkYomDa1nihnVFLO.jpg,499,846,485,551,672.5,518.0,347,66
8tlbzcJ_LoFmjXluN32QENZdPabJ9=Sp.jpg,414,843,418,489,628.5,453.5,429,71
8TLxMkcKMk7xZyaSGtZ=igpxxSlVCt6u.jpg,487,831,490,551,659.0,520.5,344,61
8tNSl13NJKIkK_TQkuwDlPopv=6BTCtI.jpg,387,681,424,481,534.0,452.5,294,57
8u9FukD3EWvLSOjY8t83kzKIeqXgQT2.jpg,339,887,473,553,613.0,513.0,548,80
8us_TTS=JZc4QX8HMF9RrTUyEYHK49u.jpg,340,886,471,549,613.0,510.0,546,78
8vUrdqr4N2uLYtZabbl9hKpkocPqX7T.jpg,401,821,418,487,611.0,452.5,420,69
8V_rMqLgStTW46V6dm=HVpdKdDoLnVW.jpg,322,905,481,571,613.5,526.0,583,90
8WJ2wwabEEBRstxPfQqkCPcdqKDPMNe.jpg,384,931,469,549,657.5,509.0,547,80
8W_NTEZ8IuxNERfg9PkBu8tuLebISI.jpg,327,908,522,603,617.5,562.5,581,81
8X5Kc_ah1NFms=1iMRpfYBBm6MEk1qX.jpg,374,652,411,466,513.0,438.5,278,55
8XZDhqgHK_=1EQgJkRDZ=itucNSMjnrW.jpg,312,825,449,528,568.5,488.5,513,79
8YhI6dMo_RcrJO9kbW5N8XSTJ2kQqKtV.jpg,248,745,417,504,496.5,460.5,497,87
8YQdkLlRedqUpJL2zneEZuNjScCL8Vtk.jpg,380,809,419,481,594.5,450.0,429,62
8Z4mjMXtoEGGEjUtIxOLuWx4nkJMTUo.jpg,447,783,464,527,615.0,495.5,336,63
8Z7sRQo9Py=RSRLasD6n4Z9LEcqF7qd.jpg,450,900,428,518,675.0,473.0,450,90
8z=Rr_PbBYd1TLNcMrtPk6V=EastrJ.jpg,451,743,453,509,597.0,481.0,292,56
8ZczB_yTNSX4nB7GOjfQ8WngodonwVPQ.jpg,318,795,441,515,556.5,478.0,477,74
8zE_UOKlJrI=5Wwzn8nORRtZcNherCk.jpg,328,926,524,612,627.0,568.0,598,88
8zJXjZV=tgW7vYd3cio96GCC3pXHaPp.jpg,376,791,422,486,583.5,454.0,415,64
8zlfCh_lnaqOQUxnNxmKsith_vilnPr.jpg,398,794,424,495,596.0,459.5,396,71
8zvpqZFtOg4CWNcxL=awRChIWtzH.jpg,388,669,447,503,528.5,475.0,281,56
8_DTkU_5vI4bOd3Y8s5U4XWzF9hZzKi.jpg,291,778,432,507,534.5,469.5,487,75
8_zYSXglWTGJwIbIsJr2tfttEvtax4Hq.jpg,334,751,417,479,542.5,448.0,417,62
918PqYbtlhVz_iGeI=2iEiTyQNDi7f52.jpg,277,937,478,580,607.0,529.0,660,102
92m66oQxr58TrDD7FzSiTFUf1Y1raI1.jpg,419,941,458,535,680.0,496.5,522,77
92YQncQq9t4iib3sav47JlTHNZXuWe.jpg,350,851,433,508,600.5,470.5,501,75
934lNHaxEcKYpXniKYZHQkLQqTxSit5Z.jpg,347,854,457,530,600.5,493.5,507,73
93ox27lqJaEg1xsxaXzhSa_bTOo=16X.jpg,371,855,464,538,613.0,501.0,484,74
93PeT7sLHoY_=SnrzUCmVSmM8nXRCHT.jpg,241,743,449,523,492.0,486.0,502,74
959tkmRxDqMFnzl9qYTMypZEZPKcjprc.jpg,385,852,473,544,618.5,508.5,467,71
97twiJ_U_M89HW1E3koYmHM7oVsBQSF.jpg,317,807,451,522,562.0,486.5,490,71
984lCrpC6C39xtHO7GqSvwvH4BowtbCl.jpg,377,883,472,547,630.0,509.5,506,75
985N5uSzoZLG1D5TRdins_jYcJTIYIvY.jpg,283,763,432,503,523.0,467.5,480,71
985qRbDBTTlZQR9jO4TEz3DT87rkVDlP.jpg,393,783,442,505,588.0,473.5,390,63
98=zlyEQxxFCQw84yN5QwPSNy2a7_oU.jpg,458,987,454,543,722.5,498.5,529,89
98hLpLEkJ5xam9HDrPFKkv24SGSgG2b3.jpg,434,754,450,510,594.0,480.0,320,60
997SNYwZrB9T34vEvot9Twrp3cZMoH8.jpg,466,773,465,523,619.5,494.0,307,58
99PMIIiRI=3lWqC_wPox2KtkgKyXQQY.jpg,472,981,446,524,726.5,485.0,509,78
99sb24GHGsdhhaw=_ble1aIcsVLVR_.jpg,423,829,417,483,626.0,450.0,406,66
99xRCcMtD1bo72HxqTIBvPZJiSx5Wbr.jpg,327,749,418,480,538.0,449.0,422,62
9=3By4R7nF=k8c5WhsV3DkaOCO_4Xj.jpg,111,836,509,613,473.5,561.0,725,104
9=LEgpXSEc44UXuDIptwci=xWYvGgcQ.jpg,376,892,478,556,634.0,517.0,516,78
9=MRgVUb8EXSlaxga39ZKladMWr1ayB.jpg,445,741,456,511,593.0,483.5,296,55
9=nOF5gY8ZvUYZuDxReXrfXY6YK4weMN.jpg,409,859,450,516,634.0,483.0,450,66
9=sGRpaT56qB6lPJISBSF_vjhptcWsj.jpg,424,812,414,476,618.0,445.0,388,62
9aLm68dwX2s3I9p_gMG1nmBHK4HJLYF.jpg,308,829,453,530,568.5,491.5,521,77
9BdyJR42qHRnlBLL57k2JprCqWhnJUf.jpg,340,740,418,482,540.0,450.0,400,64
9CJKUj5K4ts3Eq8sIBn7LpUP=NkD8hmz.jpg,442,959,474,548,700.5,511.0,517,74
9Cp1Pw1yI7Uh8kHT75lG_KtjCdP_16uh.jpg,426,850,425,495,638.0,460.0,424,70
9dE5LG2DOo2e_LpE6qgrFZVap16qyyc.jpg,401,818,420,491,609.5,455.5,417,71
9djpmswDzitl6DF7xnEC1oeKEGcbzNf.jpg,364,896,502,581,630.0,541.5,532,79
9DKujrzhC6vonctIqxFu9LQaW8Hvjxv.jpg,430,939,455,549,684.5,502.0,509,94
9e3O3IGYX=ETLG_4CqhsfzzZb6XJZ.jpg,436,741,460,518,588.5,489.0,305,58
9e=re4tW27EOXmXe=if_qN8m=MLbuSGL.jpg,450,868,419,487,659.0,453.0,418,68
9eM5_4VNd_Cb7fPDBeqtPlvXXPPkT1Y.jpg,322,782,433,505,552.0,469.0,460,72
9Eu5ZZizM1F61ILUI3kldiNwtP53mOn.jpg,300,807,485,562,553.5,523.5,507,77
9ewpDn1jVLKIIEJNEbvIGmowRT8TgT9x.jpg,285,843,469,551,564.0,510.0,558,82
9F=XDFG7nesfaVx6GoqWR7x9Nf2Jav.jpg,218,988,530,649,603.0,589.5,770,119
9fKQ=wkgxC_59eVkxYpEolV_IHGe=WRH.jpg,332,901,467,548,616.5,507.5,569,81
9FOoezlqhtr8fn4Wcsw2YOpuVTDO79Fs.jpg,388,830,428,504,609.0,466.0,442,76
9FVqQ_X_UPBKVLHzYvsnT46fwpNvzLUX.jpg,462,858,490,554,660.0,522.0,396,64
9fxQYPca4sUBM9MgjuftwkH6Z6ERXUxU.jpg,390,811,416,479,600.5,447.5,421,63
9FYl9imzdjdNNvx_7rx=tSaaJmKIov8.jpg,452,899,430,497,675.5,463.5,447,67
9GDQ8HktYGe1raM8PVrYmU9ClxKn9bU.jpg,450,859,419,487,654.5,453.0,409,68
9gvdVxmMj236dkjePVumcOjh7BDGdI.jpg,325,880,512,592,602.5,552.0,555,80
9h4ecyYybtvabn2XRhdr_YH1JOVBmt.jpg,292,862,493,573,577.0,533.0,570,80
9hlzH_2Pms=3OHqgEtGeqDPdIeMZKUQ.jpg,344,836,455,525,590.0,490.0,492,70
9i5wV=43mMhjlLRPwkngLmHgc7NBwVvM.jpg,393,838,467,534,615.5,500.5,445,67
9I6Nwkxn3Dmd8XcULjQCMhCs7me4noZ.jpg,415,858,430,497,636.5,463.5,443,67
9iag7Lz7uXCm2eRVtHVEzVeVpOUghTv.jpg,454,854,419,485,654.0,452.0,400,66
9IlhIE9V_Py=MI4fPk4xu1PhGSvXM9c.jpg,327,888,470,553,607.5,511.5,561,83
9IlIVX36r55RNs=Kcj5bNqH=gZhwT9_.jpg,504,803,457,513,653.5,485.0,299,56
9J63xmDYccSwIeUvCM6YYSGXogCp=JLP.jpg,374,824,419,487,599.0,453.0,450,68
9k4NIb7iSxMP=dOMJR3Zb9gx5OJg_cdO.jpg,284,730,446,515,507.0,480.5,446,69
9kBmnlupUq_xKHvxUrUSUi1Mk=r=K1.jpg,356,870,460,535,613.0,497.5,514,75
9kCDvG7wT6V34TvahtC3QQhH7dFgK3dN.jpg,409,911,452,529,660.0,490.5,502,77
9kpvTrdsqtJzLiizyY5JWXjaV8H84MF.jpg,386,807,416,503,596.5,459.5,421,87
9KTdGhonQ5f5_oqIKX7Kd5fFLaUOrbMY.jpg,395,745,494,556,570.0,525.0,350,62
9ku_3kJlUKRn7NZfe4UzPCK3mG=MOeo.jpg,282,762,428,512,522.0,470.0,480,84
9kz246ZTCIwEef39d_L4R2dhevy1r5Q7.jpg,206,1052,578,706,629.0,642.0,846,128
9L5kgNgVcdL=nQrNJ7oTEmECiH8Q1_U.jpg,413,905,448,524,659.0,486.0,492,76
9LngLTN_lJxL9MdRnkeNSB9g6Gr8iMY.jpg,413,880,423,521,646.5,472.0,467,98
9mbIeGXspPgwvXebkujbKbbIzcsZr6.jpg,446,931,444,532,688.5,488.0,485,88
9mfF59524fSmyqTdx8r3LXFXZQdtXoE.jpg,442,857,413,476,649.5,444.5,415,63
9mlbPNFFpTPgHJ9vWGXnJTLQbehydd5e.jpg,455,901,470,536,678.0,503.0,446,66
9n27vRQEN7znEkNOB7Dpc3OMZ1OGzTa.jpg,188,825,510,605,506.5,557.5,637,95
9n5uZiZj3jkk2HFcq=LcgoflCQEc9Pot.jpg,231,798,469,568,514.5,518.5,567,99
9N7Y1iLByffLoiFgOpI_KGaUnaETy9q.jpg,441,880,429,502,660.5,465.5,439,73
9Ng4gg9b9ILHetxdOHiiiQ81uonTtb.jpg,348,917,488,572,632.5,530.0,569,84
9nqTn6nbOV8yCBJcKvkMiuqrsrSnC.jpg,493,780,447,501,636.5,474.0,287,54
9oCTHdcl2xTU_CF_wxBtQdnMZwmF3hsh.jpg,400,719,467,527,559.5,497.0,319,60
9OKCRhulXt5mZJueFlE7QlM=cTjVfL.jpg,360,861,486,560,610.5,523.0,501,74
9On5Xdza4Zzdm3vVURUsVxsvIBcM1sU.jpg,311,890,523,608,600.5,565.5,579,85
9OvLBn=UfPCJn9dNq6Vh3v13b9mODPJ.jpg,445,935,470,552,690.0,511.0,490,82
9oYNNqWDd_XGG_QHQpl=1uRdKQV8xIf.jpg,306,833,456,535,569.5,495.5,527,79
9p1lr7WrYnVeIGdlWZxvEn_5VueslUj.jpg,423,895,476,549,659.0,512.5,472,73
9P3kqU3KxZ4FODUDwSi6Z1eFnUQHpMsZ.jpg,406,829,424,494,617.5,459.0,423,70
9p=vxolqf=osW9SX=dSPgDrkn8QE1D.jpg,260,821,475,559,540.5,517.0,561,84
9pFTS5EfpCRnZb7WVUg6KZwSL2dXMF.jpg,357,655,448,508,506.0,478.0,298,60
9PVBuTSKNsZVVgqD5RNUc8VWj8u8p5.jpg,443,729,443,495,586.0,469.0,286,52
9r2XFqpeIaUoPbN=vVXZE8PvM3JNrmH.jpg,347,779,426,491,563.0,458.5,432,65
9R86KRymYduuSr2eM_srqkZplhzI3lc.jpg,398,699,456,515,548.5,485.5,301,59
9rovyqfXkeyvulFjr3W1DqrvWo8SJX.jpg,455,929,439,513,692.0,476.0,474,74
9rZpY9inYBbiy9NbE2Csz5bfkR1_Mn9.jpg,449,840,511,581,644.5,546.0,391,70
9S6juxObmIXGLwexC26qVCfBivtp7BK.jpg,347,788,457,523,567.5,490.0,441,66
9SKJDn=DROrIJGseUuFmqO4ZL4kH.jpg,364,988,492,596,676.0,544.0,624,104
9Syk5suwrhOVplERPpv5oG5c=ORT35Gn.jpg,357,830,448,517,593.5,482.5,473,69
9tbggIZCrznv_Ijn2RTsYRuQUglStok.jpg,409,815,417,482,612.0,449.5,406,65
9TkOljtgQoTorm1Q2fnYRw_t38ywm.jpg,405,833,430,495,619.0,462.5,428,65
9ttQ5P=hYwHMZLOen1NXTRqlshBQMD3V.jpg,430,926,446,536,678.0,491.0,496,90
9t_qbqwOUrdOWT8x8nhBctXW46NT9siN.jpg,345,740,419,490,542.5,454.5,395,71
9U3g3Jqhpb52We9SV_xeuPyhwaJQm_VM.jpg,353,811,435,504,582.0,469.5,458,69
9U3tmdRm9_XN=7jYp2tGVVJ=JVef1ua.jpg,357,752,443,504,554.5,473.5,395,61
9u56w=d56SICRov6HQcH6x_XYiK4Yv.jpg,416,798,412,477,607.0,444.5,382,65
9UKlSdzOI33MvHoDrPtorcPolvWKbzsc.jpg,328,743,414,478,535.5,446.0,415,64
9V9g=RZPX3Q7sCUk49BvH_8s3cixELP6.jpg,491,961,442,518,726.0,480.0,470,76
9vgWefKM2=2MgbdqTL3DWq3i7f9kmM.jpg,398,836,419,513,617.0,466.0,438,94
9VIf9s7PWmaOHYWew5sjcDe3yips7Yx.jpg,410,828,434,496,619.0,465.0,418,62
9vObhGjyo3QrSVbIVLSF2egM9PQfPF.jpg,349,887,462,540,618.0,501.0,538,78
9WZxpfPOwfgb37hO47=XDu5twvnXXse.jpg,485,883,441,502,684.0,471.5,398,61
9xiUGxvjHemj3OaWw8y9HdP9p1V2GJe.jpg,476,755,426,481,615.5,453.5,279,55
9y3zZzPrkwlJBGhe5sSmwzuljy7fTpX.jpg,361,783,421,504,572.0,462.5,422,83
9Yc7bx5km8X_XsTMCYCikaM9lOQ9JiUZ.jpg,403,744,484,543,573.5,513.5,341,59
9Yc8PpRvKFFsCQqSxN74Pf2jyZkj1K2Y.jpg,509,792,442,496,650.5,469.0,283,54
9yYB2xy_SXg==VDe1nlvOU=IIp7YOpf.jpg,420,865,422,490,642.5,456.0,445,68
9YyepmFPa5Hxmi76yzqqD2OuLp7D7Nj.jpg,463,724,439,491,593.5,465.0,261,52
9ZNZHLMrlL5C6uVB6mDsL5sGLwOcsGE.jpg,289,763,435,511,526.0,473.0,474,76
9zOnoRVkrIhTnXSgtlhwc8JlqSx3Dnp.jpg,440,868,415,480,654.0,447.5,428,65
9ZwshN_wNpvY_UcS_E2VlCpDh4XrOI9.jpg,384,935,507,591,659.5,549.0,551,84
9_b84hCTXE_7PHVCpniRXK6gnyCmcx.jpg,409,910,452,526,659.5,489.0,501,74
=1EplK5WKkZDpZ1_xYniFieZ6oy1.jpg,364,872,459,532,618.0,495.5,508,73
=1utlzyzmC8E8hcenkh75B4=SL36nS.jpg,409,827,452,521,618.0,486.5,418,69
=1xzIE1ZZFHykPvVqKG4sVxUjSYN38te.jpg,451,870,456,518,660.5,487.0,419,62
=2cvHD6kIFxcN57e5BLwcC1y95yZ3_L.jpg,213,807,477,566,510.0,521.5,594,89
=3oGRPkOhvSs5bzjOc6FdksUuCOGwFwl.jpg,342,691,461,524,516.5,492.5,349,63
=5FH3gnP8n9NBX1SU6i_UnFnNtR1JTQ.jpg,404,864,450,526,634.0,488.0,460,76
=5nRqT=pM4ZODwiS5WUXC_pJ2lBFwT8b.jpg,355,760,428,497,557.5,462.5,405,69
=5xTy_2zZVkE2at9oEIws4crxtWQv=U.jpg,490,904,445,516,697.0,480.5,414,71
=6Piy1VqCIbZ3py7G8m1rZpOKNqPE6mk.jpg,239,879,541,633,559.0,587.0,640,92
=74Izz2dGojYrHLPTfnGClkT1Gq82EDI.jpg,256,799,457,542,527.5,499.5,543,85
=7rq5Dwz8ClYlCc6Po1IWqBWa1LsTrvT.jpg,409,938,461,539,673.5,500.0,529,78
=7YBCSWDGurXlmD5oMyd5lqhxkq6UKF.jpg,404,834,454,516,619.0,485.0,430,62
=8ofeacFNH1YOLlerkbbGJlcNIGWC6m.jpg,424,888,441,526,656.0,483.5,464,85
=9v2ZNhprhy9hk1VB9kqelunzEeXLHM1.jpg,335,741,412,472,538.0,442.0,406,60
==we162X5Dc11k3e7hEWwl3UsLt3qs.jpg,467,749,429,483,608.0,456.0,282,54
=adpcfQtSDvc5n3VFs7sbw57rtQCOXGM.jpg,418,945,495,572,681.5,533.5,527,77
=adQOBJrsrqN41Yi9v1iF2e8LQ_jMzI.jpg,447,892,430,501,669.5,465.5,445,71
=aP2RTvvjS4cDH5lcatpLJ7vdJ9J7mj7.jpg,465,897,458,525,681.0,491.5,432,67
=BarH3a6gdzbXbtMX1NwGx=OhuDe4K9M.jpg,334,779,420,486,556.5,453.0,445,66
=BHDxb5wZG8UCsCdp8I_UuoNXec74Wq.jpg,389,842,468,540,615.5,504.0,453,72
=ciIwbqqBMY59iVf3QoSoMLze9DtPyuC.jpg,447,907,433,510,677.0,471.5,460,77
=CpxGhUCBxoiFS_M4XM1KFJrcp3HmL.jpg,393,827,425,507,610.0,466.0,434,82
=d1GGXx8h_gXQGdwefc2ok84tu5mzm.jpg,373,961,515,603,667.0,559.0,588,88
=DHcBkkO6LsJuC74tV5DOlj5s3heOQl7.jpg,391,916,489,574,653.5,531.5,525,85
=dSBQt4xowUE9Zunf8GmumjD7JMG6zL.jpg,277,916,536,629,596.5,582.5,639,93
=ecRvqK3ETP6peb6P11D9TZGw5vlmk3N.jpg,499,862,453,519,680.5,486.0,363,66
=eN7RWQQRC74rKPkn4RRqNgbx8QyLJte.jpg,403,805,415,479,604.0,447.0,402,64
=esikrMd_vdIo_sQ1yvZ6uyGPE3ub.jpg,424,911,449,527,667.5,488.0,487,78
=F=U7kX9J8_pomJVigbZjL_EZRNzO_q.jpg,315,824,477,551,569.5,514.0,509,74
=ikVuIGO6xYfV=7WKqxblYm1uu1D9BI.jpg,406,671,436,488,538.5,462.0,265,52
=iULoFuIfbggchsDqJXXBleoycdKF844.jpg,334,739,448,513,536.5,480.5,405,65
=IWLwcFxFNwaKXXsPCY2F1hX7XK9DpI.jpg,257,814,421,502,535.5,461.5,557,81
=iZxlM4CYTl6cbmBdGmobLlVjxaX6BMK.jpg,449,906,431,525,677.5,478.0,457,94
=japNbJQzxFsocEPVMSPMCh=ThMVRuEh.jpg,375,910,470,552,642.5,511.0,535,82
=jHyYoGVFnGYwxnjHb4MxOrXk_dnmyCy.jpg,413,839,421,504,626.0,462.5,426,83
=K3CaX4iz8OBX5n867Z3ddJGmRUuc.jpg,336,872,470,550,604.0,510.0,536,80
=KTZlfa9yiPJlDK7HV9lvfeFiojv3IH.jpg,440,966,454,554,703.0,504.0,526,100
=k_PdQ44EUcq8uOReu4i8O8FkS7IUMZ.jpg,333,659,435,502,496.0,468.5,326,67
=LmkHjw5_jrexbdkFB7HJdJf8njmwEKw.jpg,360,718,471,535,539.0,503.0,358,64
=lwz9H=XqtksZ553uZ6IT3UV_XDzS6V.jpg,368,786,423,488,577.0,455.5,418,65
=lwzwDIPF4FrzDPONfNoPkRyfhTptGnF.jpg,500,830,461,525,665.0,493.0,330,64
=LZk8k6=yEUUaGEB_B4S7TBPgFk_Vrsc.jpg,391,806,452,519,598.5,485.5,415,67
=m2LNKIotUr_CSOVyfT_jk==rOmZK2V.jpg,284,1053,528,648,668.5,588.0,769,120
=Mdhch4BHg2eBEL5GXv9tJZs5B2t8ylE.jpg,448,860,416,499,654.0,457.5,412,83
=mdNQpaxCuTjiW9XuXYxRRUJ4gIeFvyH.jpg,380,833,429,499,606.5,464.0,453,70
=MPIIq9fWwQpwTJwJHfXjQMigkz7V4w.jpg,365,961,518,611,663.0,564.5,596,93
=nME4qTzzXnIvwbuBasz1V3VEqz3N=k.jpg,467,901,416,484,684.0,450.0,434,68
=nVb6hpDf=ryK2ZnKvSiCUm6aKwkhFt.jpg,402,866,422,492,634.0,457.0,464,70
=NVnG7iop==t5=1SswcefHCeKsbJ6v.jpg,324,868,461,544,596.0,502.5,544,83
=ofeqDwepMW8Msf6GtconhhY56atTE9.jpg,410,854,419,487,632.0,453.0,444,68
=oFmVU1BeydlcFmHTcm_KspMTGU_7=.jpg,107,893,493,609,500.0,551.0,786,116
=OVq2zNDhEwlu3BQly2qyuTtfF7f4Ub6.jpg,386,821,432,497,603.5,464.5,435,65
=p3e=tVMBvymnF1Vj4x2_8EhuQBVC4cL.jpg,232,824,482,568,528.0,525.0,592,86
=p9VM4WJ=ew17LxhCdFN1k54VHSraL.jpg,266,715,456,531,490.5,493.5,449,75
=pxIcyhF8nLVBiHbkvPpgBiaJebxxm9Q.jpg,494,882,410,479,688.0,444.5,388,69
=QJLnbbWtw=kZyqEPeFTBQmQSwk_WS.jpg,225,921,494,594,573.0,544.0,696,100
=quiUWx_6G7WX7_bwqQ15NCgrXWaBn_Y.jpg,391,907,456,555,649.0,505.5,516,99
=qzc84aNb1Y2wxmrn8JTvKximNplHzg.jpg,462,842,475,542,652.0,508.5,380,67
=sdsPumDxm5c3h3q53vwN1vETFa1Cfh8.jpg,365,832,437,510,598.5,473.5,467,73
=SEogMWqIXcFoTQW4NhmKkNKikj6v1.jpg,407,856,460,531,631.5,495.5,449,71
=Sfegma8wxb2o2hTQhw_kz2zGWcmFQI.jpg,388,924,462,555,656.0,508.5,536,93
=SGixGoHHd4v8xFyEJ2u5d=Ql2KdUJ48.jpg,279,783,460,532,531.0,496.0,504,72
=t6OPpvnhTZaF2BJiVx9n9N1RXI6yzn.jpg,412,852,431,500,632.0,465.5,440,69
=uf9R46wxfvnhzL46qVRKWH5agL=V9m5.jpg,384,850,465,536,617.0,500.5,466,71
=UyGwCrl=pL6j5UHkQDlngsD3LpwG.jpg,357,863,491,565,610.0,528.0,506,74
=U_2Q6bS8gVa3NQdlhB_dCWcFC1Vlc.jpg,414,677,432,484,545.5,458.0,263,52
=V4IB7JjT=xB45wgjaTrgmQjfIN9D=.jpg,443,959,452,530,701.0,491.0,516,78
=VjGZGpiNvVgVVT9iG8jOxuRHIjRwbH.jpg,501,786,446,505,643.5,475.5,285,59
=w=ZnqPR6zHwbMQ1kjqoLpYdwIWNHKbL.jpg,375,663,435,493,519.0,464.0,288,58
=wtS16MsfMH5JIarF7ubXSpFJggjSPNL.jpg,449,859,413,474,654.0,443.5,410,61
=wYMajbH21cmt1NkqMj=hdTw36Lj=Cf.jpg,472,904,453,523,688.0,488.0,432,70
=xmkmw8oykrUDD3LbJPvHOD3E8cEEnb.jpg,336,830,451,528,583.0,489.5,494,77
=XXpRt8MbDPVmrDRQ9aOR=5myTQyyHs.jpg,419,928,446,526,673.5,486.0,509,80
=X_o7GnJuOGTIi96kqHmsxXEsp7BpBr.jpg,314,759,433,508,536.5,470.5,445,75
=YdUdqoDPiC4rU3upii4t1IDZb9rGP.jpg,345,790,454,525,567.5,489.5,445,71
=YMbQclC2rZtMu8CyT7d__bqyNyEJpa.jpg,364,833,433,507,598.5,470.0,469,74
=Z1linIY1czHtCf6wsHe_iV7sg19y2di.jpg,349,863,454,528,606.0,491.0,514,74
=_6UBkh9jjEjwLXcwHjXQHoXq6qmLWT.jpg,314,764,430,499,539.0,464.5,450,69
=_zlw6SKM3b2KP2MDc9NfbPr=OOo9Sfw.jpg,293,798,472,550,545.5,511.0,505,78
a1ITzgeqhR68pFyHGYUscreUGMcBdYvj.jpg,454,755,453,512,604.5,482.5,301,59
a1W6xV2ET8eW12ZbWc7IbilH4dsixysO.jpg,431,873,425,500,652.0,462.5,442,75
a1Y2aad=_kOfBccxY6sTqcHQPDwnOn.jpg,400,872,439,512,636.0,475.5,472,73
a2Fam36snZbQg7Wf8kGElzeWRcs3orKX.jpg,396,857,471,539,626.5,505.0,461,68
a35Jt43Eng8gnsTNzp4QPFGoUby2jY.jpg,388,1019,488,579,703.5,533.5,631,91
a3e6f4kT4TNRMyKqIHk5fh_YQxIezWoK.jpg,380,1034,497,594,707.0,545.5,654,97
a3qof4LmJugLHEheRRh7OBKbcL1NHf.jpg,460,935,435,509,697.5,472.0,475,74
a3R6V4FTfSwDufMDH9au1NaBH53nKwK.jpg,425,851,418,506,638.0,462.0,426,88
a5j_3cLe7Rxh6oxkIEDrLQSE4gjrL4lQ.jpg,291,852,474,558,571.5,516.0,561,84
a5LkZ5SreJRqqkb17wfX2OEixHKZgr8x.jpg,514,906,435,507,710.0,471.0,392,72
a5m9PrM=1MlubhihRzCM4QwzHK8xCI88.jpg,375,892,489,567,633.5,528.0,517,78
a5xOlRNNmFhnyDB=kTVLG8ZEI_1m.jpg,499,841,482,546,670.0,514.0,342,64
a5YwiJ=Whzhaue98aLR2=N4X4Uvyx.jpg,376,766,415,477,571.0,446.0,390,62
a6cvNpU79n2XjSJPmd72rBiCjMZG2WOz.jpg,313,740,422,490,526.5,456.0,427,68
a7J74297qTUXcKyG6pg5pMi21sRxeKw.jpg,400,837,473,554,618.5,513.5,437,81
a8Cl_a6qyTWERUud4cf8DkupPWWyCEk.jpg,374,906,461,554,640.0,507.5,532,93
a8D3pcR5YUpt75zfLVXwTzUcdl82xHgZ.jpg,435,855,414,478,645.0,446.0,420,64
a92YPzj9JHSZJdt9IPscKEp6KGw3Bt_.jpg,318,952,498,592,635.0,545.0,634,94
aaKzQGNYPeiIGt4XZZVBnbQDLm9oodfz.jpg,376,830,429,499,603.0,464.0,454,70
aarORzdRMGIRDUckMcKsdrlaGlmEprK9.jpg,413,912,484,558,662.5,521.0,499,74
aBiECplOOIDdL9ajHmZk_hdZH4Zp8qr.jpg,306,837,443,520,571.5,481.5,531,77
aBoCXdbftUGPcGiRRObTWWFBevSV.jpg,481,756,440,493,618.5,466.5,275,53
aCagyM33zIMFYNhEPtgtpPOTQpy5xjxT.jpg,429,889,438,508,659.0,473.0,460,70
aCj1BzLqkWSTtVZG=81_5m_hnO25VC.jpg,439,731,455,510,585.0,482.5,292,55
acto_9Cpo9tPDlDCqSWtnaJ6fNuwSCi.jpg,400,830,419,491,615.0,455.0,430,72
acu2m_1381peWUsHFar1GTbmwJ5t3lK.jpg,427,937,447,544,682.0,495.5,510,97
aCVhlvlISKGC7OZtXi6rSC3KTRCJCJ_D.jpg,467,784,467,529,625.5,498.0,317,62
aDIKu7o=w8uZMfmGutVdna8yYFoiNTq.jpg,336,908,469,579,622.0,524.0,572,110
adM1KPa5jE_6SMeGyLRmnlicNjYM2.jpg,323,863,464,545,593.0,504.5,540,81
aEc7WPiy6NRi5mcvV3LkLWQKJmKKBon.jpg,325,748,423,492,536.5,457.5,423,69
aettVEpsrvzFMDrrXODMGV42jNH7qI.jpg,413,782,442,513,597.5,477.5,369,71
af5LWDWG_xytj3cWeTj8nGpY=RXwLi.jpg,349,881,460,538,615.0,499.0,532,78
af=YzZ5vhSPYr1NXlOzL14gy=klSiTJY.jpg,351,910,478,557,630.5,517.5,559,79
afEdS_xPZhT=H_Mz41zrUt4at9WVOnNj.jpg,357,933,494,582,645.0,538.0,576,88
afhpQc2msezOCQpI4g9lT=sLHLomyf.jpg,429,944,456,533,686.5,494.5,515,77
agkr371zaevVhjfc=2DtCjFEO5w_vjm.jpg,423,868,427,497,645.5,462.0,445,70
ago6Wqh4oTYsZu61ss9c=qRpzdvZg_.jpg,417,839,422,490,628.0,456.0,422,68
aH==G1ahFbWykGk8GF_Ewm39uEgWx.jpg,373,906,464,544,639.5,504.0,533,80
ahqyeZrwkIPYjQ619dynziGz6ToQ3f.jpg,444,747,461,518,595.5,489.5,303,57
aHuqwdhVDXByZZz93Yo5DYYokUPMxq.jpg,387,866,438,512,626.5,475.0,479,74
ahVEeII4Jy3v7g6E8=P1IfKzE9qCeBWp.jpg,389,869,426,497,629.0,461.5,480,71
aIgR7d7Tqaq=SI_3UeSJKu4zrmVWSGzZ.jpg,477,910,432,499,693.5,465.5,433,67
aiuQvNc2_ReNSbYswlyJ_LygDVqwWF7.jpg,439,874,463,528,656.5,495.5,435,65
aj1kv2WBfgnDiZHhvk5UFVnJH=WkS.jpg,439,978,461,546,708.5,503.5,539,85
aJkOXeBCqt8yk6Hz=fhrCRDeFdV=FkH9.jpg,293,712,445,519,502.5,482.0,419,74
aJLvWBPvFI2J2On1Bd4J5aT2iJ4XaDuC.jpg,413,833,450,518,623.0,484.0,420,68
ajr=_TWbyhIy1Gw8kMjPr9oNUPf8Zq7.jpg,428,864,461,530,646.0,495.5,436,69
akCUPrRSNp93aaSvJZ66yLvcXVCMDMpv.jpg,476,846,511,578,661.0,544.5,370,67
aKGB=aZLDIY=lgjp2q8e6wO2BCusHw4.jpg,397,951,479,568,674.0,523.5,554,89
akpbI6VdjGgnzRNKUTZ_vNeL1uo1COr.jpg,420,840,412,476,630.0,444.0,420,64
aKzaC9FXJBoart1lEBGcRw2gwNtd4Sb.jpg,457,865,412,495,661.0,453.5,408,83
al3yGCZeuMHp=qY4LTD19=ezOh55s_JL.jpg,290,773,480,552,531.5,516.0,483,72
albXe=SEDRM2C3i9NlmUsJ4brzq4VESK.jpg,421,792,511,582,606.5,546.5,371,71
aLlmD5ZqY8Br9ES91UUh7s1boNlmJnc.jpg,418,765,430,499,591.5,464.5,347,69
aM1dlHfDE57ZTWMwT3grHGU4hf9qhou.jpg,428,888,431,504,658.0,467.5,460,73
amkvnEOGH1GPNXHRW4jJcMisSIu4m.jpg,313,746,420,484,529.5,452.0,433,64
aMLjClsogS9Y1FKuxiV8rwU3m5zkrQ.jpg,412,901,441,542,656.5,491.5,489,101
aMqbnEbq5yiFrJW8X9YrdXTbxf7U81.jpg,399,894,489,562,646.5,525.5,495,73
amw8CszRiXEPMHrTpOZU6cHJ9Eb7CZZ.jpg,364,756,445,510,560.0,477.5,392,65
aNJ==mfwPXWqIPJHZSSLWB=zbmwmGn.jpg,318,921,463,551,619.5,507.0,603,88
aNnfBJ4SvkVO9pSDB1bDJ7_1JIgmeIf.jpg,473,897,452,519,685.0,485.5,424,67
anTFuquQl5u4=fEqhsU8fULEktm1NuF.jpg,468,782,463,524,625.0,493.5,314,61
aNurEPUh3W=5oH3B=zUoiwGQ3dt66hJB.jpg,409,1134,552,660,771.5,606.0,725,108
aNVIszg_28oOrLdZmg6m2iI74134ZEwL.jpg,397,940,500,583,668.5,541.5,543,83
ao7LtqEesBadU2lcmtHZQtYVBxvqqo9H.jpg,369,819,457,529,594.0,493.0,450,72
aoJdDyn_bDIXDLYJxXUo1w8h9kF5Wy.jpg,398,833,431,496,615.5,463.5,435,65
aOyY1PL1nYlsGjMRPUgMi7m=OJTuMsnY.jpg,411,878,468,537,644.5,502.5,467,69
aPKdPxDT9hyfDKnaH7nfLXOxNWH3i6tD.jpg,400,837,430,495,618.5,462.5,437,65
apUkNitaxwi3B34b=2mf2tT_ogHtqQj.jpg,490,802,458,519,646.0,488.5,312,61
aPV=zvBlwk3EO6P5VXirje1P1fRZU57.jpg,415,934,478,562,674.5,520.0,519,84
apYxtJfvMj4znIlqNjspfVsnUG_IDm.jpg,311,836,464,541,573.5,502.5,525,77
aQ5G36b5X6e9g6k3sIQ5P9fxfyWsc2Nc.jpg,351,668,448,507,509.5,477.5,317,59
aqbXY=xvFqtMrgbpNH9M4Sx8wGL5Dk7.jpg,342,985,540,632,663.5,586.0,643,92
aqFfvN52Mi_uFCyYg=RQdu27dR2YItE5.jpg,471,763,430,486,617.0,458.0,292,56
aqJI5xQW8YGvnhIaKi_l=iq7kgq6xB.jpg,415,928,483,559,671.5,521.0,513,76
aR8o_MdwNQnq88MbfP8V2y1_T25_Yz.jpg,366,1000,497,585,683.0,541.0,634,88
aSTWJfnz6Kaq4zv6oWYZFPSLDNw9B8lh.jpg,270,1021,514,622,645.5,568.0,751,108
aTe7Bq5cvHaM6IRt4HlYvYDXv5PgW=IY.jpg,437,927,478,550,682.0,514.0,490,72
aTMu79B=4u71agx2zziSRZmawanZsoW.jpg,403,876,432,521,639.5,476.5,473,89
aUMSJMltzZyP5jlpMvlFpJ33LL81QUEJ.jpg,458,768,466,524,613.0,495.0,310,58
aVCyhxGtZazl3=SYQP5vNMInTxidR.jpg,380,825,425,494,602.5,459.5,445,69
aVQ9oEw9DsLfER6ESzHB_lzxsXIEvi7.jpg,446,852,419,485,649.0,452.0,406,66
avthpQmMz2inKkhIGq_f=Og1R_cl_v.jpg,399,787,440,504,593.0,472.0,388,64
aw5vWBnNEgkoMqTowcIJ=P73th5nkfF.jpg,388,812,423,490,600.0,456.5,424,67
awwr6ewjlFD=2jF1JGS9eI3aNRIIQ1.jpg,351,826,444,517,588.5,480.5,475,73
aWxpfRELwvZFkrZvHPtEyyorcHgwbV.jpg,448,1038,513,609,743.0,561.0,590,96
ax8Q3N4GDbK73l4ykfFNkwN12CudIsE2.jpg,349,760,461,536,554.5,498.5,411,75
axkzdDoOzXLRZXg2_udGFKsr5CZUMbaC.jpg,371,851,444,514,611.0,479.0,480,70
aXLd1w3lp_OUbGSBOvWqKcphJqdfOtyg.jpg,341,859,476,553,600.0,514.5,518,77
aXLPN6RmYG_R2D4njv63sXgl2bgxI9ig.jpg,429,842,443,503,635.5,473.0,413,60
aXwc4JCu7UPT1cDckiqF2fhYoPqmCB.jpg,300,776,442,520,538.0,481.0,476,78
axwYOyoXjVe_YgyJubIxBNKsQnTGDKCq.jpg,375,891,479,560,633.0,519.5,516,81
aY5IyfHgI_UNaTjvNMLXqllFKcpOqPH.jpg,391,809,423,488,600.0,455.5,418,65
aYcSk3nYlJj1v=xhKUf3G_Gwr9=nEk.jpg,378,984,492,572,681.0,532.0,606,80
aYhcguMW_hZl343zMOlZjdK7MdaK.jpg,302,904,527,612,603.0,569.5,602,85
aYI6cttIqVsRgq69h2BsqWODwC47dHss.jpg,454,890,418,482,672.0,450.0,436,64
aZlvZjeFYcwRLenaugWjLpqPWrnHK94o.jpg,428,869,433,511,648.5,472.0,441,78
azngr2LvcVPwMDHJWUsbKtyYrCi4SpBl.jpg,392,819,425,494,605.5,459.5,427,69
azPyCzVMg6D9Z1TeRckIMf9l2neDe_.jpg,462,907,458,530,684.5,494.0,445,72
azUVgjbvQU9mq5iwHkaogrbwLe4PSq.jpg,335,752,428,502,543.5,465.0,417,74
a_RXWjKJzi96GHy7rPIyJlfDOi_ffpXC.jpg,324,843,491,571,583.5,531.0,519,80
B1EtLp7NPaNPTchDSMWMjU3jS4D5J3.jpg,351,901,461,542,626.0,501.5,550,81
B1j5T=QHflcKIL6GWoLlRaoBBmwBHJRr.jpg,325,755,424,492,540.0,458.0,430,68
B1sjPbZfysQayTTXusGQnIVXooqyPC.jpg,382,854,439,509,618.0,474.0,472,70
B1UHIG2KEbXUC9sSGJn4fhlQIF4kn2.jpg,298,901,508,603,599.5,555.5,603,95
B227WfrZupuwBuSIREUahpyqDkx=EGC.jpg,386,857,441,513,621.5,477.0,471,72
b22z5_EVtuPs13lts9cPpZVL_z=SHMS.jpg,371,835,474,544,603.0,509.0,464,70
B27Haezy47H2HDB=9GKBYN4VKd_KzdZ.jpg,389,813,415,477,601.0,446.0,424,62
b2C8Uatm5O911ttUhdzdnySHuRZRFF.jpg,417,1180,602,722,798.5,662.0,763,120
B2KHDph4mEcvtir12HiNjQXr1r_IyPK.jpg,381,964,474,563,672.5,518.5,583,89
b2PYKerymI2LceENT2vHGeCx_PRehL=n.jpg,458,874,424,494,666.0,459.0,416,70
b3_NUrhaJiysztJaqVtcMcjTsGLn_y.jpg,417,891,439,535,654.0,487.0,474,96
b4cWPOoZDyzzXvWzp2d4aCjN9iimZEW6.jpg,465,749,451,505,607.0,478.0,284,54
B4ykZqsofQ3XjCpSK1zKNoPjldJZW1g.jpg,407,914,445,523,660.5,484.0,507,78
B4zWW8vmJHBzdUkNJOCbcI1G3eN1fwGR.jpg,479,744,422,475,611.5,448.5,265,53
B57kg_tKIxdgFJQv7peTQW1TGXpEtH5.jpg,337,920,469,556,628.5,512.5,583,87
B5xKfUjqHzdEGQQaklMJGzYIuozuOua.jpg,381,738,492,554,559.5,523.0,357,62
B5yjy31VRjb3oVN7DbomdBNwL8ynfx_.jpg,316,832,484,564,574.0,524.0,516,80
B6gWzBow8bqahUmSsLClY=sGdQjjqgW.jpg,426,956,458,538,691.0,498.0,530,80
b6MiPs4ixiZSrZ8tcXM_ZRXvSGpMkgC.jpg,317,854,467,545,585.5,506.0,537,78
B6noFRRRwQzvvhhPMZ=tzSHtl2w6kK=.jpg,295,852,449,530,573.5,489.5,557,81
B76YuKSJZbXzBXYeH9wxg2QHxgU8Rn.jpg,285,940,498,594,612.5,546.0,655,96
B7Jzgqtq2C3pkHLQMulLGhxMDG_TIO8.jpg,452,881,430,497,666.5,463.5,429,67
B7nE1DO5xBNaZ7Yg5bpQZ78dpMJrBWa.jpg,441,879,423,491,660.0,457.0,438,68
b7sYmQTiIznP9LMibTMLuaK4lrMJVDZq.jpg,360,908,512,589,634.0,550.5,548,77
B84=UP8WsuX_2aaMg=TwUpG_aqvdhuwJ.jpg,390,822,433,501,606.0,467.0,432,68
B9UL86Zuw1FRdc7j5262oX4mjGcm17.jpg,459,905,421,507,682.0,464.0,446,86
b=3TREkrp5vR2zoGNKhR21c1vNMqhqhp.jpg,325,778,454,522,551.5,488.0,453,68
b=X1ir6vYO=ztICCSYvVRgxCJbPuq4.jpg,184,740,489,566,462.0,527.5,556,77
b=zBVYHUb=emcSi5SXEtGFeKZDYJ4PI.jpg,295,776,442,514,535.5,478.0,481,72
baDFeaTmPJsm6nFGFks43k12nz=XXH1z.jpg,370,851,482,557,610.5,519.5,481,75
BahYVD_bfx4f4mm5phWcuGzczXyWPYhu.jpg,323,762,421,512,542.5,466.5,439,91
BavFjIdZ59k_42YBJNYJMyI4EpOEUvS8.jpg,106,859,481,577,482.5,529.0,753,96
BaXB3WROTdKgTgkP=4OfKst6Iy6uWlYj.jpg,454,910,424,498,682.0,461.0,456,74
Bb1qQyGLXIkcRktspgefPFa7kVw=pWJH.jpg,504,796,453,510,650.0,481.5,292,57
BB4FJ4NaGaK9WEVNNEU1Zla58XgM_JV.jpg,453,869,417,484,661.0,450.5,416,67
Bb6EceiG4EqU7KEeQM3=S_fGHHjK9IS.jpg,306,802,454,530,554.0,492.0,496,76
BbarPHyJBWeLtwYmtLaIRcOaYXRCWbO.jpg,386,864,464,541,625.0,502.5,478,77
BBfVMdS2RTszluLcOtWyV19kaREC6jqv.jpg,442,899,463,536,670.5,499.5,457,73
bBgbxX13Vwb=w4Cp7x5GriQdj4zc_HP.jpg,439,859,422,495,649.0,458.5,420,73
BbY4ljma4z4X6nxcWuZ99tYxJuyYzEk.jpg,392,668,413,467,530.0,440.0,276,54
BcfE6yHRE3KBDo_nqmEabjdsivoicHo.jpg,345,751,420,484,548.0,452.0,406,64
bCJC6=DPq=4zvG6T8im245NS3OWi9Q.jpg,409,879,444,517,644.0,480.5,470,73
BcOXGqi=UMznls4y8CM2W1Xg7=FDKyF=.jpg,444,875,435,503,659.5,469.0,431,68
bcoyoxEGeEYGMHPfajMPSO5=7Ufs9Bo6.jpg,345,953,467,560,649.0,513.5,608,93
bCQJWscDLKjDz4qQ=mTna7U=Mst9Cv.jpg,396,887,439,518,641.5,478.5,491,79
BCrPX2OpxT2pEN_M2TpsLkcmhUYpmVI.jpg,422,925,453,524,673.5,488.5,503,71
BCvb86LcjxVYyXqIodhnDipJX5g.jpg,162,867,517,620,514.5,568.5,705,103
BcvKgWfCXUh8gYkKo=3pEMOhPJI8JVSO.jpg,392,811,412,475,601.5,443.5,419,63
bd86nmUEuKXVPUWFVEm5_dUyTd5KGu2.jpg,333,837,464,541,585.0,502.5,504,77
BDcIRg2F4xweciI9L6HEQ1WT4BYr7D.jpg,440,836,421,483,638.0,452.0,396,62
BdNd=LVOkQ7LhS26wVioOkRFUNLWI74.jpg,417,931,494,573,674.0,533.5,514,79
BDQjpgaoFjtkUXxkS=tTLJTwBWZwiXH.jpg,330,909,516,597,619.5,556.5,579,81
BdtspcjxKIeizEg_kIqbOy3qthJrLmq_.jpg,399,934,498,585,666.5,541.5,535,87
BDuaeDzc_p_lV3O5ly6p949ZwUWTNqaM.jpg,495,768,423,478,631.5,450.5,273,55
BD_6yR_wPLNtEVuC9tT1hQ3tCgIQ_CtO.jpg,427,882,470,539,654.5,504.5,455,69
Be36clcuwKv9Jw5JktIkqZOYxpNnN=fE.jpg,335,786,449,518,560.5,483.5,451,69
bE5XERtqJ7C7i6DsQk8CbFUvukyX8C.jpg,448,900,465,538,674.0,501.5,452,73
becgMmsXmnh7outXEiH4izHt1dI=32E.jpg,486,841,499,564,663.5,531.5,355,65
beJ9TYMMv8NXufzSNd745NP1OwM4JHn.jpg,414,733,467,528,573.5,497.5,319,61
BEljmVnTVLiwcCsQq4h28aCw4ei84o5Y.jpg,413,938,459,554,675.5,506.5,525,95
bEqhcQQ8CyR6OJYuri817gY_DxS31Qhx.jpg,291,794,454,540,542.5,497.0,503,86
BERqXaB2W32=H53iqlTQDh=zvWUQZt.jpg,367,859,443,521,613.0,482.0,492,78
beZ79Nx4VKKum8TZzpSqOCxr6nrKUWe.jpg,383,823,461,527,603.0,494.0,440,66
bEZaFcb5mws6rpqv=REiLfz9nvI2sqRc.jpg,298,1010,509,629,654.0,569.0,712,120
BF9Bwpsa2JxljOSQ6LGeVbdmVKqsViJ7.jpg,504,785,452,507,644.5,479.5,281,55
BfBleBzfdGaEBRb3R_gMYNciyeId4Dj_.jpg,380,897,447,525,638.5,486.0,517,78
bFJLqlEiq7roOlGlQ18N9P4vltsxkO.jpg,373,818,422,486,595.5,454.0,445,64
bfkTDkrwGXvqorXNrP4fxJD1CPJL=kSs.jpg,325,861,463,543,593.0,503.0,536,80
bflGq5Sf9vJT58pp9aF9yiS229dtC.jpg,390,821,429,493,605.5,461.0,431,64
bfllG4XvtoubFw2vm9BC3yDRCdHkwLqt.jpg,348,794,438,506,571.0,472.0,446,68
bfm_8UxLZ4giI7UnZsPZCrJcRSa3rpvF.jpg,529,864,449,515,696.5,482.0,335,66
bfpZch8ymL4zNJj119jQxgIkCvyoQlRP.jpg,370,884,487,563,627.0,525.0,514,76
BFP_ntJD5vFLWxiXHIQCNMaLTblLS3z.jpg,349,817,430,497,583.0,463.5,468,67
bFtTk95mr5LQZic2k3jh6YswzE=FTMXW.jpg,365,915,467,547,640.0,507.0,550,80
bg7wkhl6OctO615akX4GGLUN25Sy_.jpg,345,650,427,487,497.5,457.0,305,60
bgBtz3IqMVYKlpyef2Gz3By2iPe8MzF.jpg,472,883,447,513,677.5,480.0,411,66
bgH=oc7Iw=11y_T_kY4HeWFLecYM7IKL.jpg,360,958,462,569,659.0,515.5,598,107
bGMXoeVFvMRndZDr5BjhlUCm68LZ3Kb.jpg,374,860,429,506,617.0,467.5,486,77
bgQ2rqEXpaZKRD1sDOajDp7OSe=xsvH.jpg,376,841,440,508,608.5,474.0,465,68
bg_bPKJYypZR5n8aOnyxKTQNQ9uDIks.jpg,433,750,470,527,591.5,498.5,317,57
BG_SvuffEwF4Sn_gaTz5OJefrzN_fi.jpg,405,959,453,534,682.0,493.5,554,81
bH93psIsHgMT2fcpJjWs=3Ddi8lDLkik.jpg,412,795,408,474,603.5,441.0,383,66
Bi1PHICTk8qn1CxUXQwW55WOabTXyG.jpg,458,792,475,541,625.0,508.0,334,66
Bi5MZT8LSWH2iVF8lh5gMGC6guLmzkx.jpg,431,869,460,532,650.0,496.0,438,72
biGDiRR65MgOPHyWMRks3WcmuoRhGuJ.jpg,440,726,452,508,583.0,480.0,286,56
BiIjz7yk_oZKrSqFPu5w=Er8Z3Q5_fKM.jpg,353,886,456,534,619.5,495.0,533,78
biJwIjqZOxJ1uusl53lDB4eVd2EcWwe6.jpg,413,926,491,568,669.5,529.5,513,77
BiOJLfmVBJ1eFyHEDGubSbXLKrL_Mt4.jpg,397,955,509,591,676.0,550.0,558,82
bira6MHWHf29OlkrNXPfnHQ=b6Bn2GDN.jpg,490,789,442,498,639.5,470.0,299,56
BIYWn9pQCwkalV_oEWttt6fev4H1TfJ.jpg,410,860,459,534,635.0,496.5,450,75
BJ1b67F1c8ZHiTZe2qOC1VinXZksl6a.jpg,323,758,422,488,540.5,455.0,435,66
BJ2BbvIyKiQdm6l9vu3TFiaktEqBy3yk.jpg,401,797,445,509,599.0,477.0,396,64
bjdcOhrd1GC_RdPFaT4eOS9tvpWZzPK.jpg,284,807,462,540,545.5,501.0,523,78
bJdu1UL_vZrdYwVQm3inRObPxIffuga.jpg,323,850,502,579,586.5,540.5,527,77
BJPcMTGHSuvf7f3VQwIswsYhFNRVtBI5.jpg,358,870,454,532,614.0,493.0,512,78
bk4BHareMWiVeFvUUq6iy9EgSCogXx7N.jpg,236,789,522,608,512.5,565.0,553,86
BK9dJP9oh=_WJ3vLPjzZyZfQXPFzGjo6.jpg,354,775,424,488,564.5,456.0,421,64
bKKKrgr9Q2qp_GO3l8yMbDiYevQaCeL.jpg,361,1002,541,644,681.5,592.5,641,103
BKziQnsMuixo62_5HhMFl9t7pRqCRzZh.jpg,409,818,450,514,613.5,482.0,409,64
BL2HLktCZTSVtUfFTDQsOZSmkk6i=fcI.jpg,442,849,417,486,645.5,451.5,407,69
BLCuPKBoLm_JclMVs85Xd_Vzifc8_aw.jpg,442,933,442,517,687.5,479.5,491,75
Blg9udBjPfOLhzb4sO8ccLcxyzjKFwvc.jpg,351,851,461,531,601.0,496.0,500,70
blrczCIDhJD9iKHdsfdafWfmun2zQjUs.jpg,368,802,447,511,585.0,479.0,434,64
bLTp95SJpobVObR7WObYHa1pc9zl3n.jpg,459,875,420,490,667.0,455.0,416,70
Bm9y6JzIVlmWSFH1lP7o_1gTv5oEd.jpg,333,748,417,505,540.5,461.0,415,88
BmBvN1W4kTTpbcddLdOKBxlwu9JJOss.jpg,461,784,474,536,622.5,505.0,323,62
Bmd2KeO4Ee4zRo5XeqbudGD8bNp5oNt.jpg,397,948,474,561,672.5,517.5,551,87
bMiodtoIvl6Ft7pF7qKZ1SgoempEYM=.jpg,449,780,477,540,614.5,508.5,331,63
Bml3LDL5ffQT7llBiC_r4WgpcmiCp57.jpg,389,883,433,504,636.0,468.5,494,71
BMlgKCHELeVz7XIwX9QU4ot6w7B9PF.jpg,459,824,501,566,641.5,533.5,365,65
bMnQaYTMoPhjz5236p72uVC_kcc4.jpg,385,913,501,578,649.0,539.5,528,77
BmOW8u1P1_VZtLPYSC2leksDXOF1cB.jpg,401,959,466,579,680.0,522.5,558,113
BMsW=WQdEZWajBgpXjDeXe7pPwmszy5q.jpg,481,764,429,484,622.5,456.5,283,55
bN66uGaor16ktZnsFmODyX868w3yIL.jpg,403,683,418,472,543.0,445.0,280,54
BN67cCu=9rSIk5aysqnzTiJD1pSUB6t.jpg,381,817,454,529,599.0,491.5,436,75
Bnl9xTNezv2DD1FOQFrdNel7Jp2VE3H=.jpg,408,790,437,503,599.0,470.0,382,66
BnYfmJuNesozcX2Ey7Iz6Wsu6Ep1TX8.jpg,322,914,511,601,618.0,556.0,592,90
BO7QbZPiKTHRWa93qySoJIiVD=htfQ.jpg,497,915,423,494,706.0,458.5,418,71
BOc65oTpNPESFQSEhsZuNW32tY748rut.jpg,425,889,472,542,657.0,507.0,464,70
BOFso3ZQIwNd3_c1B96mXTXyfM_UDzHD.jpg,533,929,509,586,731.0,547.5,396,77
boI_p4ZDgY8vb8zknco=bGsSmcnW61Qy.jpg,358,785,446,512,571.5,479.0,427,66
BOYXgSFssS4oqyhimEueV2HPwWXxoMx.jpg,411,702,447,506,556.5,476.5,291,59
bp1P9=DcxFCXtyhFOOZ5BT95iUcQr83.jpg,425,909,428,500,667.0,464.0,484,72
BPfJiW3WH_EXizIpm9bYb2yQC=z5RiY8.jpg,398,818,422,487,608.0,454.5,420,65
bPO=8_9ZCeE89yQcY83KG78OXPMw6HX.jpg,397,843,420,486,620.0,453.0,446,66
bpZrQIUk9IG644epdRJyNOnsN91VJep.jpg,380,855,468,543,617.5,505.5,475,75
Bqh_J4rF8ih8RLdfvDhHZFG5DcIsL1OH.jpg,305,799,435,514,552.0,474.5,494,79
BqKZNs8U1_YL6KodlhhRyIHQPaYFE.jpg,386,813,414,477,599.5,445.5,427,63
bQq9QBGzoe=sma1N3c9KV=YaLMkUgC=Z.jpg,374,824,455,528,599.0,491.5,450,73
bQrQICP8xOCm9PLEdtwJuYY_pVaBUta.jpg,440,747,462,520,593.5,491.0,307,58
bqu5pPBr=22x98FWPVrslNMVUlG37p.jpg,426,710,426,484,568.0,455.0,284,58
bqYKDEaYdNs1zykOYzWKcN6VTil7_y.jpg,379,687,444,503,533.0,473.5,308,59
BqZ5ebIWZj7ZLfU5gjbEuxsLJjvXzHk.jpg,421,873,460,530,647.0,495.0,452,70
br3HIkP5m5o6yVkvlfFHM=QEz5EW3p.jpg,466,747,437,490,606.5,463.5,281,53
BrpTVJm64ZQmMpBmuZqsSH3bTsZeVXa.jpg,350,653,425,485,501.5,455.0,303,60
bRstPUpI114rouzCZva3oQgwoGE4G48.jpg,451,724,420,475,587.5,447.5,273,55
bruzvEshU8DQy9Edc94hkBiES5_wBOKf.jpg,391,873,448,524,632.0,486.0,482,76
bs1h8Mj5rFbodyNaxBg3EWxNgLQWOJL.jpg,407,896,473,547,651.5,510.0,489,74
bSan=Bid1jDHnw9_uyklqQiu1qTvT2Oo.jpg,410,830,419,482,620.0,450.5,420,63
BSL72kP5MFNbBmd3Gcj4OfG2t6KPxjwV.jpg,423,830,420,487,626.5,453.5,407,67
bSo8dhD3ogh5jKz_6tc7zt5a3egH7b.jpg,374,904,445,551,639.0,498.0,530,106
BStv5DYlpN_ulzITYVmQoyOWS=xVtJrc.jpg,394,830,430,510,612.0,470.0,436,80
BsuTjuaXueI8__znXuczkSDKrxQ7JCbE.jpg,476,873,412,478,674.5,445.0,397,66
BSX_ik78mfMeHsL_YbziZhPNO6o3cr1.jpg,457,856,413,479,656.5,446.0,399,66
bt7HwzWdwNEE2ITf9Bt=nunUNQezW1B.jpg,417,861,428,502,639.0,465.0,444,74
BTBwefhWaqWnH85eD6xbR1g5xng8MQ.jpg,461,773,465,525,617.0,495.0,312,60
BtfqHeL6Vv1ObXsGvSByOCakSvQYjxEv.jpg,282,773,444,521,527.5,482.5,491,77
BTjduEvqjDv6c3fxFi4vbnl=ipQekhnm.jpg,473,810,487,549,641.5,518.0,337,62
BTqkK=hngjLeJo6aNP_8BYzxqPHftWBo.jpg,459,963,485,559,711.0,522.0,504,74
btqzqyIhFEytQmp9yRmOiUWRbtZozW6.jpg,362,863,455,532,612.5,493.5,501,77
bTVBEMwh9s57vgiYVv_OGSkFobzWK=3b.jpg,331,905,478,562,618.0,520.0,574,84
BTvBU_OTL6FQtmasYBmIH8YR73nXWF.jpg,255,908,467,559,581.5,513.0,653,92
btW4k9kJ5zgjf5vn=MiCRxcODIv2Vr=.jpg,322,907,482,565,614.5,523.5,585,83
BTYrCRmjLCi6E85qo8YGGfO2KmBEKn_y.jpg,130,698,512,592,414.0,552.0,568,80
bTzkdQil2sPjV_uMuZreZ8LMza38BN3.jpg,400,850,422,487,625.0,454.5,450,65
bt_pER83sqgH_m=IBuKhExHcN_2Lmb.jpg,446,964,487,571,705.0,529.0,518,84
Bu2ILM1OImqtScZCHZW6YNwPRotmHeY.jpg,302,882,451,535,592.0,493.0,580,84
Bu4bP_TtViji5zkUGWLHnqagHST=cg.jpg,434,829,447,509,631.5,478.0,395,62
BUQjoXeZ72YpE69GS6psYj48i8VJCbtw.jpg,299,773,435,513,536.0,474.0,474,78
BUTiQqZH3BjD2U1s1Vq3_goIRi5h61ny.jpg,460,870,417,488,665.0,452.5,410,71
bvP1rt8UdtLaEsuuDHu3yzEMUwGc=x.jpg,406,831,450,518,618.5,484.0,425,68
bvP5fyxHKBFQ74HDxQULpJrr9EcN.jpg,386,927,490,572,656.5,531.0,541,82
BvQIqvzG4EibN=oeNHPrW2wdchou=i.jpg,445,892,430,500,668.5,465.0,447,70
BvYoaifz5Oy6tD9r1tumkBvot5gu.jpg,445,908,436,509,676.5,472.5,463,73
BW35NeTOKRTSDCQaD7rvKyo4f=Z19M4b.jpg,465,882,420,495,673.5,457.5,417,75
bWcLRNpkB4O3XQkmouBHmM45T_rx3sJ.jpg,432,739,472,528,585.5,500.0,307,56
BwDWf9M9GDyIpO4zH2lPtjSJ7VBwym.jpg,256,779,456,534,517.5,495.0,523,78
bwFGkX5hT78gZBb3nDb58f5p_92jFwe.jpg,479,912,528,605,695.5,566.5,433,77
bWGBO4y3wRz4p7yiLKGk5LgiO3MkY1n.jpg,405,829,421,491,617.0,456.0,424,70
BwlxkXsjxOpMWK4ywg6NY_Cz3E9wRUo.jpg,200,689,537,617,444.5,577.0,489,80
BWZ4IhXbIoN793lntqZVoMFtrd9myTU.jpg,319,939,486,583,629.0,534.5,620,97
BxaoDOTmBXaiUZOWtLHkEfBkquwJ.jpg,388,915,454,533,651.5,493.5,527,79
bxCgUrJupEl8Uv7MyQRD_Z1=zOJxTC.jpg,348,873,461,539,610.5,500.0,525,78
bxEFLcFh85g7wwtMveOBiLaVwIb=WhK.jpg,444,891,424,514,667.5,469.0,447,90
BxF9wOOs=V6kv6N8TgjvPv64MBPN=_O.jpg,502,788,448,507,645.0,477.5,286,59
BXuceyuS_R5GzbPDRf3GPDpgyalD1wE.jpg,453,915,460,534,684.0,497.0,462,74
bXusyniR_nWXwYNoaDQd9uCltTcqEyvN.jpg,433,893,447,520,663.0,483.5,460,73
bXxoeoRmHletO2EVlnuTw1kp3HCD24J.jpg,376,906,449,529,641.0,489.0,530,80
By=xbh=wtXEnkwTCgg4FlJhIBZnDHdo.jpg,397,892,446,518,644.5,482.0,495,72
BYc5fKxqz=O9Ssex_W7q1OKtwyQnFHl.jpg,422,704,429,485,563.0,457.0,282,56
Byg9Qq3=9qBC_z4L78S9iPQDXagGudz.jpg,322,885,464,570,603.5,517.0,563,106
bYJ6VCzR_fL=87i5ROoqcmo3BHp87pP.jpg,463,911,464,533,687.0,498.5,448,69
byNogPrXF3_kGfPg_N4u7T9LplNPlyU.jpg,448,746,453,512,597.0,482.5,298,59
BZ25XEJMEIcTaWZernubPLQGl1BsMbsv.jpg,413,898,447,524,655.5,485.5,485,77
Bz93Kgg4ebI9HbBMMeZQCTKvgSCdGK.jpg,426,854,410,492,640.0,451.0,428,82
bZbUp5=2elHapLDwY1xZvxtXIFFslfL.jpg,429,991,509,591,710.0,550.0,562,82
BzRzWkB1VbuX7=sYn2=yR1MPRhUuuGE.jpg,395,824,425,494,609.5,459.5,429,69
BZuM5_I7g7SsDRfmZR6GYMRMIwiLJB7.jpg,419,944,488,588,681.5,538.0,525,100
bzZHQubeYqvYreBcR_fhK8CFjF8Wl4X.jpg,415,1011,526,613,713.0,569.5,596,87
C181YhDbEjX67KoBobLtVDI485GYFJQ.jpg,438,782,486,552,610.0,519.0,344,66
c1cLm3_7unEkvm65sTUnSJGLWYaU952f.jpg,388,893,450,524,640.5,487.0,505,74
C1LR54vXSVykHa=mZHwYazw3fkErDu.jpg,429,845,445,506,637.0,475.5,416,61
C1MGWLGyxavRK_SnHMoVGDUSqv8iF9J.jpg,291,890,467,550,590.5,508.5,599,83
c1sdvGoh9vdi8jpv9W_SqOeYQZQqnBqv.jpg,352,663,425,488,507.5,456.5,311,63
C1uQukVPj8wodqaNUYwXo8j4Y3BFg.jpg,434,910,443,519,672.0,481.0,476,76
C1vb_aWXt4RDMlTQRYgngj74=M1r4Fg.jpg,425,855,424,491,640.0,457.5,430,67
c2jEYvN9W9J1lddVxgsmRDHCuLJ_PE5.jpg,325,746,422,488,535.5,455.0,421,66
c2P6kcZpsZkm_C==_MajQJ46CC1wbXX.jpg,425,972,468,551,698.5,509.5,547,83
C3hm_TvNfR_CMcSVy8UwH2OvroX1qXT.jpg,384,680,436,493,532.0,464.5,296,57
C48EOK53TOHF8cLNQh7seBswsSNxzR8.jpg,400,960,500,583,680.0,541.5,560,83
c49pqU93YLpjZq2jZqUMRZqpGk7wffgr.jpg,378,860,442,537,619.0,489.5,482,95
C4DbT39zGQUUfszqHE7Y5YsU=lB7.jpg,459,814,454,522,636.5,488.0,355,68
c4dI15CYn4owYj5dF8m191JeNmgkJnbC.jpg,352,928,476,557,640.0,516.5,576,81
c4knHB4Uu=KSC2sP9TUWPtUQx1Yy7B5.jpg,365,870,445,540,617.5,492.5,505,95
C4qGSbFqN2OVj=VTBsscVLBRzJBaCe.jpg,415,883,475,546,649.0,510.5,468,71
c5mWOx2eR4yvDFRGFBWaRHEwy5D7BfTH.jpg,327,652,435,499,489.5,467.0,325,64
c5T6bBnPnQhTx=5S2mwgFlw13bFfd2EQ.jpg,454,896,418,498,675.0,458.0,442,80
C6ifg75tskOBKzixzJP1F4_JBcRxQ3f3.jpg,367,795,417,506,581.0,461.5,428,89
C7aDwu5XRpaqBJ2dqGBQFk8D3F5=z.jpg,322,774,429,500,548.0,464.5,452,71
C7SunlFv1a3Y=ponpHwjvLgFcgqUIT6.jpg,383,927,467,556,655.0,511.5,544,89
C7VLM4tND_oOudQvc6UV75Nj52DFW.jpg,346,653,426,487,499.5,456.5,307,61
C8caIoDIhGiGwF7jDSsELGkbNRyUHa3.jpg,210,988,545,677,599.0,611.0,778,132
C8EzWdJG_Q5SV6BvQoW_POKivHQKTXGE.jpg,440,837,443,510,638.5,476.5,397,67
C8l4RHt=D9=KjxZmQvve7OY=NpzIK8rm.jpg,360,889,473,554,624.5,513.5,529,81
C8_D__U12jGNgK3T2wRjZ=VO17hiNlJ.jpg,325,1133,589,714,729.0,651.5,808,125
C9rt81SlnZnB4k43yJfFxgKYfXEcgcVv.jpg,330,752,422,490,541.0,456.0,422,68
c=8XbuO3veQwnIz1tOvIy9iFbquiJRr.jpg,171,867,520,620,519.0,570.0,696,100
c=CzqktcNNDSRcjLBqlt68pu61tDQ6p.jpg,392,962,476,557,677.0,516.5,570,81
C=t5mMzriYchFLg9h8cHqCanVflyhwMs.jpg,323,751,430,497,537.0,463.5,428,67
c=XLnWRp4Csk=w73F16bb=CPV9ywjS.jpg,362,776,433,497,569.0,465.0,414,64
CamTIq2n6H4CJM3Vdwf9fdUJ4Fd1Vi.jpg,432,844,415,483,638.0,449.0,412,68
Capx1hI876ItoHYwsvuEE9PVRFu.jpg,357,829,437,512,593.0,474.5,472,75
cb9nS2q9ZHiCCYQiiWUxX_w4Wg1IH2DR.jpg,200,1028,491,615,614.0,553.0,828,124
CblIrBiU3iD3=6wMfk9IKV=gm7OeJ.jpg,457,895,436,502,676.0,469.0,438,66
cBp9alyoeRhE=4oCyZjfz8FtmLky3.jpg,340,850,455,532,595.0,493.5,510,77
CBTxPIDirlk18nmhz3kG1p86zvKQ=dU.jpg,368,818,433,500,593.0,466.5,450,67
cBvKk6_KEZO_3Gp6Lfbm5dBqvkIbbI27.jpg,342,901,514,594,621.5,554.0,559,80
cBX7lBb=9_65I78qJFEyWpIkPw7CQQws.jpg,361,844,444,516,602.5,480.0,483,72
CbzU7jdJkz=F=aNZLbBX=WrBBTxLnZ83.jpg,418,895,433,505,656.5,469.0,477,72
Cc4CDvirkTTaeCoRZPtuP6FSBKN=clg.jpg,416,805,441,508,610.5,474.5,389,67
CcBJrjtnmPrtMYrkr_GnEDI3eMvfyUGq.jpg,353,779,423,490,566.0,456.5,426,67
cCp8kIh5BaJq3BuSXerxBp3jixc3LWm.jpg,361,897,461,541,629.0,501.0,536,80
cCQ67F_7vu2BSoDJbuNHpU2o1qpUMk.jpg,303,1046,541,666,674.5,603.5,743,125
CcRfl2oh9TWkozXjDbQD=wTHKJLJ.jpg,377,665,431,486,521.0,458.5,288,55
ccWLXmz5UjbgyJc4k=p742W2buLpb4.jpg,364,730,443,513,547.0,478.0,366,70
CCWU4zruCHX=_6XxwifTdMVRZr6mFzn.jpg,423,834,417,493,628.5,455.0,411,76
Cc_vObMut8Upjkf4UyIpfCEROMJR68.jpg,413,728,460,521,570.5,490.5,315,61
Cd=uV69gjJ=a8v5fboZ2N_dGv62ip.jpg,449,880,421,488,664.5,454.5,431,67
CDCTu_mHiayR3JrNemW8y2G6M9Q=Cp.jpg,388,798,450,516,593.0,483.0,410,66
CDDGlhlcWZV_vIlLQLfM8O5eRpgErLZI.jpg,358,773,424,499,565.5,461.5,415,75
cDEx=_cp=F_u1ZzuqV4kqrchkW_ThjW3.jpg,314,763,437,504,538.5,470.5,449,67
cDmWad6lYILrg96x4FcDmD5=d3jD.jpg,477,901,458,525,689.0,491.5,424,67
cdnWGGFkRYn48pPH2QQ=LWBQRsIjNr.jpg,470,757,448,505,613.5,476.5,287,57
cDu=FmpOQHtmlKjeiXXbuT3B2J6sNtRg.jpg,406,853,424,497,629.5,460.5,447,73
CdX_ZkXKCmYfn4oHJBw9gZeZcjNu.jpg,400,817,425,494,608.5,459.5,417,69
CE8wEv4cFruu9FrCbYvESaIg2ZQCYx.jpg,393,791,415,480,592.0,447.5,398,65
CeanbEroBiI8xmJzOuI8SPTn711KkzGe.jpg,365,831,439,511,598.0,475.0,466,72
CecOVBXKHwOk3tO4znJ4wdnsqBtMde.jpg,448,874,429,498,661.0,463.5,426,69
CEgTTvcze7u7e58t=ui_7NDqo87ol.jpg,333,751,425,489,542.0,457.0,418,64
cei3f6cpGao53NjErnOymEQGsOPqT2.jpg,306,1025,510,621,665.5,565.5,719,111
cFFDQ4=5cr_K2sbOizhjH6WWlbFHH.jpg,411,821,455,519,616.0,487.0,410,64
cfi2YSEpRIu5c4fc2hJ1fuDs3zH9o5R9.jpg,350,751,420,486,550.5,453.0,401,66
CFQdgn=rTHqLB1GivLKSrvPkoPVu=S86.jpg,448,725,418,475,586.5,446.5,277,57
cFRzYQjk=lyF39wtPQuT9aJFK_42DZvX.jpg,385,824,422,487,604.5,454.5,439,65
cfsFIvO=7fcBqtznFnYNxt3bMeyW_GWB.jpg,421,929,474,557,675.0,515.5,508,83
cFu9lxbKfMg1goU=QlV9oSHEuYsn6Jqj.jpg,390,805,415,476,597.5,445.5,415,61
CFW5BiDpXFWp=5C3CMPXCK4Z8tSRjg43.jpg,253,782,449,524,517.5,486.5,529,75
CF_LQY4m6rmN6PKRxW8chDnFBxful2wo.jpg,399,921,447,526,660.0,486.5,522,79
cgCeffOon28Bxb5sgakUNDZCHJZactf.jpg,278,842,477,558,560.0,517.5,564,81
CgCXV8SaSaRCmnkWLg7kbFGpk5T37I7.jpg,403,838,458,526,620.5,492.0,435,68
cgjy1CcKlPvNzB2so9GQiirDk_FDadn.jpg,396,887,449,524,641.5,486.5,491,75
CgKTWsqNboThs1ZodmfMmKzNJphbcHo.jpg,472,795,470,532,633.5,501.0,323,62
cGoOW1z=iEDVrIVwc5zz_wc9Yo2c2WY.jpg,396,757,495,557,576.5,526.0,361,62
CGOsNqrExYMpMK8Dky7NNQ9wa3xQOT4o.jpg,354,670,446,505,512.0,475.5,316,59
CGx7FzCQWLf_GFEOtzXy7NTlySt=Q9x.jpg,427,835,414,478,631.0,446.0,408,64
cGZGY5ByitX8X6zUXKxwQ3LCPzn4CV.jpg,352,831,438,520,591.5,479.0,479,82
CG_bcCcETS9I_b_OtRywiNiO1JtcGbIm.jpg,379,834,428,500,606.5,464.0,455,72
Ch7Sy1zbhqmKsSiv5osiHH=SCmlLro.jpg,412,853,419,483,632.5,451.0,441,64
cHeTQrmUDBQhsGy1TkRw4UTFP9YtatG.jpg,261,805,461,544,533.0,502.5,544,83
chNj1YnH9eDi6FGHoRDnM2jPLsKbZ9u.jpg,355,834,445,518,594.5,481.5,479,73
ChP9t_I_ykc1TasUJdPZ2WocKzRerm.jpg,416,856,448,515,636.0,481.5,440,67
cHqY4K6ZOn_IHmYNnPZhpsRhRvPYcz.jpg,476,796,471,533,636.0,502.0,320,62
chRxDeQ_OEJlSkM6cv=l7iINT5k1Qi4y.jpg,428,712,430,488,570.0,459.0,284,58
ChyBvcKSs1RYVdJX4nNqiMxo1cPsIDdz.jpg,407,938,476,558,672.5,517.0,531,82
ci3LUfKX7Cf2uwEKx9tjh8IG=gPRU.jpg,409,848,430,495,628.5,462.5,439,65
CI3_8WLY2hSYFyZuOOvkCOf1TIYoLId.jpg,413,858,429,499,635.5,464.0,445,70
cIBFDQUK8vurR5gLiT6TPvVRjYPxxR.jpg,279,859,476,558,569.0,517.0,580,82
ciR1jl6pghs6MHGBnIFVkR=dYGxmY.jpg,483,876,433,499,679.5,466.0,393,66
cJ61Jtljw7oadqtR4Wg5ssSdftd1l.jpg,202,775,493,577,488.5,535.0,573,84
cj6cosEIIMRnsj_RaBKjv7BHiSKtk4uN.jpg,335,890,474,555,612.5,514.5,555,81
CjfnnU5zesDT_S6nwnDHlGGDswRT4OX.jpg,420,861,431,503,640.5,467.0,441,72
CJOCXeXTfWGeyypiRcdCQ3TyhfIzsg.jpg,358,957,485,574,657.5,529.5,599,89
Ck2SbswdHvZCqGcIOs6bpYS7BZ8=GFBg.jpg,384,827,435,501,605.5,468.0,443,66
ck4qD=XLusbFUewYsCPjZI3a__D3sN.jpg,476,770,453,510,623.0,481.5,294,57
CkBgEO5vPeaTLxmVqJwv9izOEgHzB=.jpg,313,879,470,555,596.0,512.5,566,85
cKGtnY9nE4b5WgDT6a14xsWIGkV2Cn5s.jpg,384,857,434,525,620.5,479.5,473,91
ckGXk6WjTSy=f8tp5XLbNC6cWvUkqb.jpg,363,1150,553,680,756.5,616.5,787,127
cKhJpibgPSlogiD=haiOKYZ2t=2cu3Ka.jpg,244,778,458,539,511.0,498.5,534,81
cKN1xX7g326VsBY7b2c7adOwxBibaL9U.jpg,471,827,430,496,649.0,463.0,356,66
cKrJyLUXExEw8ThjOSiF8i9CoTdSo.jpg,442,882,462,530,662.0,496.0,440,68
cKs9i4jVixaoubQ=4frePoZ4FoK6x.jpg,415,792,483,552,603.5,517.5,377,69
CKWj=wI_JByXL5vkdc4XkIJRPUJGPfey.jpg,307,769,472,544,538.0,508.0,462,72
cLS1C9kqY2eF8eydJkY2X3K1QIhdsTm.jpg,348,871,456,541,609.5,498.5,523,85
Clvjiz6mQgOVKHvkxWdvL_34nHMVEN.jpg,446,847,418,484,646.5,451.0,401,66
cLwcFklgc1oE62K=JNNREtf4erW4DW4b.jpg,423,890,466,538,656.5,502.0,467,72
clZCTg_sx8rG9_4hbyg2S4sC=ptUqlw.jpg,367,876,491,568,621.5,529.5,509,77
CLzeDUk7mxzIM_obP2ccum7eoydnsCGt.jpg,265,793,464,540,529.0,502.0,528,76
cM42S3q9o8NuwHdKZQI7jiaS4L8xtMHL.jpg,481,988,451,528,734.5,489.5,507,77
CM6fDfNmZGbRKeNql_lq=QJj3qGz7ED.jpg,424,834,411,472,629.0,441.5,410,61
CmK5HLu8n4wUhJl3MZp_DcqRQ88qbsmD.jpg,363,801,418,481,582.0,449.5,438,63
CmkIH2uV1rTIG5mXr_YiJY1CJGtJRBp.jpg,332,872,469,548,602.0,508.5,540,79
Cmo3Wy29thMupY9g8SWPlRfXHXs83SXS.jpg,378,875,465,540,626.5,502.5,497,75
CMQqFsngcEgo2KSRG3WOW9Iz4BYWU6x.jpg,435,839,416,492,637.0,454.0,404,76
Cms_bs6ufbSYPjtOHtrHBzDTq45Iz4h.jpg,424,862,420,490,643.0,455.0,438,70
cmTZic2khbHP11mwbE3cDZc7NbInzc.jpg,428,882,423,491,655.0,457.0,454,68
Cn4QyB1y9ivOmh7ce3VY3wplBnp5EYuL.jpg,437,843,406,469,640.0,437.5,406,63
CN9Rj4_nKm1FaXobqOFkxBvUY8ia43Y.jpg,406,733,470,531,569.5,500.5,327,61
CNMrwWIvBc7Ti4ryzBTsHwb3VjCnJNZk.jpg,397,687,451,508,542.0,479.5,290,57
cNRNh2B_OMZ5YWSgXtG612e39no8fS.jpg,331,691,459,526,511.0,492.5,360,67
cNWwcaD1x_GeKphNDNZmsICOuF8K=N=.jpg,370,813,421,486,591.5,453.5,443,65
cO2esYyyCRxR_onq4y7wdamJkytclg3.jpg,434,844,415,488,639.0,451.5,410,73
co8py_6HRWJwdx5psNrV66Xv8JPJ1Y.jpg,374,898,448,531,636.0,489.5,524,83
CoB15w_co31fqkEu=NGZgzxZrX=rQ.jpg,350,827,435,505,588.5,470.0,477,70
coiompyTi5jczhBNcRi=Wg=wjOu4ustP.jpg,426,834,446,514,630.0,480.0,408,68
cOt8yMJsDXWUbIUfHjRhfr3DUC8uF.jpg,374,894,495,576,634.0,535.5,520,81
COwle9MmLKEblCgu1rJY_PrhVQ32Y6.jpg,398,821,418,479,609.5,448.5,423,61
COzLziKTmhIcZNfkhmNDqla_D1SysXn.jpg,405,860,429,503,632.5,466.0,455,74
cozvphytu=6QMxT=1n5iVkW_oqRJwN=.jpg,410,917,453,542,663.5,497.5,507,89
CPBT18CL87gqTloTysL5u3ky19HDtKy.jpg,398,762,500,564,580.0,532.0,364,64
Cpk8dyzSQtmnuOu9lrz6_ZryiyRmmVY.jpg,425,706,425,481,565.5,453.0,281,56
CQ1pGZKOaXt_LX8TSawLDs4JpMaVP8wG.jpg,180,1010,529,655,595.0,592.0,830,126
cQCrFNaCG7VmVdX3x6FtbMvhU6PKgeUv.jpg,414,869,437,506,641.5,471.5,455,69
cQJoq8rq6vaqI3qa3qhkikkVIWWYQ2VI.jpg,321,879,471,548,600.0,509.5,558,77
cqtYS7xHIgmzZHKmEpGl363MVFqcH.jpg,494,780,432,488,637.0,460.0,286,56
CQzUEXlXj6OzHgJLheM_kUkVpvDWxVt.jpg,397,1000,480,575,698.5,527.5,603,95
CRCtnkpM3cuz=mzZcXSMjb6Fmmblms4L.jpg,319,835,457,535,577.0,496.0,516,78
CrdNPx9b61pgOIfOu_V1CcEQeFrtp.jpg,433,845,427,491,639.0,459.0,412,64
crijgmSjkCy8gNYD6i8xYsFQ4DkjwnT5.jpg,362,821,438,515,591.5,476.5,459,77
crpkuxo_MkwXDzyrvZgqlumqzeqfxWaB.jpg,432,886,431,501,659.0,466.0,454,70
CrST8n=Qb2myDi4xEagqW4k5tTVLfBDa.jpg,418,898,479,553,658.0,516.0,480,74
CRUdu5TzQEI8Uk3qfF=CRv5URy6NZ2Uf.jpg,398,931,505,585,664.5,545.0,533,80
Cr_23bi1TiJRFif3gCYz7dPqGhN7L.jpg,301,783,462,537,542.0,499.5,482,75
CsG=y791ypEKVO_uBgcNov9Cz8wQU33.jpg,403,825,422,492,614.0,457.0,422,70
CsGIzBEPBqoCgbeP_m2YHR1KSjuFb95.jpg,342,875,466,544,608.5,505.0,533,78
cSgS8V1YZb_6_S96=ZLz6ZSSPagDR1s.jpg,351,877,461,544,614.0,502.5,526,83
CslUXdM349wB7XEyElEDnU8ccfLRMVF.jpg,362,832,426,497,597.0,461.5,470,71
Ct7I8U_spGHhBgtWX1JGLHS55tVG69.jpg,399,797,418,481,598.0,449.5,398,63
ctBKKPbE8k2x5dd_LcBQvSW53BOXOs.jpg,445,830,413,476,637.5,444.5,385,63
CTGzW5C27mIm=PpnSivjSRIk1TTyFEa.jpg,425,847,422,491,636.0,456.5,422,69
CtkIdtjQpzld1z5yu1QWpYCs4Qy6mL6f.jpg,373,784,423,491,578.5,457.0,411,68
CTLMw699VpTaqwSpxdk1T3O1h3ciTfPi.jpg,384,829,446,516,606.5,481.0,445,70
ctQcfi6DbHsI2g63pUEBfdPCtsfnUr2V.jpg,487,897,452,520,692.0,486.0,410,68
ctrc2LY=VCBaOdZ2V94Vvr42P7YFDXH4.jpg,556,1024,467,542,790.0,504.5,468,75
ctWJhHrvEQwOVdwZ_vS2CF4gs6WpUsn.jpg,423,820,516,590,621.5,553.0,397,74
cTxmE29YK9mTLsOch5iuXFftvlrrtr.jpg,461,882,420,485,671.5,452.5,421,65
Cu9qJh42Mzc8QKhy4wdxNEFthgG6Lm.jpg,284,705,445,509,494.5,477.0,421,64
cuDP5WI3fSCKqza5t2Vaf9ndjXZL3BQ7.jpg,405,799,413,479,602.0,446.0,394,66
cUDspvls2s2PqQYE3fWKwjuVrjza9c1.jpg,373,892,490,569,632.5,529.5,519,79
cumCLabusTqy=xXDvWPiPimc7tQveRWu.jpg,412,862,432,502,637.0,467.0,450,70
CUqvBzFitD5OjC=lX2zF96n8jtkGjG.jpg,404,798,417,479,601.0,448.0,394,62
CuUl78d8DP1ERc1YBO5X2OvzitHgHuSZ.jpg,381,915,457,557,648.0,507.0,534,100
CvJHi=wyItlKBQzxB=9x9Lh3DgXXWLS.jpg,441,876,426,496,658.5,461.0,435,70
CvkZTCBkUeCvK5aBzW3XlSa3khiFNJ8.jpg,356,888,461,543,622.0,502.0,532,82
cvOOyCi=5zk4CDlFQxLdyHzH2bqEtiOt.jpg,403,842,424,511,622.5,467.5,439,87
cVq5ahVj1B4X7QFVQQRE5yMRPG2x2W7b.jpg,395,825,424,492,610.0,458.0,430,68
cV_3KX7PFyxaqiy8tcCNXD7gFrLlFkId.jpg,377,821,424,498,599.0,461.0,444,74
Cv_kF=7ccdrRYsIDPrHbr_VuDsTeYS.jpg,421,827,444,503,624.0,473.5,406,59
CW42ga5=ete=Ne5gSvmqmyNBudvweFk.jpg,375,1007,501,596,691.0,548.5,632,95
cwac1raGHrT_YNtoWE9uzdug4KYY5TE.jpg,359,899,471,565,629.0,518.0,540,94
CwffyOYisCp3VzX8P9wnhoxsyP2n4hIZ.jpg,389,858,466,541,623.5,503.5,469,75
CwN1udfMX_WopnXxm5Nvi9qLeTOCk=L.jpg,241,766,458,535,503.5,496.5,525,77
cWOPCcKwvehxKxffb=9EKUhXxYntZMM.jpg,388,853,435,505,620.5,470.0,465,70
CWRD_qQd6BUGQlMHERuUJcLlZcv6PgCb.jpg,369,830,431,505,599.5,468.0,461,74
cWUXo3W4ztIUWyCQzuM=z2Kr4Ew84e.jpg,432,703,415,471,567.5,443.0,271,56
cx4LEu6rrsGbWzx6rWknOIbJxP_NL3E.jpg,344,1024,511,631,684.0,571.0,680,120
CxC2MFf12awVFq=cVIJ8Vcx7yFqYOnB.jpg,414,899,487,557,656.5,522.0,485,70
CXcbkL2P1UYceifyv5lt6af6ClxKE.jpg,317,751,429,497,534.0,463.0,434,68
cXElTt_n=XG27fWRH7tUue1QYbhoVbt.jpg,220,926,587,705,573.0,646.0,706,118
cxJwMkzugcBluejmB136itk84aSb_h.jpg,622,913,439,502,767.5,470.5,291,63
CXrDJYoKw9of4o3mETJd1TjRzq4lq.jpg,457,742,423,480,599.5,451.5,285,57
CXseJKPb=XL1sy4yI3VnFa5WE9Ti3IdQ.jpg,290,959,532,638,624.5,585.0,669,106
CxY8SZwsnkH5BDbVdWUYLOVn3M6gZf.jpg,311,868,464,550,589.5,507.0,557,86
cxzU9CI2XkdLU1P484dczWG9tH9pSXX.jpg,416,895,478,552,655.5,515.0,479,74
CybtCsgDk7pa5WepeGoDeSYGGu2_DeMP.jpg,384,910,459,549,647.0,504.0,526,90
CYQtC84K7E8BS=3WPJ4LJxzp1BzLCY.jpg,392,897,453,527,644.5,490.0,505,74
CySY7Pn4MeSf=y=MbLcy2zZxsS3Pa.jpg,461,879,413,501,670.0,457.0,418,88
CytKWEMFmCaNiQ7rUenzyUiHXNhX5PG.jpg,356,849,452,527,602.5,489.5,493,75
CYVxEk=qMTHwKuQuiOkLvR2Z=4fsiK4d.jpg,259,1021,485,598,640.0,541.5,762,113
cZa_qCBGT_uyB2TrHMnj2vbeqTkhFzM.jpg,410,887,484,559,648.5,521.5,477,75
czSuND9Mvdn1kZFk=cr3c_=YkOu=yevE.jpg,414,862,420,487,638.0,453.5,448,67
czXZrKoGzZa2VDBpCWsQ63Uthz_XpJEi.jpg,335,875,461,541,605.0,501.0,540,80
c_pL8gSU95tCBhyRtRveSFcd=qZYC.jpg,386,817,418,487,601.5,452.5,431,69
C_Ug2PCOC4DeIWj_RlIeJPgc=s9X9Uy=.jpg,333,854,504,577,593.5,540.5,521,73
c_upjlcNhtukW8LukNsOOb5=_71Ebwxy.jpg,342,817,445,516,579.5,480.5,475,71
D1C8B5mriyvROCjBql4Kyez1Qsrp8eH8.jpg,303,790,440,514,546.5,477.0,487,74
D1en95ewx4uq3j2Y9g3SxP8QnLBqtDyt.jpg,304,861,463,550,582.5,506.5,557,87
d1kwm618EZcBmpNTtLTd7iLiHSYzH.jpg,354,891,465,546,622.5,505.5,537,81
d1sEWHVTRnuhh_iDWh2vComxYIDRWLLJ.jpg,407,959,509,594,683.0,551.5,552,85
d22PIbF8XTQCRZJV9ihpqvuXtERYh4E.jpg,363,848,479,553,605.5,516.0,485,74
d2N_gSnjx_r52=KQ2zKkYzr5TY3s_hka.jpg,397,920,454,531,658.5,492.5,523,77
d2Pt9DcvKtWWDJSszQskaXR8TpnkN=.jpg,198,812,502,600,505.0,551.0,614,98
d2yyO4WkggmLdpjJjlaYcnIdamwxz4Lg.jpg,373,893,563,655,633.0,609.0,520,92
d36Q3FyuDU8sl_XI_zTbf5BSILaFdm4k.jpg,247,749,457,534,498.0,495.5,502,77
d384f9c68Etpl8grbKlVqby3S2sYQM.jpg,393,806,410,472,599.5,441.0,413,62
d38u7HpJn46_qBcpcBzRMNRCZd1ONYC.jpg,216,960,521,644,588.0,582.5,744,123
d3ycRQeiYoDf=vxCKtENQS3m7c8JgJr.jpg,355,837,442,535,596.0,488.5,482,93
d45sInwGwVSWi1Oz=SrTt=wz=T__3bxn.jpg,318,915,482,570,616.5,526.0,597,88
D49gxSvkmtvr3D77MzRhVEPiaNgs=W.jpg,429,930,492,564,679.5,528.0,501,72
d4qEqfGeXBCGC5uqiImYCTwH_RT5Pey.jpg,451,730,428,482,590.5,455.0,279,54
D544zb5bpTPSCKz3zyTZOsklqooIkHLQ.jpg,360,865,451,523,612.5,487.0,505,72
D5LXdXkxg4SjvQm7y5d2Q8Eo18BYT.jpg,322,823,456,532,572.5,494.0,501,76
d5OlzqhHpM9BiO_VGX=PRzZq74scQSc.jpg,463,880,420,483,671.5,451.5,417,63
D5sRWMgWzwNBFK1xGtYPXvTdldR93XR.jpg,283,1060,527,642,671.5,584.5,777,115
d6aTSLI5KUfX2ms3465QqiKSKwm2boT.jpg,448,784,449,514,616.0,481.5,336,65
d6E4h=t13vNJ7i2WxygDH3hNf88lw6E.jpg,412,796,414,477,604.0,445.5,384,63
d78k2fnHrV8RagCUt6JssijrEaxC=XG.jpg,369,824,424,493,596.5,458.5,455,69
D7cUvMySnC4c_4S4JI1eQEW9xfDkW8.jpg,96,958,553,675,527.0,614.0,862,122
d7yUP5nXP9Gtj1DKt6HZlh76vQQkwN.jpg,392,794,416,492,593.0,454.0,402,76
d81qwkN2qcqglwf3VrPOUOJX4TS5tUt8.jpg,421,891,477,547,656.0,512.0,470,70
d8bEnHmjGhcIPdFkMZj9rS6In_HMJEfr.jpg,447,907,429,513,677.0,471.0,460,84
d8IG_8FsWBIy63pew=rfDkWzVcb8XehE.jpg,383,857,441,513,620.0,477.0,474,72
D8yXc6Sbd_=If67f7EfxIT7JGS2COtZ2.jpg,412,860,464,534,636.0,499.0,448,70
D9bvbIYL7=CF=_ItGSj8JF3fOE12iVe.jpg,381,795,414,479,588.0,446.5,414,65
D9EOGO49=__991muzmoU17_evel6mhX.jpg,390,847,430,505,618.5,467.5,457,75
D9gVXJo=aiTaOHqw77V8Rjq3re5tpm.jpg,412,807,415,479,609.5,447.0,395,64
D9hgUXinKpX1fznkRyWtly2gTTvwdVOb.jpg,363,915,508,594,639.0,551.0,552,86
d9LW3jhvvXosiMv5d==WFNWiP3iM2r.jpg,383,936,510,593,659.5,551.5,553,83
d9RRODONR73uUiBXvbBE6jr5Bkz2uMf.jpg,373,829,461,531,601.0,496.0,456,70
d9RxgmPNFtadunjnRDusRfZwPem_Mv.jpg,340,759,426,495,549.5,460.5,419,69
D9s=r62L1i2vQLQmR8DQ7aGVBWzm5e6n.jpg,416,910,432,510,663.0,471.0,494,78
D=9xU5CgYkHmIrP_nRhBy3FC1UiWzqT.jpg,393,750,478,541,571.5,509.5,357,63
d==xSROpvaxY5cD6KEcK4yV5v9aO1tii.jpg,369,924,466,563,646.5,514.5,555,97
D=ake1F7BuS5=QgjQ9hdMvx3uZb9H37F.jpg,330,1223,609,742,776.5,675.5,893,133
d=g4hWYmqCsBo_HDIpXPRgpI9TO359fg.jpg,373,934,466,555,653.5,510.5,561,89
d=KwsE_GccljrTE5dqon=lkYsxD5LeD.jpg,409,700,432,489,554.5,460.5,291,57
D=rfgCLFHMlRt4eeIrnPQoL8MCblC1WQ.jpg,408,862,436,504,635.0,470.0,454,68
daDumSaomQUjadZLXtOL=7VG96j9EYy.jpg,442,720,419,475,581.0,447.0,278,56
DafkeyWZey1nderxisXnKsaFatwT.jpg,452,729,424,478,590.5,451.0,277,54
datDnYKdsWHb9peCDkiVogj_VD1cGkau.jpg,343,675,443,508,509.0,475.5,332,65
DbD_bv52fJVpHuWKpCTBURwBkHQ=HNn.jpg,414,797,442,505,605.5,473.5,383,63
Dbjti43TlkoseO8G5MVI1HO_dj_CC_s.jpg,345,863,448,531,604.0,489.5,518,83
dcbJfpnCijWfpz69e2phcDXyUU6OC9C.jpg,481,805,458,521,643.0,489.5,324,63
DCgr_BbCs4Rz_sZBMcnUHUQoVHYCiVZi.jpg,268,914,446,554,591.0,500.0,646,108
dcHcDM1rQmOb7PnNltJ7nJgKYEYd2lhS.jpg,435,990,510,595,712.5,552.5,555,85
DcJ4yK2J6_YyXv64palwnEbT1n=LNPtm.jpg,422,854,421,499,638.0,460.0,432,78
dcqwKNJeJz89oyD33X2j6SovNowGlRdr.jpg,418,908,487,558,663.0,522.5,490,71
DcSLSp7E8VbcYtRlncbgFjcKZUpzK7yc.jpg,345,750,414,473,547.5,443.5,405,59
DCy2ftwQp1rcB1BMZomS1qbXXjM9vt.jpg,460,863,411,473,661.5,442.0,403,62
dCYvrvSPe=DDkr3jQm9MCoYupzYdz.jpg,409,845,420,485,627.0,452.5,436,65
ddaHMcyO8YX4elvmVnYrMICPHBzJ6nZ.jpg,380,861,450,520,620.5,485.0,481,70
ddfp4O1UW9WkEa26mBPEqkEDpb=IDxCY.jpg,419,692,419,473,555.5,446.0,273,54
DDHUr29Xy34NoM6HRRr_29hCCbrcse.jpg,352,818,476,546,585.0,511.0,466,70
dDIka_z7xgpm4JB9ebnWrhRDNjHCKa36.jpg,420,858,423,495,639.0,459.0,438,72
dE2zPdI3rsPHBv2iqV4e2TwVLJsMJvxj.jpg,494,785,448,507,639.5,477.5,291,59
De7IjaHaV8=brs6SZs16bJOadcEkGvYD.jpg,364,830,432,509,597.0,470.5,466,77
dEibyHLVoH6xCN2eM9HoSnM3UDNtMa.jpg,379,805,423,490,592.0,456.5,426,67
DEVGuMvBcyBlRVy5pedev4TmOIJM1.jpg,426,894,423,494,660.0,458.5,468,71
DeYaSve6CdKhrRtrMWkSOlvsyBP4uqT.jpg,273,921,500,592,597.0,546.0,648,92
df93Igu5m5NMfl3t5Ijdnkb9GQjGgmmL.jpg,375,807,428,496,591.0,462.0,432,68
df=z9iP3orZHsjVItBPPD1UZ=93PQkGZ.jpg,362,874,452,530,618.0,491.0,512,78
DfD2_6XzJgxQaqwa62lxWvxoMmiXnH.jpg,410,796,468,527,603.0,497.5,386,59
dfFCanhlkCNjpbC9PUs_NwbdGTrQ91D.jpg,416,710,432,490,563.0,461.0,294,58
DFH6aSEjlXMvn=thUKwloXKfsHRGbaXg.jpg,401,841,433,504,621.0,468.5,440,71
dFJ_T2y8lzPQ5hfFMnEMooe9qQFr1Q=.jpg,325,750,428,496,537.5,462.0,425,68
dfKk9quUxyukZe2HI1YBYnHRJorHT8.jpg,385,818,420,482,601.5,451.0,433,62
DFKm6Cl3R8aJzJ5s9sPYvrZrObnR.jpg,406,827,417,481,616.5,449.0,421,64
DFnhHi88KtM7sWVFralVSW2qsW3xOjL.jpg,133,905,543,650,519.0,596.5,772,107
dftXwO99CcsmSr7xPHroJLLnTV_mjL.jpg,355,867,413,513,611.0,463.0,512,100
DgjujFmRMenbg4iagZDo=SObg7b8GsLU.jpg,403,745,478,545,574.0,511.5,342,67
dgmi_nnYXIbEMFfuMMYgwMK4QmqIymW.jpg,361,828,457,527,594.5,492.0,467,70
dgq1LYZaaCzMD36yZTiZNjsgxor1iqM.jpg,458,939,450,526,698.5,488.0,481,76
DGsCNs_9sry4_XSga=V67sxnza3huh=1.jpg,373,824,460,529,598.5,494.5,451,69
DgTBwVvrGigg9nfyDpjFEWkPGGpWl9g.jpg,364,847,442,516,605.5,479.0,483,74
dh3hgvDs=wUlSBn3I3iYr9iUnqF=Tu1N.jpg,451,927,458,530,689.0,494.0,476,72
Dh8TYqCUclm4XZbLR5myRJV85bqrN9R.jpg,417,865,425,510,641.0,467.5,448,85
DHBm81ZzY_t3BLyqmqdrmX=sFtkgb4qa.jpg,311,802,455,532,556.5,493.5,491,77
DHCLj_GPQfc6oN2IdcbLdiYKn237iSZW.jpg,333,769,422,507,551.0,464.5,436,85
DHcqPbglUdM=ThttoL86XsaYxW1zwt.jpg,414,731,427,488,572.5,457.5,317,61
DHE2EmxdUhyvMIpm9OK=QH=2ce52SKs2.jpg,384,840,435,520,612.0,477.5,456,85
DhfIX8qMG4z7ydshflX5crzbBOxjxqVS.jpg,319,777,424,492,548.0,458.0,458,68
dHRtOVDkd2eOjPBVrTBkasG2F9jgR.jpg,348,782,429,495,565.0,462.0,434,66
dHWbxBNpMkluI6oYd4dnoHHxEnxIyka.jpg,382,756,497,568,569.0,532.5,374,71
dHyU5J2yxqxI5K2ZuLz5ZDBt2NVaqM.jpg,426,906,438,510,666.0,474.0,480,72
di2N2xBuDTl7I=6LIEr5_Bk3klwo4zYm.jpg,428,837,415,478,632.5,446.5,409,63
dIJYax6qwgTojcNzyvz79m2W5H_DhizJ.jpg,401,805,420,484,603.0,452.0,404,64
dIloxddnZF2mBmlSPKZvLLFaBVqaBM.jpg,363,897,469,547,630.0,508.0,534,78
dj=3klfCIBd1lzSCfheiwTOI8zwGFJvW.jpg,388,834,457,533,611.0,495.0,446,76
dJFOBR7fiQPmhmgBrZgQoF=5Yl63uVCS.jpg,388,666,428,482,527.0,455.0,278,54
dJIZZ1tcarzk5gkdWYwYyHUpcT5Jpy.jpg,390,978,527,610,684.0,568.5,588,83
dJs3hJGGnC_k8c4ckB3FhsBCTpwVnP.jpg,378,848,448,523,613.0,485.5,470,75
DjwlVE9YKaYrrYF5sgDV8mRdzSspGU=.jpg,419,898,480,556,658.5,518.0,479,76
DKIposMEiXVtglHIZQfsQx_L8RFhTOa.jpg,443,926,419,511,684.5,465.0,483,92
dKj_j4swpgoh47hYHvqVq38XDRIqZp1S.jpg,476,825,483,547,650.5,515.0,349,64
DKouiL6EHVX1KxffbPcuCCXxZdujV=.jpg,289,780,448,523,534.5,485.5,491,75
DL2CBLGFeja54mw45Lq_k2l8sKHaeln.jpg,369,867,453,527,618.0,490.0,498,74
dLcDT5ZdsqGrPG5aPB93tGzDagpo44b.jpg,414,946,499,578,680.0,538.5,532,79
dLe9BPZqzL_pOInMPUtgsfMVzRWf7Nb.jpg,413,805,425,493,609.0,459.0,392,68
dlmQxNZIjkyPSCqMoKr1Lsq5=KeqGB.jpg,190,739,471,549,464.5,510.0,549,78
dLw6xkZm7OytyzxCDB1tkvt8V825Y.jpg,427,861,456,520,644.0,488.0,434,64
Dm7ULVwnTl1sTrGKXw73EN7FeOTlMkL.jpg,380,823,459,531,601.5,495.0,443,72
dM8yWwnWVOQuPTaXzRsF6S11w3rqQ9E.jpg,270,797,467,547,533.5,507.0,527,80
dMhi_3RbppObtvh=XZtk=GJ4Op6NtoX.jpg,331,779,433,501,555.0,467.0,448,68
DMiVLMKZbxWN5KMKINuEBCwrCBUpdSM.jpg,392,926,454,535,659.0,494.5,534,81
dmZf__mqRdR_KpmsEFWBPUZF=9YDSS=.jpg,373,745,442,517,559.0,479.5,372,75
dN1e2BQaQzSDQ1SqbDLcUULIUpyUMMp.jpg,265,792,488,573,528.5,530.5,527,85
DNBDpXU1XPSKE=DlbadUISpjOu4N_v9c.jpg,422,869,436,513,645.5,474.5,447,77
dnmptnm44gBQHEG_Ld7scJRmtktDf2Cf.jpg,416,736,464,526,576.0,495.0,320,62
dNQ5zfTtIWnxPHMCIkVf8MauJVUUz13.jpg,442,962,454,534,702.0,494.0,520,80
DNqpld4Tpjxl_oPjf_8MDfICD=6HyR.jpg,493,779,434,493,636.0,463.5,286,59
DNrwVzuXdaroUxfHnDpSJJqoGuBKZqk.jpg,373,693,432,495,533.0,463.5,320,63
DnXk=kbunqDamOiu1J=naJDvoJkvCN3.jpg,382,831,426,510,606.5,468.0,449,84
doC2jNw=pxusMsbRyKp2_OuV8WV=jW.jpg,389,672,430,485,530.5,457.5,283,55
DOCyfRyCKcgR4z_vpoZegpPMk1DyD8yz.jpg,218,893,490,612,555.5,551.0,675,122
DOg3FOQSaR=x9sDTYIBILkBQlqcjaOF.jpg,262,1145,583,717,703.5,650.0,883,134
DOKg5x8y7VLPa=eCyXB6xrHRQ3zo5C7.jpg,340,841,446,519,590.5,482.5,501,73
dokhZrpbZa2NM9Z9g7ai1oHZIzzF5VwC.jpg,389,885,456,530,637.0,493.0,496,74
DomnnFWjHkSpoRcG2ep1eGnagrldvn.jpg,470,962,436,514,716.0,475.0,492,78
dopI=WlsmK2nXi1gBjQNKrVsH6nNK9qn.jpg,249,778,457,557,513.5,507.0,529,100
DOT_Fcdy3g_TDPwi=VLOGFd42133Sli.jpg,446,876,422,494,661.0,458.0,430,72
DoVdNP5BV8XaaQ5ZPbueG3qizBxRQNHt.jpg,447,894,452,523,670.5,487.5,447,71
DPdwd6kg78bFhPze73YGGHPrp1aWghS4.jpg,390,822,434,502,606.0,468.0,432,68
dpJ_M_ELrThRxDHaxuF4smx_eRxUjnt1.jpg,327,762,418,482,544.5,450.0,435,64
dPKF8gtLRJrH74DfN6e565Fq6P6DTj6.jpg,344,786,455,520,565.0,487.5,442,65
DPQKK3i7hlXazbCi=_zGO7HTnbBtKT3D.jpg,389,931,503,586,660.0,544.5,542,83
DpvmNFpLuXv7R31fyFMIuVp14ff=.jpg,204,973,545,662,588.5,603.5,769,117
DQCJrf8p8ks5Y_t9lQStHrKnIzU4EHx.jpg,402,785,462,529,593.5,495.5,383,67
dqeTwEDrn2lHezZuv2yFifDELUkLyHD.jpg,347,685,459,520,516.0,489.5,338,61
dqlU_fVdeJI9KFqbSrsfFzkYpnhBTOF.jpg,370,828,427,503,599.0,465.0,458,76
DqOdD5SJEw=eIZvoj5Z56TKOCgKkNt7.jpg,472,872,437,507,672.0,472.0,400,70
DQR31r5E7OU5CLk5aWhMOkIvezHnZeC.jpg,452,966,467,550,709.0,508.5,514,83
dqtLQm4u=TpdIYD=_=nfP6ggvTKSB4Wd.jpg,463,875,418,487,669.0,452.5,412,69
DQVkr51afJGbOPik9La4iEE5ckC8jkg1.jpg,382,833,437,510,607.5,473.5,451,73
dR6_1joWfLCShOKX24hrkThDyM1yNmWZ.jpg,416,857,425,509,636.5,467.0,441,84
Dr8eRhXqEhBnzdmj6Z7UFEG_dv6fFoDt.jpg,94,867,548,662,480.5,605.0,773,114
Dr9U1vod7eHCtgyZ2OY7NV=7QPid55I.jpg,338,740,416,479,539.0,447.5,402,63
DRPkc1zG5__6R9zXnfat=dl9PFTssB.jpg,422,854,459,525,638.0,492.0,432,66
DS3E5sLihlPK4ukfVSmegzJeV3xafk.jpg,393,846,417,499,619.5,458.0,453,82
dSb5JzYkvNs1QyU1QDrnB6Da3HsyOK_.jpg,494,811,472,532,652.5,502.0,317,60
DsgxSf5L8M6Skkm6ulsV=GZ1M_IudYqT.jpg,447,1019,471,561,733.0,516.0,572,90
DsIv7M6F6eFZOR679NFdmCQ5kz5MS.jpg,389,998,526,618,693.5,572.0,609,92
dsPOnVQppvrBifj4VSvYuv3ZHuN2uIO.jpg,380,892,487,561,636.0,524.0,512,74
Dswke1lGVm_rkZ1svZ=SBil5=St3N.jpg,416,988,516,599,702.0,557.5,572,83
dSXVgMyqvbdK4sWRM=7t9vho5JiYep.jpg,410,757,457,519,583.5,488.0,347,62
dT3_fdYtptXKD9HmQa16ifVlKcqXynF.jpg,330,916,449,523,623.0,486.0,586,74
dtVynz9mU2nSkcIfF_E7punZJCTFE_w.jpg,463,874,420,483,668.5,451.5,411,63
dtz4zEddKHyhhrQ8uZ_C5wmZ5XRoE5.jpg,409,800,415,478,604.5,446.5,391,63
due37iucLMJ6saJ7Y8NHYpKXTfdYzfMI.jpg,326,880,464,542,603.0,503.0,554,78
DueT=l5ObGWmgl1KWHlHU2u4CXRaDEne.jpg,317,851,505,584,584.0,544.5,534,79
DuFZKHHvX6ziDx4Wn1a_H4SxVrdBSrP.jpg,334,680,461,522,507.0,491.5,346,61
dUjI7d4Dxv5o3UVJZcp23aKO83QU_iXs.jpg,344,912,474,571,628.0,522.5,568,97
dUVS31FhRNoRatfgIKo2J5MWJDgJx3_.jpg,438,821,439,504,629.5,471.5,383,65
du_IQk=rozl3L6rYHpEsayYEWS4vamt1.jpg,429,956,461,555,692.5,508.0,527,94
dV96IiVLe5EQdfSXkFsdHMBaFiV6sj52.jpg,405,913,487,562,659.0,524.5,508,75
dV=UdajCMEOJVSJpS4TDk_JVd6q1l.jpg,471,751,445,503,611.0,474.0,280,58
DVCMBO1FzlLwPliNxZwR6WKripgGD3q9.jpg,378,820,423,487,599.0,455.0,442,64
dVInQmssnSqypxX=R6DRw3pG_DPhHWT.jpg,384,820,427,512,602.0,469.5,436,85
DVluGCTmb_HaFoICGfbPQ2PVfamq.jpg,450,816,500,567,633.0,533.5,366,67
dVngCo_SzOk79BB6kgSHEQQwWZPtTn.jpg,368,790,448,518,579.0,483.0,422,70
DVNOr=DR93eoby3Vn=OTvhx_lqNDbDwJ.jpg,234,806,507,591,520.0,549.0,572,84
DvVoBvKa=UUx3vGk7tTpQjc6aZDmEKP6.jpg,355,896,465,545,625.5,505.0,541,80
DvWgu4lIHdIBEwn6Tc5Mz65ceSVLK3TV.jpg,394,916,442,522,655.0,482.0,522,80
dwehUdyHEjMGpkl2KDQTFl43E8HDtca1.jpg,406,896,464,538,651.0,501.0,490,74
dwFCY8aXskDbGWshCn1c33kZEBUTZh4.jpg,393,682,426,480,537.5,453.0,289,54
DWhSzkytQmdVFBnOG6Hchej4P8yW_ok.jpg,256,803,484,569,529.5,526.5,547,85
DWJmFTNjEoWQoaGoNkhNLqXMBNEVN.jpg,437,833,415,478,635.0,446.5,396,63
Dwn_LcWhw221s4u=64gnxjVOIROa8L62.jpg,332,741,409,472,536.5,440.5,409,63
DWP=nXcUHldQV9YbpixE7OXBsSdZVQG.jpg,415,920,456,531,667.5,493.5,505,75
dwryGsgIB5zTx1UQ=uychKsbMuZeonT.jpg,350,737,415,480,543.5,447.5,387,65
dWVcYZ6fyuQEnWT1oZSk8pbaxJm_4u.jpg,400,818,421,487,609.0,454.0,418,66
DwxQgnWPwC1EDUel935jSWFp5kohtbiD.jpg,397,922,488,566,659.5,527.0,525,78
Dx2Io5LtxaLr8TjTMSGXDDa3tmydrL4.jpg,343,792,454,523,567.5,488.5,449,69
Dx6dv96uvHWBIhXc_1ZD8OGS1sp5BV1.jpg,457,725,413,468,591.0,440.5,268,55
dxDhkNmmqx8KrtUkqNQ2J1CPCTynK4.jpg,386,926,501,584,656.0,542.5,540,83
DXGJ3LdrwqZ4mOwf5SSRpCOXsWaFz5.jpg,234,1014,534,675,624.0,604.5,780,141
DxlCOHVlmHtLlhliqvwZUHUyUiUSqH.jpg,436,847,415,496,641.5,455.5,411,81
dXs=EY7VShOr=7YMRh5fyjTLjCBxv2.jpg,316,739,427,497,527.5,462.0,423,70
dy1HsVJjmbX9iU1rIJsRfgZUC8QI3lvW.jpg,433,971,498,581,702.0,539.5,538,83
Dy7C_elxPL_RBm5FgMt5Qla5uSJwsf7.jpg,208,1057,542,662,632.5,602.0,849,120
DY9at4bTBei4zhZIPOBIsQpGcVvXxOcU.jpg,428,853,424,499,640.5,461.5,425,75
DyeUpiq1rgby4GTbTfKMpaI5f4gvf3.jpg,367,814,429,514,590.5,471.5,447,85
dYGtPQzsMneQbW5ziJf_YZ9o93dZIeFB.jpg,459,869,414,483,664.0,448.5,410,69
DYKBQ1phtMyYrvk_yFMEtieS_pQ2MtD4.jpg,266,1029,532,639,647.5,585.5,763,107
dZFm1PfGYMpFQaHi_1Mq6owVncHSOTg.jpg,363,828,434,510,595.5,472.0,465,76
dZjtpGiE2_BmwcdhwwFqrmyGaZ2tdzZ.jpg,402,861,431,509,631.5,470.0,459,78
dZKD=88G_6jW3fSl2kwL1p2IHYVP1w.jpg,376,769,417,480,572.5,448.5,393,63
dzrlxxdLXz=U_WQ2cLgzV8bi9KcfpCb1.jpg,329,738,419,490,533.5,454.5,409,71
dzSoyd7sHau3MPFYF53qOBWt81F4HGt3.jpg,446,851,419,483,648.5,451.0,405,64
DZTXPf_kN7mur8B4eNLQCoRN4H27l.jpg,509,786,423,478,647.5,450.5,277,55
D_aFQE_6nPoe9IYWdhQqQeMDFah.jpg,434,736,453,512,585.0,482.5,302,59
D_FmTxZnk3ZVn6LOVlwMPySJMrZZxjLm.jpg,406,864,429,506,635.0,467.5,458,77
d_GJDJ6hv5Xr3rWnnJCit3Nq6ECiOsk.jpg,79,1167,673,811,623.0,742.0,1088,138
d_j4qgMg9jYyDa6xTOdJ5FK1GOsvw3Jd.jpg,481,942,447,522,711.5,484.5,461,75
D_oNVGtQIdl9g5wx9LD9D8HeqbUiodcm.jpg,382,743,438,510,562.5,474.0,361,72
D_ZHMgBpi7mKVfa_BJQ4K7XRjaCIH1Pn.jpg,348,659,425,487,503.5,456.0,311,62
e17bEy5x6Zm3CjEhgMObYE8o7mZB64.jpg,425,931,443,522,678.0,482.5,506,79
E1a45HxJWvVe7M7aXesUuH7pHXLhoWb.jpg,423,825,418,481,624.0,449.5,402,63
e1JwKHigFI5lPXFCuDpDIGiP3bIplos5.jpg,426,936,484,565,681.0,524.5,510,81
e1MJ5owGDybZ8GqqRQDhMCj24NJfzG.jpg,327,806,443,537,566.5,490.0,479,94
E1SI95pjq7ETFhxjEQ7onCmd4jRjr.jpg,267,725,470,545,496.0,507.5,458,75
E1UoYQD1fscMJykILGBudYXHUvz7rD.jpg,428,803,507,578,615.5,542.5,375,71
e1zBsyZwZk_tTqPbo_LFCo271LtR7_ym.jpg,372,727,490,550,549.5,520.0,355,60
e23FiVH7NPXe9bosF_frQetk5g_shie.jpg,287,811,457,535,549.0,496.0,524,78
e2wT_8L1FfWngr_cePorMDkq3Ibir8.jpg,422,753,474,537,587.5,505.5,331,63
E3IzTed94dK_qOQQowqqSKkzW=yeXQ4.jpg,380,838,437,507,609.0,472.0,458,70
e3PxziNSThWcQWTcN3GjTZeetW7y9du.jpg,438,865,425,491,651.5,458.0,427,66
E4jZbZNQXqz7eKzDbcXhezFeZqoy2Wj.jpg,321,758,421,499,539.5,460.0,437,78
e4P7bxoNIqPnJrQQbaDtQr2DEX4dNyu1.jpg,489,761,420,474,625.0,447.0,272,54
E5e9PtQlS=jG5iI3QqIcD1tmJIwD.jpg,394,793,419,489,593.5,454.0,399,70
e5mPV5CT54ut237QqFmfVdb8YQghxr3.jpg,366,847,437,525,606.5,481.0,481,88
e5rteq_6dSbIGzp_IxTpRGrdOWrTO9j.jpg,407,943,500,579,675.0,539.5,536,79
e62PhrbSqU5TFppreWqsr7lJ2tY1SH.jpg,322,617,469,524,469.5,496.5,295,55
e6EZ8ZmwBTTYhGQpBa==VyUHx3Z1tiPh.jpg,394,874,460,534,634.0,497.0,480,74
E6q3cfp59Uw59B=NLoGiQffZJHpeF.jpg,393,843,456,531,618.0,493.5,450,75
e6TbuIR53S8m38KLdidc1BRy3mdf7fF.jpg,308,764,434,504,536.0,469.0,456,70
e6zZmEXEbhXUmV1xVxCmBUt9Qc66JV3C.jpg,389,763,446,517,576.0,481.5,374,71
e72DLVz5yp_QM5bTkoHoJ9V6JhQYpMN.jpg,462,968,484,562,715.0,523.0,506,78
e73CLrBetWLlBQLz9cihTdSGpRUny9e.jpg,418,837,426,492,627.5,459.0,419,66
E7_I6O9xO8fqJH8Xywj4Dxc6tZs7KdH.jpg,390,745,438,503,567.5,470.5,355,65
e8YrKBmPdqQGo79TLUfe4nSsN_GLxvtZ.jpg,425,818,519,591,621.5,555.0,393,72
e93mObBzfkwcssy6PWMaJj4ojWnYU8Ci.jpg,426,910,435,524,668.0,479.5,484,89
E9fbfEEVKMTpm2xhxNqcbRZuuO=4xdt.jpg,438,704,421,476,571.0,448.5,266,55
e9psZ7bGzq4GQ4RPmmKC7XXObbzMKkQR.jpg,338,687,497,560,512.5,528.5,349,63
E9u1Iqf9_5BJGL=FM5uV=N37SEkuf1o.jpg,435,824,442,506,629.5,474.0,389,64
e=2VQGQ8H3Lh88p6WcVvcu5WaOQpQfKa.jpg,390,816,428,495,603.0,461.5,426,67
E=Yw84SvkINjgHo3rnSIc9CTPUyT2s.jpg,425,852,443,506,638.5,474.5,427,63
eaOKY5=MsCqxEEX8Peq3Gzs2RXlZopH.jpg,325,656,440,507,490.5,473.5,331,67
EavWO2ddDvDGHPprle3xLquaCXLW_=x.jpg,400,868,442,519,634.0,480.5,468,77
EbL5C1_kiEOEUeJWYUuYgC=GEv7jOv.jpg,389,793,417,483,591.0,450.0,404,66
eBoMzj5iaISgEDjnSqYBetqZW7f1jfV.jpg,446,906,438,510,676.0,474.0,460,72
ebV2wMCQBt6ISwdNOvpIms5meHncup.jpg,424,866,423,500,645.0,461.5,442,77
eCiKh3WYQdswGr2K7KSFV_o9QfhPo96.jpg,192,759,484,566,475.5,525.0,567,82
Ec_7lIaFNCuKQTkaWZ65Ce=7GYUsbw.jpg,326,877,467,544,601.5,505.5,551,77
EDDYWrDFr1lQiucc3MrBtqZXR68R97EH.jpg,405,900,475,552,652.5,513.5,495,77
edEgQUK=H_Sj=NF=OJ2rrTHka3OuWm1b.jpg,435,911,479,548,673.0,513.5,476,69
EDhCnpyxHcy19xeUuILgSGLY3a6jqTK.jpg,429,855,422,490,642.0,456.0,426,68
EDq3Jk7BLlqkeU9q2qUywY_uvDpELfP.jpg,432,940,465,542,686.0,503.5,508,77
EdtLmN23SuTW=zBpIZOok1pmcTHNVK.jpg,343,741,418,481,542.0,449.5,398,63
eE1v84HgjvtfMukK2wf23ro5=7blpM.jpg,393,827,424,493,610.0,458.5,434,69
eE3bjJkv7GPSweMHDVkNFGVzwlZN9Nkg.jpg,378,665,432,487,521.5,459.5,287,55
Ee9X=WJVzbiHdJJr2bTWllJ=PErOBXYR.jpg,339,904,472,553,621.5,512.5,565,81
eEjD5dicMwt=OMiqdMkBXtqUhPClyjNJ.jpg,341,919,520,604,630.0,562.0,578,84
EEJkLFjMpb5UFJYgJJP7c2QoL4mMMLOt.jpg,425,910,448,517,667.5,482.5,485,69
EejsFJ9hgjUgljV4MdEMd4lFDI6dSb7.jpg,386,907,490,567,646.5,528.5,521,77
eETklre2JzSTJmC74tkQeqFhKyycXtS.jpg,453,862,413,501,657.5,457.0,409,88
EEvu4fakOZsIPj9D5aqZisOn_KUeTSj.jpg,477,876,418,480,676.5,449.0,399,62
eF1yU=zP7Yh_6foUilJX4uqVTUb38GK.jpg,452,909,467,537,680.5,502.0,457,70
eFg4FpCsQUSBkcN_GsPDpNfKZe4p5svl.jpg,416,899,456,527,657.5,491.5,483,71
eFIlxhtxyHhHHOeFOI6Z=6XigNSz4MH.jpg,409,865,427,506,637.0,466.5,456,79
eFlJsEXmr=zUC1YWNFujE7Cn8C_5lbq.jpg,421,952,450,557,686.5,503.5,531,107
EfvP9_faYTh3QMFsk43ascJFp4X=8xSd.jpg,395,799,429,501,597.0,465.0,404,72
EFyWOX8I5bMIvqwHSelhpuaeqXEo=v=.jpg,441,858,453,520,649.5,486.5,417,67
eFYzyMEW421JDFy3PPXXcgTfSp9XuPH.jpg,379,863,446,537,621.0,491.5,484,91
eFzaBMRhpkrZ6XNzLTwwDzDewaYBxwd.jpg,400,823,428,497,611.5,462.5,423,69
EG4PYOvlEp_j4RZa5mS8lnN4X_Cb1MwX.jpg,371,838,439,521,604.5,480.0,467,82
eG5da_I1ou3hX9qs654Q=my61my=dF44.jpg,475,950,470,552,712.5,511.0,475,82
eg5ITHT8hcomfMt25yBhmhsjMOSEFpS.jpg,419,837,423,488,628.0,455.5,418,65
eg6E_Kc59efH3=ZCVKNGH67UHdQkbLDl.jpg,377,912,460,541,644.5,500.5,535,81
egbMZtyimzQVzZpPecnIyj=yT4K1nG3.jpg,421,858,416,481,639.5,448.5,437,65
EgDhduyhr2Ty=uzyrZ1UpO7gaXdFgC2.jpg,392,821,418,481,606.5,449.5,429,63
EGFXBeNYUcN1F52magdqduSOX1nglzp.jpg,370,857,446,522,613.5,484.0,487,76
egmj2OoWK5FTYYRGjNoOkTYBPa82K_4.jpg,392,798,434,495,595.0,464.5,406,61
egrXymfu2RDC5=In_VPTe4PPuEZwBW6.jpg,484,892,438,510,688.0,474.0,408,72
EgYW36MgQogcVKuxoIREwfzMDufJB7v.jpg,213,788,480,562,500.5,521.0,575,82
EG_CCZByVXfGfmECfrXya4ctGFs138BB.jpg,431,726,457,511,578.5,484.0,295,54
EHCQwx8tiEVVR6hthioZTom1dKuPPpEz.jpg,327,742,422,488,534.5,455.0,415,66
eHDXvr8KlnozjJiv4ltitk4fQgsGfPe.jpg,357,907,469,566,632.0,517.5,550,97
eHigF3NSas3c_D=UBZUB5RLJpbxaM3=s.jpg,428,726,431,489,577.0,460.0,298,58
EHuH8H=Kg9jPwl92Wnn7BBYupSkFjBvM.jpg,412,879,434,508,645.5,471.0,467,74
ehvSuWRbqMWEglZSH_eytPlQiTTY4T6.jpg,369,663,453,512,516.0,482.5,294,59
Eibpxyb4VVTIbytPl2vGLir6HxLWbn.jpg,259,743,469,542,501.0,505.5,484,73
EIbY7Tffu=hYNhnO1ta4wFEK=tuaH2Kh.jpg,358,727,450,516,542.5,483.0,369,66
eicm12MBrboT3uUdVH59YqgOsi2eWYT.jpg,479,751,423,476,615.0,449.5,272,53
EIg=JVBYIMsSTfW=Jz=49gjoQWQu5zt.jpg,444,951,453,530,697.5,491.5,507,77
EIpfflpVkbnv6N96pKqH7qzdIFO9Hhlw.jpg,348,776,432,501,562.0,466.5,428,69
EIWt6DOnlMJuqReWIu_FFGooPXhPeemT.jpg,388,804,418,487,596.0,452.5,416,69
Eiy=aZpDKt7CZwp1CmrENHapYDfW8LE.jpg,263,776,453,536,519.5,494.5,513,83
eJFWqZ7ssNqtQWrpmauUSBTws2RIj.jpg,264,817,487,578,540.5,532.5,553,91
ejHMbSSQdJWHyzU55IbCOgLujzgxr.jpg,342,1015,518,615,678.5,566.5,673,97
eJHzKqtsfk9jVBj=62BqGUPgK1ix2sZD.jpg,268,734,450,518,501.0,484.0,466,68
EJSLyH8wVGm9snD1j3_EsnL9DYhsrjP8.jpg,195,944,531,641,569.5,586.0,749,110
eK5esMzjdqEK9dy9D7UTzMQyiJukOUK.jpg,380,854,425,496,617.0,460.5,474,71
ekCH=qNBF_2qSo2jTSRF87BeF4HRPou.jpg,355,775,420,488,565.0,454.0,420,68
ekDSHeiz4CMtjdY6Qwal6SgqDw8gCijL.jpg,511,812,454,511,661.5,482.5,301,57
EkiJvmlgy5CqjBjT_xz24CVhOrRPBk2q.jpg,295,779,443,521,537.0,482.0,484,78
Ekpb9ooFn42BmS7RuEr536YrKUQ8HI7.jpg,226,966,519,632,596.0,575.5,740,113
ekvPYbDICVQD2uE4DurNeFhckVqMKQv.jpg,428,869,468,536,648.5,502.0,441,68
El=YtkI_nXwjg8P1381qKhYSqYI9uwr.jpg,477,770,422,480,623.5,451.0,293,58
EllU59WgQOKO5rdh=VX_RgWG_Gg3tK.jpg,387,822,426,497,604.5,461.5,435,71
eMbxJNmrhtUG=xZS4GdJMwXZaa=DZi.jpg,354,910,509,598,632.0,553.5,556,89
EMClNfYxL3U6DGEEZw=h4ZiCZ3JZtHh7.jpg,393,873,426,499,633.0,462.5,480,73
EMGCQTTdw8GOtLdmNoXxsnEmIKJQubQs.jpg,404,838,419,487,621.0,453.0,434,68
EMIkwCxlJq8y4dYsynUDDUYZfEheT1au.jpg,398,801,419,483,599.5,451.0,403,64
emn99dpk1JHXLdbo6slhsGKfpWhcysu.jpg,405,949,503,582,677.0,542.5,544,79
EmPolWpwGjKSZ4HJLfY95YIPj4Duwmi.jpg,431,867,461,528,649.0,494.5,436,67
EMW76DDUQdHqnypT7M67T17Zj5Z6u.jpg,396,884,462,538,640.0,500.0,488,76
eMwnbbOv1NLcZ75WmT618GDEhnUP=U.jpg,391,668,421,474,529.5,447.5,277,53
en1QT=8CgwN7tgUpYPwPCE8vMyevW4n.jpg,444,839,443,512,641.5,477.5,395,69
end4i4kY3KhIRo5rseHvbEF1cQ9Pk7Y8.jpg,390,801,416,478,595.5,447.0,411,62
ENEwlhx1xInbL_xPEUyMaZxV5ufJsr.jpg,506,886,482,551,696.0,516.5,380,69
enKheq24PhWMtC1MlP3R7okldgDEu8K.jpg,343,742,421,489,542.5,455.0,399,68
EoEJpRRXN1BhGkR5G5cOcIBJJWRwmFDl.jpg,301,752,437,504,526.5,470.5,451,67
eoEovB9jK8PVUsbrMuy86VtnZR9W8vBP.jpg,416,853,462,529,634.5,495.5,437,67
eOgeYiPcINrWdUzPVf=ixYIxOYVRwfZg.jpg,447,975,489,577,711.0,533.0,528,88
EOLIMySxOkhYrvSpidWwXhOPGXzN_q7p.jpg,308,837,437,513,572.5,475.0,529,76
EORyTEf=QsNPbCl5BNS6HMsfZlLq.jpg,449,706,459,510,577.5,484.5,257,51
eovWZWbcNH1cEkoxHCUbXQsmuzEwqawm.jpg,267,805,456,548,536.0,502.0,538,92
eoyt2PhGqpLgsi_pEPdpKIywlHSXmvF.jpg,435,758,476,534,596.5,505.0,323,58
eP4BPcUaBDPbuXWy_OD5NZ11_EeNZrB.jpg,466,889,420,490,677.5,455.0,423,70
Ep5=d15NqP7uVSHOtpMCLXiTxxPzC=.jpg,448,980,501,588,714.0,544.5,532,87
Ep6fIaCijbuLUBu_2uP8coEN63iS4L.jpg,404,943,458,540,673.5,499.0,539,82
EP8_gf3IcXEcaBSLPcEPGmgywEJm2NG.jpg,572,852,418,478,712.0,448.0,280,60
ep=Mi8dDCbEd4KU9wcvcJ7Je3sCbYE.jpg,184,995,543,660,589.5,601.5,811,117
epD6D7MRme74Q9JEaN5OwVT3NPynIhuP.jpg,442,774,472,536,608.0,504.0,332,64
EphNrzCRkv1GUrn45c2X7DFoiPbCHq.jpg,269,739,466,545,504.0,505.5,470,79
EplmXfOD1lZdDjMYU6lG6dFWmU24WgJW.jpg,253,816,421,506,534.5,463.5,563,85
epucm4doX_7=9CKiSHax97Y24N7wzVQ.jpg,449,862,423,490,655.5,456.5,413,67
eP_61J4XFQ7KkbKSrwQfqKWCSbMd1ZyE.jpg,295,756,432,504,525.5,468.0,461,72
eQ8DGqJJZifjYGl=hhy8Be_wBOqtb2q.jpg,260,820,473,554,540.0,513.5,560,81
EQ9DOVhtEZKhVLrtpJb8eOqzm_oGbbs.jpg,482,805,470,530,643.5,500.0,323,60
eQ=XGr_FpGxwoiwfzuqjUJLHQ_rPypgd.jpg,344,877,491,578,610.5,534.5,533,87
EQfwlexCnzHMZzM4tDsSWwGzYho5Kw6g.jpg,266,804,463,542,535.0,502.5,538,79
Eqn_7kln8Dna=PTxgM41jNcZpgKiZr47.jpg,373,958,481,565,665.5,523.0,585,84
ER3yQxEUHyeXc3fcLHVEfDLqMMlNwHnt.jpg,400,848,424,498,624.0,461.0,448,74
Er6sEfNizsczSj3=QcplIyMiTiUCgGZX.jpg,608,960,460,527,784.0,493.5,352,67
Er6YZCzgjtR8i5_htkaMnskbkrvh8o69.jpg,297,843,460,540,570.0,500.0,546,80
erd8YT=Zuz2gwxo2H=6OnDZRKYKms2Q.jpg,319,756,425,491,537.5,458.0,437,66
eRL2ZXToEJ_J9uRL2B2xheO4gsbtvo.jpg,403,808,421,485,605.5,453.0,405,64
ERL9Vf8LrEPZnJigZpftnZSeI9BaHZeG.jpg,364,923,476,557,643.5,516.5,559,81
eRLhakyoG=HEDboDPbeiq1R7DUwWUI.jpg,452,838,510,584,645.0,547.0,386,74
eRPF4kWsFL8JM71CEPxgKMjLbFUGKOf.jpg,424,858,460,524,641.0,492.0,434,64
ErvznlLXcDnY3ijRgkFuuy4HyWV1PV=Y.jpg,307,682,448,521,494.5,484.5,375,73
eRWcrULd21t7fjGaiKqPXONbaw354m2k.jpg,367,890,488,563,628.5,525.5,523,75
ErZ28EC8lb1xpQR_x_UNedpihLQF7MZ.jpg,286,818,491,566,552.0,528.5,532,75
esf1g1JgKdLtGOiKFR=QStn_mkTWFrE.jpg,282,915,501,597,598.5,549.0,633,96
eSfEcjSfLUuwCR3VQG56NzPRZYOBtY.jpg,371,798,426,508,584.5,467.0,427,82
Esiqmoa_bQ1dFkYqWJgy9wi4psTi_qN.jpg,405,944,460,547,674.5,503.5,539,87
eSwtL9EGVC4tfsXgUWEXQ8_uhtUD9gRW.jpg,412,812,416,488,612.0,452.0,400,72
et7rZxWPq7diW_NF7QixEUM6kPTjcwCx.jpg,338,742,424,495,540.0,459.5,404,71
eTdOgqY3=9MoGLMoSzka4UdzKwvCX5D.jpg,451,863,419,485,657.0,452.0,412,66
eTGmz31t2YHCRQmiq1wwBNW6sp3nuix.jpg,502,898,411,477,700.0,444.0,396,66
eTGxiEoSgnjPH_lFkPEDlh5hYgMR2h.jpg,439,882,422,493,660.5,457.5,443,71
ETmCuEXQIyWYZCBxQ1QJhUSQdpkY9Q.jpg,334,899,471,549,616.5,510.0,565,78
etVpPEulucoNc=JSE3Rb1cpx9_Ov1rwB.jpg,410,904,448,522,657.0,485.0,494,74
eUblloldItrE4jHg5Ks8OOJUrzNHP_.jpg,199,993,545,659,596.0,602.0,794,114
eUcpxygZS41tMNQSmnuV1T4sLo8G3QY.jpg,404,858,452,518,631.0,485.0,454,66
eUGhimrSfqGI8s=m3JBGCcxzZEF8RJv.jpg,344,912,480,574,628.0,527.0,568,94
EuNZCiynzHZWNrRSzLyGiFk9BXLx8VzU.jpg,395,730,453,518,562.5,485.5,335,65
eUOId3CBgzNgm1aC6wvhG3yyY6H9soQC.jpg,411,919,443,517,665.0,480.0,508,74
euUTYUmkDEdSH22i2BhqoTfPKXTaxOj.jpg,403,820,414,476,611.5,445.0,417,62
evHLBfleLl1nUGbGCIgBBqfy1l4XMM1.jpg,458,921,439,511,689.5,475.0,463,72
evJYGQhF1gTWH82bajbZ5bKGVNx9m58.jpg,303,911,481,590,607.0,535.5,608,109
evkiEnO981ZuMNM1EGIpwL_a7lwgdIQ.jpg,403,959,517,598,681.0,557.5,556,81
eVpp63U92dvY81mFjI=VVxV8tmWLcdE.jpg,299,758,429,510,528.5,469.5,459,81
eVzvxzmexpxgg6o=HzfUUxBcJrl9cPZR.jpg,305,765,430,504,535.0,467.0,460,74
ew8vs=h4xUzgYB58I8_2=gzZBK=_aWI.jpg,514,954,424,498,734.0,461.0,440,74
eWalGPP8QFSyjZk9r2ZnTI9ZK2bt5i.jpg,407,965,474,559,686.0,516.5,558,85
eWbDm6tlipMYtsvkcXzvkiSFKj6pjKdv.jpg,490,794,462,523,642.0,492.5,304,61
EWcMex6r95JjmNj3adugtNcWqCm_PM.jpg,483,819,482,545,651.0,513.5,336,63
Ewe7dJrd6Nc1=M1xwKXhh=LKwTQ9tb.jpg,459,998,507,589,728.5,548.0,539,82
EWel8tyjwqHGyS=e8EvI3M5uLhz4YOGx.jpg,441,890,434,503,665.5,468.5,449,69
ewFRb=pNq_1IXIxZ4nPJyV=Ozmn1CQs.jpg,352,783,426,493,567.5,459.5,431,67
ewHeEJJep35fnkK9iywKRZVZB=KBNCb=.jpg,468,880,421,486,674.0,453.5,412,65
ewI=NEs8kmNlChMNOLRuPuVbz3dIJeT.jpg,335,851,458,537,593.0,497.5,516,79
ewlkqC1UwfpVndkE9auIXk_x=cWOiU.jpg,278,789,462,538,533.5,500.0,511,76
EWXEQOdpoO8ErPi2ZPb7Os1VsqiyBvo.jpg,371,913,505,586,642.0,545.5,542,81
eWZhN1iie3a4uCMGdhVlwdVJ7IMLxYH.jpg,374,819,423,494,596.5,458.5,445,71
EWzMaXcH6g12JLScstE2DfLvEed2dIhp.jpg,364,896,500,580,630.0,540.0,532,80
eWzmKMTRnyMmYIW2Zhpjp87XLe1S.jpg,404,831,457,526,617.5,491.5,427,69
Ex5Ocdctfr1ZTDRZw82y45ZPEU1UwyF1.jpg,308,828,497,573,568.0,535.0,520,76
eX6sjawc7QjTvhOKnP_QaFeOiyLzYKI.jpg,439,966,452,537,702.5,494.5,527,85
exdhBaloj2PHoWOC=sUDfDRqlP4rjJ.jpg,396,751,437,508,573.5,472.5,355,71
eXIFMYtZPWbWpdut6jQoi6SmhHF.jpg,201,797,491,573,499.0,532.0,596,82
eXm2SiQt7YpGPGZGCpka8nGfQ2D9xdRN.jpg,126,835,520,612,480.5,566.0,709,92
EXNlINZOBQMQZ4h3W3BblpcgbksQqpm.jpg,408,834,424,494,621.0,459.0,426,70
expsf3RUyI7YjMhWXLZ1WLB5oWE8ON9b.jpg,486,800,429,490,643.0,459.5,314,61
EXrN_7KII3IhzUs_fDNmr1j5xkG97DSa.jpg,459,845,416,479,652.0,447.5,386,63
EXTf7Y2kIKctKXqOjR4wMvQ96NKvC.jpg,350,787,425,507,568.5,466.0,437,82
EyDTlPR94SHEyQPEcRtIlMO5ZNGEjxc.jpg,417,907,449,522,662.0,485.5,490,73
EYmhlYl2NpHdyerd1cqKjVGiY4T=jiqL.jpg,420,896,461,530,658.0,495.5,476,69
eYRxHExxxPz9Ro6X6KoWH7nx4ePDE1X.jpg,375,823,425,493,599.0,459.0,448,68
EYUSGnGcaslTy6LtnqXHkM2ZFD1naId.jpg,419,980,521,605,699.5,563.0,561,84
eYYppNcnIz8BizFbpWnobPTW=H6Lbt_P.jpg,406,931,455,536,668.5,495.5,525,81
ez3wyUky91NT7y4YLRyGXTt89VdUBn.jpg,370,841,424,492,605.5,458.0,471,68
ez=yNSzylXjYnE8WixV=QQY9tOhaZF61.jpg,390,707,461,521,548.5,491.0,317,60
ezGuS8GNhEZk_BS9Wgn9WKcRe3eEU.jpg,455,816,499,568,635.5,533.5,361,69
Ezk2JrGoFKEnjpmNQRsQOzWwleg=vx5F.jpg,335,747,421,488,541.0,454.5,412,67
EzKU1Das5FQI3Zh_VPlxcc2ReKKY2wD.jpg,411,911,484,563,661.0,523.5,500,79
ezzxsmOnIFaJOckUQWOeScXII7nLBfU.jpg,352,911,504,588,631.5,546.0,559,84
e_haESjip88i=Nn8FB7LaLM9U5D7sp.jpg,351,812,426,497,581.5,461.5,461,71
E_zlduSt5J2sJQ63LUh2UHjTswL5QPp9.jpg,406,984,480,565,695.0,522.5,578,85
F1dZhDX2s9c_CpPKG6eDO_VB7wUBkKQ.jpg,368,831,435,508,599.5,471.5,463,73
F1n8g3YJaeg7RrPDjxDs1cD=CtIdLbT.jpg,423,920,458,531,671.5,494.5,497,73
f1SRhmO5EmdzRxNT8nTSfB7GcG5xuPD.jpg,346,902,510,589,624.0,549.5,556,79
F1vrzybUtM4QcqiqyKETebIJK6SvlUeQ.jpg,435,751,446,503,593.0,474.5,316,57
F2J1_prrKFKR9pG2oTyoVwphQsMSL5n.jpg,265,818,480,557,541.5,518.5,553,77
f2j2jpm1IUwwQeslUZb_x_vXEX5Cx.jpg,408,993,526,614,700.5,570.0,585,88
F3z6EP5MyJaCD7shmdoXV8a2YcFTF_HX.jpg,366,905,456,562,635.5,509.0,539,106
F48HfmYPxDW8IigT5VaIFuv3PvHNcCi.jpg,332,754,427,496,543.0,461.5,422,69
f51i5aJs8q3sTLnl_JcXEazUT1Ly_V.jpg,321,832,453,548,576.5,500.5,511,95
F59EvnGT7SJtOJWus47afFHFV7qs9TB6.jpg,511,803,431,492,657.0,461.5,292,61
f5NOlSJljsCNRJ8VwitwSSsfgJMN=iD.jpg,402,943,499,580,672.5,539.5,541,81
f66KMdua6qwjLzsefsdx3N=HvJeVkbSx.jpg,341,731,413,477,536.0,445.0,390,64
F6=yaxmo=GZB1hIKitkNwbCmcBqYOpX.jpg,380,862,426,502,621.0,464.0,482,76
f6ay2ExI=Jh7X=x=YKypXDLFnIMNC5Xt.jpg,436,865,414,495,650.5,454.5,429,81
F6JS3jQOLEkTyKx9rH4vxlfVU5qffLB6.jpg,374,769,439,508,571.5,473.5,395,69
F6oIdYdHBSSmhpuPXh9Ji7pvqvvGdV.jpg,480,993,490,570,736.5,530.0,513,80
f6Y7CBa_cOl9euU=EFt7tHoKrli98W.jpg,331,917,526,610,624.0,568.0,586,84
F777Gn51nDmC8CPrL3=fOrmij3Bo=9N.jpg,343,780,431,501,561.5,466.0,437,70
f7OWhK2rOqgt=WyyzH2Y4dJtYDQaIau.jpg,406,928,451,543,667.0,497.0,522,92
f87tyozqZYNxPfrCcwgCbc349rC33Cs.jpg,381,828,421,487,604.5,454.0,447,66
f8BO5fkkQastXOxelhQiwrdeQF_9mBO.jpg,412,726,464,524,569.0,494.0,314,60
F8kYypjFbJ86siRv3XiFW69ZlWce.jpg,398,828,417,479,613.0,448.0,430,62
F8O1IjNyr_pfes8gWNigBWUKpDLx8Nx.jpg,418,717,456,514,567.5,485.0,299,58
F8Q8H9URIXJ=vcn8gazawRSWRVmYKup.jpg,424,780,486,553,602.0,519.5,356,67
F8S6rYiBW37bI=d99VxIOwKQnZ1S_bn.jpg,377,675,453,511,526.0,482.0,298,58
f92f4T5X4EZbyuPNGwj58y6tierzkwZv.jpg,461,801,485,547,631.0,516.0,340,62
F96gbF4YzrLiBx3hvBpfNMEIcTxCzv.jpg,404,867,424,495,635.5,459.5,463,71
f98givxgTLZlhWznMEqc9zuBlz=Stk4.jpg,343,749,422,488,546.0,455.0,406,66
f9rdP98Gx1xmwbSqnOcXRvUyZvc=J8x.jpg,358,780,425,500,569.0,462.5,422,75
F9zQbTt92rYyOmiicbcXbDydl=lawo=.jpg,338,873,458,536,605.5,497.0,535,78
f=YSCjhuu4cIvZ6hdeHwWv_GK4mu_grk.jpg,393,802,423,487,597.5,455.0,409,64
fassetQxkUxhp7NvEdufUK1Hy6Q7V2o.jpg,475,889,419,486,682.0,452.5,414,67
FBEc59ZmJEe1ElK3NCk8NzykpIoESOlx.jpg,456,918,433,502,687.0,467.5,462,69
FBgIsm=szDeP4ZHSUanPqmhpzpynrX9q.jpg,302,763,444,513,532.5,478.5,461,69
FbiB274v6dEMtTMGBB_kWMsrsJFVZIyw.jpg,403,823,425,493,613.0,459.0,420,68
fbK5WotlbR5XX7GL_vVvFBh16qMdsWgc.jpg,444,901,423,496,672.5,459.5,457,73
fBkvn7YpBn7TLPsViO_r9CbyoO4o6ie.jpg,215,944,514,647,579.5,580.5,729,133
fbL8Qvtig7EdjjdVrIpBKNBUN3E2ot63.jpg,305,824,460,538,564.5,499.0,519,78
Fc7VgwUtNB=cesL4g2lUDU6vHnv6GEBZ.jpg,425,877,431,513,651.0,472.0,452,82
fcsfyQRMEXh4TwZZyuiHDI5IjRjCEYD.jpg,449,837,439,505,643.0,472.0,388,66
fCtFwPJJLrsIp2WsQLNIdPEMLeNbcg.jpg,377,945,520,603,661.0,561.5,568,83
FCXlxZe1XQJd1JEf=mqtfJrJtplE5O8.jpg,327,685,467,533,506.0,500.0,358,66
fd==PQgK7MivKKRxkHfSkTsOvMvw7F8z.jpg,300,769,444,518,534.5,481.0,469,74
fDcmQ3mq8KioxG89zbeOctH6JQtIW_y.jpg,363,735,444,512,549.0,478.0,372,68
fdDXwoQ3_K61NqHMakRa4qxn57h_hRfi.jpg,411,899,442,520,655.0,481.0,488,78
FdGD_WYFFY=N_JfCVbS4TPtIBO814tS.jpg,312,765,435,505,538.5,470.0,453,70
FDgW2nmL5GukKYW9J8dycFnSQbYKlSzJ.jpg,385,679,457,513,532.0,485.0,294,56
FDl7pN41TNgeT=FQtKUVXESy7waJQQ3r.jpg,381,921,502,584,651.0,543.0,540,82
fDm5rwYsDn4ny1Z_9P2no5s9xD6Ymou.jpg,356,911,514,596,633.5,555.0,555,82
fdoZuwK9=2XmblHI=aYa=WSedz5EWt9o.jpg,341,753,423,490,547.0,456.5,412,67
fDpuZJmRfGMzRe94wno_t3893VETZKK.jpg,383,925,499,578,654.0,538.5,542,79
FdQp2ubprH3u5b6owYjkCP7ZjxkFPOwo.jpg,328,742,450,516,535.0,483.0,414,66
FDtt=a8nkoiE=kGbarGHgiu4v8LW.jpg,439,879,457,529,659.0,493.0,440,72
Fd_PPH2IPJF3ZrHc=vx1Pf1eoqIB7g.jpg,474,771,450,508,622.5,479.0,297,58
FeGwgwO7VFqzxk8a5rqqBV_rgiv=kOFy.jpg,314,753,423,488,533.5,455.5,439,65
FF1R7MvJiwcWYVTQNv5Yh9Q3I9CYRuwY.jpg,439,915,437,509,677.0,473.0,476,72
fF2pap_R9mZhPy6n1RqtrHEePdenfj.jpg,412,902,488,560,657.0,524.0,490,72
ff3l=Wi=rFGnNDUShbtj4gGHQsy_DBvB.jpg,307,759,433,501,533.0,467.0,452,68
FF3SyLyJGI4W=HwD223RzeoZKbi3pbJ.jpg,417,857,443,507,637.0,475.0,440,64
Ff6VCozD_qMbByohu9DEBrU9YNJ9Cg3b.jpg,403,835,425,493,619.0,459.0,432,68
Ffbe9Bx3WP6h7Z1Hn5e8T9t=hfo8D.jpg,427,857,459,527,642.0,493.0,430,68
FfOin4t5RWciQH1mB8ToGs2qxKyShps.jpg,364,899,480,558,631.5,519.0,535,78
FFxWL=OwqHcoT3DdWtVxLDBzxdUfl.jpg,532,932,412,478,732.0,445.0,400,66
FG8LLNd6blLHDrI3tW42c9g4RybOGoH.jpg,500,971,474,552,735.5,513.0,471,78
fGdiUlHOnVvWe9gJorNUC5Xy94Cwj8.jpg,428,1022,518,609,725.0,563.5,594,91
fGfV61cG1hlCU7z82Qph8E4DXuxehndS.jpg,199,664,507,581,431.5,544.0,465,74
fGFZ_cadxe5cH6GsUt6OOCDQqLQK6Uzt.jpg,414,821,438,499,617.5,468.5,407,61
FGk2m=os42=_gn8XXjR6VM6YCBTvuwSm.jpg,431,888,428,500,659.5,464.0,457,72
FGlshJXWoyOX5zvhYYG6CzjYDOCbso22.jpg,367,899,499,579,633.0,539.0,532,80
FgQdJWzBziQJ5HwkWFo7pMKKnkGXFnJ.jpg,387,838,440,509,612.5,474.5,451,69
FgvB38Ml2TpBndKLxmH2xRyxzRWad26.jpg,503,817,449,508,660.0,478.5,314,59
fGZXPXs79Tlwh8LuZpUMGVGY_JGTbR_F.jpg,324,848,440,517,586.0,478.5,524,77
fG_OQIEmm_zNrhfta=3t1=8jwWo4TMT.jpg,436,858,447,516,647.0,481.5,422,69
fh44rGClIEftCIDGnvEtFq2pfUWt2Rw.jpg,396,775,439,503,585.5,471.0,379,64
fh8OxKgIUT8Kl9SSrLMHueNCwOHQ832.jpg,262,802,511,586,532.0,548.5,540,75
fhBaurGC7PjWGVCDMrBe51rPlwI_wOD.jpg,385,823,427,493,604.0,460.0,438,66
FhbuS3bTpU9U842iL6OHmpTqLY4jTY.jpg,253,713,434,508,483.0,471.0,460,74
FhoGPU6yxsL_xWSrslB5By2vi_8uuP.jpg,387,813,453,523,600.0,488.0,426,70
fhOXbIC9g=e3TelVrckF6OtqjY6gJD8X.jpg,381,798,415,479,589.5,447.0,417,64
FieOvLWOSF_a7blTeagF4srtDdEWkR.jpg,271,812,493,574,541.5,533.5,541,81
FifL5i4kV6haa4mxJC9oQQPcuBzsGqc.jpg,398,922,470,544,660.0,507.0,524,74
fiG4KudXBtXWboOixUXsvc2NIT_h.jpg,371,923,473,562,647.0,517.5,552,89
Fih3kXXdQVsOOEYyeTKfglklulmaKzv.jpg,324,780,430,502,552.0,466.0,456,72
FIhp7hge=cccy1YVRaEM2a35CWFEGMH.jpg,394,810,528,605,602.0,566.5,416,77
fiLZoTdyOKDyYj5WbFxKi7Wr3w7QqJ8.jpg,412,860,443,510,636.0,476.5,448,67
FIqS7=lZxhEhdnP7MKq5SWRvQXuH.jpg,293,822,470,548,557.5,509.0,529,78
Fj1Vm_PfVkL6io3KnWXUWNHSV5W1VdFK.jpg,404,829,443,509,616.5,476.0,425,66
FjDIgnx2EoyR81RIcWDYRSwUD5w=jdn8.jpg,357,810,441,510,583.5,475.5,453,69
FJHHK6B4jKVnWy32IJeDXILp4TIC78F.jpg,345,744,447,512,544.5,479.5,399,65
fJmrFLrGJu_e3KUsbDzqB2LbiGlGdk5.jpg,368,802,416,479,585.0,447.5,434,63
FJNhXVG=uEgoVbymhu=SqfMt=QSraT.jpg,393,819,419,484,606.0,451.5,426,65
FJQqcoKwaJ2acw68v464UomBnjnswY=.jpg,415,877,422,493,646.0,457.5,462,71
FjQQsj9kZbolILMtMqcV4bl4gn6hxLW.jpg,406,985,467,575,695.5,521.0,579,108
FJsjs1Sy68jlaovFPKt1HFJgZOJa2.jpg,419,818,417,481,618.5,449.0,399,64
Fk7gx3M1YPz=DDYr2hhcr1QzlG9bZwGh.jpg,313,878,470,554,595.5,512.0,565,84
FkQUUz5LGDqdi3tXzdHk573ixwNQCo.jpg,408,745,486,547,576.5,516.5,337,61
fl5LeXDabZi4pqXKO7bHnQWOXluvrqe5.jpg,360,845,437,511,602.5,474.0,485,74
fl9YKfl=H4l1aimWxCv_YTQxNBKefvn=.jpg,329,837,466,546,583.0,506.0,508,80
FLbfqs56EUg3osBX4yekBwIY1lqevdQ.jpg,406,858,441,512,632.0,476.5,452,71
fLcdjNl2Fz_lB9SR=TDbnPlY5jDc4yM.jpg,418,941,462,538,679.5,500.0,523,76
fLOZBs8hdqWdjm1cVPh_hdp4p=jkzDq.jpg,572,856,434,493,714.0,463.5,284,59
FLQIVff2qFc5yR9IuMCJHSaCzGkopi.jpg,417,865,418,485,641.0,451.5,448,67
FLvz7RqNNvbKverQ6nrrQ=fFHLOPtt3.jpg,382,661,419,475,521.5,447.0,279,56
fm4D3WPyuP4TmHcdvHepBqEQmWCLHVX.jpg,436,898,430,505,667.0,467.5,462,75
fM9UOLg6wNRikaqPbIvqZEovcUOdM6_h.jpg,403,926,453,535,664.5,494.0,523,82
FmHkxpraliSjpYNEo5QpDiIk_6_dZ5W.jpg,346,708,474,536,527.0,505.0,362,62
FmNm6i9mq4j5pe9KJ_fpxsWmYwKQ.jpg,330,792,430,497,561.0,463.5,462,67
FMVDknUgz2OC11ohppXrHe67stkgBF.jpg,507,872,414,492,689.5,453.0,365,78
fmzpRJrjIbH1XycmzjfYINw6ukXvxh.jpg,511,820,465,524,665.5,494.5,309,59
fngv4hqC4X3KMNmOL5YCtcEdtX5_udnW.jpg,353,912,510,591,632.5,550.5,559,81
FNHY_HSbtxeyNyp5u4ffeI5dkENKddvV.jpg,463,786,433,497,624.5,465.0,323,64
fNuvToPqbXOp2iGRLOyeiyQnpq8P6Ox.jpg,481,792,465,524,636.5,494.5,311,59
Fo9y65q=sK5kl8Y3F1g3ZQj_aLuicIO2.jpg,367,845,425,496,606.0,460.5,478,71
foQWcJmRUNlkq_OzU4noldDWCBGhSW.jpg,399,810,423,487,604.5,455.0,411,64
FPbMJLOx7c7ISZmbeWl2MQO24ptbo.jpg,397,828,432,504,612.5,468.0,431,72
FPKKgscYl7T1R=xjdDSyqhikJ2Ozvg3.jpg,402,838,422,486,620.0,454.0,436,64
FppDwX_n3bt9N6vvi9r3v2YYR3k7ant.jpg,348,1062,498,608,705.0,553.0,714,110
FPS7EHlTHpS4c5PGfFSdbZjJjNtDTKe.jpg,257,855,471,591,556.0,531.0,598,120
fptQflbqkf1deWQ_kC1Tfnzf9tK4iGPK.jpg,262,773,457,540,517.5,498.5,511,83
FpX3RhRGl8UupqI2kNGkyoCeseovJ_.jpg,363,788,452,516,575.5,484.0,425,64
Fq2pUWk5pfvM2c7gXNLYe1m8i77=83ef.jpg,406,871,433,521,638.5,477.0,465,88
Fqe_xy=hmCMGdhtGI2KeqFELRB4WpLL.jpg,438,849,417,484,643.5,450.5,411,67
FqJQclS7s2nDN632RWZ_vkzHL5KwOHuE.jpg,449,863,420,487,656.0,453.5,414,67
fqNVPbBNg4xxYfDNmtIQQkmyaJCWu6FR.jpg,257,807,491,569,532.0,530.0,550,78
FQqY3Y6ufyFVWTXjV4NdXynb3ZjfPPc.jpg,398,853,423,493,625.5,458.0,455,70
fqRwRkwjXPKPLxqwNi16iovNJZR7hXz.jpg,394,693,438,496,543.5,467.0,299,58
frDt6gRh_o8Szv9BNJ6vyK9=3Yge.jpg,290,793,480,553,541.5,516.5,503,73
frexHrM8idvCLXVv6BxunJRXWLbFJpv.jpg,461,820,457,524,640.5,490.5,359,67
FRKrDX1UJ25R8WvW_6KWKx2Q8jdMm17.jpg,359,826,446,517,592.5,481.5,467,71
frMGFUMDpRt8VfLhHQu365dBGQ5=XD.jpg,330,925,485,576,627.5,530.5,595,91
FrtZnB8ingZbuff1gbXbpy=2tfD_Q5D.jpg,447,743,449,507,595.0,478.0,296,58
fs3R9KlnFs9yPHyPj6cVC=4dF2xl=ODG.jpg,327,886,478,558,606.5,518.0,559,80
FSD5qgCbc=fNzcpBWO7eZ3SrV8=p.jpg,467,788,468,531,627.5,499.5,321,63
FsE61XTKpQQ5dFjKLGoSCaUqMR6vqRu.jpg,373,836,440,511,604.5,475.5,463,71
FSntWDlFQxteG=qGnSyZfKIQ8I_ho_W.jpg,346,802,462,529,574.0,495.5,456,67
fsOc9Wt7euLh9x7ouBSmSExJPqcdR4Q_.jpg,440,845,435,496,642.5,465.5,405,61
FsUiLkpvuxdzBRHRSBqxsl96ZKxS=L=.jpg,364,836,437,508,600.0,472.5,472,71
fsuRT=x3Zp1NOiXTlXSdBdOtmpZ_Pp8.jpg,507,897,408,472,702.0,440.0,390,64
ftcdLgsdObz_5OXrVEc41STzfHXDkKz.jpg,410,702,435,492,556.0,463.5,292,57
FTdce3jQm76b14qmIstCLvzgmsS7jtH.jpg,490,770,443,495,630.0,469.0,280,52
FTfmNSxG=_mqQTkDVCO5PEQmfnULtRo8.jpg,456,875,424,489,665.5,456.5,419,65
FTJbWH_maUtIy3etMNYYvUPVwfb7G_.jpg,452,889,453,522,670.5,487.5,437,69
fTMxqOiWZu48xoxe6KbD4D3Ray8F5UnB.jpg,465,784,465,527,624.5,496.0,319,62
ftSJVeh_34wbRKv=W99=lDVO6QDPmyh.jpg,458,845,410,472,651.5,441.0,387,62
ftZgZeGlcPQsfdMsnNML4_RZ1b7uVaG.jpg,266,799,492,570,532.5,531.0,533,78
FU6udxk8Zdsr9SUGEmKl8pxtUxdIC.jpg,299,751,419,482,525.0,450.5,452,63
fUMXhCvd2yu3PNvz3Iezs3YNP15dUp7.jpg,446,732,449,503,589.0,476.0,286,54
FUmy1BTvoW_cDchOvgOLj43InwH3zt_o.jpg,399,821,420,496,610.0,458.0,422,76
fUnKGQf_izSCameiwooB7QMszKuLqZ.jpg,323,774,459,524,548.5,491.5,451,65
FVlGz3L51bmNDvg5giBjhJI7FriexnhO.jpg,398,820,423,487,609.0,455.0,422,64
fvU9XBkC7vqKzicRG12y4zemT791wko.jpg,354,910,509,590,632.0,549.5,556,81
fw5_U=gHatn_=C8fwc8fkkjEZW=OK=o.jpg,400,802,415,478,601.0,446.5,402,63
FwbuhehltOsectmPZylhfTL6vwDb693d.jpg,439,836,443,509,637.5,476.0,397,66
fweFOhxgjq45x3noXn3DpfspPKv_a9e.jpg,557,851,429,493,704.0,461.0,294,64
FwFOk5yt7sHpHZKQXbabhT4J2piWmg5.jpg,396,864,441,511,630.0,476.0,468,70
FWoNSpvnMIQjYQFImJjSBziHxyU=Erk.jpg,456,886,443,510,671.0,476.5,430,67
fWWCUyksHRsDJY9vbH5=CM588y7Ev58.jpg,449,893,426,497,671.0,461.5,444,71
Fx164nIm7fUZrybmcV12kWjqlbOkLp.jpg,367,851,446,520,609.0,483.0,484,74
Fx57QEoUKlx6jxct9QVqPvTf5IfpYg6.jpg,454,840,416,481,647.0,448.5,386,65
fX=5N5p1rg4johxdn8d1P6aymnT2DNUd.jpg,411,849,415,493,630.0,454.0,438,78
FxkzRkaf4WRysx6yHvP=yGLJHqFSFMM4.jpg,450,804,481,546,627.0,513.5,354,65
FXnk=rdsrQV54TOpKM6EhtyFH9=WhXvk.jpg,180,968,543,654,574.0,598.5,788,111
FxOLbcyiiREFCQcvJwuoH4DD4aqowqx2.jpg,396,931,456,546,663.5,501.0,535,90
fXOlyFPfzWKnRqcJHOIwCLQY11iLrS2.jpg,330,917,521,601,623.5,561.0,587,80
FxQ=r=GtI3uKwjrGiRRoI18JeXoLoR.jpg,445,870,451,521,657.5,486.0,425,70
FY1OoDipe4oBXOndVGPH3aNByBoicr=f.jpg,374,797,415,478,585.5,446.5,423,63
FYl5HiYKJhexV6uSbpRl8=DfgHSENIB.jpg,354,852,483,558,603.0,520.5,498,75
FYn9MwrqwC8EsjI=3s=1R9bdEVR3gSk.jpg,353,785,432,498,569.0,465.0,432,66
FyQ1taQxZgwTQsMpyLN3KpIF2jhqWHK1.jpg,415,831,420,491,623.0,455.5,416,71
FyrsJu1aXmoWk94gqg6C79mByjT_pp.jpg,360,857,451,523,608.5,487.0,497,72
fYRWdP9vjOcHHwpiXEGY3ufQCIPZHS.jpg,378,942,507,589,660.0,548.0,564,82
FZD5I8N1vXryyv2S5fszmT7_C5VemLzk.jpg,421,845,419,482,633.0,450.5,424,63
fZeKWTFKLjGhh_SHjwBw6zkCLqpC8WpC.jpg,390,834,449,516,612.0,482.5,444,67
FZeOKPyGR5x5v241xDf=NdszvQM1NGYm.jpg,401,860,422,491,630.5,456.5,459,69
FzkrupUNt2WnTJwDHdkkDsgzGQsLZh.jpg,380,973,487,570,676.5,528.5,593,83
Fzl8ncz8EyX1cxSG8FtbfuyL9isM9.jpg,361,833,473,545,597.0,509.0,472,72
Fzmrs1UWdx=QbecHobP=pEYzcLmDbE.jpg,423,843,417,480,633.0,448.5,420,63
FzpgsO4H56CSmQ3edpjYGrdMpUxQOKL_.jpg,439,723,449,505,581.0,477.0,284,56
FZssWLTeSgbsu7y1Ziumq=H6dkhXML5u.jpg,382,813,419,482,597.5,450.5,431,63
FZTyLgCJOTkfhhTJd8fI6UY9xByVzYM.jpg,440,899,437,523,669.5,480.0,459,86
FzwJtvTVLhdMjcEruzOPwhPuonrn1V.jpg,435,876,423,496,655.5,459.5,441,73
F_FH=CcdBuz9NUDkXEZKTwYWqsQELE1.jpg,348,792,438,505,570.0,471.5,444,67
f_FJ4KbiS2wh3VEqO_Y4udQMkWSEIK=U.jpg,395,925,498,578,660.0,538.0,530,80
f_fYBZcaE9OpxzXyMDGmsEpSlUsJqWe.jpg,385,830,429,498,607.5,463.5,445,69
F_sxPH_4f5HEPOnmdyiBHywo4DDpxU7.jpg,202,701,455,530,451.5,492.5,499,75
G1CtVFkOnQtwZ9fqY9PMQmHHajhep_.jpg,438,936,450,524,687.0,487.0,498,74
G1hWNbdoEwekyzNO38Fe8GEkH1tH1.jpg,460,862,414,479,661.0,446.5,402,65
g1UnH55Zn1Llu1wQlYIODmBklfZrW2g.jpg,299,850,482,569,574.5,525.5,551,87
g22CDWz63lty_RgYonSipjG3jdSVMx.jpg,415,809,469,542,612.0,505.5,394,73
G2BaxEFMrz1qz3VIOjfi9RzgVpIVsFV.jpg,485,996,477,559,740.5,518.0,511,82
G326v3F_5GXNFeXQU26VZEWlqMDNzTc.jpg,359,807,423,492,583.0,457.5,448,69
g3crGchssUSOoxuhTMFQpRkdNR6XWvZk.jpg,299,660,464,531,479.5,497.5,361,67
g45eOIxrZZMt_Pro9kvmhbhBMDwvsji.jpg,403,885,474,552,644.0,513.0,482,78
G48zpSCfdhPxpEv5jiTTO8xuvVX7UD4.jpg,390,865,442,516,627.5,479.0,475,74
G4dhVxH6MtuPBcZRiZE34Fcz9eUua7Ig.jpg,265,833,471,557,549.0,514.0,568,86
G4Pmj_67sTqFUnvUu3CUu3nVwKCCQJfl.jpg,158,829,526,618,493.5,572.0,671,92
G5EGXoKtXrllZJTn4Ru55UiNU7dz=O.jpg,419,862,427,498,640.5,462.5,443,71
G5tZuwFEU8fphLWNSqfMwMOuVybxJx5o.jpg,366,826,426,496,596.0,461.0,460,70
g61dQPXS=d83=B9sbgJMhzLyDrrSLoa.jpg,404,815,463,529,609.5,496.0,411,66
G6iYtDHgqTgwQt_sMrPS_Yg4W1KchBg.jpg,333,788,457,525,560.5,491.0,455,68
G6vbE1o32yMpPLRbDhbVFifVflxJww.jpg,207,984,543,661,595.5,602.0,777,118
g6v_sfr5FiNTQE15NEybCKriaECuYZD.jpg,406,1029,484,574,717.5,529.0,623,90
g7EwjZ6eZhu7FrIc477siVsV16_gE4.jpg,455,883,450,524,669.0,487.0,428,74
g7j=oMlefCKXJENMMMQsqFGE5nG5azn.jpg,440,841,418,484,640.5,451.0,401,66
G7JlDjoKjXfr9rgs=24cpOzn8X7JNL4.jpg,249,898,499,591,573.5,545.0,649,92
g7ZqeoDV9qpujZ24E2oYXXqhc83EWU.jpg,378,864,447,539,621.0,493.0,486,92
g817VvPeGr_k2j8Bt2ZBm5uwzu1IYqKz.jpg,288,1042,528,646,665.0,587.0,754,118
g8dswy1HtLbFQprP2gJSPsmTHN6eOc.jpg,464,855,412,478,659.5,445.0,391,66
G8hnzubjtPOzGc1pV7QqFuCycKDUst.jpg,340,733,415,478,536.5,446.5,393,63
g8JnSTpNkTVfiHN2=4U2JCK5JtoOZ.jpg,412,942,464,555,677.0,509.5,530,91
g9Ew=IoslSGYBXq_T5w649y8wIhPbDW.jpg,473,892,424,495,682.5,459.5,419,71
g=7_RKMTwOPTrfviW6zHZWL2rbEBa3a.jpg,388,918,488,571,653.0,529.5,530,83
G=w_KhoNRxDUgNXC9u1vkohn_Osu8Mf.jpg,420,929,452,527,674.5,489.5,509,75
gaGeumF4oZp1cR6CTavs4x_Dkh_jCQp.jpg,446,794,451,520,620.0,485.5,348,69
gaR3R5J2pEoXL8lFMpLhj7U6Bchxxkr8.jpg,447,884,424,491,665.5,457.5,437,67
gaVfJOLwZ2W99w79pJjlIObea9gDN_gH.jpg,390,937,503,583,663.5,543.0,547,80
GaWByk3hk996x1MH8KUv5v59EhPuj9.jpg,344,914,469,553,629.0,511.0,570,84
GB7KItDdJ6bgrdNP9ugN7BB1xLx_npF.jpg,404,816,419,485,610.0,452.0,412,66
GbaRaNau9URMYWG4dqzwO7V8VnTVS8E.jpg,408,956,460,543,682.0,501.5,548,83
GBdmfDLhHH2qv8O7=HeWhoK=cYKRpsv.jpg,256,789,456,536,522.5,496.0,533,80
gBFzst5TZTQNG34hBC_WtxkKJw=7Zhd.jpg,312,754,434,505,533.0,469.5,442,71
gbKm4Y4flCnjjCqf6zmx_efUik1pVk__.jpg,373,813,421,485,593.0,453.0,440,64
gbu4Lx1cSe7ife_s3h2xSOMpw7qeK7VF.jpg,357,878,451,533,617.5,492.0,521,82
gbzcfyQ8FYTtvE3K6iNfj5zUNP3D=bU.jpg,367,1002,483,575,684.5,529.0,635,92
gc4TsCVksKqhMthlMmNrizKGI1v_zpoy.jpg,427,839,418,483,633.0,450.5,412,65
Gc7mYRFMzggej7=vMNMWrk1y4n6K9pxb.jpg,415,848,460,526,631.5,493.0,433,66
gCDJ2Ght7fmQQFOk63jNl7gD7tii4nE.jpg,322,857,447,530,589.5,488.5,535,83
gChlF=Qu=xFijwb4Banfg3r5C62i.jpg,430,933,483,561,681.5,522.0,503,78
gchQb5UJ6Yxqnd=Z_8pI53HapfBay.jpg,412,849,431,502,630.5,466.5,437,71
GcIVI3pXy1vbW6mZO6zRlXOiomCNyJ.jpg,432,1022,517,604,727.0,560.5,590,87
gcnTTclcMcQy1sykgYf6tXFDFgLOhemj.jpg,436,957,487,567,696.5,527.0,521,80
GcPkMIDE1DdVecioBVRHzq8eZ5oqfQV.jpg,441,796,485,551,618.5,518.0,355,66
gCpRdFcjuzDIpf594OwB6rfn3_636GcI.jpg,320,801,438,514,560.5,476.0,481,76
Gd3mXV2k8FZxMW4qtlk=sEO_cIlkrYI4.jpg,309,884,522,605,596.5,563.5,575,83
gDGkc5Y2WoYajCD1LC2T43prMp6GFdT.jpg,316,911,474,569,613.5,521.5,595,95
gdhW2pJhP6QTmUvJr=bd=dQ2JsMQIG9t.jpg,385,897,442,540,641.0,491.0,512,98
GDLir=2x=Bj2ZsTSdn1BNK=vnumfb6.jpg,365,853,448,519,609.0,483.5,488,71
GDWZIKa3Vv6MfkYCR2bPNm9aIXijs9m.jpg,388,754,500,565,571.0,532.5,366,65
gD_G4Ws5rMUkLH=8zaR2OaX=Jp1m4s.jpg,415,816,413,493,615.5,453.0,401,80
GEcewRIRDHhUJZOVjXBfhx=7N4obv2um.jpg,437,923,437,513,680.0,475.0,486,76
GEDeKJFR=7g5KK9jIHq9Z5BEblK5tyw.jpg,331,657,436,500,494.0,468.0,326,64
geE3bugewdDgzbBtfVDKneSKQRKsOHye.jpg,421,753,444,511,587.0,477.5,332,67
GeWSfhfz33XMECcvMpSBIUW2KnqOsT.jpg,412,830,408,490,621.0,449.0,418,82
gExg9PuaKOWlPoWC4NdC7G2i7KyzO5YP.jpg,488,817,475,537,652.5,506.0,329,62
gfPZXUldhwgrPf1OHMolUWpgQHjIM.jpg,118,949,498,617,533.5,557.5,831,119
Gg6O2Tm6z54NKGEbvQwwHgmW781Or6x.jpg,425,894,436,510,659.5,473.0,469,74
ggcbXtvIN954em1aETlIHfqZ1MKm5_=N.jpg,303,717,435,497,510.0,466.0,414,62
GGcuPgDLhZL6wlqrTEVhGTi1V1wdQWUg.jpg,392,879,482,555,635.5,518.5,487,73
GgFLGPUj7K7JpaV9ggXta5dlEJ5G.jpg,335,730,462,533,532.5,497.5,395,71
GGgF9pxMmUR6e5BNC59thfapzsDC4syQ.jpg,431,839,447,519,635.0,483.0,408,72
gghBMdNTac_IHjKd8VHgRvZcUd19dQ.jpg,412,981,478,560,696.5,519.0,569,82
ggiaTq4aSu2eiFXp3D3Vrl6hk1=_iG.jpg,453,893,432,499,673.0,465.5,440,67
ggMFIoCLDb83_stDUROUuTjQjaxPm.jpg,404,744,433,500,574.0,466.5,340,67
GGvGqTt1NIvbO4XLNZ6v6Cj9Z1ctiM.jpg,466,926,429,506,696.0,467.5,460,77
gh7K6J4gTnMS5aHiu2x8uBk2sLflrE_E.jpg,295,918,540,627,606.5,583.5,623,87
gh8qNs6S3rGYOqv5mK_VX7xbqiwtXBl.jpg,396,841,431,504,618.5,467.5,445,73
GH8T8NzGi4X_wOaammoWpnmzIEzROyJH.jpg,389,666,416,470,527.5,443.0,277,54
ghutgHnuOLiwlLz23Cen2aMt9NrueSQ.jpg,396,839,429,508,617.5,468.5,443,79
GHZdYGmrl3elUzccRtJU3B9DhMISV.jpg,285,795,486,561,540.0,523.5,510,75
GI4RMT6heKXjDsP=NlOE1J5h2Pz3wh4E.jpg,432,984,495,582,708.0,538.5,552,87
gi9YpxxwCEkxPZLlEQHFmlG2uPNkypM=.jpg,272,772,438,514,522.0,476.0,500,76
giQxtZk8Elz2dZEXV2tuzm5opVmpVYnD.jpg,353,870,458,538,611.5,498.0,517,80
gIZqVuaoeQPN8lUWf_imKpPEr1QSRML.jpg,408,741,440,506,574.5,473.0,333,66
Gj75deNWNaa3VuZqC7rDG=FSvCva17ww.jpg,403,933,453,536,668.0,494.5,530,83
gjFryBouS6IcUwn=SrPNZKBEe1_kGj.jpg,364,844,445,523,604.0,484.0,480,78
gJfWHdh3ZNjowZlf1GXSheb2NZTNcakr.jpg,459,863,420,485,661.0,452.5,404,65
GjjQKHIbcGZJz43xwd3a6_HNstvKlgy.jpg,426,949,453,533,687.5,493.0,523,80
gjlTJnh9dCFbJqNxg1alw8RkICn3rCix.jpg,436,868,422,494,652.0,458.0,432,72
Gjuqh5alfooUUJWN7mdBr_bUQYnY3f_.jpg,326,873,511,589,599.5,550.0,547,78
gjypk4KkxXnphdQxJfqKX3i4jdlOY=U5.jpg,423,703,438,492,563.0,465.0,280,54
GJZp1kbwiNJvu48xt1lKOj9sfk4lnxe.jpg,389,819,422,490,604.0,456.0,430,68
Gk42HOcunSZNBDzEujKSTxPsz5zO18OT.jpg,300,833,442,524,566.5,483.0,533,82
gkbrvDxvsHCw2_bvp3OH_D3QF8myRMf.jpg,482,780,460,516,631.0,488.0,298,56
gkGeCGCOtN6NSIfpI4dGClogfY1oCBb4.jpg,314,814,477,551,564.0,514.0,500,74
gkVaudElgmga3UVJ4j8lxZ58lOOucS.jpg,421,865,454,527,643.0,490.5,444,73
gKwQnoNI8a5MBO5nieNmWkd3CqC4n1.jpg,445,890,436,502,667.5,469.0,445,66
gLb6CST79R8xEGdZithxjpTGvUzjGhn.jpg,452,910,438,512,681.0,475.0,458,74
glVH8YCRYjEglZllgJUcnUsJzZJEIHLx.jpg,453,886,460,525,669.5,492.5,433,65
Glyx6reoYh3HTdJQ9mzLo2b6alRUhkJ.jpg,418,805,412,481,611.5,446.5,387,69
GM41wvMpnyMtoXaLjxf1Hvg2yOIJQ6c.jpg,387,934,461,542,660.5,501.5,547,81
GMEKraqSkUWqsMn7a_N_xBKwnUNx5Eb9.jpg,414,832,440,502,623.0,471.0,418,62
GMlsrQesvIE=Hvxu7yVykoWg3fNFjC3P.jpg,490,917,417,483,703.5,450.0,427,66
GMTaOscBPrfJPcBFrfws72_i4L_2Mu.jpg,375,775,495,560,575.0,527.5,400,65
gmUE_Q2lHv4ss6iWUtMdqLbxn_RR6mcz.jpg,455,817,504,572,636.0,538.0,362,68
gmvZwEVECvcceOnbL5DMvMi3ZdU1ewwt.jpg,451,908,472,542,679.5,507.0,457,70
GMwvfsBMv9dyb=P9U9E=MHNGN=c5Bkq.jpg,233,797,471,556,515.0,513.5,564,85
GmzOGxWtMUWVrFWGazqKzpPjGZUxI=4.jpg,306,749,429,501,527.5,465.0,443,72
gn5_5BaWKq2mqtwWIv4j3_YFZt_I9Zid.jpg,415,904,488,559,659.5,523.5,489,71
gnj6IX6=rdSqWdCZ_1UtuaaYSjlQ13He.jpg,385,867,446,522,626.0,484.0,482,76
gNMTkRWx3USdJr3_jZfxL=UY_moVl7C.jpg,330,694,464,533,512.0,498.5,364,69
GnzopZlt7schNx7iJtDSaZ1ucHOcWCNS.jpg,439,938,437,512,688.5,474.5,499,75
Gobuw4FXGEp4MPXhtxgzhWDLo56Gds.jpg,378,664,432,487,521.0,459.5,286,55
GOgpcZRROiUjapHkv9gviuug1r=g7Vq.jpg,235,1060,551,680,647.5,615.5,825,129
goI9xSiri89Mcx5E8x8naBg7g3FrC.jpg,334,1231,613,749,782.5,681.0,897,136
gokVlnp3jMqSoRyx=Ge3PXLj2Suyku.jpg,429,898,434,509,663.5,471.5,469,75
Gonbda5nRZEljcmXkuXxv4o1HtTaRQd.jpg,417,955,452,550,686.0,501.0,538,98
gOnFwUUKo9h35ubutclk_Bidg7KTWbLW.jpg,332,764,421,486,548.0,453.5,432,65
GosyRSZefmgMQQsKO3xhNX2qfbDoLc6d.jpg,356,775,435,502,565.5,468.5,419,67
gOthxr5Sbv_cFcyelLZlaojgC755UID.jpg,462,855,418,484,658.5,451.0,393,66
GOViEurfaKRwOfgMCjnsfp_brjuTg2Ek.jpg,500,830,476,539,665.0,507.5,330,63
Gp2lEgpKF994=D=ro6Xp1mHZ2C_Cjpk.jpg,414,811,418,486,612.5,452.0,397,68
gp7sjtjXK46pXe_Rg9Xowedpc3=Q_s.jpg,476,820,482,549,648.0,515.5,344,67
GpcENsDrzUiaGV_eefnNTG6kD9XPHIS.jpg,414,863,461,531,638.5,496.0,449,70
GPOf=RQgsZE4GFDFrxpC1ofg3cNHtD8n.jpg,460,959,440,517,709.5,478.5,499,77
gpOFg234pp_2rvqQqjSYWw413QZOd7=S.jpg,420,747,474,535,583.5,504.5,327,61
GpwaJHXsBKaUJ7Sm=jBVZ5gei3JbsRZX.jpg,442,978,452,539,710.0,495.5,536,87
gPxxjS1c67clE815zxwFe5TiWr2=mYv.jpg,311,751,421,486,531.0,453.5,440,65
GPYY2ah5SZBNDvn1zRYo3PP3dZOln.jpg,348,834,472,546,591.0,509.0,486,74
gpyY8aa8jyITFbsJBPENzyc1jI24Ev9.jpg,362,852,435,507,607.0,471.0,490,72
GP_=4DzbGgGaVY2U3ZZCtcrntzquiTg8.jpg,454,853,436,496,653.5,466.0,399,60
GQbK7MHXs55GjkOQwNNeTtZWjD9l5gSs.jpg,409,829,426,492,619.0,459.0,420,66
gQDEWZgEjkRJUeH5dYZZ4dxUOuWDuqyw.jpg,389,812,438,511,600.5,474.5,423,73
GQGD_GBH1jOYV5SEpy69OXRUsa8YN8h.jpg,424,770,463,527,597.0,495.0,346,64
GqiMxiOJURo28EGfdeOFsHT7fC6ceCg.jpg,441,891,445,512,666.0,478.5,450,67
GqjduHabveHhaMq1NVbgikSQCFzRG7PJ.jpg,419,921,443,540,670.0,491.5,502,97
GQkJ4iH4aDSNKb6qEGEt1GOLeV=GEPGz.jpg,363,861,433,508,612.0,470.5,498,75
gQkKKsf2qLMtaQqjds9Y11_5Bn7xs.jpg,335,909,514,596,622.0,555.0,574,82
gqm1OBFD=Fw3ddn8fm4tpwNINDBVwa83.jpg,340,618,430,486,479.0,458.0,278,56
gQoLgeQbQMUlfoxHIH5WljZ9RqPqNi7.jpg,410,873,427,497,641.5,462.0,463,70
gQRDyl3nNpEy5jjBp7ow3pwMKI4rX8FH.jpg,214,818,492,575,516.0,533.5,604,83
GqvjIptop_3mYOWL=GSoOgcm8azYTf9.jpg,370,904,440,521,637.0,480.5,534,81
grDFDygKCg8lLgyEqoZJtRtTwOz1f58.jpg,365,843,445,513,604.0,479.0,478,68
GRdrCjdVXWmzrqXP2b3U1pDuO1FXBJHr.jpg,409,840,424,504,624.5,464.0,431,80
GRH5r9diBUPtIqJHFxR=J2RwKLtiW.jpg,356,658,428,489,507.0,458.5,302,61
griEuiJDtYpcibhUi_aUPNPEKThoUJF.jpg,250,771,457,535,510.5,496.0,521,78
gRnnsX1xQxJswB18QcmPY=wkgVvEk7r.jpg,441,1010,445,526,725.5,485.5,569,81
Grnq9WJPv94wjyNViXvbRpffL6G2UM2O.jpg,483,940,459,535,711.5,497.0,457,76
GRqcyLj=pjC9qROY9tfF8=pjLxSN_u.jpg,372,783,424,492,577.5,458.0,411,68
gRxRa6JfB98Xvowcm8TcsdaRV2rlEB.jpg,301,789,436,512,545.0,474.0,488,76
GS2cz=qqbZ1RfZuq_LxS4NzaPW4a4BQ.jpg,118,863,460,564,490.5,512.0,745,104
Gs3y6cDfgTOuRRKU44bjHGc7KhPZfr8S.jpg,363,839,487,556,601.0,521.5,476,69
GSaJPas3tNap7vPRinQTI1IRG7MDIrY.jpg,391,828,420,485,609.5,452.5,437,65
GsgGf27mnvY72_We_KHwXwuBw=PU9rgv.jpg,399,834,427,510,616.5,468.5,435,83
gsJqSl7EeHJqaTU6=CqBzvc4Qn4fq8Mw.jpg,353,788,434,499,570.5,466.5,435,65
gsP=gznxXmzvgeRwykpMhVBo_IRM3fGz.jpg,425,995,519,605,710.0,562.0,570,86
GSZYEeIZfEHaJeq6XXssJrClRE4Jga.jpg,429,842,411,474,635.5,442.5,413,63
gThGk97IcLoJZ6JpMF4IF8IpUc7IUG.jpg,416,1110,492,634,763.0,563.0,694,142
gTk8_lJIBsTXu3L5_TafUmipJ3lnhL3.jpg,298,760,429,499,529.0,464.0,462,70
GTrb58JPw5HL=qvE5Qzk6GG6GjFbMzL.jpg,351,877,500,580,614.0,540.0,526,80
gTWZtG3uHmLHPJdFc9WoaIgo5r8B6x.jpg,484,897,495,566,690.5,530.5,413,71
gty6HIw47n6xUXQgp78GjBxqtG5t_Xg.jpg,400,805,416,481,602.5,448.5,405,65
Gu763WZkee9tEZSts_QVoRf31JNI2Rw.jpg,443,965,463,542,704.0,502.5,522,79
gua8nkTcqDCgtttcMirOTYFL2w3kHDk.jpg,283,776,475,553,529.5,514.0,493,78
guJ1WUBgM=ojU5aSsM4OIjoyz=ntPco.jpg,316,761,427,514,538.5,470.5,445,87
GU_YIWj9Hbw_WS4hWk_NxapwY8F3nzj.jpg,364,739,487,551,551.5,519.0,375,64
gVC_Ykpp61fsWEaCinJzHVttD_agFUj.jpg,336,741,421,487,538.5,454.0,405,66
GvKJ7rvfPpdYkisIkyur=YfnXacN83Q.jpg,439,862,424,491,650.5,457.5,423,67
GVwkr6oog1vraCnmjVLhPrpfsE3YxsQ.jpg,389,921,501,581,655.0,541.0,532,80
gV_imgJbS2dCnCwpCpI18zHr_dNupMXT.jpg,342,651,426,488,496.5,457.0,309,62
gWfIyEbqg9p9iOvTDhDOCooTCEfXWWC.jpg,386,819,425,493,602.5,459.0,433,68
gWFJ7zOSVqOfou1nc1XfmU34eGGo6B.jpg,498,813,463,525,655.5,494.0,315,62
Gwi55WD_YiarQzV9t2fhPCzGzvJe3z1W.jpg,283,756,432,503,519.5,467.5,473,71
gWK65h1Mbf2BzB=bsXPSaJTf4_2klU.jpg,389,820,431,502,604.5,466.5,431,71
GwKJ4agDn9Jf6N84ym5UspLZZbRyWrtb.jpg,438,888,418,510,663.0,464.0,450,92
GwX5NWkc7cc1IRu1QQjkrueqSwXQh.jpg,311,756,425,489,533.5,457.0,445,64
gxNdB6Suua7=ENlJJDkv_Xd=tenv85_.jpg,363,831,428,500,597.0,464.0,468,72
gxnJyzE2TYBDBrEMNvvSwlnuVxNWTLq.jpg,401,817,427,490,609.0,458.5,416,63
GXr7DLfST3hSon_2i1ttwgJQ7PrM=3.jpg,344,736,418,482,540.0,450.0,392,64
gXsn3uHvi6FhuFkvL4_CXEBoQQHqoajB.jpg,418,809,415,478,613.5,446.5,391,63
gXtkflYdsr7NW9ouvrfLkqvySQUfbVtR.jpg,338,697,465,530,517.5,497.5,359,65
GxZCggvUcaduiHPt2jcZ3vyIExEWcZu.jpg,346,755,419,485,550.5,452.0,409,66
gX_ebDxk7PGxLxRde=Y1kakxJ9lBat=.jpg,321,754,425,500,537.5,462.5,433,75
Gy=IiZZe3ug7Ng9P=tXDLWwZ1yECgE.jpg,381,666,431,485,523.5,458.0,285,54
gyF1y4DudXm6oPyKgzJiMnc8UP5YGHXp.jpg,384,838,433,517,611.0,475.0,454,84
GygoX=1GhqhmVKPaQfZqiR4RvuEpK_ZV.jpg,352,921,488,569,636.5,528.5,569,81
GYhd=kKUmobczI7fiYmcYH_VH8tTHt.jpg,338,873,465,542,605.5,503.5,535,77
GYHiiV=YlzMZntMehLb7vN7bJ9nLIQP=.jpg,422,856,428,500,639.0,464.0,434,72
GyKXMNwj9KJkhlEYseoRH=vlhc7Ueaz.jpg,332,939,537,623,635.5,580.0,607,86
GyPJqYOEcSjTNXJCgsH1eaa5NUW4h.jpg,310,833,460,534,571.5,497.0,523,74
gYPXbvXjHPMxfIkM4kHFhVG5BY.jpg,444,849,412,474,646.5,443.0,405,62
gyxdHFNv2IdUbpRJ3ohKaUaCftMohUpc.jpg,439,847,418,484,643.0,451.0,408,66
Gy_lmm_blryUTaBlgpu2crjEqYc2mPCF.jpg,316,831,455,544,573.5,499.5,515,89
gz4P_MvtUdGkCuiPGm2eTF3wQyvdEJ.jpg,318,744,425,495,531.0,460.0,426,70
GZiWFbiRS8H35BuHp5RhgornfdPSke=.jpg,321,777,462,528,549.0,495.0,456,66
GzSQna8IXquFDg5plmNBucV87MDMQ3U.jpg,464,888,444,511,676.0,477.5,424,67
gzX9gC_JVChnSZZbbWSil7nl31WeeWGh.jpg,432,855,423,496,643.5,459.5,423,73
gZyD2ZNML5Bcgv4PPLidEJCENUVqhl.jpg,398,900,489,562,649.0,525.5,502,73
g_jxq_vfqI_XjdV6=Z2LZPGhrx6fNt96.jpg,354,918,514,593,636.0,553.5,564,79
h18FQv6oQEV8FXpJpg3FZx9aMkKCOVKz.jpg,397,821,425,491,609.0,458.0,424,66
H18YLCOCFktm=WmouWxXc_17wut4xx.jpg,454,871,410,474,662.5,442.0,417,64
H1=LCQB4Y9hQpEtCxVR5fCIncuJL6FU.jpg,436,777,455,517,606.5,486.0,341,62
h1yqNYW1t4N4WJYQbx5DlcCThg=14GLm.jpg,391,925,446,523,658.0,484.5,534,77
h1zepW88nV4IUotelBck5krTuTbtHr8T.jpg,424,828,415,487,626.0,451.0,404,72
H2fDi=ET93mVQqZvGoQ_yH9_J5cU8icF.jpg,390,816,423,493,603.0,458.0,426,70
H2s2FEwo=1Z5SlvWNwR_88N76wbdUJO.jpg,418,813,415,480,615.5,447.5,395,65
H4BgPg2HuiKf=QNyIgxlFfLVBaBkJZ.jpg,373,884,455,530,628.5,492.5,511,75
H4J7j8XoO5zS2kQ6_LcuSofqobuJg.jpg,443,856,420,487,649.5,453.5,413,67
h4R4vSwpa3fkR8rqHu2pTz=YQmqwH4rB.jpg,395,796,412,473,595.5,442.5,401,61
h4XK4XQGr3pOJ9hI2h4YHXdr7P258H.jpg,439,860,423,487,649.5,455.0,421,64
h5aPZiq3qeM7B2dKnTJG_u1EIwMxvbN.jpg,420,857,423,495,638.5,459.0,437,72
H5d8Od=2XNagIwH5Jy2DrvMv3Xn5ed.jpg,289,1024,528,635,656.5,581.5,735,107
H5faCBn9Eoa5qZtytjxgqcroLaGN_1Sb.jpg,428,898,442,517,663.0,479.5,470,75
H5gbOZyeYhKQ8Ev8RvoWXqRi4l9KtJtz.jpg,403,859,422,490,631.0,456.0,456,68
H5uQ4C9m8tTQeMajTL6NZLd1NI2jjQN.jpg,395,825,431,494,610.0,462.5,430,63
H5WRNSL_X8IgEjc79yjRYkx7E=us4uB.jpg,364,731,445,513,547.5,479.0,367,68
h6vR5pSFh9yJdPRlCjD2ldwcJDKej5.jpg,393,723,444,511,558.0,477.5,330,67
H6Xqp1a__M3jKQ1L55OyjYnhwk=uIyge.jpg,346,813,427,496,579.5,461.5,467,69
h76MLZgSwrt3Q7PROiOyDqESkFTmyst9.jpg,382,1037,498,595,709.5,546.5,655,97
h7fiRH3muQo96SNdYKpfX8NNCc1MC5R8.jpg,246,793,469,546,519.5,507.5,547,77
h8HSV9PGwrG_6ovUyelRQdIgXqqj_6.jpg,399,844,421,487,621.5,454.0,445,66
H95JhPwUoSW8axMgicir6vK9mNKH5J.jpg,160,821,490,587,490.5,538.5,661,97
h9CCbMMxpDRJP2lBiZejRuzHFduJk6rN.jpg,400,751,487,550,575.5,518.5,351,63
h9Ce8Vkr928NbT6W6WDgyCVWUmXNE1P5.jpg,422,758,473,537,590.0,505.0,336,64
H9spYaNq5lOaudBT46snNTIUOMU85b_.jpg,313,773,424,494,543.0,459.0,460,70
h9xOpTX1j17mWpqwRMJlEccDfvag1z.jpg,313,890,479,559,601.5,519.0,577,80
H=2hnodz7y45qTNmLclOkx3KaJSFv2H.jpg,361,879,459,534,620.0,496.5,518,75
h=DPMzecYXH_bnamgRj8CXnR1zavofEG.jpg,431,909,478,550,670.0,514.0,478,72
H=dy4w5ISPh_fzGCeUn9yq7KR_NfCBwq.jpg,374,880,492,567,627.0,529.5,506,75
h=wqQdk1y4pJL_Hs7NdCQp2SeGp5t7h=.jpg,374,875,450,522,624.5,486.0,501,72
H=YoFIgPfjgLPcWtfrLa2YwRVH6uDe.jpg,362,798,457,524,580.0,490.5,436,67
Habisz3OtV_542TTdbXO2fog6Ze=zP.jpg,418,880,430,519,649.0,474.5,462,89
hajEgXUx8Zz1F5Fr7ks6Kn6w2sw17Ox3.jpg,163,782,462,546,472.5,504.0,619,84
HaMjEHwQUccpsyP5hd254cFI3DJrOWoE.jpg,339,749,421,487,544.0,454.0,410,66
haUI3ezRvEh51Yvxq8LpbHNKbJWRiksU.jpg,428,783,493,558,605.5,525.5,355,65
hbBIr_IhWfDNs3m62vkevKXvKBjMzFtK.jpg,349,926,509,596,637.5,552.5,577,87
HBCOivM99h_lqn7KxgeEE1bJhRFr6.jpg,426,840,413,476,633.0,444.5,414,63
hbCwNl6nFJ6vSpbX_igFE8SdlWWMS25Q.jpg,383,863,450,520,623.0,485.0,480,70
Hbfm_EksEQBKuIgVLUfGUkxi7YyO4b=1.jpg,447,731,429,484,589.0,456.5,284,55
HbQHPubv5ksugCjGxlb57_ra8hsJnks.jpg,374,862,446,518,618.0,482.0,488,72
HBr7oHOnEDrSxrt_N4uvoZN46yybZDBG.jpg,449,1022,510,599,735.5,554.5,573,89
hBW_JWn=qaKWNYbXvTHraorHuCf1PfJ.jpg,338,847,441,514,592.5,477.5,509,73
hcah1tog=xzYX8iPxlBwXEepsnJBnW2.jpg,376,778,422,485,577.0,453.5,402,63
HcaHdJKogIrxj7pJeHMGTDGsVR7FRS.jpg,411,911,451,527,661.0,489.0,500,76
hcaWI6DNTRprzs5jJ9bKtkuqsJcjmysZ.jpg,415,969,464,545,692.0,504.5,554,81
HcBjkSEhlmTfce1riadFvIFaUuaxxn.jpg,490,874,435,502,682.0,468.5,384,67
HCfTMQgeCN7f=yeudvP3K9LKZs1E9Vm.jpg,324,656,477,540,490.0,508.5,332,63
HCi_tEo7gsftDuiiiXkydUUBXkLnEYd.jpg,390,828,428,497,609.0,462.5,438,69
hcYK7zgVXI7h24yOrpuUVOeNU2qERJ.jpg,383,883,436,515,633.0,475.5,500,79
hdjyzHn3Z6C2K369=nBmqo2kP31L1kn.jpg,337,869,459,540,603.0,499.5,532,81
hdRhko8uFVkfJ=7GkzmwMqbmfBdLBhmG.jpg,376,933,512,598,654.5,555.0,557,86
HE2g1o=7f8YFPKWzkRWbWTKpCaE6GTx.jpg,386,803,449,519,594.5,484.0,417,70
he9kkDXNTbZOPTR3ckzoKaKJF3bJH6M.jpg,347,747,417,482,547.0,449.5,400,65
HE=kJkOqbj5yXHGOICy6GcLYKy=LGsqx.jpg,332,753,421,489,542.5,455.0,421,68
HEbzi2OYcyUMcKE5qO6WL9Mj_5QoKK.jpg,114,847,523,646,480.5,584.5,733,123
HeDMlJpL5=t9EyazOHoZuwHQFS136sq.jpg,371,826,422,491,598.5,456.5,455,69
hEIScsWQiNlTD1MPImH3Hsvkc2SgPTR.jpg,374,911,463,543,642.5,503.0,537,80
heJS7ecytMU2iPmRRs6wohzrezeqUt.jpg,331,794,422,490,562.5,456.0,463,68
HeL1co28Y9Dm22JYYHKMgyZuM8SeqFmh.jpg,401,841,418,485,621.0,451.5,440,67
HePXBlxaiWqNsyzJC6MFwnoJHPh9Fg.jpg,398,833,431,497,615.5,464.0,435,66
HEqD1SwVZVjMFyowYmFTSm1m=CHVau.jpg,438,918,442,514,678.0,478.0,480,72
hesuG=MiUofQf2mMt51hw3eWtjZBzc.jpg,451,782,424,489,616.5,456.5,331,65
hewvLLHz_tEuGdtjpi1pu6zBWpnPNut.jpg,427,822,414,481,624.5,447.5,395,67
HFBtDthuLhUgnv7UWsl7YbPmQdxEh.jpg,310,748,418,494,529.0,456.0,438,76
hFkpLW_mnRmuuvRcmzkvJzn3_9CYd.jpg,413,1002,473,592,707.5,532.5,589,119
hFRGKrJChHrl26U7VJ11Gu9lYYbUd_G3.jpg,274,664,523,596,469.0,559.5,390,73
hGbOPhHYTJxQJeQSE3KTcFCjzDuFDGa.jpg,335,785,467,538,560.0,502.5,450,71
hgOY_P_s58KReywnljmXKE833xW8dPhO.jpg,354,1060,517,610,707.0,563.5,706,93
HhbNbDf4topaseJyKpuh2MYL5qENVwLL.jpg,452,878,412,476,665.0,444.0,426,64
HHCip=WkxVdzi5Fjwb4uYxpPQnthVwy5.jpg,441,886,431,500,663.5,465.5,445,69
HheTObC8zNfxLjdBD1OXx=XYS=4dNM.jpg,449,950,450,528,699.5,489.0,501,78
hhgxLKX3M2MUPbWsKCnn1dKUmVIJbUIw.jpg,310,868,470,551,589.0,510.5,558,81
hHLE6Fi1Zca_FRpdeQvHNhTbbbrVM13.jpg,438,862,415,495,650.0,455.0,424,80
HhN_smoFiSt4Ry=o69vyngWJ39PFgui.jpg,398,707,423,481,552.5,452.0,309,58
HHVJ5D9IUFPuFQEorNwGB7bkBYGjJKN.jpg,348,862,487,566,605.0,526.5,514,79
hhVVWjNPHshJjwNqn3S9Dv2IL5HrvU1.jpg,466,735,425,477,600.5,451.0,269,52
HhXpBfNZeLgnnQYbm9wjG37HUTljC5R9.jpg,270,1008,517,653,639.0,585.0,738,136
HIh4Kp5n8oGFD8jMEwq=7sJDfI4QSN4F.jpg,497,861,500,566,679.0,533.0,364,66
hilSbhkBoiwvnGPYdxS5hTqFqztwx2Dh.jpg,435,859,421,488,647.0,454.5,424,67
Hip7WkOdaO7RkPF3TO92MxMaweh56GYs.jpg,425,869,419,485,647.0,452.0,444,66
hIRCeMUomB54iXEYa6qGLtgox4xJfOq.jpg,281,844,457,540,562.5,498.5,563,83
hiXc28_zvUxeyG3LbXNVWvy9lQ5C9rOb.jpg,370,909,475,550,639.5,512.5,539,75
HjjtQWsC6FfjqTfxN_aC_L3zjumWKLBj.jpg,350,801,423,490,575.5,456.5,451,67
hJmyiBq6SPMLMLMtbpUokE6=JLyfZkXV.jpg,268,759,457,529,513.5,493.0,491,72
HJNSTRv9aZQQd8uocZYG7xKdcf8PiWKF.jpg,484,755,422,476,619.5,449.0,271,54
HjnucXtbRhGdHG1MZVBT1Cyrq_hOvXf.jpg,336,872,469,546,604.0,507.5,536,77
hJv7VH5qNKOMXUdVBeJZyoMZIuN2yMH.jpg,308,1024,521,634,666.0,577.5,716,113
HKcRbY=YW3ubw5QWDWL4r=DXBUXQkED.jpg,346,735,414,479,540.5,446.5,389,65
HkIzQDUPpw4ssjPclc22hdxzNY9q1.jpg,314,755,421,497,534.5,459.0,441,76
HKL8Q9GwZcRNaCzEf2ZuYPsx48MMLze.jpg,253,908,547,638,580.5,592.5,655,91
hkqI5PVgYXBB=m4sCPrqKdpVrQ6FT.jpg,455,999,502,587,727.0,544.5,544,85
HKuGnk1GSsZI8Pf6el4x_x6cNBYQnRc.jpg,451,802,496,560,626.5,528.0,351,64
HkyNy63Xtp8QSf66vp9pCdSvfwZyGWRw.jpg,313,686,450,519,499.5,484.5,373,69
HkZuIV__DpEek4=_pCpWJnZi6J5Wyz.jpg,449,841,415,479,645.0,447.0,392,64
hL7uB3D7rgk7JoTXaNYoGoQH_OftNwxD.jpg,265,809,453,544,537.0,498.5,544,91
HlcdXQesnwvaL9dM412__=oXMLlPNbF.jpg,348,902,491,578,625.0,534.5,554,87
hlgNSboj3gyBIWgMm3kryIzL_dTnEZ.jpg,311,886,477,556,598.5,516.5,575,79
HlHjnkIwyLCNdoc1SgwWJRBTOtT9I1qC.jpg,437,721,422,478,579.0,450.0,284,56
hli6wic3rWk72kcb5gpZn=1s_imBjf5.jpg,346,856,445,518,601.0,481.5,510,73
hllHMmNi=sDR2hmV7QdOVahKZOsKv.jpg,273,769,440,519,521.0,479.5,496,79
HLNnJ1J7m8IggWU5YX6nN6wba=6e4Ch.jpg,472,768,423,483,620.0,453.0,296,60
hLXpke=Iwq3ZxYTFIRpu3DB_MzuQ9m5c.jpg,427,837,422,487,632.0,454.5,410,65
HlZRk5T1X6PSnryaW1O7TrPjJt8x4opW.jpg,499,929,439,507,714.0,473.0,430,68
hmcx3zpGbBhG93k8WLjV3jBJf3Ytf1.jpg,473,747,425,477,610.0,451.0,274,52
hMQUg4ZfJ6rQU4vRZO39yYpVt3J8NnMl.jpg,398,891,482,557,644.5,519.5,493,75
hmr5WJg2oNL39RcRprYwDwoNH4531.jpg,317,759,424,491,538.0,457.5,442,67
hmy_p6JvIYH7SIoQ4DaVB=eJp2EdHDT.jpg,377,832,438,524,604.5,481.0,455,86
HnGx56O_IEiizPqsOvzsoDDQ4CriO.jpg,453,935,479,552,694.0,515.5,482,73
HNiUB1XZYp3B3LsFbKBitvjJXms4dm8I.jpg,418,917,485,560,667.5,522.5,499,75
HNjOI6QaHXpybhEeFiz5e43rkySD8vwv.jpg,380,838,434,500,609.0,467.0,458,66
HnPOXFdia2jryNb4kKR3mFJDUpQj.jpg,293,811,463,540,552.0,501.5,518,77
hnRDwffhWVE6GjQL9o8Evzx5ruwwvSST.jpg,446,880,432,499,663.0,465.5,434,67
ho=ue7nIISIxYN1yg=rQ1UPDdozz=cVu.jpg,408,860,423,492,634.0,457.5,452,69
hof55CLhwotpPwyzarxfhpXnNEqEtzp.jpg,392,819,425,492,605.5,458.5,427,67
HOgH4Lyt5z=9HwXtQYPJCNuzr_TYu6.jpg,313,755,421,487,534.0,454.0,442,66
hOMkUyrld8PhtBrvdDIl9y=Ugbkf9rej.jpg,334,742,420,486,538.0,453.0,408,66
houeJLcVv5k9hidwngyedRHZnkxQsED.jpg,407,827,413,474,617.0,443.5,420,61
hOuRG4pcuKe=dhUWi55h7xl=vjFFmHON.jpg,483,769,440,497,626.0,468.5,286,57
hOZ1uoOvfTudT2=RfIcdNFNNpYmFWJap.jpg,391,800,420,489,595.5,454.5,409,69
hPo5OiE=oM4oHygghc56sxWW__CjaNh.jpg,352,786,418,484,569.0,451.0,434,66
hq6kd46k_4teLfOCgMzyffZEDVomgTM.jpg,455,873,454,520,664.0,487.0,418,66
hq7CNlRXxSeo1xGSwOe2GxHDDJa42jeg.jpg,396,955,457,539,675.5,498.0,559,82
hqBsUSDZa_DffIzKXVTLXMQjcPfVJnEL.jpg,418,901,471,544,659.5,507.5,483,73
HqfZuGK62SXFbnOyVeylEnPBfD=uzmD.jpg,360,781,431,497,570.5,464.0,421,66
HQOXm9CTespR4LyMuJD5EozZnUgLf7vt.jpg,442,822,413,477,632.0,445.0,380,64
HqV9P1CReguh9aRs7Ln_vXrhCsvIBja.jpg,439,875,421,493,657.0,457.0,436,72
Hr6Obq1jHGjNkFgMNl6=E=rdf3NPlJYj.jpg,380,830,431,498,605.0,464.5,450,67
HrBFBEiJnuarCjjlkSae19tbyJg=Oq=E.jpg,356,836,445,514,596.0,479.5,480,69
hRGTs=dUZg3O4lOCcOeCH=2rB4OG8_s.jpg,429,839,410,472,634.0,441.0,410,62
hRN5bXIVnij3NuzQdDEUcJkLbig1Mkf.jpg,369,810,426,500,589.5,463.0,441,74
hRnU_WN_yzRI2dLcb5RFmDXR=E4_3W1k.jpg,418,864,420,488,641.0,454.0,446,68
Hr_scOn4_azfSwR94pWy3klSRQySz7BR.jpg,348,934,515,602,641.0,558.5,586,87
HS1F7dYbcfGtgGLmavnhx8745GyfY68e.jpg,346,877,465,543,611.5,504.0,531,78
HsFuVcy_BZxy4=v5t11Xhh731mFlagx.jpg,500,845,486,551,672.5,518.5,345,65
hshkUMb4y2vdDZ_I_aiCDQddpj4ba5E.jpg,237,774,454,548,505.5,501.0,537,94
hSI3K4phrgHeJcuSwt4ub5KFSo_r_s.jpg,428,845,440,502,636.5,471.0,417,62
HSjN3aexca1Gy5CopvRKm=chqEaHFV3.jpg,451,973,452,527,712.0,489.5,522,75
HSJpgkGRp3EifclQVHgH=wPUu5GW85.jpg,362,902,461,550,632.0,505.5,540,89
HSQoyM1kelfrz6i14sO6zJgX6m8IhUr.jpg,455,722,412,465,588.5,438.5,267,53
HTd2dDLa2YeojkojVr6C=hoky9nP8TO.jpg,354,874,453,531,614.0,492.0,520,78
HtfjyZJVe=fkMl=YCVZlbcpoR9to2F.jpg,408,843,455,521,625.5,488.0,435,66
HTMzcb5DqTO4uT96YBTjDYIh6D=3zJYE.jpg,440,902,434,503,671.0,468.5,462,69
HtOeLokQGKCybJnhycCuPGElro4kSJe5.jpg,375,831,434,502,603.0,468.0,456,68
HtoH2IO1ayJd2IdOWZwyDkWlMSELUnq.jpg,327,798,564,656,562.5,610.0,471,92
hTRP68tCLu6R8KR4pjLyc1sLHqrcFF.jpg,429,908,438,528,668.5,483.0,479,90
Htwz1M=ic6MfFDXKrfbTyJNL56s1cNPB.jpg,363,833,440,518,598.0,479.0,470,78
hu=1rXa7dBMzN11InffHX34fdc712o.jpg,476,788,465,523,632.0,494.0,312,58
hUGiRz8BWiqLisYh4jDdKjrTyLlYs16h.jpg,378,863,442,516,620.5,479.0,485,74
huRgf1BofOMuwHG9idThkE_Wuo67Zz=n.jpg,376,687,429,490,531.5,459.5,311,61
huRXwPNDjzaplylhMwJF7cryuPeTcC.jpg,425,816,414,479,620.5,446.5,391,65
HUyE58xVJa8_VZ=SGjIGy8k3nMjdK7.jpg,393,816,424,499,604.5,461.5,423,75
hv1Vy8Vp9EYKnB93SbLvTQohTERU_kW_.jpg,329,761,423,494,545.0,458.5,432,71
hVlKnzcPfHTqaSvqhQegCbcRPP5G5qXk.jpg,385,870,453,525,627.5,489.0,485,72
hVorDRCYIqL8zbUvnHGbjNnJ7DLpR4Pc.jpg,347,821,472,546,584.0,509.0,474,74
hVZjdgRNOc6RLcM=57NjPL82oY9w9=Z.jpg,442,910,476,551,676.0,513.5,468,75
hW4CW6zBuE9L6E9w99h6hvbuZFNrSCq8.jpg,434,864,451,518,649.0,484.5,430,67
hw4L5LLb1hySUUVm6I4wVZETNTsTg2L.jpg,227,807,474,580,517.0,527.0,580,106
HW=5mIKwLQxEP1Ime_nqtbgi1bN5TRi.jpg,310,855,476,556,582.5,516.0,545,80
hwcLthW_yND=eITFfto=kdS4VEqoeOyp.jpg,388,863,431,503,625.5,467.0,475,72
HWimSdcFgqtU1PNBvgfz2kKHQEFQ6HW.jpg,440,967,492,585,703.5,538.5,527,93
HwN55fojmPq8z=S2w=JEijpJOoo8hqYB.jpg,297,681,441,508,489.0,474.5,384,67
hWRofw4x3SKL4Ic_41eKPmmrZitpVDu.jpg,398,862,444,510,630.0,477.0,464,66
HW_CqiG8SENqP4r6EWtUTLPN83_TT1.jpg,459,822,502,567,640.5,534.5,363,65
Hx7mjJQdJL8X8jIObHGeIzBcWBQ5Sgw.jpg,448,813,489,556,630.5,522.5,365,67
HXMkbC8i5n4yTj_MN5gNVrmOFUIeMQHG.jpg,299,758,424,493,528.5,458.5,459,69
hxO6DPivIPIKrMeM=_R2MUcWe6gaOD.jpg,307,763,436,505,535.0,470.5,456,69
HxvkaGHYlyE6d7Z8CRGp3paF99rnPxY.jpg,401,866,434,509,633.5,471.5,465,75
hXXggkL5zpydr3r9XDKsiM7MgkM2975g.jpg,406,811,419,485,608.5,452.0,405,66
HxXi36PL3QMzc9mQ8hT_NRcegRgGZM.jpg,307,852,462,545,579.5,503.5,545,83
HychjW2pRkY8blYZrJVvxpjJbIn.jpg,469,874,411,495,671.5,453.0,405,84
hYjdIPtxj_ZrU7vy7yMCLscZ_82esuq.jpg,405,812,423,486,608.5,454.5,407,63
HYT=C9YCnRH1z1PlSNh3W=Yx7epI1nr.jpg,472,824,492,558,648.0,525.0,352,66
hYWf4deuUC8KDkwrB8ZdTfSVV=V7z9UK.jpg,477,833,490,555,655.0,522.5,356,65
HyXtMsxgeRTyz3NeR9ySR1jH71yvyPG.jpg,467,802,484,545,634.5,514.5,335,61
Hz3UZEEn4J_icGqBNtwFiYNMgWMRnFy.jpg,373,867,435,511,620.0,473.0,494,76
HZ8PfVGTBGxUPsSQ13CDwGri8tiCisvJ.jpg,422,835,442,501,628.5,471.5,413,59
hzORdNeJuTVN1SLhUpUMhsquoGSpXDTo.jpg,496,793,431,492,644.5,461.5,297,61
HZOZTsC5M2rPsIY_vRh26G5NT167TWl.jpg,438,920,480,553,679.0,516.5,482,73
HZtP1zhcTtTOgIUvzDWhkTQd23NZPgUk.jpg,279,807,453,531,543.0,492.0,528,78
HZZbae5s_3ShWIf=eENTWFZCuHhsPDDE.jpg,381,952,468,555,666.5,511.5,571,87
h_e61IYLkypjDdebU5hD9yC7WiHMl7.jpg,293,907,492,575,600.0,533.5,614,83
h_HOBtsKrsPCrrJV_OKo1w7wrdQgsM.jpg,463,911,426,501,687.0,463.5,448,75
H_JcjjpcM569EIcKlGsOV3cd6YdVcp.jpg,321,809,435,510,565.0,472.5,488,75
H_YxMnDXGwJtsUEJKyvGSU722QJ7REF3.jpg,373,758,409,491,565.5,450.0,385,82
H_ZyK11b5ontExSKtiMYvD37lQiBX4=.jpg,481,900,423,502,690.5,462.5,419,79
i1WpMctoo1cW3_8ugH2gv7pL_iYeqPQ.jpg,234,980,525,642,607.0,583.5,746,117
I1YYZ9btVDqU=12LgmkIHMQH4yoMc7gI.jpg,377,668,433,489,522.5,461.0,291,56
i21=frLiTRBHnC5RTCgTvRB7nILrb.jpg,449,933,480,554,691.0,517.0,484,74
I2D1dMDz77rZmumBBbwSoW7psJ5re=I4.jpg,347,873,462,536,610.0,499.0,526,74
i2REDPinZ9nf7buDNchu2ZWzH9KJIt.jpg,454,861,408,472,657.5,440.0,407,64
i3Brye1DHyMX_d7rBj3gQ7LSstUq1n=O.jpg,294,763,427,499,528.5,463.0,469,72
I3DFPQReewxymdnIf2SzjYZj31SuLWVa.jpg,505,846,452,517,675.5,484.5,341,65
i3Di9H82pfNyks1gBm7HYM97OeRdjs6.jpg,454,861,449,512,657.5,480.5,407,63
i3NJpukMxG2P7jLnuE7rW1nuVKII5hZ.jpg,485,772,429,487,628.5,458.0,287,58
I3plQD_IlmvaQJqPjLV=F7cVeOF9M.jpg,390,815,423,487,602.5,455.0,425,64
I48fVyjPo27RPIhMeQw6fexEK=9i5.jpg,474,783,457,517,628.5,487.0,309,60
i4ITzGJPZoG=7kuuKxzL7BD6WdikpU.jpg,230,878,462,554,554.0,508.0,648,92
i4Ks8b34b13PE=pKqjivTMj7FHdKujNi.jpg,433,828,442,511,630.5,476.5,395,69
i4nTgCGBZRDJHtmK1i9Shn9zLJ=9sp.jpg,399,895,445,525,647.0,485.0,496,80
I4OYwZgFxh9ykoTKXwwlNpIXifSWB=3.jpg,392,883,477,548,637.5,512.5,491,71
I4xXpsa5m=12tSKwBDBxmquXjtIaS3O.jpg,370,840,432,520,605.0,476.0,470,88
i55xu1fwzgguFE8CNPogGstmyY=SW25.jpg,415,829,439,501,622.0,470.0,414,62
I5O1skFZ_8Of7S9EchTihWd1PMeJFR.jpg,404,796,441,506,600.0,473.5,392,65
i5OYuDToPP7Oz9kaHpSGRBGVI83Nn1xg.jpg,313,920,489,578,616.5,533.5,607,89
i5yKobf7zfSWaivQgyYsEz=K8aSZXx.jpg,432,859,445,508,645.5,476.5,427,63
i62VqqOM3pbq1Pzz=Q2b7cqmrrs1i_=.jpg,461,795,470,533,628.0,501.5,334,63
I78lb2h8sv5x8RWYnyaThzWCCrVemM.jpg,358,941,461,549,649.5,505.0,583,88
I79v6LUEN7KnT2u33fWDvZ9txvIcnh.jpg,366,837,432,501,601.5,466.5,471,69
I7B9JT_Ot2ivMJf263JjonJaHm5Ovc.jpg,333,738,417,480,535.5,448.5,405,63
I7HV1aQIIKBlgxzgdaYo2MwNrfUyedF.jpg,425,841,450,520,633.0,485.0,416,70
i7ZQaaviny4ZLundcihfiEyLUgiRgQz.jpg,407,918,449,529,662.5,489.0,511,80
I8PkpiBRdRV1OdTKHL4Fiht2OQgfl1wP.jpg,380,965,480,567,672.5,523.5,585,87
i9gj4YIK_GbFQZ3_mwfQp4f=wlCr3vR5.jpg,393,667,438,491,530.0,464.5,274,53
i9jOIcwxSgy5Jixl5poyg2=YbUY1=pT.jpg,391,898,492,568,644.5,530.0,507,76
I9TVQv9N5c8aDTmaQ2zsSkIlnokbsJlz.jpg,274,834,461,575,554.0,518.0,560,114
I9wF6gkvihbFhUjZrbQnaLvtIErHcgEu.jpg,267,774,442,538,520.5,490.0,507,96
I=4eK_jw6WvgZyDkrdkRdDbjpgbw1Wk.jpg,351,804,459,530,577.5,494.5,453,71
I=OrUYNzMQYQx6BWM3qg3FruMXpRdX.jpg,399,823,425,493,611.0,459.0,424,68
I=SZNy4wyzcE81lpVOENQNBRgaWPfjzr.jpg,215,968,522,654,591.5,588.0,753,132
i=tbsXN7DyGI_jyNnkUkJTWseh8_U7t.jpg,347,919,484,567,633.0,525.5,572,83
i=WGNtCCdVkOhLd32t=czEBIc8vc6xl.jpg,492,833,480,547,662.5,513.5,341,67
IB8Uf44IKouR47eEWhSillNN9qznh.jpg,439,1052,514,615,745.5,564.5,613,101
ibEWCFsM_DHFXHkOnnqcZuWsHdxZbB9v.jpg,409,956,502,585,682.5,543.5,547,83
iBgyM2KxsQnDPKBRuK61c=NquLMmrKXa.jpg,412,877,431,508,644.5,469.5,465,77
iBsXjf2Urpas_36eI4uf2UXhmdPduas9.jpg,429,880,459,527,654.5,493.0,451,68
ib_wqE8p8BXo92HdkfYVgvE=ug9eup.jpg,360,833,436,507,596.5,471.5,473,71
ic8LqO4QtTHcVv_59ks_l7zlCxSD6h4B.jpg,524,892,481,554,708.0,517.5,368,73
ic=JLXzBwyb4tFLI8M9svuNl75=ZXM.jpg,334,743,414,476,538.5,445.0,409,62
iCcFh5rk3RX7OimZvRuVZQ87r5Pa7bG.jpg,270,874,509,597,572.0,553.0,604,88
IcdpD7KDwefRIzwIcIV_Ra77lJuO13u.jpg,438,914,429,509,676.0,469.0,476,80
iCepYoaMbWBfxIzHVvDws9m4FpipPKbR.jpg,374,670,430,488,522.0,459.0,296,58
ICgQjfUlSZFNP5S6KVyIYBr9OayQyV.jpg,362,676,442,500,519.0,471.0,314,58
ickSObfWzbp_Vo7H_fSI1HoytcYtaGM.jpg,400,821,449,517,610.5,483.0,421,68
iCLIBy7QwQbtK=Wd2pUJzzFjgTvrYqqS.jpg,373,792,418,484,582.5,451.0,419,66
IcoTUPehfRs_1JROyqHvaPS=PPwri.jpg,370,685,468,526,527.5,497.0,315,58
IcRVEM7Z6pu7JNTjK12NRetNvilWCLF.jpg,287,878,460,545,582.5,502.5,591,85
icv6hPyoJuKjTXBF9uqOUOKPCt5MlH.jpg,341,831,447,518,586.0,482.5,490,71
ICzXMTC6pkujpXR85BmKxJHORs1X2wE5.jpg,438,895,439,511,666.5,475.0,457,72
iCzYauiritpDpyffX_hrLU8Sqy1yH47.jpg,393,895,468,544,644.0,506.0,502,76
ID5kw8ilSrEe37IYIe9fxMD8FRq=WGYj.jpg,421,808,410,474,614.5,442.0,387,64
ID6z3J9SrQo6su7X998v4qzVohrVuPCf.jpg,338,903,511,595,620.5,553.0,565,84
iD7up4Nd4wNDBbGBVsrT=c_L8NYyh4n_.jpg,462,922,428,503,692.0,465.5,460,75
idmtr3OurqJOeoJo3fZObyZdhjJm6e.jpg,436,892,452,522,664.0,487.0,456,70
idORrkZEtgij321Dhd9dTLvPE_DY7Rg.jpg,420,851,453,524,635.5,488.5,431,71
id_5brgxpjsonQ9VqqbVPrR3PhMzjET.jpg,433,924,437,518,678.5,477.5,491,81
IE5MDUGOpSLmqRdqHrWCpiOSyYshCalD.jpg,360,878,455,534,619.0,494.5,518,79
Ie=bxFNg=BbOPTpF6h65aZiUF2PVc_l.jpg,436,998,513,598,717.0,555.5,562,85
IECvWcS1VI5Qb614Um82IGIyyNUOjHGL.jpg,377,810,421,486,593.5,453.5,433,65
IEHt1N_3Xsm6k2pjutN5Z8l6y2geqj5.jpg,339,728,444,509,533.5,476.5,389,65
iera2t88FELYtGUlgaCIPg94a8BUv1ta.jpg,437,730,432,489,583.5,460.5,293,57
IEX52kLsbs84f5nXxkXaDNQcp3V2tuxq.jpg,341,765,414,508,553.0,461.0,424,94
IeyH2oU3UXIRI44YKQnbJKR_Rp85fy.jpg,429,861,455,525,645.0,490.0,432,70
iFc9xceTPfiyHW3kFUOMu1TdQTB8KIY.jpg,445,894,430,501,669.5,465.5,449,71
iFcxBOBvCs9p3E7eVQOL5FmfGSQQ2.jpg,357,931,475,559,644.0,517.0,574,84
ifdTCj3EIivw1hgQkpWI2hEOmI6Ccs.jpg,379,809,428,494,594.0,461.0,430,66
IFF8fo2Lz3hhmmnbMGzwpb8_gGJo45z.jpg,402,746,437,508,574.0,472.5,344,71
IFnxqfMjeGbFaM=t_=_Dq8EgMppW93.jpg,333,949,532,625,641.0,578.5,616,93
IFq=N=d1aLKxnDqQoejDRriOacoWTiIQ.jpg,369,837,435,507,603.0,471.0,468,72
ift2WFMdao41jkutc9gBQP4P_WqLZXZS.jpg,382,890,451,524,636.0,487.5,508,73
IFwXEfZaqYUnBQXm1Xcs8D7KV56xa1.jpg,453,736,432,485,594.5,458.5,283,53
IFxESsgH2ajKOIavF1Kx8VMt7IOUw7G.jpg,470,801,453,514,635.5,483.5,331,61
IG3dNJmlN2eGmovI6DpOmspNIKzEFG.jpg,218,794,466,582,506.0,524.0,576,116
ig7oQcvX6p3mtgcnH2fW=cpt3i2fUa2f.jpg,395,843,425,500,619.0,462.5,448,75
iGa9nfDNs6M8cYE1xIIDWraQNQr46Q.jpg,302,835,458,535,568.5,496.5,533,77
iGB3wv7oWrzVRFfcDufk=UmrSjmB=pj.jpg,314,789,442,513,551.5,477.5,475,71
iGeDB3WfDrq_gJUVp=Gr7vKZZaSkjqU1.jpg,322,845,456,536,583.5,496.0,523,80
IggUV4YodNqa5UTxIYy7nPhjagt8ZSSg.jpg,381,730,450,517,555.5,483.5,349,67
iGifvgKO_pMcjQdnll5scLYKeF9yJJcq.jpg,451,888,434,499,669.5,466.5,437,65
IgkuzLeyBNtFwvI5sXbV6wwmIIPl4Bt.jpg,376,827,424,490,601.5,457.0,451,66
iGs4E6KxLbKgupvX7g2HHSG=_FLOgB36.jpg,301,681,453,526,491.0,489.5,380,73
igTLMrf6QsrUdEnYkZI1ZprUUe8O.jpg,438,721,423,480,579.5,451.5,283,57
IgvGxjNIsRGnTiBxSsFTl4eSqB3zec5C.jpg,254,1007,527,644,630.5,585.5,753,117
IgYeCl7el29ts7T4yqQhS3YWZjkJY25.jpg,409,893,476,549,651.0,512.5,484,73
ih6N7JFska5G5jnfw1gbJHEKoo1=NeE.jpg,401,834,429,497,617.5,463.0,433,68
ih9IbEfYc9Mb88uFZ5Wmk7G_3cel1S.jpg,405,799,418,481,602.0,449.5,394,63
II=x8CFH76kDH4urZWBkhbFj6hcwQG3V.jpg,410,786,452,523,598.0,487.5,376,71
iideVwGXmq3RnYtCuqm_X7snGiqZsaUi.jpg,294,864,477,564,579.0,520.5,570,87
IiMhcfHmftgYL5cJuU_nMFeiMh_k2kd.jpg,291,817,489,567,554.0,528.0,526,78
IIPy4IotImb12vNXEcpP=ekrhza94dD.jpg,389,947,510,594,668.0,552.0,558,84
IIqeIB9rpTVaB_HZ123ByRDvlOZc_O2.jpg,422,755,476,537,588.5,506.5,333,61
IIQUd1KCO9Cl3nczhWs7dBM=w3mCI6E.jpg,383,875,446,520,629.0,483.0,492,74
Iiu1tRdVqUzdHFW9pmoCiEOXC4sD8tZD.jpg,408,830,413,479,619.0,446.0,422,66
IivVsuMlNhnh3UUHqFl92pgdoBXBty.jpg,436,945,493,569,690.5,531.0,509,76
IivVYw4gNrO2JO72vkIFfB3bU=fjzwd.jpg,430,833,441,509,631.5,475.0,403,68
IJ3vZbsrEeKrJNZfdinerPB54IIWr.jpg,377,825,430,499,601.0,464.5,448,69
IjBowqU1=ufv3UaDbEz1YqNWoQZ=hSzq.jpg,371,930,455,567,650.5,511.0,559,112
IJCV5F6M9ogrO4uFOt5riEQE1V6Sf4P.jpg,411,890,480,551,650.5,515.5,479,71
ijkOOIrqeQzq=zGd_PNSq_RP7ecoN7.jpg,339,916,472,554,627.5,513.0,577,82
IJsn_3Co2VGNbG27M8=FaySRLPcq.jpg,308,827,451,529,567.5,490.0,519,78
ijwhDuFGyPwkJZyfwTcPXjoJWI_kZj8o.jpg,268,928,506,615,598.0,560.5,660,109
ik45IpORh6BiJFumkTj15HKPSweY2eyb.jpg,402,816,425,488,609.0,456.5,414,63
ik=CPbFRW4sVIEmLoVrwoc2LLP3iBnQ.jpg,393,1015,474,592,704.0,533.0,622,118
ikCPudH7itkglJ_3edT8BZwcXHVrZu.jpg,394,832,428,501,613.0,464.5,438,73
IkFxiWOfSLZCmluZOaX3lazFJ5HbLd.jpg,384,678,432,488,531.0,460.0,294,56
ikMPvx4eI7HtkYGsXIqMHJQyx4cCkyZB.jpg,533,928,511,587,730.5,549.0,395,76
iKOOkBaHEH2Pe7C9OQ2ZgP2so8Fd9.jpg,487,805,458,523,646.0,490.5,318,65
ikZKiM8osCdchCRQ1RuJhM6jyrfe8Z_H.jpg,328,760,421,486,544.0,453.5,432,65
iKzyGx2RvGuCe5Pod9dbp=YGxNj.jpg,313,746,430,494,529.5,462.0,433,64
IlCqRZG662uPh6lHFy6KfZSFyuQPtnj.jpg,386,874,449,523,630.0,486.0,488,74
iLHGs8xTyGUkwLckN4ZL9lIDghMkl.jpg,500,789,426,486,644.5,456.0,289,60
ILQOOSdSfvM7cQfcn9Fg1NsZ8pT9yKWF.jpg,280,761,440,519,520.5,479.5,481,79
IlrV=R1xy8qLbF7d8Z7fCTvnTf74M.jpg,422,864,421,488,643.0,454.5,442,67
IlrwaNt7icm3Wtl96gloCa9WQS_Mxc9.jpg,442,936,450,535,689.0,492.5,494,85
iLS8hlEDbSdqhFB9tdkm6wVzlK8Nf3Iw.jpg,347,857,453,529,602.0,491.0,510,76
ILvYkEGlaR=UZkp6dCT9S=d=U8tZvb2.jpg,473,928,471,543,700.5,507.0,455,72
iM2zx5nBa8oOJoQOuahqfkZSpOZIjHf2.jpg,396,894,487,560,645.0,523.5,498,73
Im82nSnk1tXIHKuEzxQSSTTZtN641Xe.jpg,457,866,416,485,661.5,450.5,409,69
ImDtQZHvepiWM5vLMeD1QxKc51fqiBt.jpg,385,874,448,521,629.5,484.5,489,73
ImOBuILeJ9YOhMhs88=baZf7fQNOSr3.jpg,399,959,514,594,679.0,554.0,560,80
IN2a=d3CflUqe3YNmDRIs_nWFe6Rhh.jpg,436,839,415,479,637.5,447.0,403,64
in7ZxFbgxz3niouFlbEzPDPEhlt8x8d.jpg,445,867,421,494,656.0,457.5,422,73
inDU3gvn4=wrSNG1V4pd6EsbaNid4P.jpg,356,918,477,578,637.0,527.5,562,101
iNMlEp8hfqckoLqQMx1FOLuiM6byrXu.jpg,478,818,474,540,648.0,507.0,340,66
inNNDYIuDDjlvGWL796sprHlPR9IuUot.jpg,295,869,470,551,582.0,510.5,574,81
iNoSYMDaHnkN5qU1pG=dmHhXURuCfYGT.jpg,332,988,501,600,660.0,550.5,656,99
inSpkXwMLkNHs7tLJ8o7s9siQxpSWlf.jpg,394,664,424,477,529.0,450.5,270,53
inYxptDD4yvY393fcWtz92o8TFuugdCD.jpg,371,914,460,561,642.5,510.5,543,101
io16Ld4_wCg5Uf5yFs=zuI_DM_Z5DUr_.jpg,471,786,454,517,628.5,485.5,315,63
iO49tvkSycDlw1I2V7ZaKu_8RW6fhuIc.jpg,419,841,450,518,630.0,484.0,422,68
IODjErx3hWWSNK5Nw_fVi9OoIepsUD1.jpg,446,766,468,530,606.0,499.0,320,62
IoJNf=3F2bi3LTzhodi9cgK=cadm35lT.jpg,429,815,410,474,622.0,442.0,386,64
iOrzVzWibukXmbkd1EU_1cOk7aUDk63.jpg,473,751,422,477,612.0,449.5,278,55
IOTcxnk_5u8I=afLYcG1nE97hZvfSxrW.jpg,424,712,429,484,568.0,456.5,288,55
Ip2tS_fgMQX8Xe3u_BRkIO=iL7M3c=uu.jpg,387,806,416,477,596.5,446.5,419,61
IP3hGiYLlt2=JULzsDVHz7ddPMWzJMf.jpg,356,834,467,541,595.0,504.0,478,74
ipeCCvil5y9ggHefqMYtyLvRJCrisP.jpg,478,852,464,531,665.0,497.5,374,67
iPeFS6TYSUtkEtrLPTBoTz37Jdpev.jpg,380,872,462,531,626.0,496.5,492,69
iPiqRdtNiugmnqlwnhCjngMKqIC=wM.jpg,433,792,505,572,612.5,538.5,359,67
iPp=bNa=bXTHWWxOr1t3KKaaX1GE9r=.jpg,509,789,423,479,649.0,451.0,280,56
Ip_Qu1QEu=9YE2tYY=zdblPes6RwKRhB.jpg,452,856,450,516,654.0,483.0,404,66
IqgHHpzdWw_cX9OK2IUgRWRUM1deiZe.jpg,351,801,451,517,576.0,484.0,450,66
IqgvyQ4loY2_zt=Smqkec=3WP7jMFLC.jpg,425,791,497,565,608.0,531.0,366,68
iqiegS_c2g8OzR8lOqR1gqniUXlKC.jpg,395,922,495,570,658.5,532.5,527,75
iqk=Fj2uzLfo=1HLggm2ps3_zSOOrxSx.jpg,415,916,475,551,665.5,513.0,501,76
IqoTN=4UKSo6ypGN1Sc4h1CB4HaE5u71.jpg,344,948,527,613,646.0,570.0,604,86
IQQRoNnuYIdNO8UHuPecnGVkhSFafvkJ.jpg,324,879,473,551,601.5,512.0,555,78
IqwvYJqzn1iHh=XNP1L3Vw3JhzR4wG36.jpg,397,836,434,501,616.5,467.5,439,67
iQz9ftKZa8eEPCLoBNJZZu8HHlPnORS.jpg,394,916,481,555,655.0,518.0,522,74
IRDN4PJR68vzxRkHB3TaZnmM1OxQJymT.jpg,391,968,478,562,679.5,520.0,577,84
irkoaGtgTfFnksqO6phuRKedmVc4fZPQ.jpg,315,754,420,487,534.5,453.5,439,67
iRw6_M6kKjt6su4EVHMEoijRzocwpGT.jpg,432,993,504,592,712.5,548.0,561,88
iS6xfHpkFpM8CoZklEPxPejJv8eVMk.jpg,274,771,450,528,522.5,489.0,497,78
Isa=5rQUOHdVkt6M9aSrw2ZJ7qU1JyV9.jpg,399,879,429,501,639.0,465.0,480,72
IsGsK=usGgRel6OTNqhxTMNPdaNdxc.jpg,274,760,477,553,517.0,515.0,486,76
ISi49EhcmQbTrIQ6aQzOiHQTl3watDM.jpg,515,981,439,512,748.0,475.5,466,73
IsiwOcrBhppysc3=YdV1ruyVpRXl7Qo6.jpg,437,909,440,514,673.0,477.0,472,74
IsJaD6=NnvHWon7beWJj6o7NBLqcky57.jpg,367,942,472,560,654.5,516.0,575,88
isrobBxubMNhuivcRCtgOdNxWH=Pr_cM.jpg,417,922,452,529,669.5,490.5,505,77
ISZChKRaxIwIjL9lYW3nnIZtLw5Oxqpi.jpg,433,844,420,486,638.5,453.0,411,66
It6JbEKK6=YKwDX=RrSLiNltWHoIpMrv.jpg,312,749,419,482,530.5,450.5,437,63
it8lvZaG4sLiQPDtsJF72ZuWF136NkgI.jpg,351,808,440,504,579.5,472.0,457,64
iTdHKkscoRDhGb_4qiUMZUTXoy3OcFB.jpg,333,877,466,544,605.0,505.0,544,78
itmaZ83EkO8o5JOj2ISTFsX87MpHLh.jpg,405,899,484,559,652.0,521.5,494,75
iTNMCzc26ZX5ipPoK=Fo3G96DzCctGNb.jpg,480,799,467,529,639.5,498.0,319,62
itsmdQcBJoBWRdEsesC65VgfxqB4qIn8.jpg,483,772,447,504,627.5,475.5,289,57
IttDO=43ZzsgGgT3DjDdu6uedLyfqi4e.jpg,355,781,432,496,568.0,464.0,426,64
ItYBeslCkVIizWUnvxM__E7OPOnzDV.jpg,440,923,471,543,681.5,507.0,483,72
iT_YE9yEOKz3MpNs6oFuTuZ9I=6eQcf6.jpg,324,651,442,506,487.5,474.0,327,64
iugTtPFMcRXG8cSWKzeXlsFspzTElULs.jpg,375,665,433,487,520.0,460.0,290,54
IUoCZq8q6nvBGlLCUE9YzEZQY8_2Fn.jpg,371,831,463,536,601.0,499.5,460,73
IUPDka3ND94mUCsQkRMYnxyZsWYX2RB.jpg,462,832,509,577,647.0,543.0,370,68
iUqyFwZIQHsBozpfRYVZ4hRbMFtKo4U4.jpg,387,810,423,494,598.5,458.5,423,71
iuujPGb2ZlnOJq84cNeQnlsVpUMew.jpg,425,987,512,594,706.0,553.0,562,82
Iu_QcF7wz7oEjsNlgj1jed_Dtcv3Tm.jpg,434,884,429,501,659.0,465.0,450,72
IVFB1JN7r_cwxy4S1qEpmG5g3wK3LP.jpg,372,824,424,491,598.0,457.5,452,67
iVhj894uHtPukPvWCNPOHee94M9SpiGV.jpg,404,875,471,543,639.5,507.0,471,72
IvJI5SCo2UMtWDfFimdN48pcoPM1djm.jpg,408,862,451,516,635.0,483.5,454,65
iVLTp5og3Oz6Ctzb7fgqFizZlfymcTeX.jpg,287,822,462,542,554.5,502.0,535,80
IVsj3h1v2N8DDlJx6kz4OhiuC=Fgl.jpg,229,881,502,610,555.0,556.0,652,108
iVwOnu4HaDTqhyYCnSKjoo6q3hLK6GS.jpg,256,828,483,571,542.0,527.0,572,88
ivxFC8vO7H1lltdoTfo5R=rng8Z31obq.jpg,447,793,471,536,620.0,503.5,346,65
iVZ4VfUHMEmD56OVigeVY_=C3UWHPIqO.jpg,453,876,427,494,664.5,460.5,423,67
IVzPeJ2QKtZ=8Xj78KKTk6weRtguIgVx.jpg,100,1231,708,858,665.5,783.0,1131,150
iW2BOUhYw33mITGoC4OIRp_6W2tCq3sU.jpg,325,877,506,588,601.0,547.0,552,82
IWQrulTzyRP15Y1TYowREdNS8zPWm.jpg,356,880,449,543,618.0,496.0,524,94
Ix4ZEk8qnGoK1gmC8FwJZmDnJEqUhWss.jpg,389,826,461,529,607.5,495.0,437,68
Ix511IpP8zca6jaRvaPIUyDmovR=XPM.jpg,425,837,422,487,631.0,454.5,412,65
IX91=NyLphLZRCYh5IHziQqDCNOs7q.jpg,369,838,424,494,603.5,459.0,469,70
iXebCDNuRQq7TjnYf_DixH=1NRdreDH.jpg,495,776,417,476,635.5,446.5,281,59
iXGO7SUf6rU8KBtE7V5PS6a4isjwuS.jpg,411,895,443,514,653.0,478.5,484,71
IXl8mizgcn5OXxSzSQgmR7tKP4QLbPh.jpg,444,872,451,519,658.0,485.0,428,68
ixpgGPIzptqZ7K3JfkChf6YKuBhVaXD.jpg,241,735,421,496,488.0,458.5,494,75
IxtQhSYEY=4mBDl2f1L3ehzf6ri8hpa3.jpg,440,882,428,496,661.0,462.0,442,68
iXyWGdeP_gtOzppXYw9SO8UJlmk_TVQ.jpg,386,658,440,493,522.0,466.5,272,53
IxzPc5nVIDe3GkYbyyi86ELHfTwGkFO.jpg,357,835,485,556,596.0,520.5,478,71
IXzVb36DD_HF5Yaf2KE2bRY6hPR3fYCj.jpg,331,931,487,576,631.0,531.5,600,89
IYfxt5i2ITSD_Pi7BfQb6u1Whw3bKjEe.jpg,402,898,460,532,650.0,496.0,496,72
iyiZuG5jBXP7dENDCM3cVBXFjOpigayj.jpg,445,856,447,514,650.5,480.5,411,67
iYJYznBylPbmPO4sFCa19j4SEBRCnf.jpg,382,846,418,507,614.0,462.5,464,89
IYlK7bI=hULxXtEECS_gvNYUD_tPdIh.jpg,346,659,435,495,502.5,465.0,313,60
iylVtNzJlJCM6Ln4DpJDrkaNsiJSqh8.jpg,252,1231,615,760,741.5,687.5,979,145
iYnUT_Vj2CSM7gx2IXrYkohYrVeEuKQ.jpg,481,891,412,480,686.0,446.0,410,68
iyP6fxfHClmshOcXWDfmzZh2LUPXb.jpg,430,879,433,502,654.5,467.5,449,69
iYrrXDVsUJpvXqeqiHzW7WRZtaH_4T.jpg,413,999,470,578,706.0,524.0,586,108
IyWOgIYbY_m8xzH=LHyQJ_NwUqY292UN.jpg,398,811,411,488,604.5,449.5,413,77
IZ=hnFPky94_Jw6Yx5ztYjmJq2fWd.jpg,373,652,411,466,512.5,438.5,279,55
IZ=VqejCoDDywNYoWXogv_fjG2wfOaFv.jpg,318,770,436,503,544.0,469.5,452,67
Iza8Ve4WX5OJl_fTMMyI98=WJN2nxpS.jpg,310,808,461,537,559.0,499.0,498,76
Izd_FYdjb5eRL3=bHxoHDrT8cFOSp4m.jpg,400,1017,457,546,708.5,501.5,617,89
IZjY1Tm_HSzQt9Rf8SkQB46UWhnyFs.jpg,362,854,452,537,608.0,494.5,492,85
i_9hiDw1F6IZ2M49DYX=M_raKLlHqJp.jpg,417,829,413,478,623.0,445.5,412,65
i_cK8E6Rol97oL4nlhQ9_eZShZMuLb.jpg,213,568,482,543,390.5,512.5,355,61
i_jC4XTjTrN5jXbbMzV1BcmJG1IHc8.jpg,425,880,422,492,652.5,457.0,455,70
I_K_MFPGXuj6KltX3ejC1kgCd512Xq2o.jpg,452,878,409,477,665.0,443.0,426,68
I_xiSTBpVT7Cuf=UGk8MrGw4RpS1U2Me.jpg,433,858,453,524,645.5,488.5,425,71
I_y=18FoB3TwRnkNz=Z_n2e=kgVxPZs.jpg,494,792,438,496,643.0,467.0,298,58
j1C=NTcn1uq5QLBqkFjdXrSBf_kNaw.jpg,287,767,464,537,527.0,500.5,480,73
j1j4wDSUF3H_fTbgM2j1OV=BY9RjGUM.jpg,467,811,458,523,639.0,490.5,344,65
j1K7dVZms5RU68CrbXVvRGmwvVgIblq.jpg,420,823,417,485,621.5,451.0,403,68
J1lRDLrnlNPNnq6EZR49SBDtHppoXyhl.jpg,466,770,463,521,618.0,492.0,304,58
J1ru_vVjEBsQF6h5quylPUv4=CjSYos.jpg,455,904,433,503,679.5,468.0,449,70
J1RvPe9DrMJKaItQTX1bnWuyNN2CX_J.jpg,454,964,488,567,709.0,527.5,510,79
j1_UoXMzFZPxzrz8E8T2LWnYV6rX8swt.jpg,448,963,455,537,705.5,496.0,515,82
j28wvP7JEqOox6aiNxB3LM8OgqmzdWV.jpg,364,831,427,497,597.5,462.0,467,70
j2BZjsutMtndgQtTmxqHk1oYfMKPLP.jpg,148,879,537,642,513.5,589.5,731,105
j3=o4b_Ur369QdaoZyf6Eunns_VH.jpg,411,750,455,517,580.5,486.0,339,62
j3Fdl=qPV1KxlIcp8s3FSKYPtazwdw5.jpg,309,912,490,583,610.5,536.5,603,93
j3SSvZal2Dt7Jy=ryKE_eaHUuCdoQT9.jpg,263,570,468,530,416.5,499.0,307,62
J4uYJhW6B4YdvuqGonfpkYfD2mLplRc4.jpg,446,731,431,485,588.5,458.0,285,54
J4wkIva_NaIpmawnivdbEhKIi21N472U.jpg,493,801,457,518,647.0,487.5,308,61
J5=gNK3EMBzH_QUFrPZsnUatKRe6skW.jpg,374,839,435,502,606.5,468.5,465,67
j5Dt37RKPTKULVVYl9x6XiBS8oUYjq3.jpg,402,870,439,510,636.0,474.5,468,71
j5T1zi1ahjmyNT8gGYbThLM8Xral=.jpg,449,774,470,533,611.5,501.5,325,63
J72Y7UQfIz9QSkU36672XL5DkTsBQ.jpg,407,915,455,540,661.0,497.5,508,85
J7=4PZCEWn2N6CfV5UzuEHPxuX81Jpk.jpg,462,911,419,485,686.5,452.0,449,66
j7HkWTNwvhxT6W=ZOkvKDCmUSCux.jpg,383,917,463,561,650.0,512.0,534,98
j7rEIs3Fu_F3x5elRS4Wgk2fe5dc446q.jpg,425,754,465,529,589.5,497.0,329,64
j7Yr2mL1YRMNYGCgaUNJIfPwvfMTn7.jpg,460,962,459,537,711.0,498.0,502,78
j88RK9Qe7bHHrq=RTUVHLIqfyOs58r.jpg,323,752,425,504,537.5,464.5,429,79
J8CjNpcIo4m72EjIaT3opUJiZ5NR7L.jpg,448,872,425,490,660.0,457.5,424,65
j94jVSvfpxeBQrbFoGPhGKZgFExEEo1.jpg,388,734,436,501,561.0,468.5,346,65
j96NfeuBGu6rNgxfUZfpqwiMCSD8LY93.jpg,378,917,429,518,647.5,473.5,539,89
J9IJi19_cooJUc446rscVcDHKDgyHTT.jpg,336,761,426,499,548.5,462.5,425,73
j9msMKJG9=Ivmtyjv7snLBbfZbyHd7DL.jpg,527,932,457,534,729.5,495.5,405,77
J9YopJCcfajE8OTErIKrnRGqDswsmpjm.jpg,453,859,414,484,656.0,449.0,406,70
J9zqkwfXGdi8dn9DgdLdHznlD=oUJ1i.jpg,462,832,438,499,647.0,468.5,370,61
j=9wn_J6H8Ji34O9ywkvCJfXWs7pG8v.jpg,457,783,476,538,620.0,507.0,326,62
j=e=outUcodlhxq2luvwjqYKbOo_TLD.jpg,511,815,456,515,663.0,485.5,304,59
j=eZYzhBSpPWIQg48jd9ezlsdgJZvCd2.jpg,355,905,470,548,630.0,509.0,550,78
JagroLqPmu2YQHUb9g1ERR7dxNyJFNZ.jpg,396,923,453,536,659.5,494.5,527,83
jarC1stkaYDa=7JjZDL1oQgms6RoVWY.jpg,418,894,443,526,656.0,484.5,476,83
JaumY4OymO9hQgrZS=9QdaXJNQq4Ug6.jpg,277,768,443,519,522.5,481.0,491,76
Jbbhuh=Qiwyz1oZ=N5NGxoK_u_POfCow.jpg,474,748,418,473,611.0,445.5,274,55
jbMUUjkMMf1y3n__vR=2C3XBkXoyVP.jpg,431,931,491,565,681.0,528.0,500,74
JB_FWzbY6iRNa=q9lOak_48PBwOK3.jpg,439,811,477,545,625.0,511.0,372,68
jc35bS=ptTDP8M9QPszqGuHCGKB7mM2F.jpg,295,867,482,566,581.0,524.0,572,84
jc4wlx_Jpa_54COskEwOU41DgerkqeB.jpg,366,889,493,574,627.5,533.5,523,81
JCCtkTDQqzGeOqEoPKkkFKch=gHKPZ3f.jpg,419,873,459,531,646.0,495.0,454,72
jcd3Y=gxr42znQtdrBmSfdEQYEmg8QB.jpg,431,790,499,564,610.5,531.5,359,65
JCHjf52ppvWBGHo6Xq9BMWR=paf_dyEh.jpg,372,648,427,481,510.0,454.0,276,54
JCpw2xVpYBKYz5L44kkYOnMw4LRu8mIt.jpg,446,734,454,509,590.0,481.5,288,55
JCYE3rIkgT6z6S=RUGowzTLRj2cIQhL.jpg,488,781,427,482,634.5,454.5,293,55
JCz5UVrLlQMNovE6e1XE3n47bPO_1hnW.jpg,366,885,486,563,625.5,524.5,519,77
jCzY5NqOXwi1bSjbw=V9wxPP_bS1qLq.jpg,340,789,457,526,564.5,491.5,449,69
jdduIMhaWzVYharRt6a919wUYDGxPH.jpg,347,863,456,532,605.0,494.0,516,76
jdEVwPvTy4kKYc_qn6VX1mucKWUZUH9h.jpg,358,852,436,510,605.0,473.0,494,74
jdHJFfCob2Fklc4Tb9KZq7C6PMh8QV.jpg,341,749,418,485,545.0,451.5,408,67
jdjUS_ImbZ6pkfywKYQlFYcrgbhcaogz.jpg,322,837,454,530,579.5,492.0,515,76
jdmZszSIm6IYe=v_OLB6rh95q2_OjCS.jpg,440,859,420,491,649.5,455.5,419,71
JDUiNgb3xkjvaQDU9_mZy=Yt5_GxzplU.jpg,307,988,513,622,647.5,567.5,681,109
jE8CU82wtLYFmlW9yBnBspZgnQymlKvy.jpg,444,892,426,501,668.0,463.5,448,75
JefklZDWuR7iyb3HFT=eBI29Zka7IxN.jpg,463,837,435,496,650.0,465.5,374,61
JEiqmDFiJeydqDgiQhV7JLuUJF1xqxkM.jpg,402,955,513,594,678.5,553.5,553,81
JEIxyV5F9TUcEjTv4_CvSKOQCagBHmS.jpg,505,791,430,486,648.0,458.0,286,56
Je_ItQQZdZ6PwoHsFt43iJVo53Dvd1ya.jpg,263,923,512,609,593.0,560.5,660,97
jf2yR1Le9k_edKY3SZCSJqtPTuXP2g=P.jpg,321,869,471,551,595.0,511.0,548,80
JF8EHV=7CxYbyLETUuPocxXW8W4C1Jd.jpg,300,764,436,509,532.0,472.5,464,73
JFeY_STPD8H=eK5ZgOYSldWN2HPWVwG.jpg,501,804,459,521,652.5,490.0,303,62
jfNN4g1YkQFo92yhDdsCNbxWso97MmFO.jpg,439,877,427,500,658.0,463.5,438,73
jFoL6VdKJ=c2JHMnnROTKKye8srkJ.jpg,405,862,422,491,633.5,456.5,457,69
JfoVIEbNlPNb1fpIRtkStaXff_KFgeRW.jpg,433,891,471,539,662.0,505.0,458,68
jfpvDkMMrTwRsvzV5rz1_tMpxOh=Jqy4.jpg,325,798,448,515,561.5,481.5,473,67
JFrP63fEsjvbTR5MzsvkNlOI6gN.jpg,402,794,417,479,598.0,448.0,392,62
jg4R2iVxyqjmowJyOp3ZfdGkQNn1.jpg,358,865,453,529,611.5,491.0,507,76
Jg8CpVR1_RHaaz3moO99h=Zv4eTRswuq.jpg,212,1073,558,690,642.5,624.0,861,132
jGdJ668oKYHXqNW5qFGEEzUPDmLc4K.jpg,507,903,436,507,705.0,471.5,396,71
JgQjJ_nJZvFMrgDjSgKGF6D6XvRFySVs.jpg,335,861,454,533,598.0,493.5,526,79
jGteJt6QqYOLSBBrbCW_tRWVMaqxmZ.jpg,449,749,458,514,599.0,486.0,300,56
JGxNHW5t_Eiwgw4cmWgjxkDTJb4CtPa.jpg,391,955,513,598,673.0,555.5,564,85
jhan4GaqiWpBJBMEpeoFm56LeiimSko.jpg,376,846,433,511,611.0,472.0,470,78
JhDR5Dmp2mGJd4sKCscSqN9_zV6nqyZ.jpg,370,836,433,532,603.0,482.5,466,99
JHebYw7ekbSom27J1mKVM1JiUYfWTpgg.jpg,380,809,419,482,594.5,450.5,429,63
jhEeWXgtmsfFodVXb=YuOxusuwXMxcy.jpg,418,949,466,544,683.5,505.0,531,78
JhgKgCNESps2hCt=wyiw7iswe_dTIyzj.jpg,408,822,422,488,615.0,455.0,414,66
JhGPbGK9JtfsmZNnff7sTkqwwqxu4TC.jpg,352,759,448,516,555.5,482.0,407,68
JHlX_NBVUQY6g2CiPUHcxl2z_KjtLLZz.jpg,364,670,461,520,517.0,490.5,306,59
JhwGEXvJBtZls9EyVC3sxmDQijiikNN.jpg,378,806,423,492,592.0,457.5,428,69
Ji975sntmvCS3kty3ymaptgFerb5FdbZ.jpg,371,958,521,609,664.5,565.0,587,88
JiEdYxFTV5enT49hJSWcjwkwwb5s=bqY.jpg,370,698,457,519,534.0,488.0,328,62
jilEWO25wmEO9q=bpEfOp=TapNa8L36F.jpg,270,769,447,524,519.5,485.5,499,77
jiLuHZ_a3pHu=3Q1hfwJD_wu15FBseo.jpg,137,809,500,594,473.0,547.0,672,94
Jio_91lVLPC2thHEH5IrwvBskoJUZ=c.jpg,338,850,448,542,594.0,495.0,512,94
jIuijUsE2pR92mp1QcQK1wOCmF6biQN.jpg,392,951,466,557,671.5,511.5,559,91
JIyaYDqsI7LKvnh3vC9zCje_csgLL6i.jpg,404,733,478,538,568.5,508.0,329,60
JiZapu2jp4RO9wWyd9XHHLFRhRg5i.jpg,397,905,473,549,651.0,511.0,508,76
JjBxSJlU3EjlmBR6mytExu69QptgCu.jpg,452,903,467,539,677.5,503.0,451,72
JjffdNhMtO6V_WtwrFmn4hmVPgJ2Id.jpg,421,974,500,584,697.5,542.0,553,84
jJllWFlpVQSdVPcijSjnzEtf42yBFjj.jpg,313,655,483,549,484.0,516.0,342,66
jJVKFxK7f3FWGp9h4CWDKa9Kn7xPNO.jpg,422,859,432,500,640.5,466.0,437,68
JJV__Z5VZ1qUuUYhZCLKGY6IkOZpy4HX.jpg,392,810,426,493,601.0,459.5,418,67
jk21dGNznsgNFvvpZmeI98asPRnlFu.jpg,407,780,461,531,593.5,496.0,373,70
Jk=_9nHcZX5LJYyK9lGbR_CYFsqM1H2R.jpg,408,840,428,500,624.0,464.0,432,72
JkgOMwPI=Za81aaKoXqbsfFZ=IFq7k.jpg,377,810,434,497,593.5,465.5,433,63
jkJ7_dELsGMTPuZLLS5lEKbzWsMg3B3.jpg,422,858,460,539,640.0,499.5,436,79
JklxjTuU4ptaFTXOq47KJeqCL_93j.jpg,465,911,419,486,688.0,452.5,446,67
jkoMn2CUKMb9WI_6DGINqhDpk4tQ7bs.jpg,353,893,463,542,623.0,502.5,540,79
jkQGMUHnjQ_=Yqeeu568xDFp6iI74N=U.jpg,377,801,419,502,589.0,460.5,424,83
JKTMwgPRwF8tNU821zMDlFHzFCUhmJM.jpg,495,892,512,588,693.5,550.0,397,76
JLPSyv=S6kUuy5Djv6Vzu77BEBYeTQF.jpg,412,850,424,492,631.0,458.0,438,68
JlwnJirunFJUoetaXgdEdnp4Me2rZU=.jpg,350,739,415,479,544.5,447.0,389,64
JmbZKHeuytUepdVxZ4bmmfoTizdfvYQj.jpg,463,876,451,515,669.5,483.0,413,64
JmFRPf=YTZ4EGFV=Xa5NoJ5u5hUlLgIW.jpg,515,834,473,533,674.5,503.0,319,60
JmJlOwNQt7koRk9=SFkYhtQdEGB83Dgn.jpg,484,767,428,485,625.5,456.5,283,57
JMPklcgV6dZoWsWrDBGF=C7PihtP74W.jpg,323,771,466,536,547.0,501.0,448,70
JMTJePZUcn7=fQ1LjIgCqrziKa9il3q.jpg,406,905,487,564,655.5,525.5,499,77
JmVqHea4bovf=Jv647jr=_hKrhM.jpg,456,887,421,490,671.5,455.5,431,69
jmXvui_pJfmd8p9fpoZbo9_aIbqGPIk.jpg,383,750,439,513,566.5,476.0,367,74
jmy=pP1_JU4fFNx_2piq3KV_7R9StnU.jpg,495,832,480,544,663.5,512.0,337,64
jN9N3IM1Pgka1XsVQQYH3ymaveEYNf1.jpg,398,978,629,731,688.0,680.0,580,102
jnL2VJNEgfE4lRjRyc7iV=4a4cjrNId8.jpg,386,904,484,562,645.0,523.0,518,78
JNVyqpUOZQmO6XFhlZmCjlQa_UQ1.jpg,381,854,445,516,617.5,480.5,473,71
jnyOLJReufGiaBbrvhKNYv=7Xs4nhQmu.jpg,403,817,423,492,610.0,457.5,414,69
JnYuZT41omrbNiDDbPkITerj6wfdpq_.jpg,353,868,452,529,610.5,490.5,515,77
Jo=jHI4i5WGOrMsK=RI5obNPGl3hTBQ.jpg,460,795,479,543,627.5,511.0,335,64
jOKELCNB8FKfxJWgT5Irtu5TncdLxQDe.jpg,388,825,428,495,606.5,461.5,437,67
joPSzSRF5CCBLM3zf7P1Cm9JBnON8n.jpg,353,830,476,547,591.5,511.5,477,71
jouyQK8OnB9carrTEHY_KEx24JwTYx8D.jpg,425,835,448,516,630.0,482.0,410,68
jOVEYzTZtXM5rJRulNkufUkBEhTBr9dL.jpg,530,924,412,483,727.0,447.5,394,71
Jp1tVk47rbdgsDJCapTecdjIPfs1nbh.jpg,410,878,432,505,644.0,468.5,468,73
Jp_UVnYlTkbugPoNPDTb5XThLMmiNjm.jpg,400,813,422,489,606.5,455.5,413,67
JQ6oktm6X3gWUlrlOSJTXK2DOS2Jz5.jpg,419,805,414,479,612.0,446.5,386,65
JqpwargjvwylqgSDTqYhZYWh_oxxbts.jpg,359,846,441,515,602.5,478.0,487,74
JQvu_612TMjX7aN34KCvR=diBlR1M57u.jpg,360,875,457,531,617.5,494.0,515,74
jQz9fc21LEJ9=2lwEbmlGfppmfXxSeS.jpg,397,900,456,532,648.5,494.0,503,76
jrhNP2KPHYm4FISz9FS7kjrrPzsO3Wkr.jpg,321,851,460,536,586.0,498.0,530,76
JRqN9V3v2beOlUcYT3EQngchgk7S7iB.jpg,480,758,415,469,619.0,442.0,278,54
Jrrhk8xNpIW2Uqmj62EFhbsFa5iHC.jpg,389,833,434,500,611.0,467.0,444,66
jrXjFv2XL66LDmwZyGf1EFe=uyQSb7J.jpg,436,842,438,497,639.0,467.5,406,59
JRZcmBnjvqCiiCYiYImkcq=L6C7Do5a.jpg,401,825,459,524,613.0,491.5,424,65
JrZeBtVuGcs2x8eK4q9QS1=z81dBN_Pr.jpg,390,861,440,525,625.5,482.5,471,85
Js7v3GGC1BpZEK19fqdV5hqqlIDZ2.jpg,510,836,474,536,673.0,505.0,326,62
jsd8R=XOScNfXJogxaHIQz=nKOuFvF.jpg,456,887,459,528,671.5,493.5,431,69
JshmcH9X=2zvRjsIWxpcwK9Lhm8mhZ5.jpg,360,940,488,571,650.0,529.5,580,83
Jskv5hYkvOhcwOPyJ2YrU8LE76xljfe.jpg,343,797,450,520,570.0,485.0,454,70
jT6=xuu1ri4c6HC4H=zyFm1ThWtqzcG.jpg,451,909,466,537,680.0,501.5,458,71
jtf4OacMhcGsonZMQ=JF6qTNnRaItW.jpg,135,917,539,658,526.0,598.5,782,119
JTL4Y95=aM=ZKJsMvz7b6DgtCoxneg.jpg,424,802,438,498,613.0,468.0,378,60
jTLu2oCHvXTjyNUNtnBxzfo6YHQGCd.jpg,387,808,496,565,597.5,530.5,421,69
JTmmP3HhNa1I_dcW5BreIu98eiF19iJ.jpg,406,837,430,499,621.5,464.5,431,69
jtPRVvHrVZWqBaTCBtasGTp3VH1egNQk.jpg,472,900,436,508,686.0,472.0,428,72
jTu9dXSzHis1zMoeT6ysccdH=CkinhT.jpg,490,794,467,526,642.0,496.5,304,59
jtX9p=dlHNJ=bjX=gpUb=rDbCz5nH8.jpg,376,695,446,507,535.5,476.5,319,61
JUeBU92jg7z9E78T_VLUbueNN4Eq6bCp.jpg,431,798,493,564,614.5,528.5,367,71
JUevqKOeoWuORsjQVBOLhKvTqBd=TXFu.jpg,488,831,459,523,659.5,491.0,343,64
jUFaJgHLOUuOy_Z3ZEURsdxkMxjRMZ.jpg,372,676,453,508,524.0,480.5,304,55
jUgp3QFhypxKIumYEux8tasEQ9rdqeQV.jpg,443,899,433,504,671.0,468.5,456,71
jUKxYpeSH5hcBQP8dEiPIHwns49RMLJ.jpg,413,848,422,493,630.5,457.5,435,71
JusHlDCcqkVFBDk1_GjsgXCZDV=Orl.jpg,322,751,420,488,536.5,454.0,429,68
JUuXFdWMNNwGPFYGvtSFtCBYHQEOe1bC.jpg,372,783,444,504,577.5,474.0,411,60
JU_bblII_H3vFIpNOJdtibfqkNHGsBHX.jpg,423,852,452,518,637.5,485.0,429,66
JV4kCdL_oh6CQa4tX7i=2BqriRQSCcq.jpg,460,899,424,495,679.5,459.5,439,71
JV=lHHDr3nMPKOOZqoJ7uhER4N8Zfmh.jpg,516,831,471,531,673.5,501.0,315,60
jvc7yplLJ1t6_wDnx79hZgQEsBJUCc.jpg,343,824,484,557,583.5,520.5,481,73
jvD_xp_cgEhnDsyNCrIyicjp26zoNyu.jpg,442,763,471,532,602.5,501.5,321,61
jVr1sPebhmg_MkQF3WuemEo9rGXhOXPS.jpg,465,896,428,495,680.5,461.5,431,67
jVT16lvp3rL4Z7VbKZTcceynYsmPsClI.jpg,422,895,481,552,658.5,516.5,473,71
jvUu8bcquoDy3XX3Sy74FvL1IfK9cc.jpg,356,847,484,555,601.5,519.5,491,71
jwge227GVIQY3eOXJBU8HzMsLtK5r5n.jpg,437,854,411,474,645.5,442.5,417,63
JWgu2VqmYr6mf61r6Pr6pI3FIdKkpKjk.jpg,399,868,458,530,633.5,494.0,469,72
JWJXPduQovoEsTSvwat8qmXyKg3i8p3.jpg,340,809,438,508,574.5,473.0,469,70
jWniPmx16ZkJRfXYpcp81r9Eyb1Uo_Wk.jpg,329,879,467,550,604.0,508.5,550,83
jwYi3S=WI3Rh=fG6Qq7iv_8HB=jfj.jpg,309,891,476,572,600.0,524.0,582,96
jx7FpeUdylybwabC_kD4PqKfJmj9E2I.jpg,451,836,474,541,643.5,507.5,385,67
JXBCt4JrpzuCNkiGTJbKrpBjqi94JeLw.jpg,283,592,462,525,437.5,493.5,309,63
jyg3FbDM9C8lVpuqjyo3==ZWzIe7ZG.jpg,382,824,420,502,603.0,461.0,442,82
jYhY5IRkoKC=gkTURUaRtmk4S_2nrZ.jpg,378,820,431,512,599.0,471.5,442,81
jYuTx_abUSPwrXFdc9xzqLlrDpWrapMH.jpg,375,829,459,536,602.0,497.5,454,77
jYwY5peL23ewSuXKt4YNwujPEiVDOW2w.jpg,446,717,423,478,581.5,450.5,271,55
jZCaYey2vR9CtrNnV4SLiItUJiUXfzT2.jpg,384,917,418,504,650.5,461.0,533,86
JZG13JvxKL5pnnT4o2Ktd9SaDNrrHr9d.jpg,420,899,461,534,659.5,497.5,479,73
JzKUYX83=oJOdMg57hdThjIsePgkFoBP.jpg,307,758,425,493,532.5,459.0,451,68
jzL_EFxiYLH9zPcN8tzwRaESDpoy74.jpg,418,827,519,592,622.5,555.5,409,73
jzr2sE4Ingi7V7aNeQ4ea2LrfWC7.jpg,440,837,417,480,638.5,448.5,397,63
jztb=nNk5IwzobI_18virdVxDMBPUa.jpg,427,906,442,513,666.5,477.5,479,71
j_=_TnWRuGFnW3dg7C7gnPGziYk8xVTa.jpg,185,1036,464,591,610.5,527.5,851,127
J_B6UYacz=oUVGUqHDOu6jZX7d5=g37w.jpg,308,914,474,560,611.0,517.0,606,86
J_CKLWmfu8_pvrN2Zd_4wqZBtqJCM5S.jpg,252,935,449,558,593.5,503.5,683,109
j_my5xGLgMlE7ThPFS9pILLE17YPiuw.jpg,404,812,445,515,608.0,480.0,408,70
j_now9FMo6CpSLi3RyEDv3EYI29dpgM.jpg,426,875,420,486,650.5,453.0,449,66
J_sX4H2BVx54jHarPI695ZGs9hD_6.jpg,460,818,492,559,639.0,525.5,358,67
K1LY2oVT54onzDsxi=q6f7KEglam.jpg,406,874,439,510,640.0,474.5,468,71
k2iZIMLEvhwKLbdIvST4itOV4ch3tG.jpg,447,878,416,481,662.5,448.5,431,65
k2PaY_Wpz5XPRuBE1FJ7SgBCEtJqYzW.jpg,461,873,421,487,667.0,454.0,412,66
K2y=pOMzrc7TmtfUsloXyGG4SQWwl2.jpg,399,819,421,485,609.0,453.0,420,64
K3Cmyb2uKLSbIRUFJCJS5fc8qRB3I.jpg,408,851,420,488,629.5,454.0,443,68
k3h8zfwtR2CkgEVRLW=E7EZPspumy94m.jpg,401,956,515,595,678.5,555.0,555,80
K3ngamM2p9VvMHvLJw5aYn414Z=l1TZ.jpg,366,968,528,617,667.0,572.5,602,89
K3Sdo4r7PLv4iqmqB=2guafdqDD7Of9.jpg,392,790,448,512,591.0,480.0,398,64
K3WuechhjG7bzI_5GYnESxKq_DOIYVxh.jpg,305,754,423,490,529.5,456.5,449,67
k3YMh2b=C_QlFoMhoxxTstqWvXVd2Io3.jpg,379,892,511,586,635.5,548.5,513,75
k4l5_GHC1=8h=4dHJceFHGEm_D==JkgZ.jpg,406,861,421,490,633.5,455.5,455,69
k4oEFiKN9g1HJxmZk_EelVrVveXYxke.jpg,391,900,446,525,645.5,485.5,509,79
k53U3BpYpMR7tDne=o3lhpVLbQgs3gx.jpg,360,830,439,509,595.0,474.0,470,70
K5edxKkrT66_HGTUQb6pO=7GHcT3XlJ.jpg,386,942,462,545,664.0,503.5,556,83
K5PNKCl=WdapySGwUMybgEMSYbQ5EUOQ.jpg,506,889,440,508,697.5,474.0,383,68
K5ybThhaoIuPBxhgGlKfHRRP1tfG2_u.jpg,484,779,432,489,631.5,460.5,295,57
k6BcaLSW3RaLWg67oP6moydDayO7WP.jpg,478,873,435,503,675.5,469.0,395,68
k6FsQ_vjLVmD8u1WhDTslvtknVBj5.jpg,245,812,503,590,528.5,546.5,567,87
k74eCy2UoTTtlHaGOmbGziVpXs8Vs9s.jpg,307,754,423,490,530.5,456.5,447,67
K7=2otkYxxLazFNmpKoNI8aMUKb_cW.jpg,470,827,496,561,648.5,528.5,357,65
K7FUoxfn4RtZuLq6TysgkIZyfOQR32.jpg,427,742,472,533,584.5,502.5,315,61
k7rQ=sMtE97BCHJY5nIx=68chlo3INJN.jpg,294,795,455,525,544.5,490.0,501,70
K9inq3brOnn4Cib8bvbCGPwvDBONg_C.jpg,418,841,445,506,629.5,475.5,423,61
k9Ltq4lFo7dXw=d_gl7gN654pNbsr42s.jpg,402,911,448,552,656.5,500.0,509,104
K9Urn3qH5Uxsfk47_UE4JYixI4hNrj.jpg,401,816,448,515,608.5,481.5,415,67
K9vyvu_jJXizrVJcifKE2tOga64Jz.jpg,378,750,437,502,564.0,469.5,372,65
K9WeR8yIr5KuqhD4iizgfYhrSPDhm=.jpg,237,775,457,542,506.0,499.5,538,85
k9YClI_lurliaufHFGlIogbFqm6txkN.jpg,451,752,465,522,601.5,493.5,301,57
K=8BgjkIETSEkB=ZQBBOmsKhB=c55ed.jpg,434,740,467,524,587.0,495.5,306,57
K=KPr29XDKBbzEriETYJ7_=1VdPo31XC.jpg,314,889,468,578,601.5,523.0,575,110
KaCw3zuS4C2wB=zbx4BJmNq7HWLc6G.jpg,484,895,425,492,689.5,458.5,411,67
KaEF5kTq=rvdnVRO1Jgk=RLIfXYyKPf.jpg,339,778,426,499,558.5,462.5,439,73
Kah_EQnsdnX4Dtm_6Km4bBQWFiO4wBc.jpg,301,807,495,570,554.0,532.5,506,75
katSvXVWK9=iVJuUbPguz_=nj=Pt1yNX.jpg,385,879,486,556,632.0,521.0,494,70
Kb3B7ldrxZ9TyybHKDGyTVWHtsHfM3.jpg,393,892,438,520,642.5,479.0,499,82
Kb9hl4HGjU_Gelcb6L52nO8ippokQSXR.jpg,415,809,413,480,612.0,446.5,394,67
KbdqZ1SHkbzWtynodLKjb83eY5dWWv.jpg,260,789,441,551,524.5,496.0,529,110
kBFkHmBUGFCu7yhOaHPH3N9bCjFB9gga.jpg,377,657,423,478,517.0,450.5,280,55
KbgMe7C3igvzLM1urmWrMYj7ESu9amH=.jpg,369,818,465,534,593.5,499.5,449,69
kbhyzaLye81Kvxx=CjTSaIIDxIDXqwN.jpg,407,991,479,579,699.0,529.0,584,100
KbK4hbJTbz6anzRtv16dINrtp2lmV7lJ.jpg,377,833,421,489,605.0,455.0,456,68
kBklVbbhrBed2x7IBUJki5PZaCd6mX8v.jpg,406,822,420,487,614.0,453.5,416,67
KbSKUE9TmoHY9gvppg7yJUTCQ_sSiE.jpg,338,830,452,526,584.0,489.0,492,74
kb_M8B3q2xdNy1sS2RhbXCQv9RmGJ.jpg,492,819,474,536,655.5,505.0,327,62
kC37gklKIkPfMYxB4jEZ6V1KVu7oLe_.jpg,477,929,434,504,703.0,469.0,452,70
kC6mEysR2MBXKVBO4pxibu_a3W6tInj.jpg,429,935,489,567,682.0,528.0,506,78
kcajpomCGTtkKMHkj6HfCM9Nzcdc8Lu4.jpg,484,1024,483,568,754.0,525.5,540,85
kCkR4_toGdO7Bq9ydFudT=LbZVMHp8.jpg,378,813,465,533,595.5,499.0,435,68
KCKR6ySMQ9tgNexXTpU3UQX=vrV5H73.jpg,311,797,445,519,554.0,482.0,486,74
KCLwGJbo8rCuDHFV56ePbGs4=keRRx.jpg,377,899,460,548,638.0,504.0,522,88
kcPYUyww39ift4nIBn5cG9niwUqofYEm.jpg,386,964,477,561,675.0,519.0,578,84
KCwCpuyHp4y2a7EvBRZHcBQIi2IZJO.jpg,370,904,444,528,637.0,486.0,534,84
kcXMNnmoOZSH4coeCtQDkZn3jJN1wWk.jpg,387,674,448,506,530.5,477.0,287,58
KD8VxbjGl_Uzltr6ZVOOIJvwpvvv=2M.jpg,336,805,477,551,570.5,514.0,469,74
KDbGaoOC_xH1ayZr4ygtV7RJgUau9xxs.jpg,446,730,433,486,588.0,459.5,284,53
KDkskHvHi74ZQd8_Gu7zCD7zQO_WHJuD.jpg,454,881,426,500,667.5,463.0,427,74
kDrIxfRGmFRyFjpeGKtxVVo5RUqf3aK.jpg,411,742,427,490,576.5,458.5,331,63
kDVHOzBpgqw1YmnFvfvX5uc1LrqIIuPe.jpg,391,815,417,490,603.0,453.5,424,73
kE1KNKmSDYd7ekQaZERThLFyyMwH8Km.jpg,520,847,472,534,683.5,503.0,327,62
Ke7ed7YXNZ4Vo_uUiytiK9kNcmm=IW2T.jpg,333,844,457,532,588.5,494.5,511,75
kEBe1sXJTjoltKiW3aqI12T1EBxmJrZy.jpg,299,776,441,517,537.5,479.0,477,76
kEC9guk5j=Dpqg8E=PUS2WT2R_4VVPKw.jpg,348,782,426,495,565.0,460.5,434,69
kEH=dQYTUYcCq4h3K_CwD_V4OHcw=rJ.jpg,438,805,497,566,621.5,531.5,367,69
KelQVpmbFe8vkFZNX=WnNZBzqd23hpN.jpg,480,746,412,465,613.0,438.5,266,53
KET1rBWiczOttFIm1uClME9UGyhNS3O.jpg,374,853,478,552,613.5,515.0,479,74
kEYoZ7sz8PjX4Z1f6=RsDvfqvzxGHjC.jpg,283,830,463,542,556.5,502.5,547,79
kezEHLn3lvJa7B4baRd9nt_X7w=ua_wv.jpg,432,975,457,544,703.5,500.5,543,87
Kf8RO6k6MkpCNgBEmbKcS5xwYc4wvLL.jpg,421,819,444,509,620.0,476.5,398,65
kFBHfmroUmJxStiqsRhIUVjjJNOifwG.jpg,384,814,460,528,599.0,494.0,430,68
KfL2mgvY3CGxI_gQnqJQPeajOQ1nQ=EX.jpg,450,864,421,489,657.0,455.0,414,68
KFLNxCG=Sn3rQ2TwJjdEER6DgHlzdml.jpg,474,800,481,542,637.0,511.5,326,61
kg4FM2r9qSF4qmq=ySKHFlTkBIb_NUm.jpg,361,795,453,517,578.0,485.0,434,64
kGlXYZU_=c8zEe9Lc8a=WMyLJDDmzoh.jpg,127,1231,0,900,679.0,450.0,1104,900
kGQOn4T77e33SKJVrz3julLWD23R.jpg,330,747,413,475,538.5,444.0,417,62
kGtHF4sleodSPb3_mz65WfKHfIqFUv3c.jpg,432,900,434,508,666.0,471.0,468,74
kh7sk=3NzeYKkU5NgK5GOCfspdfs9.jpg,335,882,465,547,608.5,506.0,547,82
KH8vHbvvrWUM5Dw9He161jx1HyY12.jpg,363,847,451,524,605.0,487.5,484,73
KH=YtPCZ3PKllf8kZ75hUNiWGHw84qVV.jpg,467,908,424,507,687.5,465.5,441,83
kHBUP4N4WX=hULTn_LrenLPq4m34EdZw.jpg,367,864,452,542,615.5,497.0,497,90
kHgOY5PuDDWFBOv8ii4GzpxcbjJ8NtTo.jpg,209,556,497,567,382.5,532.0,347,70
KhNcIrf=G4rIqpZzMiyUQrLsIejdnqhT.jpg,404,836,424,495,620.0,459.5,432,71
khXLaWJ2EMHdBQX=5JzuyekD_baTNMcV.jpg,439,859,416,480,649.0,448.0,420,64
KiCH8IbuVeD5KcPeS5yPPiqqdI6SRl6.jpg,488,879,411,483,683.5,447.0,391,72
kIIaasnmd_WgBPsXrX9bd7shyBWMTdPQ.jpg,293,839,466,549,566.0,507.5,546,83
kIr1hguj8DEMMHYqaHUJhL=9kUXPJQH.jpg,281,856,506,589,568.5,547.5,575,83
kIUu4J5Sl6gY817BQQrvSC3v1MoXKR.jpg,385,919,469,551,652.0,510.0,534,82
KjHuRdUhm_9nI=sMqmmu4umTTsrFCdu.jpg,434,864,457,527,649.0,492.0,430,70
kJQNZhYPM9qIgHOXe1yiK5pRK_R6nRd.jpg,403,809,419,482,606.0,450.5,406,63
kJuIxBdm7Yz_lbEnHwU2eSzppGSNEl.jpg,473,940,440,512,706.5,476.0,467,72
kKcnbRrMhthL2W_7bzX_BisEoqrMvNmr.jpg,401,794,414,488,597.5,451.0,393,74
KkHJynPYZyaYzTlEIekd48HN2hDZO.jpg,322,748,416,480,535.0,448.0,426,64
KkjU3tDTKfPjirHTiQ7cwX=QjjSSUeb.jpg,377,840,472,541,608.5,506.5,463,69
kklgej=Je6UDn4VpV=va88ENqZqhaP_E.jpg,428,852,420,505,640.0,462.5,424,85
kKlQUMBPr8R8rISZ37DNx2TkcddIN6l.jpg,495,947,427,496,721.0,461.5,452,69
kL=TXxTQWlCalwPKHNKPzNeePH=JT8F.jpg,303,829,443,523,566.0,483.0,526,80
kLcUvlyYaVboWW_fvnl1xWswLlhGY4XM.jpg,244,813,511,597,528.5,554.0,569,86
kLFqKBLoal_xG4OJLJazefLLdpukpGn.jpg,278,787,417,501,532.5,459.0,509,84
KligP2h4yqj1HhmhVuLu65c647seef.jpg,423,845,415,478,634.0,446.5,422,63
KLIk6SM=U8dcNyuBUfQQL82aHtXk9IIs.jpg,435,826,413,480,630.5,446.5,391,67
klIXVI_9pYwwjjlRQor9wnWjgoT=hvI.jpg,344,876,461,537,610.0,499.0,532,76
kllWaSHp=TrMTD9=Rysp9zSbb7Qa97bZ.jpg,438,838,440,506,638.0,473.0,400,66
klM5SWdR71FI1rXt8jWY6wuOMkUUeXrj.jpg,490,863,503,575,676.5,539.0,373,72
KLpaqhdI3B9wngXfHa57IWEGFwljsgh.jpg,380,821,433,499,600.5,466.0,441,66
KLwG3XKN7pxwByvDbKPDmWIw1weBaRa7.jpg,503,964,437,510,733.5,473.5,461,73
km4aScIFf4EdtQU4MLhIoW8wv42Xou.jpg,269,778,452,527,523.5,489.5,509,75
KMG85j686gVuOgdSFkm27hfvzCwKSnp1.jpg,417,864,433,506,640.5,469.5,447,73
kmg9u=ZfDoqcnTWqq6pF7QdubvdGj2f.jpg,414,927,435,512,670.5,473.5,513,77
kMhLf5KIFT7KuLZS8r3OSlTf73BCl5s.jpg,348,889,472,547,618.5,509.5,541,75
kMqJfpG5c1v65n8Sg2n6Fv357Tkf7p.jpg,435,846,447,514,640.5,480.5,411,67
KMqvTttDqxXjKjdXUOaZRdG7J16h7HI7.jpg,332,734,422,487,533.0,454.5,402,65
kMRhumVVQW1klFcrGOyjjaSRgIdvwpm8.jpg,313,882,478,560,597.5,519.0,569,82
kmWhEqMJKPg_gomCvf7wDYN3JBtackBD.jpg,364,799,433,499,581.5,466.0,435,66
kN2RPsqQKCSJfs8=iC1u9=Jcj6SLR.jpg,268,819,457,573,543.5,515.0,551,116
Kn=6pSbymH94i17jRYenREDtP4uIo228.jpg,350,885,456,534,617.5,495.0,535,78
KNdNyPapvwBBOrGzTxYLHyQF4R7RncM.jpg,403,882,438,512,642.5,475.0,479,74
KNSHfXsGJ8CWvfoau2uiOf3YTv2wy.jpg,371,985,439,547,678.0,493.0,614,108
kNUDI1tLEoVsGQDVqQ9Vj1Eesd5_tOn.jpg,492,875,433,501,683.5,467.0,383,68
kNz2KxwOOv8OgF8cnWLqmY3lp3bC8WHl.jpg,341,659,428,492,500.0,460.0,318,64
KOClw9z1FzLXHP4vjYNsKXE3kEbRxjw8.jpg,409,822,444,504,615.5,474.0,413,60
kodEy5Fwz4vm7ij58bmnED5v77NBYBtd.jpg,433,713,424,478,573.0,451.0,280,54
KoDF9FfqndsojV5Id7qhZFp_YrY8Tz.jpg,440,875,464,529,657.5,496.5,435,65
kodsmUvBH8zSoO4BFxbJLZ2nZNjkQhmz.jpg,385,833,430,496,609.0,463.0,448,66
KOEqI3IipPFvTLBL=ruS=2YcNidiEd9X.jpg,436,863,424,489,649.5,456.5,427,65
KoGv_obCRCSXccrxtSCvn9SD8hp8GFt.jpg,402,929,452,546,665.5,499.0,527,94
KooZ5goVkm5OMp6g5iB3Hr9QNnPQTef.jpg,456,950,458,532,703.0,495.0,494,74
Kp=iBQqnMXUV=2QgC=nIMRIv=knnVp5y.jpg,457,763,456,516,610.0,486.0,306,60
KpBbR6Jp6JTFdDr2v4OgJb7B9Kx_f9O.jpg,409,841,429,507,625.0,468.0,432,78
KPDOTHSarNCOBS2ij7bJTGBiwyhvBL6g.jpg,362,845,451,517,603.5,484.0,483,66
KPGsbnnVeUmMwOTfSVcSLm=pxdMY5h29.jpg,373,916,466,551,644.5,508.5,543,85
KpIHVRUG3mQwUS27ch9QNd3OQuKt.jpg,429,850,414,479,639.5,446.5,421,65
kpjZ5NdE88p6Hod9KKKwT97dZZoG5UEu.jpg,402,811,448,518,606.5,483.0,409,70
kpPYRFoQN2moHtnQi=Gswsd8Ck=gGdL.jpg,467,741,437,491,604.0,464.0,274,54
KPRERtDLxiLqvUyNIq4s3guyWSUfyG.jpg,417,810,413,489,613.5,451.0,393,76
Kq6bdSQgDzKpWMo_gI_mPFe3uoCsN9u_.jpg,379,826,434,502,602.5,468.0,447,68
kq751pR8xUR8xiG4zpLUitDwrupG28fz.jpg,465,782,473,532,623.5,502.5,317,59
KqhgtlBV=o3HiW5X=YxTtSzIXhkeSYHv.jpg,420,921,455,529,670.5,492.0,501,74
kQvQL=I1qPmPjZkTVdYQt4n9Yec38Gl.jpg,340,813,446,520,576.5,483.0,473,74
kqwmXBGiPTdReasYlOtk2ILPJ==TVM.jpg,432,891,422,493,661.5,457.5,459,71
kQZUhHi3LORgQ7zweBS5meHbH1bV.jpg,325,743,416,478,534.0,447.0,418,62
KRGGrFCsrc1J5Y3numcEj3tisvngO5f.jpg,469,895,450,523,682.0,486.5,426,73
Krj9qpi4iY9VTzq4eOvKxuhfTwCg5p.jpg,445,941,477,553,693.0,515.0,496,76
krLf4C6xXLDJiNSdSypeR4=vQW=5ltD4.jpg,375,816,453,519,595.5,486.0,441,66
krLhCCUiBPSXevbbtltq=SgmFfxYFot.jpg,389,970,460,550,679.5,505.0,581,90
krwGSW4WyU9Pr9Mey7TyYjEmlyPge59u.jpg,358,940,471,576,649.0,523.5,582,105
Ksc1nQoDpD9jcVRVBg6qyqY9bPvHFqtF.jpg,436,847,521,596,641.5,558.5,411,75
KSG6x=4RYmXgMjcyudyVzh4Bkcs8Jv.jpg,415,875,442,514,645.0,478.0,460,72
KsknjlFEZwNZWP3niCY9ppUQMyICXUV.jpg,418,732,468,526,575.0,497.0,314,58
KSLENETRdYmfMgFgld3qbgcKwjxcjS3P.jpg,420,828,521,591,624.0,556.0,408,70
KSYPJMdaHk_NPjh77FCV8hcFbKaOdEh.jpg,435,917,475,551,676.0,513.0,482,76
KSzZyEEFvCndNSvR=qLoSVlvKgIqya5.jpg,293,620,459,520,456.5,489.5,327,61
KTDtuGHF3C8bGG5NE1so39a1JIZv1Pzb.jpg,212,789,480,582,500.5,531.0,577,102
kTK2i=CFP1E3=8xizMjma_5XbY18yvfg.jpg,433,946,449,523,689.5,486.0,513,74
ktowORi2alaD=sb7dD2Niu56mpiUzHM.jpg,411,774,498,564,592.5,531.0,363,66
KTYooRlgd=6EvebrMlEGGI41OYTaWY3.jpg,426,858,453,523,642.0,488.0,432,70
kU4v9_i4V5zaOE7kZSQ3OSxOEiu6K=9f.jpg,312,921,529,618,616.5,573.5,609,89
KUD7SarKa9354YZprJ3OoLa6pa6RHY.jpg,473,866,486,556,669.5,521.0,393,70
Kug4b6ISvI87a5PSmrhRJeOkfYfDP=.jpg,294,777,429,502,535.5,465.5,483,73
KUGvKPjwJsIlSPE2TspPwzjKp39ne7Ld.jpg,307,865,469,549,586.0,509.0,558,80
kUi2u5LTZtj7zdpZMVly4azUpddUnHm.jpg,352,842,433,507,597.0,470.0,490,74
KUjRbqycJ4CYqLor5_Di=PnGc85nrlBy.jpg,442,839,414,481,640.5,447.5,397,67
kunSR2nOhWv7f6KENTy9VhfpZaEaHTY.jpg,319,897,464,548,608.0,506.0,578,84
KV6VVQf43e6xRtY4qMzLOaZUeMiIO_iH.jpg,382,798,446,513,590.0,479.5,416,67
KviqeBTX7f4IhZNQHotwpvokjCSSzJ.jpg,423,767,461,524,595.0,492.5,344,63
KvjEDsfZEZ474XG4HK2Y5zy6xYJoTXba.jpg,354,832,436,510,593.0,473.0,478,74
KvPIDvtDNLyPniWluC_OzcQURWFp_OxI.jpg,418,723,438,500,570.5,469.0,305,62
kvWy4hFQEen2l5Kzv3xRWLgU8uRBmH7.jpg,403,818,417,479,610.5,448.0,415,62
kvXWre_bhpuOkUK5B_Tqk4qKLU4nyn.jpg,373,814,430,498,593.5,464.0,441,68
kw3pFTg1oBUJ3rVPDf=3OpBB7i77SB1.jpg,434,929,452,525,681.5,488.5,495,73
Kw7itoHTzkCprgeLGDLIMWDMSsiCT3HP.jpg,401,831,430,495,616.0,462.5,430,65
kWC61dGk8enwCMoPkU2WcWvgE_1fFN.jpg,438,776,476,542,607.0,509.0,338,66
kwR=DlNKYym4Q4LlrwnQSh4CTIpV16Y.jpg,457,796,476,539,626.5,507.5,339,63
Kwscx2F966_3NfyDmpi8gbP8eYkaEe.jpg,453,750,437,494,601.5,465.5,297,57
KwxzcN21eKYfKW5H3jMky8jzI7DS=L.jpg,436,827,443,507,631.5,475.0,391,64
kWzlCEqfpQhDWakw1EjOVZ7_b3SY9PiT.jpg,398,904,461,542,651.0,501.5,506,81
kX25kbrE4=yDVWPHuWDFTcrsH1SzhM.jpg,311,761,425,497,536.0,461.0,450,72
kX4RkDvRV3V_eCNw2y7eUhUvRPuzLUoC.jpg,393,833,423,495,613.0,459.0,440,72
KxfSm6u3bxTlva1sHVE5cl=z7xDlzQT.jpg,432,845,417,489,638.5,453.0,413,72
kXFYezrDpGhtTYfbusasdIJ63FZeeLqc.jpg,216,917,427,529,566.5,478.0,701,102
Kxkg2qpVQigUwITZ1nhOCPnNdK2J7.jpg,308,800,432,509,554.0,470.5,492,77
KXsi5aoJW=sUVtcKV8llmr65uYcfrN6.jpg,353,790,418,484,571.5,451.0,437,66
kXx2gtYpapHU95oVN9XB_ksG1GCPIe.jpg,437,948,464,540,692.5,502.0,511,76
KxxMk7YYMCUeOYFp_J52v7lXCltYjmC.jpg,232,795,518,596,513.5,557.0,563,78
kxY9i=z71lfr=G27VlNeKMIBNdQmz5P.jpg,393,809,423,490,601.0,456.5,416,67
kXYo9M=LmHjCiwYByYRiMrmHJDrMKc2.jpg,288,860,518,602,574.0,560.0,572,84
Ky1ElofutDeh8jDrZdmVHPo46zFy_Ga.jpg,533,1001,463,540,767.0,501.5,468,77
kY3jYPni85iPeoSUfndJRW1ZlbM7Ly.jpg,482,999,473,558,740.5,515.5,517,85
KYCjW8LMiNX9N4DQ9IDTXNgdwxjPSGI.jpg,394,827,419,483,610.5,451.0,433,64
kYhkj8JeJIwcFfycua8fyTMa5fJvuB.jpg,354,969,494,588,661.5,541.0,615,94
kytQIOd87mNWbRUGVcf1xSD3ogfLQh6.jpg,337,763,418,481,550.0,449.5,426,63
kzF9n85jVFPMpIvDb841Hi85pylT65.jpg,467,876,420,487,671.5,453.5,409,67
kZK8KHeowq9x2tZFKvOV5q2qm9ybry.jpg,345,745,417,483,545.0,450.0,400,66
KZKE5gdTbUXWny4=Ba4E13dNMog=ackn.jpg,354,836,437,511,595.0,474.0,482,74
KzKsW=Y_SkXeekvF1Vvt5PctpbW7VcW.jpg,347,850,451,538,598.5,494.5,503,87
kznz3WWNaeF=tMagX4LveUbMyvc3n.jpg,428,905,433,513,666.5,473.0,477,80
kZSRvClw4bBosbZgdJKOlBctzhfcBJfd.jpg,444,871,456,525,657.5,490.5,427,69
K_DXUz4F68arGQ5TqJqYu31IMGmEe.jpg,267,938,557,660,602.5,608.5,671,103
k_uq54UluZcaZBix7k7ddQIU3uZDTR.jpg,396,896,421,507,646.0,464.0,500,86
L1=2Yi6xrXtV248VbjBwKjKznwY5ZeVL.jpg,299,816,496,572,557.5,534.0,517,76
l1MsdggpBM6ltdN3_sSVmdwotsQDwdI.jpg,333,859,450,529,596.0,489.5,526,79
L2bXlS_uOdVa=2KXhonFdTVDsKTuuh.jpg,244,845,423,519,544.5,471.0,601,96
L2TyL28URluqFhqiD9ybLYBlI_6Fqhco.jpg,353,904,465,547,628.5,506.0,551,82
L2UBBBn2BrCRqumgFEQa1m4z4gey4om.jpg,352,899,466,547,625.5,506.5,547,81
L3qLfXuLncbD4iDa_4FVNR5Pou8Ug9z.jpg,391,805,454,519,598.0,486.5,414,65
l4mchYX6y3e5NcKr_a1325gjROI=I74M.jpg,281,1109,558,684,695.0,621.0,828,126
L4VgHYrDdETJLq=q=D7JeMmYk8K9C.jpg,355,810,463,536,582.5,499.5,455,73
L4wYSWVJLLdviXJYTLFb1KnQ132pz3P.jpg,374,812,454,518,593.0,486.0,438,64
l5eBWX_QVOnvNPuB_WzjKY8vE5s1qzu.jpg,361,831,428,498,596.0,463.0,470,70
l6NHnDhwXNhCBvNEsNOlaBkDXjERP.jpg,449,852,418,482,650.5,450.0,403,64
L6raVGcTT27zDKU3UyT4QIco8t1aHdH.jpg,400,891,490,559,645.5,524.5,491,69
L6YxZqK8zB8Dm3jht=LtZhV9BfNRK72.jpg,451,933,437,517,692.0,477.0,482,80
l7ay4WQdyHqNX7nvG9FDGludpLStQ5R.jpg,388,799,420,485,593.5,452.5,411,65
L7Hfvh1y2Q74V95w7bu8z=eemVDSCkJ.jpg,430,792,470,537,611.0,503.5,362,67
l8o5X_YDI3R_nXvNESxdkSQHL3Yafy.jpg,428,932,444,519,680.0,481.5,504,75
l8pQY9cq3eELCSc7k5rGzGniXZL6No1C.jpg,357,929,474,560,643.0,517.0,572,86
L8Trfwd4yVYb9ebBWJnese6XXYF4jr1.jpg,497,945,463,533,721.0,498.0,448,70
L8WsOE6WBwRhO6dJ4NbSIuURPt5uG25v.jpg,324,854,409,505,589.0,457.0,530,96
L=EqlwX295nliVgRLjTeQwTPHDJDj2fK.jpg,411,859,426,514,635.0,470.0,448,88
La7mITHrvy3IMHV=lYHV71wwMccwl9y.jpg,367,785,421,490,576.0,455.5,418,69
laNh9MF7vgG7rpX4_rFJbJ9wci4Gc3wZ.jpg,309,929,499,596,619.0,547.5,620,97
Laqxx6txKZvPxd6kvKxpOiTZi5IX2HBx.jpg,403,811,411,472,607.0,441.5,408,61
lav6btr8NMyShdLBk5=4GIDptbqDMKtZ.jpg,419,940,456,534,679.5,495.0,521,78
LB3cPwvSFzyhjeMlQ1Xpi8GTCKaPv.jpg,386,835,433,500,610.5,466.5,449,67
Lb8Pm8ySCelByClfYySNvZX6bSaPdpT3.jpg,332,855,504,578,593.5,541.0,523,74
LbIdJUWVD2ga7Z7HOJ_s3wqUHQlQiG.jpg,317,750,419,482,533.5,450.5,433,63
LbjscuFoBWzjDHOHoZHhCG1WStlQtqUn.jpg,429,862,420,486,645.5,453.0,433,66
lBKuaHgWwMZEYeLhbOlKDz3ep1lkn2w.jpg,394,811,417,480,602.5,448.5,417,63
lBx9kluKlN4mtE3bHMd1IHJ5iqdRSC.jpg,78,855,542,654,466.5,598.0,777,112
Lbyk1JGwvoft4JGZuWMzKKFwEXa5a7.jpg,417,801,412,477,609.0,444.5,384,65
LC8TIHSuEB1fR=No=1K8aiadlu=shOjz.jpg,387,860,472,541,623.5,506.5,473,69
lcBVIU4QGHkHqcxY_hjr_wz_dC=pm3r.jpg,567,863,446,508,715.0,477.0,296,62
LCcxorq4fuHnn=PL8fjZJ_wK1Ompw3Jx.jpg,391,798,414,474,594.5,444.0,407,60
LCMJs_xsNCfSY=RPK=gTfaFWtOucON1.jpg,426,880,420,491,653.0,455.5,454,71
LD1oouLsed2oXRPTBRxWWdQW6eNfq34T.jpg,348,916,464,563,632.0,513.5,568,99
LDaDBe3cxK_H7eVljYOMconRs6xnoiVi.jpg,415,867,420,491,641.0,455.5,452,71
LdDeOTuhjzrdOfzyhq8T64lzxZWGOI.jpg,413,786,505,572,599.5,538.5,373,67
lDJ36gZWCY5sCMgYD_EsE4IJWCbuf4U.jpg,429,777,490,555,603.0,522.5,348,65
ldO4qvX8HO4weQBI8ZDg6X=BMqKz6DqQ.jpg,364,899,504,582,631.5,543.0,535,78
LDSBSKFBC6pZ4kLdHsU7ItXG3zcdXMe.jpg,356,857,461,531,606.5,496.0,501,70
Ldzl2CpswDvneacnD1jLMGxmbtYVsqKJ.jpg,427,910,475,548,668.5,511.5,483,73
lE2fmz2=Y3K4EMytjXaTpRa=N6lnEB.jpg,387,777,477,548,582.0,512.5,390,71
Le2_gQjorLchkmq6M5E9JjVpQY=CRJ7U.jpg,339,861,460,537,600.0,498.5,522,77
Le8Ffv5SvGQLoqTe5vxbJSudbMIjMsy.jpg,228,796,514,596,512.0,555.0,568,82
LEeBYuV7u_FnVruSwJP4Ptltz1PDr7t.jpg,450,760,444,502,605.0,473.0,310,58
leG_qOjQxh_YISGbhpWXKO3FnDBqVvf4.jpg,314,766,425,492,540.0,458.5,452,67
leNs4ck1Zm1dwoV9q1Uzb2fFbQwFB3.jpg,408,1011,481,576,709.5,528.5,603,95
LenwjPbZhRk6x7S5TW=ccXeoi2_eoPO.jpg,394,847,466,534,620.5,500.0,453,68
LEr6e1GIgrJaB96et8ujH37etQDCFIx.jpg,321,929,530,614,625.0,572.0,608,84
LEsNKnf7hmn94z=PHf2rnlXVKmUtIQJB.jpg,376,816,462,533,596.0,497.5,440,71
lF7GwMTcrub5kDKuMaMZMENO9p7578.jpg,356,854,450,523,605.0,486.5,498,73
lfB43psShL7SJXsd5D38K_m28_fuhktB.jpg,314,796,467,540,555.0,503.5,482,73
lFo8LzM5Sb5B5Hij3s=YtrMKMgiVX4.jpg,390,726,437,502,558.0,469.5,336,65
lG2VOedbdCgOuXBGhnoEVYWPl1TrXMu.jpg,383,810,422,490,596.5,456.0,427,68
lG3yNlferzVTZYlg4JRclE5eBQXGLzv.jpg,362,716,438,502,539.0,470.0,354,64
lGFh9dTvWD4M3pD249z9_wOVaKF_ncDB.jpg,365,801,455,527,583.0,491.0,436,72
LGF_BbnvNNghZC8yGeXUUUdYaL9vZs2R.jpg,401,887,449,523,644.0,486.0,486,74
lgH9bkxhkeTQ8vlQDTliErkcIjmRKWv.jpg,447,930,469,544,688.5,506.5,483,75
lgmeexX8NpdHlS9O2Ro33xvbJdquQf.jpg,374,816,428,507,595.0,467.5,442,79
LGNaC=n4X8xuHkLDmoowZnCQZ2wYzVB.jpg,271,780,458,532,525.5,495.0,509,74
LGrhFezH9Lnxt9niwP2lTDiwdTe69I.jpg,407,865,435,509,636.0,472.0,458,74
LgRvmVtQT54BWfIWlBxSjWGYkiHat_ci.jpg,265,893,542,630,579.0,586.0,628,88
LgsCCiv6LmcSWaOJz82OzP5XVtlVne9.jpg,228,781,474,551,504.5,512.5,553,77
LGzdnIiesieEQLkwTwtKEz7yBbftRIeQ.jpg,341,670,457,519,505.5,488.0,329,62
LHb8tS1DTn=9hmuPFxCBlaziU=hiXiTs.jpg,448,810,493,557,629.0,525.0,362,64
LHbmFSjLhy_qfLSik=jEPjxU8x7xx3rm.jpg,406,1030,488,581,718.0,534.5,624,93
lHee9o6YqHTEDwa_WXLcdvf9lKRplKCB.jpg,443,892,424,492,667.5,458.0,449,68
LHHRvxSU2awSan8tVDFgqk8SDvmciy8L.jpg,441,807,504,572,624.0,538.0,366,68
lhiQgdEriEmp5WGGmEVCfp2GceqJcre1.jpg,485,1115,513,620,800.0,566.5,630,107
LHJlwfr4l=RdIjTCYxnKk5pbz5VH7z5V.jpg,392,915,454,532,653.5,493.0,523,78
lhmiJoTjvCI_kND5ymJ7Rd5MQb4HH.jpg,367,871,452,526,619.0,489.0,504,74
LhPDVogEUM7DYdDUbqqLLG2e4Du8CoBc.jpg,318,747,415,479,532.5,447.0,429,64
Lhuk4c7oFU25i=1E=YnfgGHd1m_v9EsP.jpg,409,845,422,486,627.0,454.0,436,64
LHX17jDc54T6cbybEQJSL2X8LfdEbqGQ.jpg,389,823,421,509,606.0,465.0,434,88
lHXSJrkF53Vm75X3L7LSTpiiwRPyGaw.jpg,473,1011,461,563,742.0,512.0,538,102
LIb=QuWTI8QshlRzIbwp3eracCr5ZtXW.jpg,357,847,449,523,602.0,486.0,490,74
LiegjvVQu835Ii2Cksj9ralXMBH6qJM.jpg,419,895,473,551,657.0,512.0,476,78
ligu8_RhMf9P__knMsCCxIwTLZSEeeh.jpg,387,833,422,500,610.0,461.0,446,78
lIlmpJsmPKuuznOYzHKzhgKj3GSfvpZ.jpg,387,737,491,552,562.0,521.5,350,61
liP=UMVDntE3mNHWJ8zYMvnFx2lMNR.jpg,357,693,475,540,525.0,507.5,336,65
lIphR9mdxxrgY5yNVQbaoXpI2XFZar4_.jpg,386,813,425,494,599.5,459.5,427,69
lis4xYeGByNCQM_fFJ=UcZLCcoR4W.jpg,524,830,452,516,677.0,484.0,306,64
LIu8_m3jTjXeGt1y2uBCZBXBelBCl_n.jpg,386,916,459,547,651.0,503.0,530,88
lIzRKafhnd68v3xO4bSGeVtezO5GBcNP.jpg,350,658,431,492,504.0,461.5,308,61
lJ71qMaiZuwIyl6kxW5LO_6TlK4_uaD.jpg,414,827,411,473,620.5,442.0,413,62
LjIv2RVTvfTI4UsspVtzRf_dUk7IB7c.jpg,332,856,452,550,594.0,501.0,524,98
lJKy65l_fr_7FGifKols5wsSXzZNW5i.jpg,396,811,422,486,603.5,454.0,415,64
lJK_KHhJhTUiST7b13FNn9sH8pbp4.jpg,459,871,410,474,665.0,442.0,412,64
ljpHeGCZqpJhkRwZs5k6dXw6CwEYzLNa.jpg,288,1064,541,669,676.0,605.0,776,128
LJXiXu7f453g1jC1h1fQQFoVOiJ=Ly.jpg,445,927,473,546,686.0,509.5,482,73
LK88sXND6rtjDyvOJmUDfSjIU62WQFr8.jpg,344,672,440,503,508.0,471.5,328,63
lk=JZU=lx4stJ7l1xbMflGpIF395oZJE.jpg,422,849,420,493,635.5,456.5,427,73
lKCOsf74QJvmndclTPGj2bHKfxjJl3B.jpg,375,880,422,501,627.5,461.5,505,79
lkf=SP4ldb7E1mE6hundvrjXWN_dvPjr.jpg,431,767,482,545,599.0,513.5,336,63
lkIiSbnRJBjweig5_ZfH5UQ5gNRYnmjW.jpg,411,843,419,483,627.0,451.0,432,64
LkJ6HIFkO4PhC9GgxpGnRHw8qYPcCGyC.jpg,333,681,458,521,507.0,489.5,348,63
LKlITkF5mIlm=74Xzvirj8SsZYCIxsNT.jpg,364,867,449,541,615.5,495.0,503,92
LkM1g4FG4o3R5VKrXyefqZvvyHYEzHeX.jpg,446,729,423,480,587.5,451.5,283,57
lKtLmTz8qXyar6U7MycxoVfUENx_XzCU.jpg,343,755,423,488,549.0,455.5,412,65
lkXKUhRz1OjjU1sHbB_pmMoEjL1C_M6V.jpg,334,788,423,489,561.0,456.0,454,66
Ll1b8GpiX8ulhTyPOoHduyav=7eeznpE.jpg,435,857,421,489,646.0,455.0,422,68
llOVseeQlPhQUJnUPCMWywNqborEIw6.jpg,266,1089,565,696,677.5,630.5,823,131
LLZDT3qc9jWfEgggHLB_TN9yi9su8fn7.jpg,381,830,420,486,605.5,453.0,449,66
lM=tyfJBY38Emc6Uz5NagLlws=VZKtiv.jpg,324,773,421,490,548.5,455.5,449,69
LmPMV4O=IDFfm=zl6=lYkXFn2QOmtlf.jpg,456,861,411,493,658.5,452.0,405,82
lmUJUE7tKDR9JXGzN6zEJX3BDF77GTD.jpg,380,841,443,517,610.5,480.0,461,74
lMwNJJjU5Ciqb_yp9hopW_GVsd7SM6p.jpg,459,774,468,531,616.5,499.5,315,63
lm_Vz7LVzmPz2=q6aq3_cXj8dQQrU.jpg,429,922,475,553,675.5,514.0,493,78
ln4NW2euNMpUhFsHdncLIDaiwZawphIV.jpg,407,814,415,487,610.5,451.0,407,72
LnUUYb5yrnnDqZuPucu6q1mG1OKTC.jpg,473,836,492,559,654.5,525.5,363,67
LO6MtG7SEsPvF5ygYXJFVrp43_ujBrz.jpg,317,873,470,566,595.0,518.0,556,96
lO8=pr8Sj2zikunKZZZGvJdFrqSbGkk.jpg,426,923,449,522,674.5,485.5,497,73
Lo8kCER9gGzRh5Vge7JiEfqgcvKbJqDo.jpg,480,763,421,478,621.5,449.5,283,57
Lo=83EPkTnTWPj8Wna5aQyXDtYini3Dy.jpg,284,792,444,523,538.0,483.5,508,79
LogcSgkSL6F75BixOhyLXeOFKNIXSGwB.jpg,312,779,425,496,545.5,460.5,467,71
loKsyUgeokRxfkERKrKj4G4iJHTgaV4.jpg,442,840,416,479,641.0,447.5,398,63
LolIoSnObce3mLIz=s6dOn2jv36W5Cs_.jpg,445,1020,514,606,732.5,560.0,575,92
lOUuq51ewqC3bMQP6U8ZvBlih4x6Tkc2.jpg,357,752,417,480,554.5,448.5,395,63
LP18fzvVSf=9ogD_oHZHg6cPO6xGL4.jpg,434,921,445,522,677.5,483.5,487,77
LPMdUTMtHp3Tjt2qhlUVwKF=s3mXnG.jpg,414,853,430,501,633.5,465.5,439,71
lq4j=8=k928XevmSqGi=iFpgGblBkfg.jpg,366,796,432,506,581.0,469.0,430,74
lQ7M985R_N4TVyTPrmVP3vyNfb21w9r.jpg,388,914,463,548,651.0,505.5,526,85
Lq8IHzmh_UzzRK=_xEq6MfkPG5Cs=2or.jpg,310,918,538,623,614.0,580.5,608,85
lQ=5WWufipev3iw4QNlJP4GoijIbzMp.jpg,472,864,410,474,668.0,442.0,392,64
LQaMhCoDxjLL=N=v6pxHzuVq_=GxDvx7.jpg,404,948,457,537,676.0,497.0,544,80
lqbKp96qrCtDeVYeQ7X47kOISV8VtFKv.jpg,331,803,448,515,567.0,481.5,472,67
LqCmZBxXuUmdTSDf8CYmYvj3ulzecT.jpg,418,831,409,486,624.5,447.5,413,77
LqpLekCu3C_5kI6TZwww7mHeBF4a8.jpg,419,915,458,536,667.0,497.0,496,78
LQsd1lDI4HxwyYFVtjvRlW4IU6qPBuL.jpg,467,901,452,521,684.0,486.5,434,69
LQSvSM1a_Yu7N1utWJa7I=bP9laU97.jpg,456,865,450,511,660.5,480.5,409,61
LqyBorrhu6CqLjZ8x41FFsZI_tC1ORc.jpg,347,912,457,532,629.5,494.5,565,75
LR2_qBYEVxqQ7zdyRJ=ptuxVTVDyj4f.jpg,415,910,458,532,662.5,495.0,495,74
lRbn6oWDXHjF21PHVoXZi4tCtze1SK.jpg,304,868,464,548,586.0,506.0,564,84
lrJqZgfodCVnZqxgbQMBSm7c2X5KUhPP.jpg,218,714,465,542,466.0,503.5,496,77
lrUnED4dGGIkI3zdgdxrXko_HCQ7acM.jpg,304,880,482,574,592.0,528.0,576,92
ls6gO1Q9N6nUzO_wIJ7yDP7L6xXM221w.jpg,377,812,430,497,594.5,463.5,435,67
Lsat4VPpm6njt8kiM3oolZjpYrKZPSl.jpg,341,978,499,588,659.5,543.5,637,89
LsD3as1u7CKVRWriMEWt_lR1Y=ixHVJ3.jpg,375,820,432,500,597.5,466.0,445,68
LsJMgwRRMd8RXfNC9TKaD=tH8um2tns.jpg,301,932,500,603,616.5,551.5,631,103
LSuCG5De4IELgpgOJ=MTT119s7F2UlH.jpg,440,930,479,556,685.0,517.5,490,77
LTpkwgtcTwdeCvlPL1Mfm7oBgHzBGsV.jpg,330,904,480,565,617.0,522.5,574,85
lU=OLMp9=ze9HrGVYxkjDuw4gKJoiI6.jpg,529,830,432,494,679.5,463.0,301,62
lUSxeEmidd1i2l2buv2xKkvHvgBEtl.jpg,472,894,415,481,683.0,448.0,422,66
LvgleM2Dv8DiyowDfjM_rvcYb_hPag7K.jpg,350,835,445,517,592.5,481.0,485,72
lvjsOIFmoFElSFrf2bfJ4WaaUaSdM75.jpg,319,805,454,526,562.0,490.0,486,72
lVWKeheKqlJMT6=n9MaUKGP4k56nIvR.jpg,438,863,419,492,650.5,455.5,425,73
lwbTZtdXe4EuFRz=xRPDfKnWGs3wf.jpg,408,815,410,470,611.5,440.0,407,60
LWC7_YQ8=4qkuBQ1DVGl7t_EGzUuJLjj.jpg,229,914,581,686,571.5,633.5,685,105
lwCO=Cd5STcaGkazetkqu9E8wRsw_yK.jpg,244,965,520,626,604.5,573.0,721,106
LwFk7gb7sSyGj4WNdrZ3trKBQTJMxe=.jpg,347,769,418,481,558.0,449.5,422,63
LWKx2holwhLzKZ9LOks5BPJC3WE76IQ.jpg,438,889,450,519,663.5,484.5,451,69
LwmFYtvWp2mBcLT9h7G8m8pZuNYLSVL.jpg,422,857,427,495,639.5,461.0,435,68
LWp7iSRTg6p33XHJuHaxci7IrfaHKlc.jpg,364,747,476,547,555.5,511.5,383,71
LwPfu8mjbagFSWpVdYTlElEdju7Yx.jpg,381,821,421,485,601.0,453.0,440,64
LWqb_eytagzj7Gh9w1F9vxXmky2gGLw.jpg,390,892,485,557,641.0,521.0,502,72
lWtCD4vfjJck8Ttj6i71hFqMKm4EoVO.jpg,266,836,430,513,551.0,471.5,570,83
lx9fkTxj5faHwJOZYmvv6Tg6eRMsjY.jpg,446,905,431,514,675.5,472.5,459,83
LxJnibn3UmxX11YnmVpRZ6REcmMZWg.jpg,249,829,461,553,539.0,507.0,580,92
LXKggH_LwvlFouNMynSG7=ESGlXJdRu.jpg,411,962,508,590,686.5,549.0,551,82
lXKpvirMGYrz1LabZUmX5Oq4goDFndB.jpg,488,768,445,501,628.0,473.0,280,56
lXmGBO4Q1YLHJxs1DzBqURETbuVk=R.jpg,412,828,420,488,620.0,454.0,416,68
LXrW63CxDaWrmwGijfZScSkDYmhgTX9x.jpg,278,993,449,549,635.5,499.0,715,100
LXWwS5TLMaF6dZdngG33qc5cs2SGR.jpg,438,924,481,554,681.0,517.5,486,73
lxYYxfi1ClruReau2OfdVnf1X33T=39z.jpg,286,907,495,587,596.5,541.0,621,92
Ly2HkxfYpLTg_v9s1yvB6GzGDi7vxjC.jpg,389,910,450,530,649.5,490.0,521,80
LYa_HjejqYVd3b1fDygez=pyuLmeeGQ.jpg,234,944,511,638,589.0,574.5,710,127
lyEuDVDNh99sovehIa3ypyqcGxIGrzD.jpg,418,752,431,493,585.0,462.0,334,62
lyISfBe8tRcRYJ2e8rZO=gNxi6zOdl.jpg,331,893,511,595,612.0,553.0,562,84
ly_BX6qVZf22cxyQIDQXSVMjvp9qEGDQ.jpg,326,897,477,558,611.5,517.5,571,81
lZ96l6I=MlkcIbRsH8bagKt6vwQrTd1.jpg,451,911,441,509,681.0,475.0,460,68
lZ9x9SnrWZ3vDvor2iF3au3ofFECffQ.jpg,360,790,427,495,575.0,461.0,430,68
LZ=oE=JSrjpUcDZypnBJxc=ZOfo_XNp=.jpg,377,828,419,503,602.5,461.0,451,84
lZej3d8TGMgRKpivB=3O8VTYL36Jlmru.jpg,391,827,427,494,609.0,460.5,436,67
LZp5Y75RanDIsIZy5M_6HiHUlnrJsO1p.jpg,378,886,455,546,632.0,500.5,508,91
LzVHaBTcXg7b8zwXvGowqK7EYbSjl6U.jpg,451,857,411,473,654.0,442.0,406,62
lZypz1SoHvMlIk3gvsKwCM2xTCDRqM.jpg,444,744,462,519,594.0,490.5,300,57
Lz_hRvbvFj2HJITZygnOKmHjV9lOV.jpg,409,991,469,556,700.0,512.5,582,87
L_KEZjc1ETSFoByJ=ZenHEUFcDnloPrC.jpg,333,843,489,565,588.0,527.0,510,76
l_pjHfL8IwRW1qS21_aT8wDoxc8pj.jpg,375,803,447,511,589.0,479.0,428,64
l_RH1umvt_jmD1t7athwegS=tMUcwbk.jpg,450,913,469,542,681.5,505.5,463,73
m1gpOLEOmJlDrTHEiRjxKsr2_Ceo_=p.jpg,413,915,482,559,664.0,520.5,502,77
m1KGGde=nHXfUK3rxGXVFSNy6=8tOu.jpg,421,821,408,470,621.0,439.0,400,62
m1W6bEwQb46p7eOa9jPT2IhMSdfe8N4.jpg,416,836,413,473,626.0,443.0,420,60
M1WanyYPMhZIWadoab65fQfILKDbQk8.jpg,345,1029,569,666,687.0,617.5,684,97
M1Wp3Fqsl2vBRmUq9NynM3DCUqaapWK.jpg,495,776,426,483,635.5,454.5,281,57
m2bQrQheKjgyQ7ZBWyKeiq54QRfYtLo.jpg,363,851,447,520,607.0,483.5,488,73
m2EeCfzDhifTRI3cUVQ3DQfLzHTK=.jpg,401,818,425,498,609.5,461.5,417,73
M2FrTG4SN4gD91FoxO6fvLaMprgNuZx5.jpg,293,921,500,598,607.0,549.0,628,98
m2KtX_Chr=EYMCgRYe_mirn8kS=mUlI.jpg,436,959,457,534,697.5,495.5,523,77
M2MnaFLBBc5RwgIK3=WLNWdLBllz.jpg,444,879,424,488,661.5,456.0,435,64
M2oelovHfDrJZQbkhvdB3YDeIzUpL.jpg,395,920,453,527,657.5,490.0,525,74
m2PyjM3c6ODpBvyK1BBmTW4ELdiENiff.jpg,297,752,433,504,524.5,468.5,455,71
M2wF2Qd2ejD7BTG5ykOFvvKhO6GS3.jpg,376,826,420,497,601.0,458.5,450,77
m2zI6UL6eOqwoP_SSXeUwdkQcTCPQL.jpg,344,868,471,547,606.0,509.0,524,76
M31pj_tM7TbJIW3xa6ILim9eeDHPMY6z.jpg,330,735,420,492,532.5,456.0,405,72
M3l2oNMGtTtNeiGfMo4y3S5NTv99Tb.jpg,416,880,432,506,648.0,469.0,464,74
M3tbonjsoIbw7k4Ed5Vapvt3Ypq9TEJ.jpg,363,940,516,597,651.5,556.5,577,81
m44Oaac4HsjLEHp4B2pCTuz9_JPcUzf.jpg,432,958,481,566,695.0,523.5,526,85
m4DCSLZimfzYsS6aKJQsQnwNZUNt9R.jpg,352,823,479,551,587.5,515.0,471,72
M4sciW8jaBiFX34dBw7cR4HR=HE2y6q.jpg,384,789,418,484,586.5,451.0,405,66
M4v4vlDpnNuh8_K1pSmlkhF_SECeV.jpg,383,936,517,594,659.5,555.5,553,77
m5CNZTlyOr2EZNOqSddOpEI2vNffp3d.jpg,359,888,485,560,623.5,522.5,529,75
M5I96FFjlcbhdhBdw2pXSKT1CazYtiE.jpg,308,1231,624,763,769.5,693.5,923,139
m5k3zvzNFwy=Cd15NuwSj_mW7GvMspi.jpg,401,821,421,488,611.0,454.5,420,67
M5X75WPcFKrs2TQZ_PpwlV1WL1KQaGq.jpg,469,871,445,507,670.0,476.0,402,62
M695kP7MTFhJzc4el8T=3iR1Fvwvmbam.jpg,431,889,427,497,660.0,462.0,458,70
M6bVo8b4__r_28RLwS1BCqB7uFmVn_.jpg,435,724,423,481,579.5,452.0,289,58
M7YqjOOexqbOSLitl1LDuDVWfgxub5e.jpg,420,854,429,495,637.0,462.0,434,66
m83pasp3mooMpnlMOsTi=MOkiVnVbpK.jpg,438,744,467,523,591.0,495.0,306,56
m8gQ=KYYslHrWrwZYVpM59qK_un4z7eP.jpg,227,859,529,621,543.0,575.0,632,92
m8Md3TWUZoIgK8utCPGxlHmP6bSDHvaE.jpg,434,842,445,509,638.0,477.0,408,64
M94=1ZMSgIOHIBdmHuBqnwlv8qImnlu.jpg,390,975,483,568,682.5,525.5,585,85
M9oolTuGLQK7ulInsOCkwFyPEwO4Y.jpg,383,816,423,498,599.5,460.5,433,75
M9Rp_GNKySx7swSUOtvmSzJUdS1CXHLP.jpg,370,845,436,513,607.5,474.5,475,77
m9RYeOTvYrNLfcITpzojDvau7SCiTrx.jpg,410,871,440,508,640.5,474.0,461,68
M9x4RH_cTq1WGipzU3H4=qm1JLxf8IV.jpg,474,791,462,527,632.5,494.5,317,65
m=fOz_CQlDlPfRNfo44PKSzY5zFuqU2w.jpg,397,913,452,527,655.0,489.5,516,75
m=L52a3gj=kX8iFXJZfOrye7szCf=jY.jpg,391,844,429,513,617.5,471.0,453,84
M=N137T57DX7bcWlI3PKBUmJlz36_P.jpg,334,908,476,560,621.0,518.0,574,84
m=SqghdP9uJx28JLWlDRHTbC3afmw6.jpg,340,730,416,482,535.0,449.0,390,66
ma7fODLS4icOGpKOnoKZqBNJWncSceTS.jpg,441,841,414,496,641.0,455.0,400,82
ma=Pyo85MEk2Va_9cM6cXg9SsF16Ibqa.jpg,462,875,449,512,668.5,480.5,413,63
MamBmRKO6aITmkP6n9MJ7LmL2tmo5.jpg,437,892,433,502,664.5,467.5,455,69
MC39tK46hX47CvwRiXltHlVfgziQ_7.jpg,420,810,417,479,615.0,448.0,390,62
mCg=do_s3hawyMG_Xmmg3rVrhU4tVFB.jpg,404,930,452,556,667.0,504.0,526,104
mcgeGRZPiJW8kcJxwetRxzi7Lx4=QJy.jpg,387,818,432,497,602.5,464.5,431,65
McjVv4hvgCOhnDu_y1IVf8PKwQQEc.jpg,454,872,425,492,663.0,458.5,418,67
McqDalenzZXz8UNqFIEF2G3B26xOhe.jpg,416,898,426,503,657.0,464.5,482,77
McwT=NOcctm9nDbsDpJ1O3dVkuu3G9YQ.jpg,440,883,425,519,661.5,472.0,443,94
MCx9K85iWO_=NMz_kJd5oirUisgszT.jpg,400,901,448,535,650.5,491.5,501,87
md4zMrYRbJLG2xqfOf8TkO87jFr1qR83.jpg,377,663,428,483,520.0,455.5,286,55
mDb_z75O_EBMJWy6dqHgKubl_qMEd=.jpg,273,850,473,577,561.5,525.0,577,104
MDgZhbbUHPGW2s_iFeGY_iGtvpINgJb.jpg,282,969,516,619,625.5,567.5,687,103
mdhOx8S77ueoFyzjiMEzfxMKv9yxXE.jpg,324,884,515,600,604.0,557.5,560,85
mdiGzpmCf5b1PhkDzFn46RCljp9_7kU.jpg,433,824,439,503,628.5,471.0,391,64
mdjzMylNvkVoN2arvQRE5g6goQ6qS4hL.jpg,495,937,420,492,716.0,456.0,442,72
MDTp9oYBHPZHFCHI1Nq4WsSJqCIvxJL.jpg,276,765,436,510,520.5,473.0,489,74
MdueWqbl4l5932OdFNqyDg_uhtz9sd.jpg,350,864,458,532,607.0,495.0,514,74
mDvFMkI59UEHZoEWpYdV8rrKCUMitLo.jpg,457,782,476,536,619.5,506.0,325,60
mDVxl954BHWj19sFelsrc=Y5R4UsRJE.jpg,393,801,416,486,597.0,451.0,408,70
ME1YxivsmDfC9_XetQ59UGS8DmimMjF.jpg,295,717,439,505,506.0,472.0,422,66
meaQsSWXFRfwaaYZJyBuJcPvwuJY4_X.jpg,341,913,475,573,627.0,524.0,572,98
MeciBgMfrpePlHWCYTrqV_KIHPxw_SsN.jpg,345,774,426,504,559.5,465.0,429,78
mEd3ajipkz_F9THjtmRcHEfJ8dcrMTI.jpg,434,861,426,493,647.5,459.5,427,67
MeNyhogdyaK1IgVkdBTEUHQrKimgYktZ.jpg,270,721,445,514,495.5,479.5,451,69
mevWlBE8qa898fflJ=vrL_aHWOK9s2q8.jpg,408,916,432,515,662.0,473.5,508,83
mFgUXqLeuJY2cFHsV5bbJNvWQWUoZQyQ.jpg,423,864,450,514,643.5,482.0,441,64
Mfkci75LT9q_ZSKxiUk9K6yR2n=eQH.jpg,428,856,457,524,642.0,490.5,428,67
MfYnXiYH1_nYnepbDWWjyfFk8r43FKd.jpg,436,877,457,530,656.5,493.5,441,73
Mg3JjVYvUqIBfCourO6jiekc=lflpwI1.jpg,327,749,422,488,538.0,455.0,422,66
MG7XBaYadZnCuXEgY9P7kIEGxWRLgd.jpg,436,857,419,485,646.5,452.0,421,66
mGBo8T6bmFEDFWPeMN=yh22oOmSUVMvd.jpg,355,834,458,535,594.5,496.5,479,77
Mgc4m5tB3bgXCzi5gu_CNsaQTcduBwix.jpg,333,877,464,541,605.0,502.5,544,77
MGDpQ6C3DZnRpMcOQ=zEmyHwxiBOG.jpg,360,904,464,546,632.0,505.0,544,82
MGHlXDox1dnMuLk9i_V6GG7_=_I422l.jpg,321,847,508,589,584.0,548.5,526,81
MGjuy2FVgjeQCSPOzetbMObIdJQHaWm.jpg,357,867,447,522,612.0,484.5,510,75
mgKP5x4TT9mFqh39RHrtUKZtiRL=u.jpg,320,771,434,503,545.5,468.5,451,69
MGNG_ifg31dPSNYjJnOtiOpcww5OYB.jpg,390,800,411,485,595.0,448.0,410,74
MgnPvMW887xmQiaYJ3xI2mtwmOG5Dt.jpg,249,812,478,568,530.5,523.0,563,90
MgUdyDYa6tPBjiGEuyGtTa8dkY66d28O.jpg,519,831,468,528,675.0,498.0,312,60
mhpRK4k=dOCxvYvcsCkZPZYR6EeU8D3a.jpg,371,1057,518,621,714.0,569.5,686,103
MhrGZye8TMD4PKxmFcZT5ntg9VWZ5MS.jpg,347,822,443,517,584.5,480.0,475,74
mHrVnBV7YfmdH19xZuZf5_45ZkE1NHW.jpg,419,837,422,489,628.0,455.5,418,67
mi3hfR_VTz_fJvo33_mDfH3_Le_rr_c.jpg,302,800,489,559,551.0,524.0,498,70
mIdfkulD39XYlT9=BeLtyHBel2Tq3H4p.jpg,329,875,462,541,602.0,501.5,546,79
MIgHc1oHBCSH3kDIpW95d4cGRBeum=.jpg,473,756,425,483,614.5,454.0,283,58
mIjlq=S3SZ1tuIWbII7US3vshqCXWboR.jpg,443,913,458,529,678.0,493.5,470,71
MIlTPjzkgI=K7EqwvTZ1QoEnYecmTuut.jpg,215,1045,558,685,630.0,621.5,830,127
MiNPhoyaNoBqWKb4bTXi_NrGlQ=Mk9B.jpg,411,896,435,509,653.5,472.0,485,74
MioxkLOeWFblSt7ZUmBXoQ=LuWMYGhFu.jpg,459,856,414,477,657.5,445.5,397,63
MIszI8wt7rwRi8r6Jm3C7qzywGjahC=a.jpg,395,861,454,524,628.0,489.0,466,70
mJ25o6dImt6WPhXMxQFzQTcy1voIXOo.jpg,382,809,425,492,595.5,458.5,427,67
MJF6Ch6PwW=LXg4PuYJsGxQwMUoERgJo.jpg,411,898,487,557,654.5,522.0,487,70
mJjvqFSfCvi5iJbVqOh9rHVSCKjELSD.jpg,320,848,481,556,584.0,518.5,528,75
MjoQhg_qZI5zeFeZ4G2MbYI8E9Ta=W.jpg,431,978,476,558,704.5,517.0,547,82
mJqOYTrfFh_asyQirtgU9XLaRo3WLC.jpg,412,779,440,512,595.5,476.0,367,72
MJVyMH8tz1kTEVP=sDOweS5d5joYvQpL.jpg,353,893,503,581,623.0,542.0,540,78
MJ_L6o2pvFtCnHDj4qFOC3_88PTUrIu.jpg,401,819,414,477,610.0,445.5,418,63
MK9GnRDZ=m5CM1L6hpl25r4oyT6rDbB.jpg,467,998,447,563,732.5,505.0,531,116
MkKiIcHatc1l9nYDGZaqnP8ZxcTEMg.jpg,485,874,411,474,679.5,442.5,389,63
mKlvTnBJL2X=CbGTUg6Js6N_XCmFG.jpg,522,929,419,485,725.5,452.0,407,66
mkuuyKtoBhw5sMMOx7Vv_jsYBE4F95.jpg,412,927,453,535,669.5,494.0,515,82
mkVpGlMthcGwlTX2e3C1cK3=WU6aR9.jpg,363,656,421,480,509.5,450.5,293,59
ml7pddaPCmDtY7MJ_sEGE25IVhyL5Ec.jpg,390,916,457,535,653.0,496.0,526,78
Mleq6yYgigcFNnWTnrwQd9ecyTkP_4p.jpg,399,857,437,526,628.0,481.5,458,89
MLf=Kz4Q3dU3aQUwjespd7awLo4nv5Eh.jpg,440,838,411,489,639.0,450.0,398,78
mlI_THhJ1nZbFlMc7aKSQx3Zcia_9Z.jpg,376,789,424,489,582.5,456.5,413,65
MLjYvmi_8yk3QPnUKpg1bRI1bm=pWFZv.jpg,289,1059,521,636,674.0,578.5,770,115
mlMxY=uJ1a7KvIO9W3GNUXU9LZZlHalI.jpg,429,865,426,493,647.0,459.5,436,67
MLNDuXoCup9XuchkUidukqbSszfOlKlU.jpg,382,678,436,493,530.0,464.5,296,57
mLOZxdUPbqewbhNb2ojU26tQG21F1Ssi.jpg,390,907,450,528,648.5,489.0,517,78
MLTRaZBHXmFGFZhnNsdm3RHVJ9ILvk3q.jpg,418,921,485,563,669.5,524.0,503,78
mMauv8LSKGd=MrRUgKS6K7EOiUcvy.jpg,480,894,422,487,687.0,454.5,414,65
mMduKNg5qR8wcNo5NGjzZ6qxFxuSgwc.jpg,457,785,463,524,621.0,493.5,328,61
Mme4kq6hcKyQUjBDK1MhbWZ4xUlRUc=F.jpg,295,771,440,509,533.0,474.5,476,69
mMnrcXNgsdYFENRmqtjDrkqRZl8C8Sm.jpg,384,802,418,480,593.0,449.0,418,62
MMnXB65ltIe7c1ByfHHlloy_oLjxON.jpg,452,928,469,548,690.0,508.5,476,79
MMscZ1hI1lqYp6FRyFt_K139dStZU3B.jpg,375,910,458,554,642.5,506.0,535,96
mmvlx4XItgvjU5hZr7nBHItwvU7aTTN.jpg,298,1124,546,666,711.0,606.0,826,120
MN6XzZOGIUYBuSNSXlkvbbJXokNVoN.jpg,352,884,466,541,618.0,503.5,532,75
MN79MWissfqDcue57kgeoF4HhM2NWLX.jpg,441,783,478,542,612.0,510.0,342,64
MNdDiTHW7MJsrbJo2BKZoE2dl=fkOfa.jpg,332,946,521,612,639.0,566.5,614,91
mndvScP3pxorOWhjhGtCC32dCtl1RksJ.jpg,456,889,423,494,672.5,458.5,433,71
mnjJiKloSoxYoh69PfmE1emB=ifR3EcF.jpg,419,900,473,542,659.5,507.5,481,69
MNqaJ4Ryn2hINQDYaYtHDBgVS4DhoBVS.jpg,420,814,438,506,617.0,472.0,394,68
mNsljfQCqLx4yo4C6Or2qUdtammxKbDo.jpg,396,1002,482,572,699.0,527.0,606,90
mNxP9xrQ11YguljpkDWdVufQd5QvmgzQ.jpg,361,812,423,491,586.5,457.0,451,68
MNxXMMUuz49hDxZLfx8xlQxQpRFuI1.jpg,453,751,458,514,602.0,486.0,298,56
mNy1JDdIGp=fhyukCcjGxlZms67CCt=I.jpg,431,794,448,515,612.5,481.5,363,67
mo61=i6Zz3xOrkqzEQ6tjs1G7_skTsP.jpg,434,840,420,497,637.0,458.5,406,77
MOEtzTCEBE4mItOeWzSMVi2FePOzNm7m.jpg,333,791,440,514,562.0,477.0,458,74
MomZhjIuZmRczaq=ehe8VFaqV6eU9JR.jpg,473,876,486,560,674.5,523.0,403,74
moqseK9y=h6JzZpO=5oKxWp53PbQPrLE.jpg,421,840,439,502,630.5,470.5,419,63
mp46BSvyEypYZfr3PmngvwsXrioNZFoR.jpg,369,810,442,506,589.5,474.0,441,64
mPF7a9DNGs92ziWbFXt5EJiGcoBdDG9e.jpg,364,660,437,494,512.0,465.5,296,57
MPhS=weOTDa6wHcQ1eXNV5rvgRVPzBl.jpg,376,798,431,498,587.0,464.5,422,67
mpLgpDG=NCF=GUxQzpZ1ZIqwqUZ98P.jpg,474,742,439,493,608.0,466.0,268,54
MpzIMqctCNIRI1BS7Yb3cQo7bjHaseQ.jpg,410,866,453,521,638.0,487.0,456,68
mP_eS3w_8VcvRGkVLlXH7LB5dVgkE7qf.jpg,337,995,506,607,666.0,556.5,658,101
mq1skKLunnr3k2sLs3u2C_VkeNgLOm=C.jpg,215,543,454,520,379.0,487.0,328,66
mQ5=qOdnJ2OrNF8LeoBjQ8snOwIgjRZ.jpg,276,1183,585,729,729.5,657.0,907,144
Mq5nvKSsH_B=1U_TE1UokSybB7MQFV.jpg,255,747,477,555,501.0,516.0,492,78
mqFVH_PGNJVLmXQnH=v73boRYE15WtlE.jpg,500,821,463,525,660.5,494.0,321,62
mQQOYJc3ebQ21KcE1kdD7K8DIUauwZT.jpg,295,874,494,574,584.5,534.0,579,80
mQ_yTGRC_jXNm4h3lE74W6akE_fOqTYN.jpg,460,954,475,551,707.0,513.0,494,76
mR8EEhxPEbh2jckSa5OmcqRM3CXafh6c.jpg,464,762,433,494,613.0,463.5,298,61
MrifMTtOes1zUiUczKzq8jEbTK_9F2.jpg,449,845,448,523,647.0,485.5,396,75
MrvEYPdUcEe5spkKnGNo=j_5XzS2G2D.jpg,448,821,408,473,634.5,440.5,373,65
mRXsR7k6qgJhk8dkNe719n3=QVQSQj6.jpg,317,751,417,482,534.0,449.5,434,65
MsC7yDhpPOEIys_Y3UcIteplqBSrIUDy.jpg,384,667,433,488,525.5,460.5,283,55
msil8t7evbEGieiTps6bYuk8g87dp6az.jpg,429,724,449,508,576.5,478.5,295,59
ms_rqB3E6Kfe4QTeK8mI4ZemKS47k.jpg,422,851,426,493,636.5,459.5,429,67
mtdCN8yvXsewqgj8b7GkTIYMsJNMIVH.jpg,314,750,426,495,532.0,460.5,436,69
MtftCv8TNx8wpgyVlMZBWafLgGoQ6by.jpg,574,869,416,478,721.5,447.0,295,62
mTfvpvQq_E19dKTlvyCq_Mj2tz_=qLM1.jpg,429,879,467,533,654.0,500.0,450,66
MThiZGEDWYhOpnizltnsy_NMu5qYDs79.jpg,302,757,421,512,529.5,466.5,455,91
MtJYd9CJ_2=24HV9zGoqHhGUHfBRLNk.jpg,437,776,470,537,606.5,503.5,339,67
mTYSZFkUqs5rcGcV8ZLy6l4QE2L1B_7.jpg,326,747,426,494,536.5,460.0,421,68
mT_5hoiqB9lxGf9f7Tu2eNFVYj=liqC.jpg,277,765,447,524,521.0,485.5,488,77
munGSCScDjDDwl3DRYBCySLWlXUEbwC.jpg,463,868,416,482,665.5,449.0,405,66
muOigxz5bGLzlkVhWGjUuRwneYbQEypk.jpg,455,788,452,513,621.5,482.5,333,61
muow6yddR7GdB5Co4SghT8cnykzMWBV.jpg,383,881,453,523,632.0,488.0,498,70
MUukl3JEmNPDvnLFFRQYMOO5_D6vJerK.jpg,396,689,433,490,542.5,461.5,293,57
MUuzM=FsPVoEO=W7hQL5UbBbICjd=E.jpg,462,901,457,528,681.5,492.5,439,71
mUwlc34uyhh44JmntHIDVqOKU=gIuI.jpg,431,746,455,514,588.5,484.5,315,59
mV5VkmjVxv1BXyVzldHGe8FZzgzmdfs.jpg,461,781,473,531,621.0,502.0,320,58
MVa7OLsi356kfk=_iMVY7U6Cuz4Dk8Ea.jpg,429,834,420,486,631.5,453.0,405,66
mVb4z3OSvcU63HiHOfrJT7HDQMNQc1WC.jpg,425,944,452,533,684.5,492.5,519,81
mvc1SMiQ21pCUJfggNJOPteHZYOh5Uy.jpg,395,855,421,491,625.0,456.0,460,70
MvCCBdSnYt4jKki_uILO2IhY5dnt3MM.jpg,297,743,444,513,520.0,478.5,446,69
MVrb5wN_6Juna_dV5ztePOElKsy8Yi9.jpg,342,827,441,514,584.5,477.5,485,73
MvrIGokVSv2=hEBTrtyjhjBXw_ez.jpg,411,843,428,494,627.0,461.0,432,66
mV_gg4EP8USDjoBBPIDT8YqzGutnVoO.jpg,447,869,453,522,658.0,487.5,422,69
mw1sno6wPQIEU1dNwyyDhFYXoX9jptF.jpg,341,866,454,549,603.5,501.5,525,95
mWDH_4WKItL8hxQ4cE7m6DjHvnDieiN.jpg,431,824,413,478,627.5,445.5,393,65
MWJyirk1rExObKNVHMT_pFbUSueeI6lW.jpg,385,667,431,483,526.0,457.0,282,52
MWuEo2w5eDb1H3YKaqh8XHh531mke32X.jpg,434,1020,456,549,727.0,502.5,586,93
Mwynke5K1pQ2JravndYvvsQvNye6MtxW.jpg,400,934,456,537,667.0,496.5,534,81
MxDwHI2po=melZgwHU2ELBIpKeUICgeI.jpg,452,879,413,476,665.5,444.5,427,63
MXj1HGWT6nRnrVywvd7Zwx_Y_DKOtTUB.jpg,293,772,446,515,532.5,480.5,479,69
MXls8nD9C8rVmZ6Lkx8RGi8W6JQ8VkIT.jpg,307,764,426,498,535.5,462.0,457,72
mXNz86kQ=LaT7_HxrjKQbjBKQBvjJQ.jpg,376,959,522,607,667.5,564.5,583,85
MxpNYwCE6OOuzqdvuUBByPLWihDhyWg.jpg,441,837,414,479,639.0,446.5,396,65
MxSWdLnyMoMIB6HJFUxPci6ixykIk1fj.jpg,462,763,428,488,612.5,458.0,301,60
My34lPOyQrpq61d2hBQwFlRsW15qYcWj.jpg,408,810,419,482,609.0,450.5,402,63
mY5PuDn1NHNrdjvUppPvvtEC9HCBwQH4.jpg,443,744,460,516,593.5,488.0,301,56
Mya_s6SBdezhl458h5eT7PGO48OSZ6.jpg,401,833,425,494,617.0,459.5,432,69
MYIB6nRGI874tu1UQRjUED_pV=u2tKZ.jpg,399,811,418,485,605.0,451.5,412,67
MYKEEvyhuOwbaJNzfuXNbg_uWBvt2Wle.jpg,288,776,469,542,532.0,505.5,488,73
MyrTk_fx9lP6=sJxSzls=G_Mh_zBQ9GC.jpg,419,859,425,499,639.0,462.0,440,74
mYSoeCDKStXtTkbOGbfiUS_2YyWVX.jpg,451,746,456,511,598.5,483.5,295,55
myTmEx8n7=6HlvsJt5oGZVqfO=o=DlH.jpg,302,780,445,520,541.0,482.5,478,75
mYZ7FVRPtm4uGhz61JzH6f1DkmUnUx.jpg,427,822,414,479,624.5,446.5,395,65
MY_jpg1nP4W7uPp3p7=4Ger5vqI7lu3=.jpg,379,776,450,526,577.5,488.0,397,76
mz7Z9C9Nb5E8U=ECafVIu2VZNlIDuYrP.jpg,397,832,420,507,614.5,463.5,435,87
MZdWjd5M=pL98B2D6LRaX84IeBUDm_g8.jpg,466,872,444,510,669.0,477.0,406,66
mZHFfBaG1=hQ2M4MaYhDvp94u_hfyeil.jpg,416,840,427,493,628.0,460.0,424,66
mzIuMwvYk5IUBQd9joLGK2fR8eXTyNa.jpg,482,887,418,481,684.5,449.5,405,63
mZJc4JBtlyD6lo9Euw=Qu9VeLS6BxYX.jpg,309,773,442,507,541.0,474.5,464,65
MzQLujefXbU_gqWfFUF9uXnaYuM=7s.jpg,483,884,421,486,683.5,453.5,401,65
MzSs2cE_Pi1lbN7aBp_rOzmtIRJksc.jpg,408,701,454,511,554.5,482.5,293,57
mZvDmqlHwHM65QSLxH7TumFjhoqiWxG.jpg,410,963,500,592,686.5,546.0,553,92
m_DLWpmOkJ_KUsd5MlCfDLGNsmRJkBz.jpg,364,880,458,546,622.0,502.0,516,88
m_P3Ll33kP4p1wOUy5kTVGmnONBXM1Y.jpg,365,860,449,522,612.5,485.5,495,73
M_rgoTBPr_Qi=WS7Fs5Jx_XT_Pzb9t5.jpg,418,924,451,528,671.0,489.5,506,77
N15591igNQ7dVEblF5FD8z7ZsysFbE.jpg,377,858,469,544,617.5,506.5,481,75
N162faLpQ1obLoQkJZ6jxEN7Qz9a_5t.jpg,308,786,460,531,547.0,495.5,478,71
n1BKot3kVILKiTQLsp9hj9lYJJumS.jpg,346,779,440,502,562.5,471.0,433,62
N1McBlXKBsTcpxypffgTz8pi1HwZVIj.jpg,316,755,425,495,535.5,460.0,439,70
N2I1jUh5lhsXWfQWt6ES3UfnrE5Tu9f5.jpg,424,717,432,489,570.5,460.5,293,57
n2mDcl2NpRQwds7nefGMPznKcLIVsiQ.jpg,433,875,425,498,654.0,461.5,442,73
N36SR=MlL27guXChmaDSE8xS8m4HBi.jpg,444,729,431,488,586.5,459.5,285,57
N39OrJmr3km=1zVoSGPo2DL2ePzCVGz.jpg,307,798,432,504,552.5,468.0,491,72
n3co2lRJCb8rRCw267fHyNHn=eXFxm.jpg,368,717,479,546,542.5,512.5,349,67
N44Tw=lrTJqnlkCNhntRjy7cZpI1lOt.jpg,359,884,491,567,621.5,529.0,525,76
n4Jl46U8GxIrK8khJ41QFq42YMdoQeQ.jpg,294,951,502,598,622.5,550.0,657,96
n4KTqLwmzG1lBqBc6sfpRt=Nj6BvCl.jpg,386,890,445,523,638.0,484.0,504,78
n5=fbR4q5vf1u669b_V7KwzVZzieF59.jpg,293,717,439,502,505.0,470.5,424,63
N5cRG3lY43nGsH_QjfksJEnPBzRGoJJb.jpg,335,840,476,552,587.5,514.0,505,76
N5gIDa4gOnicrbWIsijy6JIm9UkbkcP.jpg,512,939,451,525,725.5,488.0,427,74
n5JizBB1PX5KkSn9cuuyVXG4meVgTMy9.jpg,416,807,443,509,611.5,476.0,391,66
n5Px8udaspBEFi8bJnxF4q=V6G_WKxjM.jpg,336,1089,530,667,712.5,598.5,753,137
n5Yekl61MS6=Ze6i3amdeRZv=T8j1.jpg,192,823,509,599,507.5,554.0,631,90
N5_vc4RDoyyRGZYrLP=skYgQy81IpUS.jpg,387,821,426,496,604.0,461.0,434,70
n6oPjhdTa5V5XSqmhIW__L9YfWJZuvl.jpg,432,751,456,519,591.5,487.5,319,63
n7EeoDzYWjueh9ltqmRyxCZpf6y7n9xw.jpg,433,731,457,513,582.0,485.0,298,56
N7RU_JtSpBJvdku2PnPgsXOvKblZPqqc.jpg,400,789,501,569,594.5,535.0,389,68
N7wQYe_MEhcqDTvvCEwoQuKyNUppgW4.jpg,391,919,451,534,655.0,492.5,528,83
n8GVNTbGIrMv9XZSm7UYaTVbljCxf5aT.jpg,383,801,419,493,592.0,456.0,418,74
n8IJgLt5OOGTzouHJIJaO74Hu3i4i=.jpg,355,844,437,508,599.5,472.5,489,71
N8l67r5hPRvuanXdfeVDrwk7UCbKgtk.jpg,351,837,449,520,594.0,484.5,486,71
N8sJYSOkyVNpN1Z5NaWO=382xo3CDq.jpg,366,807,423,496,586.5,459.5,441,73
n8ThQik91=M_RKef=eEuZ=CRs=gQK_o.jpg,403,854,467,537,628.5,502.0,451,70
N8uX1pWcD3ugIBkoRkey817hF=Ueqa7.jpg,361,868,458,531,614.5,494.5,507,73
N9B9YJRSFElOZwoWXKdmN1c2WH9gqcGf.jpg,370,935,470,552,652.5,511.0,565,82
n9vIt6mhundpXbmYF7bvKEKR3erD5Jq.jpg,358,740,413,477,549.0,445.0,382,64
N=nQqNUxNhbpiU2zfb9YL4V3zlobhr6.jpg,468,778,440,497,623.0,468.5,310,57
Na=mLTbzrfY=dpUmRnLz43JgqpLoM_.jpg,271,793,469,542,532.0,505.5,522,73
NaaVxmcNKKSfmGf4aJItiSHdP6saKz7.jpg,428,912,430,503,670.0,466.5,484,73
nBgxD4MOGD1WUgcZ8XYoIeJk6fOwyKIf.jpg,398,976,517,603,687.0,560.0,578,86
nbksHfDMc1Meeo4sUJXoRBbSWLg81l.jpg,283,776,439,514,529.5,476.5,493,75
NbnWfHpy3hXd1O_b8Mc7mhXDZvdMyev.jpg,370,869,451,526,619.5,488.5,499,75
nBQoyn5C3kYaCZBCF7EaUaGml87bI7.jpg,406,879,441,517,642.5,479.0,473,76
nbUglheoUXt1B6W85vm=4OvsN6jZTR.jpg,397,688,449,507,542.5,478.0,291,58
NbWdjiaq49xeWWbTV_taBdh25PKMyFo.jpg,358,864,449,543,611.0,496.0,506,94
nCh8KWdUXXBolquidiwZnVxI6L8RTK.jpg,334,905,461,547,619.5,504.0,571,86
ncN8XPHq9a=W=M_Rb7tqrQpw2W7YMpe.jpg,377,808,452,521,592.5,486.5,431,69
nCs94DbQgLwObEtwUoF9jGgHSzRJo9r.jpg,444,931,458,531,687.5,494.5,487,73
Ncwjd9tx5ToGz_ztsDXbqm=8HX21waN.jpg,364,783,419,483,573.5,451.0,419,64
ncXCRpvPpumyul1HdnlDCwHW1DqK99_.jpg,424,866,422,498,645.0,460.0,442,76
nd3KhGULwQ2vNfRwpydUONFpUjaxJ==.jpg,445,944,455,532,694.5,493.5,499,77
nd8o3xYQ7D9_2a2azbBR7F_9OYeL8uH.jpg,452,873,446,517,662.5,481.5,421,71
ndCX38vQHt5=YTWIrnVik9NlnZPr9RTn.jpg,375,788,426,493,581.5,459.5,413,67
NDKMGGxg595DlJFoCd69n_ZJR88G5w2S.jpg,335,1000,502,604,667.5,553.0,665,102
ndmMrDj817nHtmDGXiBG1vi7CWfVFhdz.jpg,347,871,474,551,609.0,512.5,524,77
NEkPHyz7MjRru2BkCToE2tgcZOmuzPnj.jpg,373,798,427,492,585.5,459.5,425,65
NEOLbwpEZbx7S4Jg7l3wMkIa56oUwjt.jpg,460,804,459,525,632.0,492.0,344,66
NEpq5dKNGqGeXn1lJa8RCQqWaoHgp_Gk.jpg,414,836,425,487,625.0,456.0,422,62
NfBOhnwXRxwOe9PtwYNudd8IvXCFhaI.jpg,437,714,423,478,575.5,450.5,277,55
nfCsfjPsVe=OsyhkadnjOIBH1QSylpvn.jpg,346,876,459,535,611.0,497.0,530,76
nfOCDLuaixRbuVas7CfdyorX5k8S.jpg,356,941,476,585,648.5,530.5,585,109
nfPqO5WpoUod3qyHYmec=rHcbDOj7E=.jpg,472,889,444,518,680.5,481.0,417,74
nFq1osOZ7yX2e9_oGbLhdgQH6tBUv=6h.jpg,476,888,385,501,682.0,443.0,412,116
nFrWKUWOtk5vndz3xgMtzCUJ==RGbGk.jpg,337,738,416,479,537.5,447.5,401,63
NG1BqLoy5x6Lb6Ugb4eD83lJ3hYyHCN.jpg,442,872,454,523,657.0,488.5,430,69
nG2uQiZ4xkXPyHTiQcZCoXRy5ktGHqWj.jpg,378,945,482,565,661.5,523.5,567,83
NGBCJJ4z9LwpchlXueXQ8ci9PpfNqGv7.jpg,338,901,475,557,619.5,516.0,563,82
nGFMjzjkFjDLJPIMBPRBvxjLrI_wet9.jpg,329,764,430,498,546.5,464.0,435,68
nGkbmF7Li7_LM4aEK1CDyXtwrbRCbr.jpg,151,749,519,604,450.0,561.5,598,85
ngkcgH3g4ExMiytFBX1cko4iSgzisSf.jpg,470,814,482,547,642.0,514.5,344,65
nGNTDbrY54qD=2nY3TnFZ371c7PMa9.jpg,415,697,424,479,556.0,451.5,282,55
NGpNde5XdQYuDViXFLqRVHSqnWJ4OiPP.jpg,258,709,483,558,483.5,520.5,451,75
NgSEv_xop2q5GIkpi9kHMUrhu9z1C69.jpg,469,989,447,530,729.0,488.5,520,83
nh=LXlhfvaPVBS_N9MHFhjPgpWn_FTJ.jpg,406,967,465,549,686.5,507.0,561,84
NHBO6nJxPoLV1ZnX1GHqLMH2mWeevZ.jpg,445,921,472,548,683.0,510.0,476,76
NHbPLUJ1JZScRlGvhudvCQ2q6Xru1j5.jpg,310,815,483,566,562.5,524.5,505,83
NHkcCtB518mpb2KJ4=OCoZ3i1ttU94.jpg,325,809,446,522,567.0,484.0,484,76
nHnVreV_O4wcnPFG_Ur_pFIsUKDtoj5.jpg,444,901,460,530,672.5,495.0,457,70
NHqBCihhRoiy=tuSGbflb=44kr1RaJEu.jpg,320,837,499,572,578.5,535.5,517,73
NHR9EN4RngyrzkJ34f6pwtDBm2ss6wd.jpg,346,658,446,504,502.0,475.0,312,58
nIFie9cSVjEfHLoPv7Yu4mXcJnzLtev.jpg,427,890,440,509,658.5,474.5,463,69
NIXT891g78qEmJ2DOvOoOztVKht_xi9.jpg,410,893,480,554,651.5,517.0,483,74
NJ=mVkYMgcSrwcI=qWyNqu2OZfKf=W.jpg,465,906,418,487,685.5,452.5,441,69
NjibWjF4az1w6hlH4CdgbTHQCKZ_2VG.jpg,409,853,423,488,631.0,455.5,444,65
NJS6f7c_DIx96qQsiKR3g_1Y_NsgcH.jpg,395,916,499,575,655.5,537.0,521,76
njTmf=SNeiIUGq3OkYSrUJBbcw_N2MSx.jpg,400,895,485,560,647.5,522.5,495,75
nJTWhdybDTXEooO4Q_2EEiuxQ=vN4B51.jpg,371,1073,575,677,722.0,626.0,702,102
nKbMRrh4fHLPM2c6i8RWxCiHzFuFYw1R.jpg,343,762,468,541,552.5,504.5,419,73
nKH7QHfQG_gqF3rzxmKvFWiNQTaMYEQ.jpg,387,812,421,489,599.5,455.0,425,68
NKw6bSubXZ8tkL73dMmL8tdSTTUT=PKt.jpg,418,704,430,486,561.0,458.0,286,56
nKxDh2G7I=aj6E1H5Ly_HI95xVnFPrT.jpg,455,860,410,474,657.5,442.0,405,64
Nl2ItE=ZrDHPakaFBqGaVswHdapQgxY.jpg,194,989,545,654,591.5,599.5,795,109
nL2L4gT95z3d1ERfn_WP83PagUFSKkCh.jpg,389,812,425,489,600.5,457.0,423,64
Nl2SiVYCizkafC2GYNTF8IYDJ3Y9eI=q.jpg,411,893,473,542,652.0,507.5,482,69
nL4Sb6smGCMn2tz6fzykj5lT3XyUOpTY.jpg,374,868,447,522,621.0,484.5,494,75
nL7DpPReGxlMcW2Druyv1=15j7hXuEI.jpg,456,765,471,527,610.5,499.0,309,56
nl989TnDOlZuSkit7GKQY6mhcg37q.jpg,237,799,503,588,518.0,545.5,562,85
nLE2KvI7CGlQ2C8GmcmX_Fq=33z.jpg,351,844,455,533,597.5,494.0,493,78
nlMEypgeTESMHyTFvg7py2SK2i=VH9_.jpg,510,1062,463,552,786.0,507.5,552,89
nlPa_eTeEZqTvo7PhJ9nHvP7KSvzW.jpg,243,823,501,590,533.0,545.5,580,89
nlrwQXr8FqKC7V=X6KdCdibjONzP.jpg,397,698,436,496,547.5,466.0,301,60
nLTkNJfdgH1lWMxX_OfLClmNu4X8lLP.jpg,322,893,479,565,607.5,522.0,571,86
nm1SDvGGdHobG9EsHc4CXPTgzOFejO_Y.jpg,443,859,448,518,651.0,483.0,416,70
NmdTzfpB2OgKWhT1UBhSUn4Mdk2rjEiD.jpg,346,863,453,530,604.5,491.5,517,77
nmo2ZC22jBnKZg97BlR9ubCtwsL4nD2x.jpg,391,801,414,476,596.0,445.0,410,62
NMQ4cUxWPcCRT9qiRIT6FH5bPNmZfPpl.jpg,476,903,422,494,689.5,458.0,427,72
nMvdYv357fxTOckDjMFrTo8eOvZWhz.jpg,337,856,475,556,596.5,515.5,519,81
NmWDoKquIOX_ZHP=jD2GsKx5j5oz7lxk.jpg,347,746,417,485,546.5,451.0,399,68
nNMgf3FLlDrYOHrdxIYBHfYN2zRn_KF3.jpg,583,862,437,496,722.5,466.5,279,59
nNnYV6b7eot63ntKeEbz6=efmwkrVZ.jpg,336,742,411,471,539.0,441.0,406,60
nNryvsBTWB9noH1e2gtKKUI4I4PycQI.jpg,403,820,428,489,611.5,458.5,417,61
nnxjoOePUF6rpTPn71PFX7m1Q7GQIDt.jpg,381,954,522,606,667.5,564.0,573,84
No2dgkHsfXDW57ESLndicwPHOgciogvS.jpg,292,840,474,552,566.0,513.0,548,78
NohocQDnnXSgpjuC5KFHXV5GkqtdS.jpg,379,958,517,602,668.5,559.5,579,85
noHUkoIM6OF5XHCDkKe4loRMjVmE5F.jpg,266,795,459,534,530.5,496.5,529,75
NOlMx6o=XS6gTCOSzj29bFQCpm9dj6zN.jpg,249,848,538,623,548.5,580.5,599,85
nOoUTkrIjKD2IN9jODwkJNLQ7rHntT63.jpg,389,740,435,508,564.5,471.5,351,73
NovCShymRy=htg6e2GU3uJI1be=jLG.jpg,466,916,457,526,691.0,491.5,450,69
nozSvxoubktD2ksTZOCt1TrsQcHhHJYO.jpg,379,811,417,480,595.0,448.5,432,63
Np2BK5dS1H61klC7gu_z3MLGl9KZbS.jpg,324,791,449,514,557.5,481.5,467,65
NpCHG8O7b2SjVB3d3hcTEGeDZhrwIph.jpg,262,796,463,545,529.0,504.0,534,82
npDDl7ir5gElsagEqaZ2v53TjXYc66H.jpg,439,930,479,554,684.5,516.5,491,75
nPeHjN9sWo7gvPcG5TeWyopNlLMu4v3n.jpg,475,789,460,523,632.0,491.5,314,63
NPigbEuUl1j9ricyzMHJB6sLBWTHF.jpg,452,899,428,505,675.5,466.5,447,77
NPop5h3_kYu_IdmDz8VkQWcirZBbqz.jpg,407,892,442,519,649.5,480.5,485,77
nPOQ5yu_hDqBPfC5MvepTDIztl9EEy.jpg,176,976,546,656,576.0,601.0,800,110
nPOUcoQ7ekmF9aYG11kaR3h_2GCToi.jpg,349,877,448,528,613.0,488.0,528,80
Npp_wlcR5PtPq8daeYBYWmkbIyUWdk6_.jpg,337,684,461,524,510.5,492.5,347,63
Nq4g3Mlag1RiSlNl3rhzLyKYNePQw4Y.jpg,354,751,418,484,552.5,451.0,397,66
nQOhi2rHWFYgCvTfcKjoXDTM9VO2U99.jpg,440,785,475,541,612.5,508.0,345,66
NrbYup7LfRO_M4xN=H_dIsnXcfRvT7O.jpg,322,756,430,495,539.0,462.5,434,65
nreTH5_SwnmpKj_x9vw9JTUmtlHWXi5E.jpg,425,837,422,487,631.0,454.5,412,65
nRfRPVSdgWuu2_lDFis3pbHXeNzWjE3M.jpg,421,897,473,550,659.0,511.5,476,77
NRn4CRflOIod_rVM=JZ_lMPqLiqs.jpg,309,762,429,502,535.5,465.5,453,73
NRN8Wktb6hpeXj6WVTnerXdBs8b1R=_l.jpg,472,812,455,515,642.0,485.0,340,60
nrQCU7Z5RFbNIZq8h3VY1P3fLWdTmOC.jpg,357,849,452,525,603.0,488.5,492,73
NRse2WFeW9EDb5MklqDsHZxghcoPr3W.jpg,299,762,425,495,530.5,460.0,463,70
NrWdsq8tHcixTUoY=c=eWpSWhSMM1RPp.jpg,367,831,445,515,599.0,480.0,464,70
NRXr3C=OuHIJeqjo6wkLZXjsjyUytST.jpg,275,770,435,508,522.5,471.5,495,73
NS4fezzstHcJ_WkNja4S2FK6x7O.jpg,381,813,418,481,597.0,449.5,432,63
nS69SiC3sY_VZG6KB5hI_Y4wyv1RHJl.jpg,404,925,448,527,664.5,487.5,521,79
Ns6=4yKJm8nawp9lyn881rZeQJLe6h.jpg,394,888,445,523,641.0,484.0,494,78
nSi9zZVmYmtez2=FFD7QouF=LVsTC9bb.jpg,380,853,464,540,616.5,502.0,473,76
NslfQKlsosxWJZ7=OgUElOBdfpWHI9.jpg,373,824,437,507,598.5,472.0,451,70
NsRPqgxxnVPg72tBOGLuqIehI=qzX2.jpg,407,875,441,513,641.0,477.0,468,72
NsZXn=iHMTmmEGSjMdwqu35eXJftpMQ.jpg,363,654,421,480,508.5,450.5,291,59
nT1WRFPlzU2ZQshP_bnOGT5UTSpyf.jpg,481,898,415,485,689.5,450.0,417,70
NtCziOldc9vXmH=JVZZyPz7o12Xy4Rm7.jpg,296,773,440,514,534.5,477.0,477,74
NtNkxrIGJoPNNp32UVmtE67nYSO5XCU=.jpg,293,760,439,512,526.5,475.5,467,73
ntN_MPbUsOyDVMKCa8=ormo3_wqr1i4P.jpg,409,981,520,602,695.0,561.0,572,82
NtqQ3avagTawvKuzrKEesClehxB_Nbm.jpg,455,870,444,504,662.5,474.0,415,60
NU7ciSdfO_rdlyDC3WnRsoq7g1OMB_Q.jpg,305,830,454,535,567.5,494.5,525,81
nULtxxLbqRmEexi5bRv34QKDI8uv_qh1.jpg,367,901,499,579,634.0,539.0,534,80
nuQ=JQ3kvcH25Nyf8vL=OFPyNLJbcH.jpg,371,864,484,559,617.5,521.5,493,75
nuSH=2EZFg62fNtW5PmVa2PoQCwTSor.jpg,451,901,452,529,676.0,490.5,450,77
NUT1WnwP67gXZbTgN6r2h84TT5t6lYoE.jpg,375,829,461,534,602.0,497.5,454,73
nv6y3vijvOS5xEhuikbiGKBb6YwUEeF.jpg,305,899,473,575,602.0,524.0,594,102
nVcOvaMriSg_XLkiZZDEDSukXjyJxr.jpg,462,930,437,507,696.0,472.0,468,70
nvKPMmxi8N82XxdpVdB95ubJRB7yPvP.jpg,424,714,430,486,569.0,458.0,290,56
nVu83f5fZ4bqK9tou2mR6HZj3Gt_L=aq.jpg,310,900,483,571,605.0,527.0,590,88
nw8Lx7C7nfsNsIfLqW_RBWEFO7Nt72.jpg,384,910,453,537,647.0,495.0,526,84
nwBxdma8mqSsYbbdnMwZVLaNXZYjg4OY.jpg,443,840,411,485,641.5,448.0,397,74
NWC3QLIyEoWdfEwBgPN9Ciy1B6Chv6.jpg,388,824,433,500,606.0,466.5,436,67
NWDGH85XWSbf52CITkPZF=7kurlLiaJs.jpg,261,780,472,546,520.5,509.0,519,74
nWlbkN1oecvOZk2b2YXD2Crh5iz1V52r.jpg,270,767,440,516,518.5,478.0,497,76
NwN=D661nr9TjhZvUVe23=CNvKsZ7qZp.jpg,411,929,467,548,670.0,507.5,518,81
nwNprE=3hcG51JUTggzjCpgwrG7jcdqT.jpg,317,754,419,483,535.5,451.0,437,64
NwPnpkQvJ9pwOFTtXDGHrk2PTC6wZpw.jpg,408,804,521,591,606.0,556.0,396,70
nWRt53ZxcUJSYFcxtcjhpf_jYVcW4P.jpg,422,896,451,521,659.0,486.0,474,70
NwvMn6FMv3_NulIRSlDwSoa6Gv3eMmi5.jpg,336,898,474,552,617.0,513.0,562,78
nWVrVrgr2YRb3E7tS2KqJTdP_uJsxhTL.jpg,436,785,462,528,610.5,495.0,349,66
NwYZEXM1medSRD9q1sjh9wxuI8q7Bt8.jpg,368,857,439,515,612.5,477.0,489,76
nX3edTLkx37mMqHwoOm1Z5RSts_4QQd.jpg,423,845,453,520,634.0,486.5,422,67
NX4Eaugft1VORUWrzsrU43OGpaIdkK.jpg,352,753,419,483,552.5,451.0,401,64
NX7nMmXp=hM_VYG6DNDp5onpPDYIeZr.jpg,424,789,470,537,606.5,503.5,365,67
NxOJ2srFjpDIkzIKWUnz8xlpiV54osl.jpg,414,908,474,551,661.0,512.5,494,77
NY42QxUcwzrFJC5x7mboe3fsos3hSIc.jpg,368,647,414,470,507.5,442.0,279,56
Ny6qe8SE44q9PN=fuBMcmKEBkHTQ6yQ.jpg,414,941,453,531,677.5,492.0,527,78
nYS8kCV1HXihnl23I2LzGThW9tC3B.jpg,404,682,444,496,543.0,470.0,278,52
NZa1=fpkTPhu1qmb=zJYNJHN_dZjVzy.jpg,468,794,471,533,631.0,502.0,326,62
Nzk1q1knJFCHMaqgNVcWpbaLyXldSBM.jpg,459,874,442,503,666.5,472.5,415,61
NZNg2SmPcEisPgPSwX6coFMwcFYma_.jpg,332,854,454,537,593.0,495.5,522,83
nZWvhGtjhdiHXFbm1IHLdipGRRXihTlO.jpg,326,878,485,572,602.0,528.5,552,87
N_euNI2gB_6wm5Pj5MNnxP42SyTaD_.jpg,305,838,499,579,571.5,539.0,533,80
o1J=Hu2yfvqwUMPVrUTCfVakFDBoh3.jpg,482,785,462,519,633.5,490.5,303,57
o1RCPwrs6ECQjF1Z_oiTvpcSey4RX7=B.jpg,332,749,429,494,540.5,461.5,417,65
o1SE2E866Nxvlxy5fYIxK2IXvZ8s5PBb.jpg,168,805,509,609,486.5,559.0,637,100
o28YVaCXWtj2BU4SP_mze99TU3VfSPE.jpg,439,838,417,483,638.5,450.0,399,66
O2XEMdNFNfiW96j3fZLzzNNpqf4FciI.jpg,364,895,486,563,629.5,524.5,531,77
O2yzixXvbpb_xBSGrRH7jYBytwm1bP3n.jpg,346,889,460,543,617.5,501.5,543,83
O3gymqI5DjU4vyzhpOqbXkPpP_WrJ8.jpg,372,941,468,552,656.5,510.0,569,84
o3kUi_ocGCrG81QmRmVGOZvZKhPZvxSd.jpg,339,897,499,587,618.0,543.0,558,88
o3r4pXRSIVpNfmsjH2JUyo9Onp8FNp_5.jpg,260,780,454,532,520.0,493.0,520,78
o3rIjzO9l_1FIqWiDnSCZia7z=sUjvxk.jpg,415,928,436,515,671.5,475.5,513,79
O3yhkluKXQt5tXIrHIOfDWW_EdiJuPa.jpg,403,937,463,544,670.0,503.5,534,81
O42MMalQsEzlWmydWZeWSJS8CrenFB8E.jpg,276,782,457,530,529.0,493.5,506,73
O4b4k3PRX2zG16VVuyy_TKwl2HLfboz.jpg,343,790,517,586,566.5,551.5,447,69
o4lV7uQBuRq3LEbF2Ia5X9=SZLTOE1K.jpg,389,824,430,499,606.5,464.5,435,69
O4YH8JRO6bjPNbGoTJgakF4vFcvmBFS.jpg,327,935,523,611,631.0,567.0,608,88
o5EvvCyKrswG_PZFVmDTz1hbE_q_eWbo.jpg,560,1081,493,585,820.5,539.0,521,92
o5EzjhdJYvFCqeFdzwpdDL4fsfndDuo.jpg,312,870,450,532,591.0,491.0,558,82
o5NqMDWsBF3u3X3P3JVuXdGHxMgQU6.jpg,395,948,455,553,671.5,504.0,553,98
O5vWEs1XTnQWiOp9iCvzN5U315m5ys.jpg,433,883,426,497,658.0,461.5,450,71
o6f9r3iB8bsX4lYeWXnL3_ziwx9WGfR.jpg,424,861,460,527,642.5,493.5,437,67
o6TGOdQXHaWXg3LMXiJ2GuNZ__lJ5Jsj.jpg,302,760,426,495,531.0,460.5,458,69
O6xGH3oPrlw1mRh3tuYrdF=YfPbtg.jpg,404,712,463,521,558.0,492.0,308,58
o6ZkIx1C4_wMtH_obcJJZuXLdOlVXe8E.jpg,449,865,416,481,657.0,448.5,416,65
o6zOwqwQ_dkCI9zILKjCnxjXqS2QSTs.jpg,451,865,451,516,658.0,483.5,414,65
O7gguom1QlWGSCiGsDzIQminomOamw.jpg,388,821,419,481,604.5,450.0,433,62
O7Ig7Wy1M5d2t6MK1Omhgj29jknadg4F.jpg,310,889,477,560,599.5,518.5,579,83
O7sbplWJwc8GoXSjG_7T8LO6vgiCC2.jpg,368,665,436,493,516.5,464.5,297,57
o7TtCdSlb4TXo_IdCkr6KiIzHFZ2a9k.jpg,389,840,434,505,614.5,469.5,451,71
O7ZbYVaVVfEtECLeLUHEN7OG8tieCax.jpg,359,759,430,497,559.0,463.5,400,67
o8dI7qmaV1dcIPbI8vSYcy9JzsL3uq.jpg,401,809,417,478,605.0,447.5,408,61
o8eJyg8z46OT3OZrKg_vP1FVhkY9ghl.jpg,419,834,454,518,626.5,486.0,415,64
O8yhCFzRLFi71W8_kZzoVkHdlg=4MLa.jpg,465,773,461,519,619.0,490.0,308,58
O9CoW1aDWOXWGXvg6UCmMilXk4ZJg5MO.jpg,453,891,422,495,672.0,458.5,438,73
O9ml2ZR9n6d6BHiOmOHKFybxna7yW_.jpg,232,794,469,561,513.0,515.0,562,92
O9wYxOI6EpZDE2vXzf_sVZxjpWSt7UXp.jpg,308,809,489,561,558.5,525.0,501,72
O=oeEXRdJTtcu44uevonY1r6rK29=YI.jpg,379,902,479,555,640.5,517.0,523,76
O=SKfcREnM7XnQEH6ZCaEZuazFnvJjoy.jpg,407,899,445,519,653.0,482.0,492,74
o=SUfGQEF28lZrEDS6VG8wLmlsmxeXY.jpg,329,754,419,483,541.5,451.0,425,64
O=vkRIIy4wg5ebRDhvCWYNaMHdWS2Pl.jpg,409,814,418,482,611.5,450.0,405,64
o=VTwSY8aHTCxYsM2zGKG3OUityc5kM.jpg,319,847,503,581,583.0,542.0,528,78
Oaa5tk6XFZs48sBOojNipCV8RfjwmnWv.jpg,411,729,427,487,570.0,457.0,318,60
oaEn637GT5_YVnkSpsmZb3YiYLeawzsC.jpg,385,775,442,508,580.0,475.0,390,66
oaY3xMN7B=I6TYXRv5thUFO_TUQSDh.jpg,453,943,479,553,698.0,516.0,490,74
obQVPefOqPhgchrqZvupituGL1Yh9YPh.jpg,468,924,424,497,696.0,460.5,456,73
oBYFdDv9w7SyirZtMeGhK=quZhtn2Ud.jpg,334,857,480,560,595.5,520.0,523,80
Ob_IJj1LxHyQmwCn_8LeJJvlO7lzvi.jpg,492,789,421,483,640.5,452.0,297,62
OB_xgBdQkmwIrSy=n1kBcSPR4ercn.jpg,402,854,417,484,628.0,450.5,452,67
oC2unzXhfDcS_PZUU1nfeuVZSZ7dxus.jpg,392,820,417,482,606.0,449.5,428,65
ocBqFzfTlqOg3FOW9IGxiHyNQOu1fS21.jpg,341,919,479,563,630.0,521.0,578,84
OCdk4aWEbjn2r8SZungGNpoauS7PZ1m.jpg,451,890,449,522,670.5,485.5,439,73
ociwqryy__eGzbWIytlgO1KdwVycfe.jpg,301,803,419,497,552.0,458.0,502,78
OcKO7zpsJyIeo8jY1BHhHOoQ=muvXRSG.jpg,423,916,484,556,669.5,520.0,493,72
Ocn6erMZ9BJLxNHILY5JCXsNjVMPm.jpg,459,881,423,492,670.0,457.5,422,69
oCOoxnGngsr45YDUitfILKPypPG=IU.jpg,406,999,469,556,702.5,512.5,593,87
oc_nBr9t7KUNqqOUVbPdkEuK4jVYMQNp.jpg,311,763,439,508,537.0,473.5,452,69
odaB_GEFnrD_Z6PX22lKeWnkeKSCikE=.jpg,312,829,459,536,570.5,497.5,517,77
ODIbg5Ubhijda_HNQTyS3NKaTwspOMux.jpg,405,903,488,558,654.0,523.0,498,70
odv5ER4ujQpp4jQGXFdIjHNKwZ4EEfO.jpg,394,869,430,529,631.5,479.5,475,99
ODvQhhbMsyKWjFZhB1Jqj7RXSb4iHaqm.jpg,413,816,423,485,614.5,454.0,403,62
odWxgeRP89IKdn3dQv5H25rz=qSIez.jpg,352,782,419,484,567.0,451.5,430,65
OEa3oxXZaBxr2ZsSjyhuazqWXfRilJ.jpg,383,878,431,510,630.5,470.5,495,79
OECfaSnuyOP21e5VSTNcXWsl6PTO.jpg,306,943,537,633,624.5,585.0,637,96
oeFx_qV_aVHDSQwt1Uwi1COv3brqfcec.jpg,457,739,421,478,598.0,449.5,282,57
oEgjox9gr62FDLfYCgHO4o8VsRei33.jpg,364,921,506,590,642.5,548.0,557,84
oelgL59_w8HOGEHtBO=5JaOL2idKJCe.jpg,337,931,482,569,634.0,525.5,594,87
OEUQuuNo946wGyIYs2KIXBxLuRHz6vr2.jpg,574,903,466,531,738.5,498.5,329,65
oewLwTKIdrngamdziu2SRSuooix26F.jpg,328,1066,531,643,697.0,587.0,738,112
OfBoz1T2NUMEDpWfKEGDMRYr3izd6Pl.jpg,333,796,434,508,564.5,471.0,463,74
oFFjcREKSlL4k53_i7yybJlk3KyQuGR.jpg,453,751,432,489,602.0,460.5,298,57
ofJl3aznP5jEzrJWuY3YdGUHhHUdTEe.jpg,419,828,412,475,623.5,443.5,409,63
ofjUrlndEZM_U9H1CZtEvdH7kL2YR3=Z.jpg,322,871,468,562,596.5,515.0,549,94
OflkMQvt2J2VQrLC4VO9TtinnojXatih.jpg,438,878,424,494,658.0,459.0,440,70
ofTiI1LcZSsPQBsO5vJmeJZeb=3Jqo.jpg,445,772,465,527,608.5,496.0,327,62
OFtrWYLLJ8H4tJq_Ly6FoUl=KmiTbYxS.jpg,377,906,488,563,641.5,525.5,529,75
Og8WWanSKtPpHOWYHLYC1VglEJmvZGT.jpg,353,957,487,580,655.0,533.5,604,93
ogi5eDJG6MxPD855EmtCsPBHox9zUT.jpg,399,986,478,576,692.5,527.0,587,98
OglYvZpNHf29fUVj8GaFw9RvEhIWR.jpg,421,768,488,551,594.5,519.5,347,63
oGY6dxKc=c9ziWPmnQBj81QWeygGLgk.jpg,368,862,434,509,615.0,471.5,494,75
Oh2fgb5Nb86sucfCTQTaFFfyUbpESbo2.jpg,455,722,422,475,588.5,448.5,267,53
oh2fh1jWGoNBT7j9gdi3zEOWTI6hlyL5.jpg,329,749,422,491,539.0,456.5,420,69
Oh2niZN=sf54mOyTFNVfNSs2PyekY336.jpg,184,745,489,567,464.5,528.0,561,78
oh4=rxkohPsKdrfMKOPgLsRTrwCaXgNK.jpg,387,873,450,527,630.0,488.5,486,77
OhabQMQs7WDtQHZsN8vk13ggDz9X_3W.jpg,352,851,449,522,601.5,485.5,499,73
OHc2EItt3Ei2_nqSHfJtiK4L4e8NaF.jpg,414,1005,516,611,709.5,563.5,591,95
OHClBK23bzFsj15GrlP3yNq4EmSzik.jpg,485,898,449,519,691.5,484.0,413,70
ohGKgU6ojld=W3tQlRuEnHBMqU2JQFfZ.jpg,460,766,427,490,613.0,458.5,306,63
OhixyyUkCMCsQ3kOJKENr4rsW1RxWo.jpg,372,882,458,537,627.0,497.5,510,79
OhkXoiWkK6H46ye4F1a7a3WfkLHGtZP.jpg,383,883,439,523,633.0,481.0,500,84
ohOtSVjLRGf6UlHj75eDJJSxm26ot2fN.jpg,421,976,510,592,698.5,551.0,555,82
OhrLk2hHV=rszEtYeFpgM4fULpL_p.jpg,405,926,452,532,665.5,492.0,521,80
OHUDq9S=HVbbnmxcRX9=1QOafcga6Je6.jpg,384,930,461,543,657.0,502.0,546,82
OhVvPOP5kUIyo1FTy8idWZFeUquqf.jpg,392,862,475,544,627.0,509.5,470,69
OI5c_96zJ4gGlVTfw6QZkvujHEdCmenD.jpg,481,774,432,487,627.5,459.5,293,55
OI7m4Ijxg5Xz_P1Dz1TOzcyFRgIbMiVC.jpg,357,921,469,556,639.0,512.5,564,87
oI8PXeKxUxgSSRCmMSDZfCmUQF88SV9C.jpg,131,842,518,622,486.5,570.0,711,104
OIf7cHj5DwdUdJttDbUHh7FDXGTT47.jpg,330,741,425,488,535.5,456.5,411,63
oITsVv4kooIir2hDE81mbCQ9lKXvL.jpg,377,955,473,570,666.0,521.5,578,97
Oj581iFIhwEOXCoi=TM68qMRU6EgHWi.jpg,422,880,470,537,651.0,503.5,458,67
Oj6ideiqz1RZHg7IR_SqwZypWDwZpHrK.jpg,417,854,426,498,635.5,462.0,437,72
oj7TgMYZ7rY1vSh5fq=ngXQhNSG2.jpg,326,760,419,483,543.0,451.0,434,64
oj=GR1zSYSKpam=CtNiqEZehlJ2IUiU.jpg,386,868,420,490,627.0,455.0,482,70
OJEVTXWsoFbUUjbsh1iNz2MkqmgZTSwa.jpg,329,880,459,538,604.5,498.5,551,79
OJv2KUzNai4aBkZXOY5hB64uz5ubxFhF.jpg,466,787,461,524,626.5,492.5,321,63
Ok1bH5XgSruD3OrqOWMdqtSgtwqNadve.jpg,286,703,449,516,494.5,482.5,417,67
ok4sWJZWV2mvzN=nKP8uDEMHnpSUJc.jpg,416,820,417,480,618.0,448.5,404,63
okBH5DFoBP=KakLelY2RFCx83yPkNyQB.jpg,442,1191,574,691,816.5,632.5,749,117
oKd7bRgMoLwuu5_JglmGG7NIsjy5f2CQ.jpg,398,870,430,509,634.0,469.5,472,79
oKJ=nwDNKcl3oQoGXbil3kZfoYYJ4dd.jpg,381,687,439,499,534.0,469.0,306,60
OKLr2FQ7yzPmRyJ5TuOajSS2E_hcU8St.jpg,438,861,421,495,649.5,458.0,423,74
oKyOnrdVqfgF6ch1Z1wcGPtUG8ehnTbO.jpg,223,808,480,576,515.5,528.0,585,96
Ol1xhIVUpWO=HKeZJ7=Xb7f5RN1R5bk=.jpg,338,801,466,539,569.5,502.5,463,73
oLeVlTMl8Mw1VpIVhHe6y3pEZZtJSQPd.jpg,319,755,419,484,537.0,451.5,436,65
OLQNhj7un1PLmQsbz6OR587vSqp3KbVR.jpg,388,808,421,488,598.0,454.5,420,67
olxvoLoJwWkshIcuLm479qfvRZOjuNy.jpg,300,792,477,548,546.0,512.5,492,71
OM4rI1ahQUpVHi4C2HgRDV683KRV6jW.jpg,315,876,510,588,595.5,549.0,561,78
oM6IJkSr6YjrkScD3HUK2p7Nl4aEd8lW.jpg,385,887,427,508,636.0,467.5,502,81
OmJU_dUUIRQW7_I2715n6GinjtlYGILO.jpg,462,869,419,485,665.5,452.0,407,66
OMnIv6dfjJLshPQXLXicEzFPNTfubLPr.jpg,451,839,514,582,645.0,548.0,388,68
omPyI_bHfSbfhrKkc3=VyfjyChf1ex8Q.jpg,396,984,477,564,690.0,520.5,588,87
oMREuX5Y84ukYDHgturN=IGl=eFXWHS.jpg,361,850,476,551,605.5,513.5,489,75
oMZzuWBKFRYxGSyiz8TyUmlD5lUe.jpg,342,736,415,480,539.0,447.5,394,65
on1GgVdgIjaCPo6tOimlxunce=hlljJF.jpg,446,829,440,517,637.5,478.5,383,77
on6txfalOpyrT=8bW_X2tS3JnjTj52t.jpg,400,846,423,496,623.0,459.5,446,73
ONlpH7yNpix362azkcuJyG8q6OzarVGk.jpg,491,985,446,530,738.0,488.0,494,84
onniQROq7JWtILpPwBZGEywpexDtfxTU.jpg,315,766,430,503,540.5,466.5,451,73
OnWeX3guR4MYxijF8VdQ7I5YtK63m1p.jpg,342,1092,528,646,717.0,587.0,750,118
oNxBuMELraKQ6o5oIRfxpex4BK4CLcN.jpg,371,853,443,516,612.0,479.5,482,73
ONZ8jT8jrUcyrJlnTE1IxV4vzL_KxE.jpg,311,744,421,484,527.5,452.5,433,63
Oo34MgVbwywXCEsTej96mxGXSI7_bhCz.jpg,381,960,476,561,670.5,518.5,579,85
oo86Dym=5G67XyVrZf7M7KcLSSwf1.jpg,305,769,432,506,537.0,469.0,464,74
oOfj1rxurZg16co6O2Uz8ZtO3Pis8Col.jpg,433,841,418,500,637.0,459.0,408,82
OOK4hpso8QNUHowodyH_hBatVjNn1H.jpg,263,746,454,528,504.5,491.0,483,74
oOlhO8OFiBMcrjFrKQR8=Z4sYvy6vDI.jpg,385,818,429,497,601.5,463.0,433,68
OopoRzuzLQHck6XWME2kvDnzLySy1Jx.jpg,363,857,452,530,610.0,491.0,494,78
oOYfU4zhhp25_uR1cCsmcbYW7YtmSay.jpg,299,808,451,539,553.5,495.0,509,88
oOyjxD2x6_ULmYGfzSPRFGtCpkiiNe.jpg,386,813,445,511,599.5,478.0,427,66
oP2rZMkdB9r416X9wjzbikdoRKmovZ_.jpg,423,742,475,533,582.5,504.0,319,58
oP4hqfX582VMaCt2jFafev4nLQo2HsE.jpg,407,841,459,520,624.0,489.5,434,61
oPB2UWUKwYvDvILFH8v4OHQoCZLgur.jpg,365,842,440,514,603.5,477.0,477,74
OpbhMbFvwmRRnOo4aHzl=kqlt8NMFtE.jpg,271,769,436,512,520.0,474.0,498,76
oPk2mJuONjax6OYhIxvS7H=9tbZB5eJ.jpg,343,895,475,554,619.0,514.5,552,79
oPKMXrsc6YPm8Tfk=OVrNaVvP9FnaXt5.jpg,387,941,501,587,664.0,544.0,554,86
opLcSiMJp9CLDQ7MZckq1NMMkpj3Bk3.jpg,316,820,434,508,568.0,471.0,504,74
OpocRZ4v7SDmmIGdOc3NxofIyG=spZ.jpg,439,964,480,566,701.5,523.0,525,86
OPORcRMhT2tYjG4_N7apOlW2lOnxbRmO.jpg,343,948,438,519,645.5,478.5,605,81
opsZt5Dvst6Okg2dmUgpufJhK_FYhtH.jpg,347,902,474,551,624.5,512.5,555,77
opWhayXj2qn5OoRFooCnHH7qLNTvt=p.jpg,375,820,421,486,597.5,453.5,445,65
OQ5cOrXJOBhPaceDGIeSiIdTITnW88Q.jpg,350,749,421,486,549.5,453.5,399,65
oQC8ewljTKUNQmgmSrdF72JHNSxZMzJD.jpg,331,857,466,540,594.0,503.0,526,74
OQEMKrasZ=fiCWXyfgpTUFqcqEKCzqC.jpg,341,776,426,490,558.5,458.0,435,64
oqzgrXRRYvhpd7ZF7louqXCOrI_Qn3hU.jpg,370,950,475,567,660.0,521.0,580,92
oR5iWzpj8FVsEePjnTYo3w7ebLTGwufU.jpg,391,723,434,500,557.0,467.0,332,66
ORfLutiDBGUecPpMadoSwhQJgafz5eu.jpg,400,827,431,501,613.5,466.0,427,70
OrhasO6d6FhErGXRktyE5pnQz4greL.jpg,455,825,433,494,640.0,463.5,370,61
ORMGjdSashtNEc3MSQn6YjeB9bfoB.jpg,480,908,460,528,694.0,494.0,428,68
ORNMM9yiUMVcDe56I3HfFp98GaN4CL_.jpg,286,727,441,511,506.5,476.0,441,70
ORUl9SwtOsrYPhICb9cUiJwBWXrfwbE.jpg,348,910,476,560,629.0,518.0,562,84
Or_C9b29cxFtdrQ2tZtSBWL7JYDo4dKy.jpg,393,853,422,491,623.0,456.5,460,69
OSdjwxdgK1VU=Bg4m6ubmYYDewiRH6o.jpg,429,858,459,524,643.5,491.5,429,65
OSOJla9H7QOb7h8_w6Ys3tI65CwO8Z.jpg,340,672,441,506,506.0,473.5,332,65
OSsipzNiFhklzHVfBntZohmYNbvEH8BW.jpg,385,752,491,558,568.5,524.5,367,67
OsVSse=LV_Olo_7ubz5Y2h_l3KVyhb7I.jpg,347,756,416,501,551.5,458.5,409,85
OtDBuU2wOqeUD8bV3pC=p3nUi4hoXST.jpg,435,732,436,492,583.5,464.0,297,56
OtHP22QCkz5FiHMEzYzcjXrDijBpSQt.jpg,438,905,436,510,671.5,473.0,467,74
OTIw7jFCtmfE4Du6IGpSS1lGI3sBDJot.jpg,406,841,439,500,623.5,469.5,435,61
otMeTsRFTLER3ReUelTIC3C=DwEHK9Dd.jpg,436,926,477,553,681.0,515.0,490,76
OToLgnzvEFguOybEFgq32odSNy4HSSCi.jpg,327,769,450,514,548.0,482.0,442,64
OTqjGOloYT6Q2nBGyCi=pbjuzey1Cch6.jpg,303,815,462,541,559.0,501.5,512,79
OtYGIF9IsS1QsdFqJqC=FSn31EE9pk8y.jpg,459,736,427,481,597.5,454.0,277,54
OTyTs8pr3m5pYOYxQs8uqysSD1l3CTfa.jpg,388,818,427,494,603.0,460.5,430,67
ou5fZ8rFpeje4yk=Gk5H7ZQVderiHU7.jpg,602,897,436,497,749.5,466.5,295,61
oUaBWRvNfD5EvX23YzYebUPp16_kkTp.jpg,296,789,445,520,542.5,482.5,493,75
OUC=twcI7ZkxEthmGPnPgGroJSh8.jpg,360,763,427,502,561.5,464.5,403,75
OuiriJjvaIhc71Sly4dWjbeE1m_FaUb.jpg,352,875,452,528,613.5,490.0,523,76
OUJy_Urv9IFWxeMEVaHkjHsR8kXhsepx.jpg,427,880,431,513,653.5,472.0,453,82
OuoHhvyxDJ4Yv7L5KjjCqlp=8ZeLedF.jpg,330,737,419,483,533.5,451.0,407,64
OUxqOH2atX8BSYeowaB=EYx1g4KdtU8P.jpg,319,762,444,525,540.5,484.5,443,81
Ouz5_897G7yacFFYf7FZKbOl7b=lUUS.jpg,449,909,472,544,679.0,508.0,460,72
ovJT5JWp4lZwLcdauPTpjmq4yxcur.jpg,327,961,488,595,644.0,541.5,634,107
OvR9ZuBt9YB=Ky_nO_WZemvaKldVCvp9.jpg,387,980,521,614,683.5,567.5,593,93
oVyk_=16wZoQrz=OOS9H9PS_vQjqo8m.jpg,458,730,415,469,594.0,442.0,272,54
OW=2tkMje21K3JRDaDuVwWVPDjHlHv.jpg,340,857,455,529,598.5,492.0,517,74
OwHikeNCFFV8mT2lbkvmcTyiGpov35.jpg,444,979,452,536,711.5,494.0,535,84
owlk1wlOHlU=gRXWNdDK3sT48KeqoWe.jpg,389,862,457,526,625.5,491.5,473,69
owwQd124d6ZxwgDOWwNgzeD3ugXhoY7.jpg,416,900,475,556,658.0,515.5,484,81
OX8hOYnVwcp4vUTb1DkV_G2c9hOvyJtH.jpg,416,795,413,477,605.5,445.0,379,64
oXai2pGSlbIPjPfZrJ7EElqo=pafoq.jpg,424,953,455,540,688.5,497.5,529,85
oxe1adg8DacfHB_ui19FQxjM4oogS=Cm.jpg,263,787,461,542,525.0,501.5,524,81
Oxe==BjdGU=64tLelgj_ybIGoqKEQ7o7.jpg,422,832,412,473,627.0,442.5,410,61
oXFPUPfTJiUdW8WTbzd6tlyH=T_Sqg2U.jpg,333,1042,529,627,687.5,578.0,709,98
OxiViaKyxsRyPev_aNFNanlCGmTPzv7.jpg,295,778,444,520,536.5,482.0,483,76
OxOJ3_R7zQGqaZRVEzv_MESCiF5VaNa2.jpg,339,735,413,472,537.0,442.5,396,59
oxOOOjvQzctsqlf4VKTZIzIl6f9kP.jpg,408,837,419,485,622.5,452.0,429,66
OYHkISGXgcD5uvS5Typfhk4o6oMNE1HF.jpg,454,925,441,513,689.5,477.0,471,72
OYQDXpFgHzdkDREuEHgr9M_eODqRSDdl.jpg,439,851,454,516,645.0,485.0,412,62
oZ8fkCs3Qs3bHEP4tVLXej8SUyLmjt.jpg,363,832,436,511,597.5,473.5,469,75
Oznhg_iVa8XOgm6zTOSGU6WW_XIV_uj.jpg,365,660,422,481,512.5,451.5,295,59
oZSEunddz9u2wn5fD2MY8TluBp4xx_.jpg,377,927,465,545,652.0,505.0,550,80
OzxbZWuCWyRQHMi_ECZHIkdmDokpINWF.jpg,420,832,418,481,626.0,449.5,412,63
oZxImXI9ohdiQfw8r2K7gsTfRq=RNm.jpg,392,798,411,472,595.0,441.5,406,61
o_9zNHNE1gg2gqDkmJGXTKjmk_t3MS.jpg,434,840,436,496,637.0,466.0,406,60
O_TjVDm=mGzGD2JRGiuBoSR2dKtZFEZC.jpg,266,780,451,551,523.0,501.0,514,100
p1U2HWQyXQTqn9LiIZb1UOEz7GdpvRP.jpg,449,733,427,483,591.0,455.0,284,56
p26Sz2gC966VlC9MiXMvzJBCv4ZQ1=O.jpg,450,961,486,561,705.5,523.5,511,75
P2B5o1F6oEOkbYMZbTHCpoEL1a_gqqnV.jpg,403,809,419,485,606.0,452.0,406,66
P2d2CmYB9C=cggPo3s5EUS=1Gkustyh.jpg,407,810,418,488,608.5,453.0,403,70
p2dxOfBPp1ppQG7=UCnBBcgP=pCq1v5.jpg,480,897,431,498,688.5,464.5,417,67
P2hVdufBe=58UHOCgBqIzy4vsFCg5mjC.jpg,422,946,493,575,684.0,534.0,524,82
p2quZmB8D5CIHgi3hyauLsYUvx3iS4Q4.jpg,348,765,422,488,556.5,455.0,417,66
p2wNgjpJXICEUSSfURPJKW3hjgeQORGP.jpg,440,995,460,561,717.5,510.5,555,101
P3HxVJI_t_iMjucQ7d9PfpQRjzD6MJz.jpg,392,756,466,530,574.0,498.0,364,64
P3wCp9KLtCBM3iX5gP9R39JXBBYUICVD.jpg,361,855,444,518,608.0,481.0,494,74
P43XlioEZut4Lhmf7MLqGm=Su=GwoGR.jpg,459,901,432,502,680.0,467.0,442,70
P4bhgH5yxl=S3WS_lhTUHkCnxX1e6JS.jpg,261,775,498,574,518.0,536.0,514,76
p4fgnndkXJ1xvMKt4QwCvvZcRfBWk3KT.jpg,400,807,419,484,603.5,451.5,407,65
p4llnpIluMgO5gW6IpoQc9sdZmtJE4s.jpg,391,841,459,529,616.0,494.0,450,70
p5DL2ePUcxlnEeFnKhMoi6hGNwlf=7rm.jpg,311,786,435,507,548.5,471.0,475,72
p5mvPglPbYGqPUmB87c5v19jrYH3qxcq.jpg,387,893,455,552,640.0,503.5,506,97
p5zkniWah6WjckGI3MUjs_YlpKuuRFKq.jpg,405,857,431,501,631.0,466.0,452,70
P6ObPd_6OFNhOELdJm_OwhwM5wj1cXL.jpg,291,772,443,517,531.5,480.0,481,74
P6qjB1FysDRjHTOjuGkimghE6kJFCG.jpg,224,789,467,552,506.5,509.5,565,85
p7C9CKfHhSvlophFLKXjuBPeTPbdKD_o.jpg,290,742,458,527,516.0,492.5,452,69
P7D=pEjV_edw1LJZ=OPc8iYqaDedMgpp.jpg,435,730,459,514,582.5,486.5,295,55
P86Gxo8ZK361HlF3NpDgb9Yv_8a_zZUw.jpg,420,808,415,480,614.0,447.5,388,65
p8=fdvnYzuSISZRQpF8=YrCv3SyGY921.jpg,367,838,469,543,602.5,506.0,471,74
p8eHeloYPy37QHv9ocElG=V4qG3cP7q.jpg,323,858,452,531,590.5,491.5,535,79
P8Nv=XgH4MmlnpTKNZQVhGHXjg6tTo3.jpg,401,806,446,513,603.5,479.5,405,67
P8r_k=KW_8Z=kWocXUn9Habmq9_WXUJ.jpg,359,789,415,480,574.0,447.5,430,65
p8YC_qsZCeXkgv=a2F22kCJif__2MhDu.jpg,371,846,462,536,608.5,499.0,475,74
P8Z591sKyZvhI2wpb6JmJjRFDqSsHyu.jpg,400,975,473,553,687.5,513.0,575,80
P8_vrJbbtRiitxIuIbV2Go9ssPrbZd.jpg,338,742,421,486,540.0,453.5,404,65
p8_Z5HerFYLssNKLyFhBRbsBNr_fV5Or.jpg,376,782,423,494,579.0,458.5,406,71
P9l2TOtLyfL2xe2L7_i1FgdOnqePmEVj.jpg,390,948,506,592,669.0,549.0,558,86
P=e7=fLrC_8DgLF=sXpYGBCQcWRRY5T.jpg,330,762,418,483,546.0,450.5,432,65
P=mF4Wc7O=8LB3gvG_iSW63TlhCmLWv.jpg,380,836,420,486,608.0,453.0,456,66
Pa4TyS1VmeaNx9PZ5O1G9rZHXty8FL.jpg,386,820,424,495,603.0,459.5,434,71
Pajojt3xm5XSPh_vaDuu=WHt_qegKoYG.jpg,354,777,423,490,565.5,456.5,423,67
Pb3dRiMxkOSPWvm7QjHyUQ9Ta6YMvU.jpg,389,685,430,487,537.0,458.5,296,57
pBK6Z_hWbktjeDUrmcvNjUIjFWvlDC.jpg,303,824,451,551,563.5,501.0,521,100
PbMEglsY_oO75mB_SzGNxK3tobekMo9h.jpg,544,827,443,502,685.5,472.5,283,59
PboSFGHTipKtg8vlwrJTX4B4iJ=nkxx.jpg,338,741,419,485,539.5,452.0,403,66
PbPgOO=EY6Bkw5zbeEzPZU_ieXuwCVS.jpg,459,972,461,542,715.5,501.5,513,81
pBQobp9Lrgep1aFx9_SZmMSubyaMK.jpg,431,984,463,546,707.5,504.5,553,83
pbsh85QTbPZky84BspqgXmf9EFbRbhp.jpg,375,845,441,515,610.0,478.0,470,74
Pckacy6xRSyJVQQlVpNyIKMM72kjuf_.jpg,470,763,436,491,616.5,463.5,293,55
Pct5T9gI_BulUpHqXOrsCegPPSNQGi.jpg,401,991,475,560,696.0,517.5,590,85
PCWN7hkWhlCB6o=v=ETo7RP3Gi8MK7b.jpg,397,907,450,530,652.0,490.0,510,80
PcwNxsEgjdQHW3jWZIb4Z6xVvmd_sP.jpg,377,836,430,501,606.5,465.5,459,71
pD5Y68Iw_eS4Pf1qrfEskE7oybBUV4F.jpg,435,721,431,487,578.0,459.0,286,56
pdaR3uZMB9=eOTvxcflc9Z4bxbgMNq.jpg,371,834,440,524,602.5,482.0,463,84
pddSSkhaVbLskG76OKJzExW3YiCgGlo7.jpg,425,829,414,491,627.0,452.5,404,77
PdFipVhLTJB6BtXl8vjyMlsPJEtj5PD.jpg,393,811,423,490,602.0,456.5,418,67
pdLtOoK8yb_L4wTgflhoBLu1RgDY3f.jpg,457,922,470,541,689.5,505.5,465,71
pDMWtZoubesHTcewbsdQvblg1JN8=kJ.jpg,241,1105,571,703,673.0,637.0,864,132
pDtp4ozqzkObzqgJOdIYLEFTadgEbzVp.jpg,336,658,487,547,497.0,517.0,322,60
pdxlFMG4zJGjgfZBIsx8Z65W1W6Fa1a.jpg,403,852,462,531,627.5,496.5,449,69
PE23yg3BomWJ1c1pRs13goi3eYyTeBH.jpg,490,882,412,480,686.0,446.0,392,68
pE4zsKJXxWMl5bunQt6RofG6IIpGGqW9.jpg,337,798,458,527,567.5,492.5,461,69
pEmgM5lgZGsjw1G_w1ndSGw1L97yJz.jpg,478,895,424,488,686.5,456.0,417,64
PEnfWyj_pqP2TmhchEkRjXB4vXw.jpg,198,733,480,555,465.5,517.5,535,75
pEvBPZPFwymVggXwtquKxh_TjcQp9K28.jpg,326,905,461,569,615.5,515.0,579,108
pexIQhozYS19NZ9TiXbRUsRFtUY8TN=C.jpg,409,809,413,489,609.0,451.0,400,76
pezsRKs_s8Cm5qoIQxulT577ZVaJmzRa.jpg,402,881,441,516,641.5,478.5,479,75
pfGuP8nbNWwCkT5m_HEEJnouBZR13pG.jpg,390,833,463,530,611.5,496.5,443,67
pFITx__F4mwTZGENM8xMfcV=xPCV6aH.jpg,456,869,411,499,662.5,455.0,413,88
PGknExzS2UJYTOw5_CsyThX52vbWS26N.jpg,337,663,444,506,500.0,475.0,326,62
PGl_gE8p9FUT7XKOcqV=BOGnyumL.jpg,327,886,480,555,606.5,517.5,559,75
pGoDEXFIljhHy6R57qeDWzXRuDb7CJo.jpg,423,887,444,517,655.0,480.5,464,73
PgolfvrPQrxSbQLkLEMOl7Y=MmaE6w5.jpg,422,828,446,511,625.0,478.5,406,65
pHfUG5ncmT3cBR1fa4mGxYXLmo3Z5hS=.jpg,430,822,437,495,626.0,466.0,392,58
phjqR_B87lGP938SGasBm9CxFYQlwP.jpg,386,957,520,600,671.5,560.0,571,80
PHKZTJpGgF3lqTGK1tDZriuVmaHNfg.jpg,363,1092,528,639,727.5,583.5,729,111
phMjOtHZc3ij=S6gSUtFIjLL5pHxI3PD.jpg,280,780,445,524,530.0,484.5,500,79
phMQcnC214ZbIOR8=QeD6ouDUBNJl.jpg,435,950,487,566,692.5,526.5,515,79
PI2s8uIJeUwleas3_3G2lR6lWLzSN14Q.jpg,418,930,454,530,674.0,492.0,512,76
pI9DicDcRDvKygH8BhrEO1m6UOOufH.jpg,413,706,432,490,559.5,461.0,293,58
pIbqHYuc4a=sClTybcts6l4qFdPkw7h3.jpg,389,813,425,495,601.0,460.0,424,70
pIIsHLdpif_mxQcQlNdy9VQLdrjopU.jpg,425,827,420,485,626.0,452.5,402,65
pIZ9feLT39nQCS1cZ3z=EZV1ecXu6dge.jpg,371,934,460,550,652.5,505.0,563,90
pjdmyWr2HRBJywlPNVBmnaMbWKJUTJz.jpg,581,893,443,506,737.0,474.5,312,63
PJdX8euTVnCmgyuV2ZqGuTBiQfBoLW.jpg,294,816,453,555,555.0,504.0,522,102
pjeNPDnDkPGXnymhtZrThQzJJazh.jpg,462,863,443,509,662.5,476.0,401,66
PJjXdsul1clGu68rhO5h7u_y6MEO7NI7.jpg,448,806,453,521,627.0,487.0,358,68
PkdRcGVu4rC5nXeI=ODK7KZ9Cv6Sy1NR.jpg,382,901,493,567,641.5,530.0,519,74
PKfCDYVBGKlts2XUNT2sQTFuMHvwp5p.jpg,107,782,549,658,444.5,603.5,675,109
Pkp7Lcoi9yQR_asGpaouJNZsHydhOZ.jpg,387,799,424,493,593.0,458.5,412,69
pkRsX4OjdQJogGouw22lHqDqwpaDQU.jpg,371,818,423,488,594.5,455.5,447,65
Pl4HFeiVv6c_IQG4ysvDpZSIYYBfV2TO.jpg,430,877,467,536,653.5,501.5,447,69
PlFCViqoIsHzkDuk8d8GWJ2ymNWY834b.jpg,409,812,421,484,610.5,452.5,403,63
plR6FRr7VwZHygvkuh_rwPj892GkxWg.jpg,480,810,474,537,645.0,505.5,330,63
PLSJMosl1REHTKGKJ3s1tZBrqZkYeQei.jpg,435,865,459,524,650.0,491.5,430,65
pM1FBxeatTE=g3KHL9f6ULo=bZTomKn.jpg,471,950,444,541,710.5,492.5,479,97
pmehDTnoc7uBS5ueyqrcFe2FEjsuyi.jpg,498,773,417,474,635.5,445.5,275,57
pmF1qDpVZ9oJwqh1GLqj7k=5yggmROL.jpg,482,940,428,499,711.0,463.5,458,71
pMGdIcV=JyBtWeqbgSmqQ8=r3e3B2Y6.jpg,463,921,466,543,692.0,504.5,458,77
pmkx4R8KaUrvtrJWQkWa4k8JSBfovyxu.jpg,352,789,442,505,570.5,473.5,437,63
pMqljmf_DaCdbqkbMXvG5KzLMWUvsvVb.jpg,397,822,456,521,609.5,488.5,425,65
pNbHGIKwDeOL5vPKwxUFWf8Oepj72khy.jpg,350,856,474,552,603.0,513.0,506,78
PNIdoJMo=UXfc8YNcxOxP=QO5jQae_.jpg,423,762,445,509,592.5,477.0,339,64
pNoNYBJgwvObv5ebvIuj94fL9nizXfMD.jpg,375,848,452,520,611.5,486.0,473,68
PnouFlTkFVekpffqXKfFTR7OhVmc.jpg,474,877,409,490,675.5,449.5,403,81
PnZnNI66MDmDxfdM147uPHfYL8Haf.jpg,329,920,463,580,624.5,521.5,591,117
pO=YXy4tku62YP6txocOb23RzWEKoQv.jpg,455,876,452,518,665.5,485.0,421,66
PojHIm1mIDQS8oMT_cMfif_L6OIH1.jpg,366,923,473,555,644.5,514.0,557,82
pOOCc9nPVa2zp7GxO7n7bncMhdMMqEG.jpg,378,921,506,587,649.5,546.5,543,81
pOS1Zca7WlE5or_dv56S4wwSG8rOuz4.jpg,332,761,426,495,546.5,460.5,429,69
pp4svqh23HXadfa8==JVWlUxXvCDWW.jpg,402,870,433,510,636.0,471.5,468,77
PpCxRdjvPW8eqnbFmezws4euDGcHgG.jpg,313,634,467,530,473.5,498.5,321,63
ppkbM8=dW4s=Fx2V1iJGaBaKUFKLh4.jpg,319,968,500,613,643.5,556.5,649,113
PpkXvnU=uvrt4fCqrwZKaBTI2GfOxpk.jpg,329,894,475,556,611.5,515.5,565,81
ppsTZGYC65uabGVft3aBUM1_DqikRRGo.jpg,394,809,457,520,601.5,488.5,415,63
PPTPPdbfkyV9tn4ROyQbjgYJJbBJgEsc.jpg,303,844,462,543,573.5,502.5,541,81
PpvMio7Yfs8VOk4gFn8W6qmbvyQBnYS.jpg,354,779,425,491,566.5,458.0,425,66
ppYzQHaMoJPfgSJx1oKE_JbLhw7kLDsw.jpg,390,840,435,526,615.0,480.5,450,91
PPZ9guQXTv=lcshm5yn5OL_Fd364sw.jpg,53,892,557,672,472.5,614.5,839,115
pQ7G_4VsfWrXDJS523nM8I7_qh48lUk.jpg,439,723,429,486,581.0,457.5,284,57
PQg9HQIJst6BqPnT2ZzBEWte6gLHEN3.jpg,357,729,508,574,543.0,541.0,372,66
pQH8RS_gzxsJC=pDgXQHLc8eYMLpdUk1.jpg,375,804,450,515,589.5,482.5,429,65
pqLgFVw8U9ych1gVRhqhPyrpmKOCim1.jpg,450,728,425,479,589.0,452.0,278,54
PQlUIVI_RY=V3rVshn1MvmXPhVxZIC.jpg,285,816,462,547,550.5,504.5,531,85
PQP7ijX4QP27nsM2e1c6GLwjdch2e2.jpg,305,766,432,509,535.5,470.5,461,77
pqwQvk1odhiyqyYdPCtT9sbZKtLX4QD7.jpg,398,832,456,524,615.0,490.0,434,68
pRdKSJ8Hr7gYyZeocTP8ph8gCu3IKaV.jpg,378,835,456,526,606.5,491.0,457,70
pRGCfBKUMDgVZRHPrxdMOtqVluZBLPPe.jpg,466,893,424,500,679.5,462.0,427,76
PRj19hGXjM1CfbUTznL1hYlGhhHTdpg.jpg,435,835,417,482,635.0,449.5,400,65
PrJ=GFfvjYwqWuIuWxJe1BlMwd8Bv3xL.jpg,270,1110,653,778,690.0,715.5,840,125
pRqqC4U6o_vz9yj1lBSNal5n3YVURIy.jpg,442,949,453,533,695.5,493.0,507,80
Prt=EfshHkD=nTIJpejEej8qInb9W=4d.jpg,269,790,449,528,529.5,488.5,521,79
prU1mP9rJ3kXP=RtJYZN7nXetc5k2IPf.jpg,405,814,424,488,609.5,456.0,409,64
PS4duQWe1YY8BwDEQcbQh_pEzezLaPUs.jpg,392,911,462,543,651.5,502.5,519,81
pSgEXrL5=3t58fRe1SIewhVJ9DvkghoZ.jpg,310,771,436,504,540.5,470.0,461,68
psH2KEwa68QXnErwiVXylQEneaYbgNg.jpg,395,976,523,609,685.5,566.0,581,86
pShgdGOXhEBqmjChCGVE6Psexzw1ZF_.jpg,323,875,510,590,599.0,550.0,552,80
psJaolN1T26zF1nJXTbYfesclBBioRWX.jpg,427,843,477,549,635.0,513.0,416,72
PsRkHdvqb_YNM3xjVaVtjJsR2HeHStT.jpg,315,827,456,531,571.0,493.5,512,75
psrRu3oPmMqP4b4dOEFi7k3QNtFZxLK.jpg,369,836,443,514,602.5,478.5,467,71
PSyrUdGmo8sYr9mSfh_3tMWjZpNZp4.jpg,393,920,494,575,656.5,534.5,527,81
PSZ7EvFYsublCluq837VFrJz4sSClnH.jpg,415,929,490,567,672.0,528.5,514,77
pSZEv43D6yQ46rvqhMi4OLaGYxNt3x1.jpg,440,926,437,517,683.0,477.0,486,80
pt6haFliCHZeo7GMTWa9u27aBjVsXbM.jpg,438,727,452,507,582.5,479.5,289,55
PT9sj7n2Y47QQM_ljpM4sdN=cw9utCHr.jpg,403,805,450,515,604.0,482.5,402,65
pTbzaz=fo=s8Xd1gr555uquTU2Spm7_y.jpg,463,787,473,532,625.0,502.5,324,59
PtWjoWfwoHz2nfd44KqBHEhGGCxUoHkS.jpg,403,834,421,488,618.5,454.5,431,67
PTWxosMWFUWeQbJ8oLG21UJHSy=eVNc.jpg,455,847,411,480,651.0,445.5,392,69
pu4WwsQGWkYm4ZBR9m6I=IiS3ijxOadT.jpg,515,957,464,535,736.0,499.5,442,71
pu=uysW3osDdYBVtQvNbKXt4YpRmBj6.jpg,426,926,482,557,676.0,519.5,500,75
PuenHlgwdo_9VtdNSqeHanI2uUh7jub.jpg,368,882,455,532,625.0,493.5,514,77
pUEy7MWuxCSTk38JpWfeqw8jEmaGPWyj.jpg,381,822,419,484,601.5,451.5,441,65
PUgRH4mI2vTmLL_Z6cs5xjL6Foq5cRYG.jpg,455,966,477,567,710.5,522.0,511,90
PUkn4SJNLZNu9BheB8l9TDgEM9EwPjVq.jpg,376,784,518,593,580.0,555.5,408,75
pulIyGdp=cuEycWXvFfJvo=EoJzFjFRo.jpg,388,889,436,512,638.5,474.0,501,76
PUQPhJnabG6fCJMP1L8Va=xtBY9lFwe.jpg,428,997,513,602,712.5,557.5,569,89
pV1TEDK5PCBKhfN8tDOn75F=uwIx.jpg,216,736,470,546,476.0,508.0,520,76
pVCMaoavqh1BJRPvcXsRpEzCVsFciib.jpg,281,805,478,549,543.0,513.5,524,71
PVDgZOS5Olc5UC42c6epDGN1OYSHHO.jpg,324,780,441,509,552.0,475.0,456,68
PvDlDkimvqmLDkDZ4Udeci4zBnQBqK5.jpg,149,1055,591,725,602.0,658.0,906,134
PVhqXi68y3IQlV3Nj9kudgZfO7JRu6ri.jpg,426,866,457,527,646.0,492.0,440,70
pVsfIohcQfw_v6QLkyE31p441IvQ85Gf.jpg,412,1007,520,611,709.5,565.5,595,91
pvVJIVIIBYaOwBOawPZux=PT1GXtbT2.jpg,442,898,436,505,670.0,470.5,456,69
PvWk2Wfav8RYvhMUa6VKUpj44jHlzQM.jpg,390,812,424,497,601.0,460.5,422,73
PvXR787BD8Oe9X6I=Y6Zh2=Xg8571e.jpg,447,822,406,470,634.5,438.0,375,64
Pw5dGLC71FBjWdrqfsIfkYC=KhlKv4sq.jpg,399,834,423,488,616.5,455.5,435,65
PWbnWTiPHGpE182KxtCbZy7pUMfOal.jpg,431,886,429,507,658.5,468.0,455,78
PwGbPveQkNVbfohL_6enjpF9YZ5np9o.jpg,538,904,480,545,721.0,512.5,366,65
PwgexOjPi=V8dzP2PNWaQiwZpzyqZ.jpg,384,802,418,481,593.0,449.5,418,63
pWh7l6G_eNSxUrxMIio1R3SreczjqVC.jpg,378,891,454,534,634.5,494.0,513,80
pwkp1eSB8t7ElsHac_slTMK9J1HbPl64.jpg,322,942,537,620,632.0,578.5,620,83
px=SYwNLkiQ8jncjd57vjsI=xP24.jpg,354,860,445,540,607.0,492.5,506,95
Pxrzwt4tRpLPzthvqZPqoK4DcQWb.jpg,376,851,451,522,613.5,486.5,475,71
pXuwESOJiHZwptswC63niYea6GPUb_MJ.jpg,451,846,413,479,648.5,446.0,395,66
PxuXdVLkfkXYheI4=apnxCyymsJW1Ud.jpg,362,819,424,496,590.5,460.0,457,72
pXxNpmDLmWidx6GqJdxbWt7BygBnm8ii.jpg,451,752,462,518,601.5,490.0,301,56
px_o63QurldEoPvjT8aJSO7gH33jhqB.jpg,407,824,424,497,615.5,460.5,417,73
pycKjm7OFROr141lfz5UDc9EJppgrFUa.jpg,327,788,425,495,557.5,460.0,461,70
PyCkv3zn1iX_ezxGM7tTQ=vv48H9c3X.jpg,373,829,433,503,601.0,468.0,456,70
pYcmILDVHeTvC6xDUOR3LIGTH5Rmv2Og.jpg,337,902,465,548,619.5,506.5,565,83
PycV_RF5BnPP3DH2CfU6IYxMjao8_1n.jpg,366,891,499,577,628.5,538.0,525,78
pyF9GC3sX4gWrRteiqnyFoiFwWPe9bj.jpg,459,822,494,562,640.5,528.0,363,68
pYHYvi2H_kLguyDqW17oiRyRux_mtbm.jpg,312,855,461,539,583.5,500.0,543,78
pYQTBJgdodOjFy2giiBiz5zdKrcxUe.jpg,475,904,456,525,689.5,490.5,429,69
PYSUyg6S8Xqndy4KzTg7C9VVBuBG2=B.jpg,293,827,460,562,560.0,511.0,534,102
Pz7XyWdqnZPWtooaczOEe5SBJzIyoy.jpg,327,744,418,507,535.5,462.5,417,89
pZdxV8V1nFi2i5Kyv5oPZB1aqW6NWXZ.jpg,336,784,425,492,560.0,458.5,448,67
PzM92m5ulDpvjFVgbgY6YEDfZcGT43N.jpg,313,764,425,492,538.5,458.5,451,67
PZvfTKGnGZ81TbeGTbeayjGYHTFGUkLq.jpg,413,900,438,512,656.5,475.0,487,74
p_6dXCy2nG_8n_1Sj=Lq7Jv5UsRnGcok.jpg,459,879,421,488,669.0,454.5,420,67
P_Qjr=fzJMmnt4XefxjQQhznRG2f=mN.jpg,367,908,465,546,637.5,505.5,541,81
P_ZeWhIoYek5=J5O3KJVZmSU7ZB5LqF.jpg,416,839,456,524,627.5,490.0,423,68
P_zI7e_9grJSbaEv3=P8JNbcQDhIYz.jpg,331,776,460,532,553.5,496.0,445,72
q1JpujzGmsHdKRh75L2jXJUlhKxkEMX8.jpg,264,748,456,529,506.0,492.5,484,73
q1pVs5nEDHsRtFhwo4NOrpu46O3xPRj.jpg,408,843,417,481,625.5,449.0,435,64
q1xWFfu83_hcc6U87qxLt1jOz7s5TrR.jpg,323,791,452,521,557.0,486.5,468,69
Q2lu5xcPY=GhqYziEauoZnhpJLMNfDe.jpg,356,877,455,542,616.5,498.5,521,87
q2mtnSLLYdgokK5nVYN8=FFaFC87L8ET.jpg,463,888,420,496,675.5,458.0,425,76
q3EQZ2HwMuUsyMQZOWbEp8gzEE8BW6I.jpg,415,864,464,534,639.5,499.0,449,70
q3qYlP9eqNPV9j62etI9eqiWX=2GcX2g.jpg,243,794,473,554,518.5,513.5,551,81
Q3VcJEPLFQM1YY3=c7pkS__xcovwLHl.jpg,370,802,430,496,586.0,463.0,432,66
Q41ddCNz64OD=tYHJdDTDNOQXrrUlv3M.jpg,326,746,417,480,536.0,448.5,420,63
q4=2Wf38yQbiMWqD2pVnsaRw=JokyhW.jpg,365,773,417,481,569.0,449.0,408,64
Q4r2zi8eZQPkKOXYBu2YfJ8NWmUjs.jpg,316,747,431,498,531.5,464.5,431,67
Q4yE8mq9hgZl2DpcH3VCh9Of1UV1PBn.jpg,477,753,424,479,615.0,451.5,276,55
q5=7aqSWTF8eGBD3qin7xUWviZygD12.jpg,439,912,436,509,675.5,472.5,473,73
Q5FyMKKCuwC2XSOBqU7MeTvvRjtZWg.jpg,474,769,436,492,621.5,464.0,295,56
q5Mso2RbJKrtuMufZqrtlvgW6ho71Tch.jpg,428,861,420,493,644.5,456.5,433,73
q5OcauzTi8abMDTYVyXsOMN7wqHF1HJ.jpg,471,868,416,482,669.5,449.0,397,66
q5T46OsktIbuC8dyokXyoeLgxlehZu.jpg,375,737,440,509,556.0,474.5,362,69
Q5TvUvsDJ2dCrCGN87dsBVP8jBU5lSp.jpg,373,760,418,480,566.5,449.0,387,62
q6WV_JW7aVcx6D8SVUyIQaz_mXdVfr5.jpg,418,836,421,487,627.0,454.0,418,66
Q6YOE7OqHzXKjcwQxNQOain41dP6Pg.jpg,399,818,415,477,608.5,446.0,419,62
Q8SlhbLabV9KvHSc87X4K9pNi1iXNwN.jpg,307,928,497,597,617.5,547.0,621,100
q98ZLUEj5LVkSk8oWynE=BLzq5_J3RW.jpg,370,970,523,616,670.0,569.5,600,93
Q9TtDXgHamIXLsN_y3XJ4oGajRCKi7.jpg,291,809,448,540,550.0,494.0,518,92
q9tVmoeNUcC9Ty1LwZgrTuclku4e3ZBz.jpg,419,831,425,492,625.0,458.5,412,67
Q9wUG7cBnRdnlFPnkkD3RFbrv8agkZD2.jpg,441,753,430,492,597.0,461.0,312,62
q=88gTnIBXjSduz5vmTgfl4KRIBKit.jpg,325,906,463,583,615.5,523.0,581,120
Q=afL9TUqx6rpzeBHhuXVr15_m6Db3O.jpg,458,788,473,535,623.0,504.0,330,62
q=eRiNevIl1JjeqcxE25knFbTDlszWLf.jpg,376,815,422,486,595.5,454.0,439,64
q=fo_dUxpLfio36V4cHKqFt6Y3ylj96m.jpg,456,1114,528,640,785.0,584.0,658,112
Q=jnPk8_2j8cf6wSxtdzPW8wxn39J9aI.jpg,414,885,427,503,649.5,465.0,471,76
Q=NJMGSaafH8KZpjbsS5T=FV7KxMG.jpg,299,764,453,538,531.5,495.5,465,85
Q=XQTI53vYwh5DM5dGOfVPOkGvhUhZEr.jpg,450,796,459,527,623.0,493.0,346,68
q=XYhUXDfhu=OgpnTWLbenFqv=SOF2w.jpg,414,754,473,539,584.0,506.0,340,66
q=YjE7zm=7IyPUu57TCZ4oJ_QfacRvw_.jpg,472,882,418,484,677.0,451.0,410,66
QabxOZLbZyJpGSR82lDxNW8aosgoSD4.jpg,376,829,424,492,602.5,458.0,453,68
QaurOnKDZJjwvuSPBVDtqnT3tw=GXtu.jpg,466,771,455,517,618.5,486.0,305,62
qbkcMVpQTUXyt87NK7=LXENep_wmLL.jpg,323,651,441,506,487.0,473.5,328,65
qBWIDytG7PtVJYNhztNgV=mcHS92Ofk.jpg,305,923,481,592,614.0,536.5,618,111
qbZsu2e1OngQFPqt4YP7_1clvTXmR4R.jpg,462,900,455,523,681.0,489.0,438,68
Qcle9IJQSDD61mOjFi9rVWsbnz8SV2w.jpg,410,806,419,483,608.0,451.0,396,64
QCyUvIURSPO7cRTFn974sn6Jzsg7KD.jpg,251,782,460,540,516.5,500.0,531,80
qde5K=CszxC26M3GX_p8=KlCD8kX7dd.jpg,488,749,418,470,618.5,444.0,261,52
QDJoL=IKJkDMYMBuCRkEEFOK_2wzcYp.jpg,380,659,417,471,519.5,444.0,279,54
qDN8QWoQZILoOHrjfcU3ETotnn95tp.jpg,396,830,463,529,613.0,496.0,434,66
QDphWjTmWM_XPgMsXRFLyghfHyZum.jpg,357,866,455,530,611.5,492.5,509,75
qdpUKWVjELlUL2i8Dbe7xpWiFBk9Pa_.jpg,352,746,414,493,549.0,453.5,394,79
Qe8eBxbJNgf4vXFa4I3gky5Rk4necU4I.jpg,412,865,434,507,638.5,470.5,453,73
qeHvgxrN_WpGpQ38ffEyL4ORv3WqPrx1.jpg,408,856,420,486,632.0,453.0,448,66
qEIqiRfucTuCyWGzjVz8WJZtCKYfg3=.jpg,374,886,483,563,630.0,523.0,512,80
Qer7OIISloZRNHJkgpM1nPUXHWQHWMOE.jpg,356,833,446,519,594.5,482.5,477,73
qer96_xzccPjdCcpci5XNorEw_ku1lT.jpg,431,695,422,474,563.0,448.0,264,52
QExQur1hyiT4Le2km746qdyTw8vSqZ.jpg,342,694,436,504,518.0,470.0,352,68
qe_oiVXBn2Fo=HSh34hgzo42kjs9F5b7.jpg,278,1041,533,658,659.5,595.5,763,125
qF8_ll1Yr59c5krJdHQaghKTsu4BFTYi.jpg,422,888,460,528,655.0,494.0,466,68
qfTIU5R7PvykWemYXPcVrIGCZ1_zjyTU.jpg,364,929,477,561,646.5,519.0,565,84
qFvNkk=5p5zly3z6zLY_hL_8dWzhUJa.jpg,577,959,506,581,768.0,543.5,382,75
QFxzbwOgNc_s5EDhsgYRp6Fs=BNNN98.jpg,336,698,429,492,517.0,460.5,362,63
QgdVx6kZPeIqJEMNvIIK8M=PEVHiRLIe.jpg,323,748,427,495,535.5,461.0,425,68
QgllWoduoOqonOGCiigVXPlLjBbiRgG5.jpg,429,723,432,491,576.0,461.5,294,59
qgYtX=Eav6h_HoEMuqCa1UGCTM9Up7M.jpg,391,957,473,559,674.0,516.0,566,86
qH5FzeUKLMVdVKZ6niqswTXY1EwdL14.jpg,370,836,441,514,603.0,477.5,466,73
Qh8pHDjCGP62oklmv6qMfZJukQX4kt2P.jpg,254,788,466,546,521.0,506.0,534,80
QHkWFOYqCda=sLkmJSGUW5uvv_OtXKU.jpg,404,796,415,478,600.0,446.5,392,63
QHQUpadQIM4CyhYcFPySnu78qxBbT7F.jpg,459,885,420,492,672.0,456.0,426,72
qHxldyENvGQdyC_PGPIckIT8XLBfrifh.jpg,289,698,445,514,493.5,479.5,409,69
QhXpv_hYILOCo6zBZctC9_O_z4flbO.jpg,383,754,443,514,568.5,478.5,371,71
qiaQKX2hP=a3SBx6HStktdaguco8Ygm.jpg,437,879,418,488,658.0,453.0,442,70
QiKhwIQL=e=MbPYtd2rigwHO7IHMU4v.jpg,433,847,411,473,640.0,442.0,414,62
qIO3YGhpZ8wEicyzOrs9TyB9fg6jHPm.jpg,373,783,419,484,578.0,451.5,410,65
QIOaZPrJw1MJ_WKR9ZlEh_BCEhYYLUxa.jpg,429,901,437,508,665.0,472.5,472,71
QIoY4Fw9JUJYDEIHYM8kVXOsQvQQdMN.jpg,363,900,455,536,631.5,495.5,537,81
QiVL9BxyYkxVjZDMhei8mWBjWZFdQ7.jpg,384,927,468,551,655.5,509.5,543,83
QivTogDNMD1_rQsmEQnFgnDLNzBRqg.jpg,364,857,475,549,610.5,512.0,493,74
QIzuhxvel2USPZ71RERC6isaCkG5Qq.jpg,373,825,428,501,599.0,464.5,452,73
Qjb24nOwiznBxfo4UX79g52lZ=KK4Rm.jpg,418,855,441,506,636.5,473.5,437,65
qJCKny2XXV66l=oqzkL5DSdUvXMGRlg.jpg,421,864,430,496,642.5,463.0,443,66
qJDIdmEJgWp4qyuybXGlKLPZuwg6oxe8.jpg,296,817,491,571,556.5,531.0,521,80
qJx3hie7ayRkNo19tSBldu63du69Yc8Y.jpg,391,864,440,515,627.5,477.5,473,75
QJXx5gG7V7__QhmWH=eLIZDmlIlM8W.jpg,431,905,465,549,668.0,507.0,474,84
qK3k542qtDP=Nn=Vom3r2HSEur77xqr.jpg,440,887,454,521,663.5,487.5,447,67
qK6ODO599bq37cH_7ddweDRuru27e.jpg,360,861,437,506,610.5,471.5,501,69
qK8d=GZbbSbOou2g95r28lyB6XuCJiPI.jpg,422,862,422,504,642.0,463.0,440,82
QkBNECZlESGENyeF=4OnwL51Y3gzXOoC.jpg,399,740,482,544,569.5,513.0,341,62
qKBRzwEcPonUhury=3TZLwD84hRlnayE.jpg,343,740,416,479,541.5,447.5,397,63
QkFNE=Jhy9ioe2Hk_19oOHrw5PWYGKH.jpg,431,875,425,495,653.0,460.0,444,70
qKLFPxOdtwkWRsStU7r_JuTvxOKDTS.jpg,386,687,461,517,536.5,489.0,301,56
QkO7MKXg2g8gaZP4HOZtGDL5QYvCjaB.jpg,305,746,415,500,525.5,457.5,441,85
qkZNy3NwqJd=_3Bg1qSDzSjWUgGvgy3.jpg,437,864,418,483,650.5,450.5,427,65
qLEMwHcsN7hdVaZFnVdUCimWxSZRHND.jpg,482,886,417,485,684.0,451.0,404,68
qLKxmFsGijTIKtYTcF3QdEEW45a15lI.jpg,357,792,431,504,574.5,467.5,435,73
qLLC4apjvQaCyqxBJw5caLSSxWSPPn.jpg,445,867,432,503,656.0,467.5,422,71
QlN7TCbeHgVT7bwdosLe4NO3kRTLizeO.jpg,383,812,430,496,597.5,463.0,429,66
QLQYxUiCMPiFlD3=U9HIzuqmjTQXFX1s.jpg,294,763,430,501,528.5,465.5,469,71
qlWTaejQQZ2Ef9jI8aC=8nz4SkG8aplh.jpg,376,871,458,529,623.5,493.5,495,71
qlz3S5eGFdqL9rIqMQxm_FbMmv4glMGS.jpg,392,842,422,488,617.0,455.0,450,66
qMbKwHuqiCSQtVgnTNSQidrbmW5SxN.jpg,394,862,474,543,628.0,508.5,468,69
qMjWR5p=6cT2C1K3GitWBn_F2nZaaIH.jpg,493,770,423,479,631.5,451.0,277,56
Qmpua2KkGTjsO3s77nXSqMvhuVXaPo7s.jpg,437,937,479,555,687.0,517.0,500,76
Qmqm8rWwz1ap5mPN4PKVL6YRuaWSKwPg.jpg,351,868,459,542,609.5,500.5,517,83
qMTJJ1VUVkPhu1pPGIzMbaWV1f6P3H.jpg,307,817,488,567,562.0,527.5,510,79
qN71Tp1wSqBU25J62Eq=EWXJyRsuFqP.jpg,441,846,437,506,643.5,471.5,405,69
Qn9ULZKBdSWMzfs9JvCM3qkJ=I7W.jpg,441,752,468,526,596.5,497.0,311,58
QNBjvG5cKYdBN=oxyRxyyi4TYqB_PMO.jpg,469,907,452,523,688.0,487.5,438,71
qNez9TVzNT5VGVBon_yjdzVUcB=KbS=.jpg,431,771,436,495,601.0,465.5,340,59
QNtcqzMlmakqxolcYGdI=lxXgRIoWLgT.jpg,440,938,455,532,689.0,493.5,498,77
QNuPcluJ5X3MWHbOij_bRwk2hcrW6rC.jpg,427,814,440,503,620.5,471.5,387,63
qNV4QGtJ5cFxXwUGP1pK3LlYc9K2PL9.jpg,374,752,419,479,563.0,449.0,378,60
qOFwGtlBz_95zYjKr9shxvWGGL1lxC4q.jpg,448,877,421,494,662.5,457.5,429,73
qoHgQzDUKznqVpnV=2Ie7XcKpOp_W.jpg,495,908,449,519,701.5,484.0,413,70
QoK_3nOjmCG7iCtK=SPutSit6Y4Iu=u.jpg,435,764,463,526,599.5,494.5,329,63
qOPcFSNq4TOPmY3BppBKlPNs17sca9n3.jpg,332,752,418,481,542.0,449.5,420,63
QOUJ8GGHcku6zwteM7_fXIEfciIBJ7i.jpg,259,797,465,545,528.0,505.0,538,80
qoZRsZXLhYkdeGdhMwa3Yz9sbjYoatg.jpg,425,829,411,473,627.0,442.0,404,62
qo_bZ9Q2V=bHI86KTU5klRuUbtURwB.jpg,299,733,443,512,516.0,477.5,434,69
Qp2L3HmwD9ZGQTLojrxv3RYof4rWIR4=.jpg,358,755,419,482,556.5,450.5,397,63
Qp8z1fXS_aXL14x8J9vyVypathD6hP.jpg,355,769,462,538,562.0,500.0,414,76
QPFTMiCS2vLzPor61XiO1TNU=xSmVM.jpg,427,892,468,540,659.5,504.0,465,72
qpgssNMWeaupPHd5Ff4QT3YOyyVySBK.jpg,295,811,498,574,553.0,536.0,516,76
QPNFUnX2MFJzZL9Kq_NPhH5nro8tp7YI.jpg,369,822,425,490,595.5,457.5,453,65
qPqMjJvsZB8wc53U8moV3gaICeOV7.jpg,412,860,424,497,636.0,460.5,448,73
qpteyfJlTtSKPnxyOt3zMts96zJGmwmN.jpg,359,780,415,477,569.5,446.0,421,62
QQrZ8wUVX3=C97KfqxRiD1RhVFFrd.jpg,224,964,534,637,594.0,585.5,740,103
QQUKmg2OVZSi5XEUvKZWVndegbUtZ8DL.jpg,194,1011,539,653,602.5,596.0,817,114
qqwyynLBIgVLL3rXJIlF28jgJ1WMBF.jpg,386,859,475,544,622.5,509.5,473,69
QQyQrEHOtEixuOJL3EDlPzpQzVQYFf3.jpg,436,886,433,507,661.0,470.0,450,74
qr1O7oqhuW8e3=NHVoY2Z4_H63OIkrT.jpg,394,807,412,472,600.5,442.0,413,60
QR4cU_nYIDDJ3In=o24=P1KZ9Qt9jKq.jpg,477,909,455,527,693.0,491.0,432,72
QrcGSUSsr71V5_DHUs61noIdSp_rgTk.jpg,128,957,557,681,542.5,619.0,829,124
qRf=BD1P31jCFdh3HBGuSzN9j4=oqKC.jpg,444,881,423,496,662.5,459.5,437,73
qrMvGl_ITeq9FfmouOch4HqauGlIlnWy.jpg,453,878,425,491,665.5,458.0,425,66
qrTXbnnBZ621rHdQw8qI5loKJ62QRF.jpg,426,915,478,556,670.5,517.0,489,78
QrwnkvR4q1k4N78RfHH3kROPsPShmveP.jpg,368,848,446,530,608.0,488.0,480,84
QS2Dv5UkSEYbuYyhnh3dqaY9OQFJsvcj.jpg,330,950,489,606,640.0,547.5,620,117
qs9gDCmGeLRwlgVvkmURUTIwqm5TLt.jpg,383,929,501,580,656.0,540.5,546,79
Qs9_BRZvXIe2s1rSfEbCb1tVHby2F=PI.jpg,422,958,500,583,690.0,541.5,536,83
QscdvK7Bxlq7Ot5LnCE_IBv87YZk=6.jpg,416,744,429,490,580.0,459.5,328,61
qSMT8kn_dbdeUQ1iVUcJkjaVg9uiKRX.jpg,391,981,481,567,686.0,524.0,590,86
qsnqeNkYlvqTMewkgc9cBsk3nGVBymdI.jpg,473,952,466,550,712.5,508.0,479,84
qsp55veoLnhxEPD1Qu_1DIwvJ91B9qGC.jpg,438,929,443,519,683.5,481.0,491,76
qT5RKoqMoFGhVcSGF6JNa9iLXQWzT5yE.jpg,434,872,427,498,653.0,462.5,438,71
QTImks9_PzJI5CcjteUXSPdCGSUztFM.jpg,225,994,541,648,609.5,594.5,769,107
qTk2WaVjgeypWgepFkhhpoK3ZGiSwTJr.jpg,297,839,423,504,568.0,463.5,542,81
QTN_RPEQmfCMIvZk9LLqVKsWcuU51dLy.jpg,395,792,444,507,593.5,475.5,397,63
QTPH=XHMxgHfhtMTQfUg79x3mFYMTb.jpg,495,781,450,502,638.0,476.0,286,52
QTuVXfJmNHasgN2W2VmiFJTkxIsTdvx.jpg,287,789,442,518,538.0,480.0,502,76
QueDUVMZXsMoRBKXDDD5S3=HddUmmy.jpg,476,909,481,560,692.5,520.5,433,79
QUGF2=KrzppKXcBtJDNon9eqIggwKw.jpg,170,799,502,620,484.5,561.0,629,118
qUIym1_XqF=K7B353J7jXurOEQFhTIu8.jpg,271,801,466,544,536.0,505.0,530,78
QUkQIEiP6X_pJbQwPiMwDY5RfSfIr7rG.jpg,171,968,547,661,569.5,604.0,797,114
QUOkN1cUDL9ibpa6rlWu48P5NYVN7ssT.jpg,409,795,413,478,602.0,445.5,386,65
qv9R2s8zc3qjb9RGJwvcCU8vRkexkeS.jpg,427,814,411,476,620.5,443.5,387,65
qvfj84vBfogRliFoDVD_tQsymHXKGt1.jpg,279,787,457,531,533.0,494.0,508,74
QVId7wDnGbyBdMRyq5OZT_48eF1r7D.jpg,316,1048,537,642,682.0,589.5,732,105
QvJVzN5sQ6mks=yVUwjyiMH1aHaTqQ.jpg,284,764,429,499,524.0,464.0,480,70
QvL1zkdQdlkuIq8zJPsajVpbNDoNsFu.jpg,446,891,416,486,668.5,451.0,445,70
QVljcY7Oz7vDwOM2XRhqznfU1jkoCoPy.jpg,329,857,403,511,593.0,457.0,528,108
qVsTcZI9Njbd6gfb=wKnQSpXykDnu_k.jpg,250,845,519,612,547.5,565.5,595,93
QwDHOhjvygvEaykJLU7r7w_tYomlW_Ut.jpg,332,761,427,498,546.5,462.5,429,71
qWdrjQnztY46SlWGFVybiZ5WDo5nsVV.jpg,388,926,457,554,657.0,505.5,538,97
QWEZQR2fQ6SEu7j_RDlXv38phx_J3tYn.jpg,364,840,435,511,602.0,473.0,476,76
qwH6sNo18l1vxBxr_kq8DspVV4OInu.jpg,428,944,457,534,686.0,495.5,516,77
Qwr493VLCXzaj5VUYEKg56hn8dPuGXE.jpg,363,903,453,533,633.0,493.0,540,80
qwT6zyWyuXMZihVq428zw7SL_y4M1Ry.jpg,323,745,420,484,534.0,452.0,422,64
QWujQwK6S96Wr8dzZZVd9KS3bu3KsM.jpg,366,842,442,514,604.0,478.0,476,72
qXIPOmtcE3gP51bI78OFbBEXjZK_ws9.jpg,414,883,433,506,648.5,469.5,469,73
qXsMitq49nzeGY=vzRvua8OzwSsKfhJ.jpg,454,893,418,484,673.5,451.0,439,66
QxyQP13lDJiNbeKnBLP3g29LQXGm5UWD.jpg,425,850,419,489,637.5,454.0,425,70
Qxz3UpLeFdRNE8waKsaUvPWedtLq.jpg,393,821,421,503,607.0,462.0,428,82
qyGq5ba3Vw8oehxTd1doxYpYdPTJrUH_.jpg,361,690,470,531,525.5,500.5,329,61
qyHDmUDbr3JBxCwLtC3SJBWINETrD.jpg,479,915,419,493,697.0,456.0,436,74
QYjkYCldo7d3xXT3tRkLZT5tzO84wGw.jpg,376,902,461,538,639.0,499.5,526,77
Qz1hVv_E2=xp_CQKiUgQySkTDdk_r.jpg,335,855,435,511,595.0,473.0,520,76
qZ2=hzXYNn34OaOaei4nBJnBkuXQeE.jpg,450,827,437,503,638.5,470.0,377,66
QZ43tUBgtsy8lkC_fWZUCDDcOL6w36.jpg,440,899,474,542,669.5,508.0,459,68
qZ4TxZYFqUHhgODMdlo_IrqCEKi3lQ.jpg,418,839,420,490,628.5,455.0,421,70
qZ5hkkfN_ZMna_lSBl4P2ZON3S35v9oh.jpg,354,662,441,499,508.0,470.0,308,58
Qz6Hve21JV_Mh1vWx4JIp4xqk93OQk9.jpg,501,807,457,517,654.0,487.0,306,60
Qz=qyomQc2kLrHfN_hwJK8voKqXrZpEy.jpg,400,934,461,542,667.0,501.5,534,81
qzfW_w3aSui2cCu5IveP9zf7zdo5aexx.jpg,417,913,483,559,665.0,521.0,496,76
qZjUZ17tazFiGBlQV7LrmH2cfVD51QK.jpg,375,971,478,565,673.0,521.5,596,87
qzPEWxV=kdSuhYpP35qxaqxm_nIFGb.jpg,199,996,543,654,597.5,598.5,797,111
Q_qetBF2USUBN78D=dDQpQt9JvZxMQfx.jpg,353,683,473,531,518.0,502.0,330,58
Q_tpOLukdO_z2SJpfcY_DsFnGFSUtsO.jpg,389,755,438,509,572.0,473.5,366,71
Q_vGP3=rQ8dI9GXJ_y6XN7fTM=fkvLnk.jpg,386,811,425,493,598.5,459.0,425,68
Q_XXOuob9ZZBz4LCOfrnLV4Uq5jiYu.jpg,435,1020,496,585,727.5,540.5,585,89
R27g2cLZhxnlYdOrwU_zn7jXMCqBNQ5l.jpg,316,768,430,501,542.0,465.5,452,71
R2C56FhazeY2RrNX4L3dB9TFe67jbLQu.jpg,257,804,487,576,530.5,531.5,547,89
r2LtMlqaWqpiWyYRBUdpF3h_F69yTTM.jpg,363,883,489,572,623.0,530.5,520,83
r2vFU=85IKiNZXiCNqrYgq_77DmNCea.jpg,136,839,519,616,487.5,567.5,703,97
R2zM86H9Em22EGKP18nNb5O4FO61BL.jpg,424,864,424,516,644.0,470.0,440,92
r3sKCnlRmZHW=RrM3WnivlNzf7L3w6L.jpg,407,805,445,511,606.0,478.0,398,66
r3t1y2Hfnz3XhN8MBsfUzDLv_cX33F6H.jpg,442,972,450,533,707.0,491.5,530,83
r4151_JVnEOTnsmGomZGdnWcIpKIb9_.jpg,398,881,473,548,639.5,510.5,483,75
R43F=3jOH9xLhyC6DuxSRB5mr9hTOfZ.jpg,364,782,422,490,573.0,456.0,418,68
R4D2Pnm8cZuxQXrVKYw3m88_JNkXM.jpg,402,825,420,489,613.5,454.5,423,69
r59Xh3TY3lpmnvniUeUHZ5E6kF=gi.jpg,434,869,425,499,651.5,462.0,435,74
R5E7J9Yk2iFoEewbU_Mn6tnNKRlV_.jpg,335,761,420,486,548.0,453.0,426,66
r5IvY16dy8JRDDmko1VB_vBjJeoHr6f.jpg,413,917,454,530,665.0,492.0,504,76
R5_ztInDIX419ngmIOPDuUQ6UkVkZv=.jpg,325,800,482,551,562.5,516.5,475,69
r66qFOTfkM4DCmYnQBmJWjIQr_mMyzCT.jpg,415,863,428,510,639.0,469.0,448,82
R6cUQ3zyJIt1DlXreU18toownqZVkt9.jpg,317,786,433,510,551.5,471.5,469,77
r6HYt8GxsmnOHgl8t9oPmREGFW_gR5C.jpg,365,819,434,502,592.0,468.0,454,68
r6iYG3wqM241Xgryib=NeH8aceUf8Q1=.jpg,365,819,431,496,592.0,463.5,454,65
r7c5SeJnHdksP2jMsOf8H=8E7vLKoR.jpg,339,718,500,568,528.5,534.0,379,68
R7cjIOePRtJ7iDF1KfpfKwbUbLTLXD.jpg,447,880,426,497,663.5,461.5,433,71
R7fidkqnReJlnLc5lk4o3VU_bGjVH5LC.jpg,324,907,466,549,615.5,507.5,583,83
r7MqW=mwtxiI1HU=9gg7TBQv3LeVOJw.jpg,401,806,419,485,603.5,452.0,405,66
r7N1p2KjtD4l3t3cTweLLGO4l4qk4wt.jpg,409,850,428,500,629.5,464.0,441,72
R8gBSlCabqYuj71aBDY2k==ychzKlu.jpg,447,719,423,477,583.0,450.0,272,54
R8h3mqEIOwQrRI7Gh=asQzncIGTXDK.jpg,340,865,460,538,602.5,499.0,525,78
R8H6729sX=jPLL5pIb4DKzIMDFbywHD.jpg,366,837,439,511,601.5,475.0,471,72
r8lxq7ymtF1E=5JKclvl1xBSvFlq8ojI.jpg,422,856,458,526,639.0,492.0,434,68
r8TLHlGE35xDxn=Yc2f3_tIU_yeziw.jpg,480,874,443,509,677.0,476.0,394,66
R9cuTdEVoVeXuLJiTc8y8bHPJNYIQW.jpg,374,687,430,491,530.5,460.5,313,61
r9mq9Q9sfM3WJt6w_4hj1pbGw32xFmc6.jpg,412,870,463,536,641.0,499.5,458,73
r=3mJKt7X6VJ2yTNgpRaT6BjEqNZrR.jpg,310,881,468,553,595.5,510.5,571,85
r=rDjIXss6qMHB7tfUWwLV9_qUOPsey.jpg,326,745,416,479,535.5,447.5,419,63
rausZGud_ZDv212pnFKrGDi11VVdcO.jpg,385,679,437,493,532.0,465.0,294,56
RbcLyEcpnYzqlIx4KD2DSEuO95x53i.jpg,428,825,413,478,626.5,445.5,397,65
rBdIouKs=xkIx8VBJzeUEH=T5muI1l.jpg,423,809,439,503,616.0,471.0,386,64
RBkwZCo4zR741mcumiFQO7SwzK92HBhi.jpg,319,884,481,561,601.5,521.0,565,80
rbWWS4_4GiPzzBbIRh8fvHeliywQuJPu.jpg,376,786,418,483,581.0,450.5,410,65
rBWyr9H45PbuNSvUZ8zYJFIEMrQLVQnD.jpg,458,740,439,493,599.0,466.0,282,54
Rc43X34UHWk=IPzxythQBVsrgi3=nI.jpg,290,809,458,541,549.5,499.5,519,83
Rc8zmFV4bBsaofHqj92zce_Q8kHmdGb.jpg,470,921,435,506,695.5,470.5,451,71
rc9MZ9EtD7pL6dwI2cCvH9qBllC5Bl1Y.jpg,343,755,412,471,549.0,441.5,412,59
RCFMdC15YNvMm7DD3Wf4feOOTCpy6Hur.jpg,484,814,473,537,649.0,505.0,330,64
rcg8MDJSV4pUh9swb3etooqFyGx5Ve8.jpg,375,1092,503,634,733.5,568.5,717,131
rcGqdT359GHLL6nCLyVnYut6XZ_PiXPK.jpg,394,852,422,490,623.0,456.0,458,68
rcovaaCyrInNX_2cs1LyZT6=PE8BDT.jpg,416,751,453,514,583.5,483.5,335,61
rcQ=nR4t8GZwq8prxln8jykBptEZRMbm.jpg,326,896,518,604,611.0,561.0,570,86
RD4sqWiF8skbkuRSaL72dQjRk=JVE1.jpg,447,850,412,474,648.5,443.0,403,62
Rd9N9QIx6Xudf___hqoOtfQuHe72eo37.jpg,253,784,459,536,518.5,497.5,531,77
rd=sDpN_9jescZVH8SDLiiBbxM3_peX.jpg,400,817,424,487,608.5,455.5,417,63
rDhyVuFXGHFpCFUNrVl6P8Gud6DLj.jpg,511,976,465,540,743.5,502.5,465,75
RdIdutsFKwEWbrhlYqKqCloTLpC34cw.jpg,352,824,480,550,588.0,515.0,472,70
RDxDSMv1NsWbV=vpx1xqDErxBFwYvat.jpg,398,807,421,485,602.5,453.0,409,64
RE3a8SpRIS1K_poSRd3JXqXd6HohRiI.jpg,419,737,474,533,578.0,503.5,318,59
REdwXgeUm4NrjNcl_8LPWg3RV2xqBQ9.jpg,395,804,420,485,599.5,452.5,409,65
RF8Kq3zUKGDdSd3LhNeQ75VdcFQ8I.jpg,440,903,473,544,671.5,508.5,463,71
rf=GKo4KW4xKGjUP44rbZfKgmIEbZfk.jpg,371,793,459,524,582.0,491.5,422,65
RfCiUKDgyL3adpsKiwhwnKKpzyV_LMGH.jpg,357,796,427,498,576.5,462.5,439,71
RFeMwnVrtjH5oZD_w6gmVgGMhWZlQRx.jpg,409,930,496,573,669.5,534.5,521,77
rFh2q2ers93djwpX_fT6H4PTKOvVtGv2.jpg,198,1109,546,676,653.5,611.0,911,130
RfNIM5LXszdBYJxk=4a_CiJFCg9MxGh.jpg,476,792,473,532,634.0,502.5,316,59
rFPbSK5FUbho79zNuGwtjg4jvrdUc4.jpg,353,760,420,482,556.5,451.0,407,62
rfuEzHXD7GO4yG=hr=aNaVuzPB_2Rta.jpg,376,849,437,508,612.5,472.5,473,71
rg8L7uoYvHdD_Qq_rpP=WLoarUo4.jpg,441,842,487,557,641.5,522.0,401,70
rgGB6epbLYy9qvqVlWGksV=77IZCZ9t6.jpg,408,857,425,498,632.5,461.5,449,73
rgQTuJfMXNy78t93rfICqdb98bDleuYO.jpg,420,882,437,508,651.0,472.5,462,71
RguM3DhIXdk__f3Lo4PG1zKPgCk9.jpg,409,903,473,550,656.0,511.5,494,77
RGWWsEynE9jlMedDfZjBa39OIrmU7WI.jpg,397,994,527,615,695.5,571.0,597,88
rHI=ONMH4g9LQ2Jlaeje28zWmKzSnTs.jpg,450,877,420,489,663.5,454.5,427,69
rHJJ54ytvBrElrFhp7HZhqgVIYcpeYZ.jpg,442,860,423,489,651.0,456.0,418,66
rHnIogoiIFMTviu6uijFKQ1wxbmpR2g.jpg,236,1044,546,670,640.0,608.0,808,124
RI3NKYLh_1PdTRMf6OO2QU1hilBVac.jpg,282,1068,542,655,675.0,598.5,786,113
RiDds_VQFYNZg22rRZfIOpwGkUgwLhr.jpg,417,699,445,500,558.0,472.5,282,55
riIosJeMhJs5P8sqjqkF4_o4nYijG5O.jpg,455,862,417,481,658.5,449.0,407,64
RInTs=dCeYKvL68Ppxowvj6ziRx57Dw2.jpg,459,892,462,527,675.5,494.5,433,65
risKtt=M7ad1xsY28tbBYOo8diH=7j.jpg,316,762,417,507,539.0,462.0,446,90
RitliuqOnknjtjzpnIUzvd3f7cvq=n3.jpg,304,963,508,617,633.5,562.5,659,109
RItLwNhg_IgGi3XB3jD3nXxw38nW=Z6O.jpg,496,798,439,495,647.0,467.0,302,56
RiwyrjMmKM18tXtOb_mSNHp5B4Vw9e6Y.jpg,455,868,419,492,661.5,455.5,413,73
rJ5c=VgzqOJcm7LMfWxOqdpk8pK2FPi.jpg,399,973,519,601,686.0,560.0,574,82
rJDo5ZzBjjllNdmRcHnIwY96HuHyY.jpg,247,976,529,645,611.5,587.0,729,116
rJNCXR5bZiLVjQJFQZ3Qy9Vifb=c3oTo.jpg,404,928,450,549,666.0,499.5,524,99
Rjp1c1Ocbu2=iw5IdKoEV2wny8QJCGoy.jpg,450,725,424,478,587.5,451.0,275,54
rjQFGgY3PmKwl6nUoeUobZL1e4D9VJL2.jpg,406,879,469,543,642.5,506.0,473,74
rjX=1I=ra1reuLzF9egTI6ti8Liymz.jpg,341,926,471,566,633.5,518.5,585,95
rJzxPGL647F2fUSSQkmXkQXUfeUxlq65.jpg,464,880,422,487,672.0,454.5,416,65
rK98DRd7loxUFmJ8fi124TOklgq5Lcum.jpg,362,809,457,530,585.5,493.5,447,73
RKdelb1P_qC=EyunsDYuc7Y6W5F5lmI8.jpg,130,737,581,684,433.5,632.5,607,103
rkHdMeBEHBDP=iMgLuCCTBgUSsVmzhnI.jpg,312,818,485,559,565.0,522.0,506,74
rKIpdSPRBwXwUu7_=k3XS4Zp_qpLExl.jpg,403,840,426,504,621.5,465.0,437,78
rKL52xDNyaPYZBtJaeLGqsbPIDfc=MmL.jpg,491,762,439,493,626.5,466.0,271,54
RkvgBI5W2cJ8QE6amo5MMqW_w4lEyaIL.jpg,333,775,428,500,554.0,464.0,442,72
rkvYWM_zSksi=gIZcZkwTFQIXIa=3jN.jpg,450,969,455,537,709.5,496.0,519,82
RkWK17Tgq9nqaOoFka1gpPrtEG7ScK9.jpg,414,981,463,550,697.5,506.5,567,87
rkxY7yCPQqtWxpGmuBqMIr9DiSFTI.jpg,405,881,482,551,643.0,516.5,476,69
rLi9VuwDMzORx3sm6wqp7ZPdCfeS.jpg,457,884,418,491,670.5,454.5,427,73
RLieOrk8k68fgpqsJ2RK26JBm7=vV.jpg,426,909,482,554,667.5,518.0,483,72
rll3pN31XeintHlMUUa=JuCibhdezcO.jpg,397,797,524,595,597.0,559.5,400,71
rlsetGsR_o5FM_B_juMW6S8wh536zm7.jpg,242,839,484,565,540.5,524.5,597,81
rLW5QwdWP_XLtps4m97BacaveezDmW.jpg,387,1041,564,664,714.0,614.0,654,100
rlzwD=dRImeMUPqJyWPr66XIOHNnltMw.jpg,421,758,473,540,589.5,506.5,337,67
rm26trq2d7OYHRqHCdY4FgIVgodxvGx.jpg,377,741,435,504,559.0,469.5,364,69
RmgNEGTXOw4iZIeeB=CchicTeU5EKX.jpg,424,955,465,556,689.5,510.5,531,91
rMJK1h9_jseGqzo=K4rcbFg2kxjrOz2R.jpg,432,841,412,473,636.5,442.5,409,61
rMLPPcrMUmBLGgwIgOyRWva3ZJ3lT_rp.jpg,346,653,428,488,499.5,458.0,307,60
RMmtvP87t2PQWTZWdKb9Z1MgfdV_RF6.jpg,361,752,414,477,556.5,445.5,391,63
RN97oqbPVy=1CDtrpLpk3SKb5ILEz_z6.jpg,374,969,510,600,671.5,555.0,595,90
RN=oEuUhmkJG4HR3PRzTL3uN1pX65SB.jpg,424,869,463,530,646.5,496.5,445,67
RNaCBHaqDhl2sT2Zt4bHzFKsaB1Y9QT.jpg,346,769,425,493,557.5,459.0,423,68
RNCoGjV6MNQ9XgkwqkpksOGfKV7ytYQ.jpg,414,893,475,547,653.5,511.0,479,72
RNFJBioJH34zYFfVB8xJn=f669sTcgBu.jpg,308,832,461,535,570.0,498.0,524,74
RnGYV6aKnHRkYYWGHNnhFz4CBsSf9HYP.jpg,474,848,463,532,661.0,497.5,374,69
rnq9HD4KB4eszPCzZdiBNt5QXRJDhr5.jpg,435,884,433,503,659.5,468.0,449,70
RnXObSdr2kIzWaLKLvctcasiyXqtbdIF.jpg,280,992,511,642,636.0,576.5,712,131
RNyZK_Qp3FvPZPnUWiY7veYMvNEuazrM.jpg,323,659,436,502,491.0,469.0,336,66
Rn_QKSdd4rs77kDOfh1HzjYz6D6dN8K.jpg,461,975,455,536,718.0,495.5,514,81
ro1sq2jeBr1iJfM4fnwyqQHNRrV5pfh.jpg,433,822,440,502,627.5,471.0,389,62
RODiYIO4osxjZ548e_UkiPjKBeGDx7CK.jpg,461,889,424,499,675.0,461.5,428,75
roF1F3QgogdD3Tv3ON5zMoMome_6N9J.jpg,361,883,488,571,622.0,529.5,522,83
RoGwo3taGEduLbUPcVXQTupRlB28wZjD.jpg,334,867,454,536,600.5,495.0,533,82
rOuL1DZmc7_2XbktrGkyGri1UeSEW47.jpg,410,869,441,508,639.5,474.5,459,67
RP4mzy192r7ggOVpSbLJEkbb9TP6bLY1.jpg,359,934,522,605,646.5,563.5,575,83
RpCY2RzbvdOCTOajg=zuImZq6h9ceKfC.jpg,442,864,423,487,653.0,455.0,422,64
RpIIxNzZ4HK9Db3HFIlBstI78d9=l7V8.jpg,410,805,410,489,607.5,449.5,395,79
rpnx25r=ywblkabfSo2eOydYLMuqtFa.jpg,495,769,424,478,632.0,451.0,274,54
RQ4B2y_52nvK_eWNI4DBTRHcywS9Uxpl.jpg,334,736,419,483,535.0,451.0,402,64
rqcNxskwFhlFzgdP7tedcQN_ZguYGCd6.jpg,415,879,432,521,647.0,476.5,464,89
rqeER44NcHBN_w5uTGzGeNtS5OJCW8.jpg,249,850,422,506,549.5,464.0,601,84
RqNkYo=xqotg1rc7ILGP59wG_eqPijLG.jpg,320,889,469,554,604.5,511.5,569,85
rQowwbdY_HjW6LT=kB4bEEGWnRVrb_R.jpg,381,762,446,518,571.5,482.0,381,72
RQpMBK=Dae5sOa4BxbJKtMeHOoHlkR.jpg,430,748,465,526,589.0,495.5,318,61
RR2cBqius4en8wz5q1_wT3UKYc2QJd3.jpg,419,804,413,477,611.5,445.0,385,64
RR2k8K7z8SzrlLXdD1s4hnotHwN1xIUS.jpg,460,765,463,522,612.5,492.5,305,59
rr72CzP5IH1a=btVHs7pF_CDUvWq3P.jpg,476,792,459,518,634.0,488.5,316,59
rrBCPh8qEDgaraLN3F6njEy_OCet2Hps.jpg,370,891,464,552,630.5,508.0,521,88
rrh25quC9gpc8Vd3_iwFDjc87ky7.jpg,272,784,461,535,528.0,498.0,512,74
RrT6v8P59YtRoBa_QXVlEZJ1Ho8bvb5.jpg,371,789,420,500,580.0,460.0,418,80
RRXqa_cQSiWEGECNZvXl3b=3TzbNn7.jpg,371,1207,628,750,789.0,689.0,836,122
rs7tYjOYzl4LJWN7i83BvSiB7lyIWu.jpg,397,1231,591,719,814.0,655.0,834,128
rS9UXQO7_lmu2Hwtj8cFVnxckqJWF25.jpg,476,797,446,506,636.5,476.0,321,60
RsDDkZYK=8TM_3f4c33zmW_HLrIxBdK.jpg,535,838,456,515,686.5,485.5,303,59
rsiOiyZhh6MpIiiQxnRJBNeRntUQcXCs.jpg,304,762,435,508,533.0,471.5,458,73
rsMM9gCh3FEx7wjB8gYej1WoVsiug3Vl.jpg,399,808,412,476,603.5,444.0,409,64
rSOY4Xlaa3h11_pGRBLORynwDs=J1w3F.jpg,233,795,471,554,514.0,512.5,562,83
Rsp3E7rrNWpKNkgwEwlLIoa6bzXaXdOo.jpg,245,791,468,550,518.0,509.0,546,82
RsSpYex6XUVweCFtxYOuvR6pzVedS_.jpg,446,923,446,517,684.5,481.5,477,71
rTaMlQ3sMzb3lrHwiu=TMLYuUOhrtV6.jpg,379,832,426,521,605.5,473.5,453,95
RTNGI2qdk=nmE1KnzIchGF25sekxPyxS.jpg,418,820,414,481,619.0,447.5,402,67
rTWLl=Hi71puDdPsJHN=bbQomQ1S8o.jpg,456,863,446,512,659.5,479.0,407,66
rtwVtxzbH7FMd1ysE9PD7aJTlmmJzuv.jpg,460,874,448,514,667.0,481.0,414,66
rTZTaaWzGQw5LdoEZCrTckrZkzem1z.jpg,289,896,474,559,592.5,516.5,607,85
rU2yD=cSfeJ16om33WD1qq3iBPJTz9GW.jpg,368,663,436,494,515.5,465.0,295,58
RUimYlkZIteRGnPovxHZxdT_RSYQNjuM.jpg,283,774,447,522,528.5,484.5,491,75
RulOvUM7B9BmKu6E1LBaFGFoBcF16O.jpg,387,857,438,510,622.0,474.0,470,72
RUNdl8N_IYpC4YfcQ_ixe34rJopz3ENg.jpg,394,959,478,566,676.5,522.0,565,88
RUvPvzuESzqNyltLQ=1hOv_Q2awlRPv6.jpg,313,816,476,564,564.5,520.0,503,88
RuyxsnO8WXTmXvg61miLWpF9cYnlo5Li.jpg,220,983,540,669,601.5,604.5,763,129
RV87f4ZTFECFdcu=qVccftsMHNdSiwq9.jpg,399,833,432,499,616.0,465.5,434,67
rvcSaQ=e5J727OpSMztY7CGx7Yf7_NUK.jpg,386,992,480,569,689.0,524.5,606,89
Rvd=Q7lcZPp2yuc3NrlpPfUPj3v6jae.jpg,484,766,419,474,625.0,446.5,282,55
rvFJegVF5T29mErVLnRO3bsoDp7uCo.jpg,447,761,463,520,604.0,491.5,314,57
RVrD6ixr88_gW4CJeMtp2TBhT5tpL78.jpg,361,873,451,528,617.0,489.5,512,77
rW1IzIY__iIc7JTuCTzUZn7huG=Leyeq.jpg,454,845,415,478,649.5,446.5,391,63
RWfOrptbyWjivw8OulW_Sy1iPJo7ixWY.jpg,278,800,501,578,539.0,539.5,522,77
rwFxmlRTYJbt_uxhnYmrEaKv4r_=UryB.jpg,416,761,434,502,588.5,468.0,345,68
rWJZx46UOatQsMu=kjoKLnd2y_hXCblV.jpg,423,826,447,511,624.5,479.0,403,64
RWKW1yhIGURzDe7gEuw1URar_e1E7U.jpg,501,782,418,477,641.5,447.5,281,59
rWuGkxOk6SGFybrqKnKtCXINz7youCU.jpg,443,899,457,534,671.0,495.5,456,77
rW_Qvs9j4R3dOEBzjvviBFhJBfLiMgT.jpg,328,861,443,522,594.5,482.5,533,79
rX39IHfj6GPvoXwVuz89Q8IOGEqqyDq.jpg,395,829,435,505,612.0,470.0,434,70
rXBqj_8=a5IOFlummr2j4jcZfJe9IEWR.jpg,328,660,435,503,494.0,469.0,332,68
RxfrsDT4vfBeqXtx16zQrTGPitVQg.jpg,335,886,470,546,610.5,508.0,551,76
rXGyCrtPGvyI_KUkYwGKyBNd3BaD2Z.jpg,421,728,433,494,574.5,463.5,307,61
RxlOecWH7mCefRYEWJp3o7IX67nL9ktf.jpg,408,882,439,528,645.0,483.5,474,89
ry2Epx_XG6=nUKdz6CUw4OdlwEYsJFrD.jpg,344,898,464,544,621.0,504.0,554,80
RyeETnHo9szrZ2tRyw9deGu1PbN_qti.jpg,276,635,449,517,455.5,483.0,359,68
ryIycvsZViFiyJ7D6Og6aghXmo38Jzlk.jpg,380,907,498,573,643.5,535.5,527,75
RYW7PlmxzzHmwOsowwRpMVI2BByEo2pY.jpg,479,861,511,584,670.0,547.5,382,73
RZBQInCkn9t22cGQWtpbiyaqkZBCfZ.jpg,399,882,470,546,640.5,508.0,483,76
RZiOhCyHuGeMfkqtlKWXgwMIHapGf.jpg,278,786,456,531,532.0,493.5,508,75
rZn7RiCi2ff=YYvWBKvT3uPUvsGQni.jpg,302,755,422,490,528.5,456.0,453,68
RzSxQ8t7nMNFM7xec3_VilwC1SnQ=Ly.jpg,415,816,414,478,615.5,446.0,401,64
rzZ3XmUvTH2O=ICghN35mt2cHbGDHe69.jpg,426,863,417,483,644.5,450.0,437,66
R_gzIbkpsjLcnInr=vW6qvZD_Rny7wJV.jpg,351,938,517,604,644.5,560.5,587,87
S143kNbTj1U=c6vNKkliLJeKhvOdGBm.jpg,296,773,447,520,534.5,483.5,477,73
s17=nRRU4=6JkgxlcUJGNBCPHzBxew.jpg,365,911,469,554,638.0,511.5,546,85
s1BjJFQjmVmKfMTXZVth_BRUWXv4Fj.jpg,260,787,452,533,523.5,492.5,527,81
s1f36jOJxiryX4LDW1HrNQaJhb9WHo.jpg,412,708,458,513,560.0,485.5,296,55
S2a6W7w1oC8DQLYZQkwCnZ9lsQB1QqKW.jpg,428,742,461,524,585.0,492.5,314,63
s2KvWXi2lyq=IpNH4z2OEo2Dy4WXg6m.jpg,412,840,420,485,626.0,452.5,428,65
s2vjMZu9IU75G4uaMQIp8lzV_zLgBZ3.jpg,395,899,484,564,647.0,524.0,504,80
s3QSMf3VZyDOcoOBU6k7xeBR8tL3Tu.jpg,287,781,477,552,534.0,514.5,494,75
s44BJZfjnv_hrCBOKDBrRS5C38TXwhI.jpg,315,973,554,647,644.0,600.5,658,93
s4ihmCrzusc_bbWcWzllZ54j1Lkm2sW.jpg,406,800,411,487,603.0,449.0,394,76
S4_eX78jRnO_3soQX2zUCGc1T8HMHRF.jpg,445,749,455,514,597.0,484.5,304,59
s5CqkRSIaiQE4F6TbjIGMpH1_7RvenO2.jpg,428,844,447,517,636.0,482.0,416,70
S5muEg=BkJtEi2EhIKD=1bnYhXJKPpo.jpg,333,915,463,545,624.0,504.0,582,82
S5mUKnSkDi4jqCPX3jgRZ=eJP_vNFnqR.jpg,373,828,439,505,600.5,472.0,455,66
S5nqx1horxFbhexn8pXQN8S8JPF3xOL.jpg,432,707,420,476,569.5,448.0,275,56
s6jJ5R5Nidby_FeH6wQoI1SBz1m7mBT.jpg,317,782,430,500,549.5,465.0,465,70
S6k6EnZsgotmXnYe4srprqdIJ=PgG5oM.jpg,403,882,424,499,642.5,461.5,479,75
S6OLXQJl=nbLL7fQCYY=wMla8=agJhCa.jpg,213,1044,562,685,628.5,623.5,831,123
S6R7lO7XngIPb1bZmIyP4aTNSqotlo.jpg,423,904,480,553,663.5,516.5,481,73
s6VhSEP_EJVdFIef_Gr6HfIuj7fPRc3.jpg,434,888,453,529,661.0,491.0,454,76
S7BdGt98U2MzbgvxlBB=xi4byYoFO.jpg,381,887,491,566,634.0,528.5,506,75
s7D9Ih=JbMiHa1KO4VnBpCMmSe1rCelp.jpg,459,941,441,515,700.0,478.0,482,74
S7dZmMNNweG5so__RvSR1KoBczkEl.jpg,309,820,452,556,564.5,504.0,511,104
s7j6P35K=y5noVQSZHN4BNGmCfVRZp6d.jpg,380,919,497,578,649.5,537.5,539,81
S7pCDj8d7cxOysrGb7NOYHS6RdOmtvD.jpg,415,905,454,530,660.0,492.0,490,76
s7PFjluZrpLzSe=nt2Nbjje8VnUxNBWk.jpg,514,793,446,501,653.5,473.5,279,55
s8wacBjwNZXbBenPvvNMD4REmYW449wk.jpg,389,848,424,493,618.5,458.5,459,69
s9eaLqysavxXnyGk1_1vfkNyUv9ta.jpg,347,866,449,525,606.5,487.0,519,76
S9q69gxW_cWqahl2mvDrC3w6LXi1PUwr.jpg,290,894,511,598,592.0,554.5,604,87
s9SdUtcbSgwmMvQJWNDCsys9iEOMD4.jpg,409,902,439,516,655.5,477.5,493,77
s9vuzo16PSpd9ghTpvf9_vSf67B9XuMH.jpg,310,866,466,550,588.0,508.0,556,84
s9y8IRpzNUly25=YfdkyrI5STqEq5_to.jpg,369,822,424,490,595.5,457.0,453,66
S=FBQ3VNxLmEP8peHIwQ4a12rMo9Shc.jpg,423,986,468,567,704.5,517.5,563,99
s=M3eoY1aV1ZwHOQTHJo5horldWKqWC.jpg,360,830,455,528,595.0,491.5,470,73
s=SJa4tL34qSR3CdhXS9j1I175UtwUq4.jpg,286,769,444,515,527.5,479.5,483,71
saDnqoHo289k26hbWD3tjIxfBqrJt9mE.jpg,405,817,421,485,611.0,453.0,412,64
SaEwDOVD_qfnrZrx3B4rmxY=YelgslN.jpg,357,908,469,549,632.5,509.0,551,80
safljnSiCJGkCLh1pUqkjTuYgUHPZT.jpg,240,801,471,548,520.5,509.5,561,77
SaX2stvJHwC2UrLTu3InwNoIXJWojz_f.jpg,414,817,412,473,615.5,442.5,403,61
sb65kEJH12KfOcqtB=TQPDun9eYfUD.jpg,374,871,466,542,622.5,504.0,497,76
sboU7Cn=wi6WOrLfc6LXwY2LEvU_pomj.jpg,393,891,477,555,642.0,516.0,498,78
SbQjOpiwo9fMB=MyrNoWY9Fa_h7DWny_.jpg,238,797,450,530,517.5,490.0,559,80
sbt=z4jFzj7nDL_k=i29Dj7MjlLCTaJy.jpg,399,850,413,490,624.5,451.5,451,77
sBUZXrvxS6dW=KBYg6KwhGX7Wxx_Llf.jpg,455,769,468,530,612.0,499.0,314,62
sbv9eTm2Ksjc2cqm2E5xbcJykTiqHF2u.jpg,371,826,435,500,598.5,467.5,455,65
SbvUxWLbehEC7CFn_KhH1ikX_awJBOR.jpg,394,817,417,480,605.5,448.5,423,63
sbX8NFJlKDFjeEeQMTjtsi6G5SB71V.jpg,463,912,462,530,687.5,496.0,449,68
SBxMCh=jmJkJaWsPuUnFOnPKLmeP2gCn.jpg,295,754,468,541,524.5,504.5,459,73
sbzYL7mHTYmslMwyWioGWI=gPVPelbF.jpg,360,825,445,515,592.5,480.0,465,70
sb_HvHbi=hSH5awXJCIhtCg4uVqUQ1.jpg,308,766,428,503,537.0,465.5,458,75
Sc6ihRDulVxKZrJ_IMDjTS_9KFo5hHLm.jpg,432,861,418,484,646.5,451.0,429,66
ScDjOGwpeCtuDfxcq=2bhN8r95moIhZv.jpg,406,851,431,502,628.5,466.5,445,71
ScHd=WI7S1NILR2WObZITCCqIhP_6Mt.jpg,280,741,457,531,510.5,494.0,461,74
sCiVRqBHTqlfrMezEkxqaShx=v1yP_.jpg,332,932,518,610,632.0,564.0,600,92
scRQiGrnFf5y6VsoV5_sX8LTxCtbNjJR.jpg,319,850,450,533,584.5,491.5,531,83
sCt5HPrMdy4Qa5k_InXf9gMFiMbhrwPS.jpg,453,797,488,551,625.0,519.5,344,63
sCWociB1sIckMtqKKcFH1uePpcov2gE.jpg,415,708,449,507,561.5,478.0,293,58
SCWoWv8jvjKcVfXv3CfffHHclYsc=78.jpg,381,943,471,559,662.0,515.0,562,88
SCx6r=kzv5ByO=BvpTid5ZxcsaVj9wZ.jpg,453,853,448,514,653.0,481.0,400,66
sdDJ=nWFhngVsh1ifFQtFaxtDTEk_yK.jpg,212,811,486,596,511.5,541.0,599,110
sDefbIpTP4Oa1o7SxchmmhQGolXxBmmh.jpg,445,1018,457,546,731.5,501.5,573,89
sDHHOXtgC8h4bKIXIopHpFIbS2LfZB2d.jpg,359,895,506,586,627.0,546.0,536,80
sdQvz8EMGd3d11zDeUcdsOt7FCQnEfe.jpg,399,824,428,495,611.5,461.5,425,67
seD45uJqcIWPuuyToaMbk5gBmes.jpg,403,888,434,521,645.5,477.5,485,87
sEQfw1zkVMjqqfCeMGjaNjuDYIvVVzXo.jpg,88,701,551,644,394.5,597.5,613,93
SE_Hg8cMN93yBOsZ5ZEvHg2NH8mU=4Go.jpg,315,763,422,491,539.0,456.5,448,69
Sf6EQeFaTgsGbBYpi_MNJ8xRd3Dd.jpg,433,860,457,521,646.5,489.0,427,64
SFKxZF4PriNunkpPjrDX49kdOBSa643o.jpg,350,778,427,493,564.0,460.0,428,66
sfMfS9u3Dxz_uTWKhx72oRqd7RWg7c.jpg,421,817,444,511,619.0,477.5,396,67
sftrueN9mIb2WFXNqnd4t=s_xE1nSxp_.jpg,483,910,425,505,696.5,465.0,427,80
sFvQkLJRbfJZfq1rvJYOufHxwdkIWaB.jpg,363,842,448,518,602.5,483.0,479,70
sFxDTShhsmsdKnupuhIscmJjP1pGVg.jpg,447,773,475,534,610.0,504.5,326,59
SFZUYXN6iRpm7ZhJv4HGoO7I6xUtQy.jpg,329,732,420,486,530.5,453.0,403,66
Sg8GhGnIzg5GcpbpojGdoCL2i7kgdgz.jpg,329,794,449,517,561.5,483.0,465,68
sGD_NNC7T4UtaQfiHvldVS3=9sw=uyz.jpg,413,897,427,501,655.0,464.0,484,74
sGhEy5yZqlH_f2JnCEOik9qC7ToJyJDq.jpg,294,844,450,533,569.0,491.5,550,83
SgV1wzCI9NHc6pHv5lz2e73DgSKc1iE.jpg,383,1050,509,605,716.5,557.0,667,96
sHJVjEN2xe53=F4x6d=NZndKEXIOCXh.jpg,400,877,473,549,638.5,511.0,477,76
sHLC85v4RwscRi4Ulp5BsSlCNNseTuKD.jpg,371,881,487,565,626.0,526.0,510,78
SicWNXS_ebQG7C2jbn7JTQk9eLovDm.jpg,300,808,476,560,554.0,518.0,508,84
SIm4=VJiQx4kNZxippxgT94XnGbn2jsO.jpg,536,977,429,496,756.5,462.5,441,67
SImMGoMlCjELnl721j8LMkDP4IodeTKk.jpg,400,821,417,480,610.5,448.5,421,63
siUwIsTByC=lZcCDzkQaU9Br8OI2tFUC.jpg,339,753,423,488,546.0,455.5,414,65
sJ8VucMo3BPqIxaOMe6vJonNGcytZ2_o.jpg,342,852,482,564,597.0,523.0,510,82
SjM7rQCIekNFgeZXbN5cslrdpiPEGm3F.jpg,437,888,432,500,662.5,466.0,451,68
SJnqj4p8HJ7CGXQbrivvHwW2LgcstWqS.jpg,404,736,471,533,570.0,502.0,332,62
Sjp2YpmHFsjZgqVOqR6irZyX55F5rEv.jpg,450,834,437,502,642.0,469.5,384,65
SJsmJmqLGtfGF7=spBvZZDyax5ZLGR7t.jpg,339,626,449,506,482.5,477.5,287,57
sJsu5fjTl=bjbshd=h5QabvYsniHyV2.jpg,430,732,426,486,581.0,456.0,302,60
sjsZKt3b2YMR4JRPNejJbN_MDWLVpNw.jpg,325,846,452,553,585.5,502.5,521,101
sjTvpSPl_3nWwnTvcFcCOjnKFZEDnma_.jpg,440,895,425,497,667.5,461.0,455,72
sKD756tOHDY8pG=_uzm2Jg1JGGKWgdL3.jpg,346,939,469,585,642.5,527.0,593,116
SkLnFr3iXu=JbEHt3WrRVddaNR44JcT.jpg,89,1045,587,720,567.0,653.5,956,133
skVhj6IsaE7Fr8WqBi9TN9h4v=qK4Pr.jpg,321,747,436,502,534.0,469.0,426,66
Sl3rI6TEsUu87=R81UwZI3xz4XspnGY.jpg,344,875,463,553,609.5,508.0,531,90
SL7zLXbZu2auVb2Xe9zyldJjPuXviNh.jpg,377,838,432,525,607.5,478.5,461,93
SL=aIvFagHVTgPbZt=QEax5aBNsmgd.jpg,341,859,486,559,600.0,522.5,518,73
sLEy8RFosi2Om_5u=BwWjS6yU5HJii.jpg,240,921,484,579,580.5,531.5,681,95
SLFTQx6lTajuLn7KdYUnvFkNyu3d5OG=.jpg,300,867,499,579,583.5,539.0,567,80
sLGugP8IZhltPJUU_892BzqDmJ5GoF.jpg,365,817,432,503,591.0,467.5,452,71
SLM=6tq8=hVr5fcylReS79tzcBL8yPP6.jpg,276,832,513,593,554.0,553.0,556,80
SlmgbBZZV5ZTihnXEEhCYXhU1ozfPZ3Y.jpg,530,843,433,499,686.5,466.0,313,66
SLNOxMHCB4Br3IzIxieaaQV7dki6n8N2.jpg,431,870,452,515,650.5,483.5,439,63
slWneX9DCTzQK=8Bu12Rh5DiN56Dj_S.jpg,465,794,452,516,629.5,484.0,329,64
SlW_pWj9JOceoL=EClC6W7aMjI9JG9.jpg,407,1041,536,627,724.0,581.5,634,91
slYcT=1htBxEh9niOxDJcChepdDqgDE.jpg,222,795,480,559,508.5,519.5,573,79
sLyYf3otJv9y947dmFOmxpMJuJf9FMCv.jpg,447,880,461,527,663.5,494.0,433,66
SMCUJ1r3hex=jnIi9djVoaDW3MWzhCqJ.jpg,343,920,478,560,631.5,519.0,577,82
sMEXRtXGf_NPYyi4q3SuItE22k9ahvXt.jpg,387,960,469,557,673.5,513.0,573,88
SMhdJ8s5q44aGzEU3FyV5wNwZ=wYP3.jpg,241,791,467,546,516.0,506.5,550,79
sMjEEs_BmmHGzId1zrpe62pIKRy6vOS.jpg,405,677,425,478,541.0,451.5,272,53
SMLcOsxOT=EyUq47=xbwMhSyzJHkHUh.jpg,374,837,436,508,605.5,472.0,463,72
sMmXzirdslYGgHDeS9LD37wD2kthlOYw.jpg,452,877,448,517,664.5,482.5,425,69
smQWdxxXWTNWLJZgRJxkTyF93N2xRax.jpg,424,833,446,513,628.5,479.5,409,67
smQzIcd8UIFafBlIUh7ENchYCmX6P.jpg,361,849,436,512,605.0,474.0,488,76
SmtvBx42vlPHso1SOc5X_gefxDxxVYV.jpg,403,812,414,477,607.5,445.5,409,63
sMw6QMPYyoN4Qjb2GHpJ6GcGUVO6zO.jpg,313,756,424,490,534.5,457.0,443,66
sMxCFyPMyqBOfvtRXC9b5EQYUNtO9xt.jpg,317,873,462,547,595.0,504.5,556,85
sMYPl=y9nmTzPDM6KZeSMU9C466ZPcy.jpg,367,938,484,568,652.5,526.0,571,84
sm_qH5b1rzYXKLe9xvFMIVXa94mt1h6.jpg,417,885,446,514,651.0,480.0,468,68
SnH3ZtIoYGiqdc8UDOZGXHuJXSrlsbyp.jpg,381,920,482,562,650.5,522.0,539,80
SNP91ik26ZE1PbdvssGBj3JsDNccJv.jpg,331,676,442,507,503.5,474.5,345,65
sO1E6z3jjXcIf4ky4s1M6Mjq_x9zDX.jpg,430,891,472,543,660.5,507.5,461,71
soIfryPtFnKbe_hK2e45kPZgPPb9W_.jpg,315,885,474,558,600.0,516.0,570,84
SOixZ2vwFDiT8b=MenEYRi3jSlj2C_.jpg,464,804,464,524,634.0,494.0,340,60
solgYEnPLQMgkzx_nkfqTiOWl4ZvxS3.jpg,366,810,423,499,588.0,461.0,444,76
SPpx1XTSsFaxlBlfqViuwhVhFCe9zkn.jpg,341,819,451,520,580.0,485.5,478,69
SPybIdKSPece6tXlMm26pZHiVGC6bec6.jpg,362,906,512,590,634.0,551.0,544,78
SP_TEEZvTG6rRwi9LyIsUpRnEd3ZcR.jpg,445,869,422,489,657.0,455.5,424,67
sQ424QPHIwfGNqYumxI83fVdnLZ.jpg,431,869,430,498,650.0,464.0,438,68
SQ7wvX=uWUscDeKBcar6mN7apXqlMWpX.jpg,189,800,490,583,494.5,536.5,611,93
Sqdl1h8fpK3nUN5NZqRHYqQ7ZggzPXS.jpg,220,819,481,579,519.5,530.0,599,98
SQfWSPkaKwDsraPSgf6UDnGBl_zdVjo.jpg,373,819,430,501,596.0,465.5,446,71
sqnHpkW5ua_1V9ytS6Nl7wZ_Yz3lG4U.jpg,543,824,446,503,683.5,474.5,281,57
sqsRTCIbFHKlXXCMGSBX6kPy7vd1HY.jpg,333,742,420,485,537.5,452.5,409,65
sQzdae5fKO3noMjWWwFNWHoLxYPXQHsG.jpg,379,932,496,578,655.5,537.0,553,82
SR41pgQqromi78uQ7TE4W4BfUmbCaF.jpg,411,785,509,578,598.0,543.5,374,69
sR9a2rE8QjlXKfhvzFRmwpuo7bCSvwj.jpg,468,885,424,493,676.5,458.5,417,69
sRe8a3OlLZxY1jf_364Mvhrl5RHdLkS.jpg,473,1054,476,563,763.5,519.5,581,87
SrEHk=PhBxDNSutIEePYoTapourkX43N.jpg,392,883,452,524,637.5,488.0,491,72
srh2amjx4Qena6DnYEeUEl3TiKO3Rhhs.jpg,279,903,487,596,591.0,541.5,624,109
sRiHS3OeMrza_alUPlriunmHHMY8lzH2.jpg,458,774,473,533,616.0,503.0,316,60
srjits8aaWhelhv8iyieVrkEsaOqYWqr.jpg,438,880,430,497,659.0,463.5,442,67
SRlo8FDsZ4557HpY6EcavIg6dy5c.jpg,380,852,431,499,616.0,465.0,472,68
sruXefpGa5Rfa7USpylyxew9Bh6qY_=8.jpg,471,822,477,542,646.5,509.5,351,65
SRWhDUZ_pk25Uww=PoqvMm6TsmlV5o.jpg,446,882,426,496,664.0,461.0,436,70
ss1RYBlX8YOMieEVFcyWFVpJMa9rOcTQ.jpg,344,773,419,484,558.5,451.5,429,65
SsN2WEHjbyD9_sjiGlugn1hH22qJ8vh.jpg,427,901,441,514,664.0,477.5,474,73
SsTxIGvsvaq9H4LGnVqBfuo_PO=BkHiC.jpg,409,896,480,554,652.5,517.0,487,74
sSvC8SHEnciRJNq8tcpBlcVr3mHIoT.jpg,530,1061,484,575,795.5,529.5,531,91
SSWS=kIULjMGMekWJQNrbflGkfuwPbB.jpg,310,877,472,551,593.5,511.5,567,79
ss_uFhwluQnQSuWhFQpCEpIRILG_wsKg.jpg,417,741,427,491,579.0,459.0,324,64
ST457uPQC61hPveZuYB7RelbQ5wLYq29.jpg,450,736,443,501,593.0,472.0,286,58
sT6Fg5r5FQTsv2MHl1HYtUQ4_6Y_VpYl.jpg,320,943,481,580,631.5,530.5,623,99
sTaxsGf3tGfaWdZn7KzK291ehZS6dTs.jpg,434,908,437,514,671.0,475.5,474,77
STmu68Hlb5L8TQ7XSt_mO92aEDZ7SfY.jpg,256,801,500,580,528.5,540.0,545,80
SToIwUIIabiQIrFemKCGri5mYHx61lKR.jpg,302,812,451,532,557.0,491.5,510,81
sucY3YFcWhD_RrtKe5LdMjUI=8nQc.jpg,471,850,502,577,660.5,539.5,379,75
SUmMZltdJQmxmEBksh2i2Lp_ohobbUk.jpg,377,854,433,504,615.5,468.5,477,71
SUsoKo6sQiaWaqo1Oi2hdL_knlrQ=.jpg,461,996,457,538,728.5,497.5,535,81
SUVyp8jnzn5nUR6YRBVM2a7rNUTrWQPw.jpg,336,859,450,528,597.5,489.0,523,78
sVcaVIlOM9GqPM5HEL4Fnkyh2USDHQ_.jpg,455,769,446,504,612.0,475.0,314,58
SVdzOLK92HlQVy6n7at5eVqZOB2tg6nT.jpg,293,783,432,510,538.0,471.0,490,78
svivG8oyHGkO32oVPVG7YC_pW_N1tTf.jpg,303,780,453,523,541.5,488.0,477,70
SvIwyxg_Nxkvc3vhZykM9xjZzcvLXWL.jpg,461,915,463,534,688.0,498.5,454,71
SVM=y3i4xEDHC1PnekU9B4mCcf5wyh8J.jpg,290,884,468,554,587.0,511.0,594,86
sVoEDtzL9WOUGDYIhwYV8D16eBXu8p6y.jpg,404,913,456,533,658.5,494.5,509,77
SvXWoZ=s9ov8BIE2qj29nuX_sC_9=r.jpg,376,838,446,515,607.0,480.5,462,69
sW9VpciuXpcZWEj1kV_24v2aUO8dLvD.jpg,405,835,421,491,620.0,456.0,430,70
SwaDSRJwM9wg5Evv4uaYHenSBR7iT.jpg,409,973,467,557,691.0,512.0,564,90
swaYORBYjVrNKtQsm=eYwqSzutoGDm.jpg,239,794,471,557,516.5,514.0,555,86
SwDU1c=3LtTXe6TjuIPFDjVlwuFvoWmC.jpg,462,968,482,559,715.0,520.5,506,77
sWq7Q4Xg8RXtsYbjRCz5bf6PsIbVdp.jpg,344,678,434,495,511.0,464.5,334,61
sWu4_jqWCjphOidqsPaGYgOkF6yOa5.jpg,347,831,464,537,589.0,500.5,484,73
swWnBLMl33OtQYCK4zofKBHIk5PRn1w.jpg,337,775,426,497,556.0,461.5,438,71
Sx8M8YW=Tm74l8uNcoLNzUCH8yYVHKO.jpg,422,870,452,517,646.0,484.5,448,65
sxaMQufLvYijvrmMV1abSShDCu1Ocs.jpg,459,793,428,495,626.0,461.5,334,67
Sxaqz9eCLqvJt5eicc8hpIf7ERqGTmYm.jpg,369,890,438,543,629.5,490.5,521,105
SXbZcbectP9F57POwLRGNyXjj3ltGNET.jpg,379,822,435,504,600.5,469.5,443,69
SXLkDO3bftpnr1FzasfMpMfr_mvXCO.jpg,367,842,436,508,604.5,472.0,475,72
SXosH2RPRdYaKU1ex5eRm7nK=wFSahW.jpg,390,901,458,543,645.5,500.5,511,85
sxqXGY4H55kI_bEu3PhOnCYxcWkwfH.jpg,232,863,514,611,547.5,562.5,631,97
sxw6ZvixPxwKWUK6khB9WVUzSz8e7vzr.jpg,461,875,422,488,668.0,455.0,414,66
Sy1GzQc8NXwgLuYytpBfsD_UzOpFOBt.jpg,428,713,447,503,570.5,475.0,285,56
Sy8WpVnyic6Dx3w6xHOWVN=Zquza_i.jpg,431,916,443,524,673.5,483.5,485,81
Sy9clR=4efGbhcJsJl76v18wNmtDyBB.jpg,355,673,446,506,514.0,476.0,318,60
syKrmIt6YvS3Els4oj1MoSw9ZUQD=tds.jpg,479,826,492,557,652.5,524.5,347,65
Sys=M75=mHtIacrupbdvbRKSlSznplg.jpg,438,966,508,585,702.0,546.5,528,77
sYTp_d_ojYBd9E8jKb21HO8MfNadbTp.jpg,269,785,479,565,527.0,522.0,516,86
SytU=Vm43MIcE8Wo31RpO5x6=by4iK.jpg,333,863,464,539,598.0,501.5,530,75
SYv73tYYcee3wTSBkyCIRndFnT2e7g5H.jpg,326,771,423,488,548.5,455.5,445,65
SZHFCWb75Rdo8Mge1YIkCa4nlqOV9v8.jpg,382,903,459,535,642.5,497.0,521,76
szpSjxMe4cwSi1IZnITGe7zBIGyvEPk.jpg,363,827,426,494,595.0,460.0,464,68
szR5s_X9sh8bitDR8SDprxmIqSrxIs.jpg,438,858,453,520,648.0,486.5,420,67
S_F1Rt4D1iu3l5bT4LI2yqHXqvCfNb.jpg,486,818,474,539,652.0,506.5,332,65
s_iVV41aU6nmMmOphVN1BdNQog5MXJ.jpg,454,757,427,489,605.5,458.0,303,62
S_RuXbjx6Uyh3RJbMmsQnjveJZXy8uy.jpg,423,841,423,492,632.0,457.5,418,69
t19kRgzeV79b=QZ9c5CvFKHRcheyrxN.jpg,439,910,438,510,674.5,474.0,471,72
t1M4wDhTOCGq_jaQzUUeMZP6bwCuv43h.jpg,404,895,445,519,649.5,482.0,491,74
T23HUZqf7v5MNNqWdNj6yypSC5FDlmfb.jpg,373,811,455,523,592.0,489.0,438,68
t25InttT26Nd5izsdOqTa9zmazeYlNj.jpg,396,855,421,493,625.5,457.0,459,72
T283Y2Ee5LDeBOZJIZVMRDsahxU_IH.jpg,338,737,418,485,537.5,451.5,399,67
T2aVc5hRzN5lm=UjgFdpgpm8RIlm88kr.jpg,252,780,457,538,516.0,497.5,528,81
t3F5_RenatcIsFZf96kZbOImDk=pe2v.jpg,344,862,454,529,603.0,491.5,518,75
t3MNNhgT2mnSrypOQ=11wReHMs1=lBt.jpg,444,852,409,472,648.0,440.5,408,63
t3qgLGRiXaBmSvqQI8imqE5NJ5WfZ3d.jpg,325,766,422,489,545.5,455.5,441,67
T3x2DvzLgoJRiHjaUZaS==TD6Il7TrR.jpg,447,772,431,496,609.5,463.5,325,65
T4BB1mKVDQy8xKwX=7Uw4y1T9Pi4h.jpg,339,882,470,558,610.5,514.0,543,88
T4Ch5cpEPdV3hecIu7Xe1dIm9CHNhaUS.jpg,422,837,422,494,629.5,458.0,415,72
t4fstq81v6DCHp8PXaoXiELVYpvq45c.jpg,431,881,430,511,656.0,470.5,450,81
T4GPhGWVn7fUsaOEUCFenvjGj7Zyoa.jpg,365,657,420,478,511.0,449.0,292,58
t5itE1fINRmcpCKns_FdNHqqJuG8iLnN.jpg,338,869,463,539,603.5,501.0,531,76
T5lZ2dGPOugTxpPhhCntxyxHj5WZfyaa.jpg,462,803,483,547,632.5,515.0,341,64
T6F5gKlljTz_gRPZ9jXBsMxPfqXgdR.jpg,325,887,476,556,606.0,516.0,562,80
T6hNpHXkrwR_T1yTbSx=4_=NjhwR1YE.jpg,406,896,432,507,651.0,469.5,490,75
T6jyNZzz3GfgtqjWHoxwald6F42L1wO.jpg,331,851,469,551,591.0,510.0,520,82
T6p28iJT6gRqn_cGyxDeWxCcwI9MOMkf.jpg,347,760,419,486,553.5,452.5,413,67
T6_EOJK_9Zp2Ts3w8bTT=2Rj4=e7=Mba.jpg,295,847,467,549,571.0,508.0,552,82
T7D4CzWjYwMMgcJRZmJlPj1j2aedY2bh.jpg,452,916,467,544,684.0,505.5,464,77
t7egUtEJazL8Pr1hS_Vpu1R=M9LI4MvG.jpg,416,702,434,488,559.0,461.0,286,54
t7ogQDVU57CQnnP76hdTaltCP9UmSw.jpg,446,779,476,540,612.5,508.0,333,64
t7Y5766MWDR=66M4n3EJzYo59dEqMRWk.jpg,404,827,423,490,615.5,456.5,423,67
t811veflpTYbK_eLHnlH8iTy712UK9hW.jpg,423,817,414,479,620.0,446.5,394,65
t8bYf4mTHFTU7uxKOppWUk6msKbMCl_.jpg,434,709,417,473,571.5,445.0,275,56
T8cjK1q4viyE9DopnEjcZ7t1Dyjb7W7.jpg,391,931,494,578,661.0,536.0,540,84
T8JlXSY4cfcC=tL=iH74LFc37uljBui.jpg,374,861,490,563,617.5,526.5,487,73
t8x4PSw7GgphiYVRyRXYZqz4gvvhMq.jpg,355,901,466,569,628.0,517.5,546,103
T9jbn=1WXWBnIKyzQKCIHoUUpn2Ima.jpg,437,858,453,519,647.5,486.0,421,66
T9O9vJ3qJSkNYIh59DvloI5_=3aHq6H.jpg,458,974,489,571,716.0,530.0,516,82
T=DQQWtj5BWrB2EEDDV18Ggyir=nTGg.jpg,318,627,466,525,472.5,495.5,309,59
t=kEC8zu19FVUyoOZDquU4F4M3apvbF.jpg,465,801,466,530,633.0,498.0,336,64
T=Sf=cmFKHJJe9rurIcIftNdwrHow.jpg,395,806,414,479,600.5,446.5,411,65
T=U25SE95lU9wO1h5JJxX2yNUI19bHaI.jpg,531,820,453,510,675.5,481.5,289,57
t=Uy1dhvdoZuwkL3XTlKSqQEj9z=LfC.jpg,343,766,417,479,554.5,448.0,423,62
T=VE_W2YxB5G68LD9ZM=PVRq7p9uKf.jpg,228,875,502,601,551.5,551.5,647,99
T=XdPsi5X4FfxEi1qRNZb7aVeamyhSDs.jpg,273,839,510,587,556.0,548.5,566,77
TakYdndHE=JzsePWO6wSai4QR9KQgRd.jpg,393,885,432,508,639.0,470.0,492,76
Taxc6YQJQGvRwSJTe1KHt9qlw2yVgz.jpg,279,869,487,578,574.0,532.5,590,91
tazWh1bhkGSMneJBoIgvvf=QXr7BFa6D.jpg,256,784,458,562,520.0,510.0,528,104
tB1av6nYEQamgwoFe8zDv2s5JyoaYQZ.jpg,472,897,419,489,684.5,454.0,425,70
tB1N3aSqdb3aN6EwShxYLl5xF2FUOf_.jpg,436,841,414,490,638.5,452.0,405,76
tb22d6P59QTDG4Ig7tUvGkizXj6lOG.jpg,302,892,486,570,597.0,528.0,590,84
TB4lj=57dWku2nC1Kta8RihzYOmf64t.jpg,342,879,466,542,610.5,504.0,537,76
tbeg7lhmPjThiu3guOeE9RKKR2g=3zw.jpg,421,874,463,538,647.5,500.5,453,75
tBqbm3Mm4_IRfiCv=LkNCHNXU=Cp3r.jpg,517,950,445,518,733.5,481.5,433,73
tBZRHpbtMfSFV=lJ8gW7_ZWmbLGeCQFK.jpg,382,816,417,480,599.0,448.5,434,63
tc1Gt_7Tai1TCKFjDSIKGjJoawyDaj.jpg,367,824,463,535,595.5,499.0,457,72
Tc1x5L=wU9vRzprBXn76tByxs6=O9bk3.jpg,371,677,451,508,524.0,479.5,306,57
TC8sx8j7k5bRGot2jL=csmg4NJuludPq.jpg,465,774,460,517,619.5,488.5,309,57
tCa6WohcoM6TQp2dPaUFET2EWuzOpwC.jpg,213,1125,591,728,669.0,659.5,912,137
tcBLHCpz5IvPqTtqjugZOv3aqDKfy8Pk.jpg,412,863,432,503,637.5,467.5,451,71
tcuYBBvQocSHnDXjHu6gOrUUDG5gVTSu.jpg,322,744,453,521,533.0,487.0,422,68
tcYbTJ=pMaL4PThBtJ9rGBYnTsWhO1Ct.jpg,371,954,468,559,662.5,513.5,583,91
Td9M9Uywm13FR7triofPHloJjeQaL5CZ.jpg,407,869,433,506,638.0,469.5,462,73
TdC=bRb=roYdOVH2HQEeodTYK1QkHqmk.jpg,465,779,444,502,622.0,473.0,314,58
tdHWRRdVa266RHB=PQ2fbxUe77lNC8.jpg,425,848,419,486,636.5,452.5,423,67
TDMY16LtSryTy_yO1y_wcUHdhkni1o.jpg,399,797,416,477,598.0,446.5,398,61
TDxdIkmnvQST8qceRWkz_EQ6powItZ7.jpg,396,837,433,499,616.5,466.0,441,66
tDz_ZljGvD5XCwL9dHzCQyltFNxJaPbM.jpg,360,823,428,496,591.5,462.0,463,68
teB3vOWsoxYX_2Hld7=NirIC8EJrijhN.jpg,386,922,474,552,654.0,513.0,536,78
TEVsRNjXabpeh6GKXokJGibn7qiVzI19.jpg,360,848,451,525,604.0,488.0,488,74
tf2Mzrg2LpoLxthdwX=bVl1wPYTaJ9V.jpg,325,880,473,551,602.5,512.0,555,78
tF6Sz92lko91XjnnjdZJF18eIvryJ.jpg,410,879,438,512,644.5,475.0,469,74
tf6ucSBeumFIDDWHcSYa3Wn_Tdd_oT.jpg,410,992,468,559,701.0,513.5,582,91
TFfT9=fNBjJyZU6LeQobsH6F=1Vr2rZ.jpg,428,844,453,515,636.0,484.0,416,62
tFqbqtCXkZ7gVL=qyTHsWMVKpaLvEQw.jpg,354,815,467,542,584.5,504.5,461,75
TFqTCmiUTzVCmL4mGQZhkiBgKU4LCqMe.jpg,297,770,422,518,533.5,470.0,473,96
TfrDF8eomEHS3cMrG81bhWxbBJZe=jU.jpg,408,780,497,562,594.0,529.5,372,65
tFYTwbX1aCNfCU_35cxIqgxdsK3nuQUL.jpg,447,884,418,490,665.5,454.0,437,72
tfzFVV9LqGULGvTMafEMX3ZEvdWcT3.jpg,385,830,433,500,607.5,466.5,445,67
tG5NexzXo86_fch55DOWS788WoamyKKz.jpg,214,805,486,569,509.5,527.5,591,83
tG68cvRLN9QdIyTBegBqWWhxSwfSjCMh.jpg,355,819,471,543,587.0,507.0,464,72
TG9e2789Bv5J3NQUgOFjTvlaFplXGhO4.jpg,405,964,468,550,684.5,509.0,559,82
TgEOOZu9Kvi1xcjSDWNHyJG8pmIspRw.jpg,375,893,445,526,634.0,485.5,518,81
tGowEG63esEvx2H4HJpyQ1YB7vgq=Hpo.jpg,339,769,460,527,554.0,493.5,430,67
tgVfyUU7BwsxDCG6l4WMmkNg_VTrCBsz.jpg,403,820,414,476,611.5,445.0,417,62
tGZOGkcKFWzwkGGD1oUd_xduNaEg22NY.jpg,419,824,411,474,621.5,442.5,405,63
tG_xSIbL5OZUNpcZjL_fNPEmnOXpGD6.jpg,343,737,417,479,540.0,448.0,394,62
TH6jDn7eJJeHCHx9Wcptx2mp7oo7fs.jpg,411,794,482,554,602.5,518.0,383,72
tH=LLnb9daMbVusEjXCfsyRg6kcTCwu.jpg,314,893,483,571,603.5,527.0,579,88
ThgH7gLNHvn=ylFfleKGik98icUoRr.jpg,375,945,514,595,660.0,554.5,570,81
tHlGH45ONiUE34DZHIk3c89SLUVlmGS.jpg,423,839,431,495,631.0,463.0,416,64
tHm894aWc1YNGK8DwPpGBTmWuUuO2UP.jpg,411,749,482,545,580.0,513.5,338,63
ThMW2pUQsvBVFRqIKSqSUdjWSRte8rL.jpg,470,737,439,491,603.5,465.0,267,52
ThPF1QCiy7VJQ62Y79o6jcEWCrmRZnp.jpg,340,746,418,483,543.0,450.5,406,65
tHtVC6WQa=mhj_GI6_JkKy2_NiNh_kH.jpg,378,820,429,493,599.0,461.0,442,64
tI23Na14KhSVsxNnCNHZPdjb_hZ9cRWx.jpg,339,779,420,486,559.0,453.0,440,66
tiB7FI4VQ_2zhbnkPbksB_c2a3CRFYr.jpg,449,909,461,531,679.0,496.0,460,70
tiEwNoo4_dFfO74pbNvxekf7DSsOdcz.jpg,488,813,475,535,650.5,505.0,325,60
tifjcIKqt89y2199bvY=phHoaJxv2Z.jpg,381,915,473,549,648.0,511.0,534,76
tipIID8E8KVPWk4krNfmG66v=u23Q5Ph.jpg,327,852,441,519,589.5,480.0,525,78
tiuocpya6p8PLvZX1PHlnCSNviHOK_m.jpg,378,877,455,526,627.5,490.5,499,71
TJ8BbCq3wPOTzMFHVhqSKwkDN9atIjt.jpg,452,895,433,508,673.5,470.5,443,75
TjIoQ7qFxBoNrfhKi_HrahWUDWV48GPy.jpg,406,836,427,495,621.0,461.0,430,68
tJq_eD6YFP62rQ=m3C5rP=viVI2juvZ.jpg,535,887,459,524,711.0,491.5,352,65
tjTmfumY_GQkl68VLXIWFnjq6aT4_w.jpg,365,891,491,571,628.0,531.0,526,80
TkcGSVxNiGQhW_e5FlKUsnU72=Wn8RK.jpg,337,742,418,482,539.5,450.0,405,64
tkEOfY3hv6BJotZaySayQEzdXZruHq.jpg,441,885,428,503,663.0,465.5,444,75
tkhv5mjJ7FJHv8W1Phl3qrk=JGowxQ.jpg,445,874,416,480,659.5,448.0,429,64
Tkj5JhZN1fFOvdwY152PHYTdCsVkRWO.jpg,372,896,493,571,634.0,532.0,524,78
tkJ_YfGdQ7pHiSEgSscBC2aVY658CT.jpg,311,749,421,487,530.0,454.0,438,66
tKOxVHltx1hEKopUIwi62IQVzyB_ouJm.jpg,461,866,444,513,663.5,478.5,405,69
tKRhbbdkIcjX2nj5fjblPLO3Bmlcfzb.jpg,408,836,420,499,622.0,459.5,428,79
tKSRTzs=JDHCyPN7NXLPrVj5hDPuFOd.jpg,309,747,427,496,528.0,461.5,438,69
TL9gbjOVb2O3dz5Clf_ldb1IDji6B.jpg,309,746,429,496,527.5,462.5,437,67
tLegck3pTZ5EdyitFTQl6TZiRv2EDRPh.jpg,488,765,448,499,626.5,473.5,277,51
TlFFfRuwWnjywtxxH4nWkGi6tO4jK6YK.jpg,326,863,464,545,594.5,504.5,537,81
TlIFO_ED14rD2lCMJP87vR1Xr_=jp1C.jpg,445,876,428,500,660.5,464.0,431,72
TLRh=EtDUfVWPJvG4YvyVLnKK7c1lcm.jpg,420,878,465,538,649.0,501.5,458,73
TLWHhneD2Ftjx=DJr5hjsnR1DfMctb.jpg,406,953,470,577,679.5,523.5,547,107
TlZO1aFiyyCkQua1L5nTdYDvkE1ecGyG.jpg,407,853,419,487,630.0,453.0,446,68
TlzviEJrnroa5WLdVdQfCHWDCatQ.jpg,347,759,421,484,553.0,452.5,412,63
Tml=YY7cLO7TMoRVEy64Rqbfm3Zrg=.jpg,422,924,447,524,673.0,485.5,502,77
TmRNuctFDxcxk2dTeT7pjblTUm9VTa.jpg,391,846,434,504,618.5,469.0,455,70
tmy9PesvYbXgk4v4wuOHYmxfJoISPTo.jpg,415,915,486,563,665.0,524.5,500,77
tMzKTEjKCT8MXqwKFDz87NbaEKt2w.jpg,433,868,459,531,650.5,495.0,435,72
TM_tRkbU4PePHUQQ37x_apNd5E7s.jpg,346,980,493,589,663.0,541.0,634,96
tN65w_ByhiMHNYyWU7wSUT1HTgN7SGh7.jpg,506,1089,502,595,797.5,548.5,583,93
tN7DxWRYbYTZ62n_OQfg91YVuut6cw=.jpg,434,856,453,517,645.0,485.0,422,64
Tnl3d43559u5kX=9OQsOu8LpSiYxMMOs.jpg,368,662,423,480,515.0,451.5,294,57
tNNP7=3FY3QLfz7B32rfCmm3kUK3jT.jpg,400,819,421,500,609.5,460.5,419,79
TNORCgpTHIfQ8NzJG5t6fS5GwsUZ8hm6.jpg,388,827,445,508,607.5,476.5,439,63
tO6C6aWHfCH=wacF6jukoUYFZFGQ9rSi.jpg,428,862,417,484,645.0,450.5,434,67
To7VGM3gj7zdsxfpIB=teYldmQvEv5qK.jpg,474,899,452,518,686.5,485.0,425,66
TOEfC9r_cqibJii3umZEGWosgdWhYDYi.jpg,395,730,472,534,562.5,503.0,335,62
toMh9zG4_muydPPgxYKXw6q4j7QIbYJK.jpg,445,849,419,489,647.0,454.0,404,70
TORPoQp_wMwwF71mTiIF7NH=_F1oZsP.jpg,314,737,437,505,525.5,471.0,423,68
TottevLTQwBFDvBTGFmwexvjOFiz3tPS.jpg,395,872,470,545,633.5,507.5,477,75
TpBw_mHcomOkGaiCTeJTp=kB3SSmYc.jpg,252,824,483,567,538.0,525.0,572,84
TPF6ZEq_kJ1VuGbbiwVnQoqXlHxOXM1.jpg,440,817,501,572,628.5,536.5,377,71
tpJboc_y3EWOy=NE9bZpybYm5CaVgjGN.jpg,428,893,463,536,660.5,499.5,465,73
TpN=ILdtzC=gU2R1D_cO46qNG4VrhZh.jpg,378,679,430,489,528.5,459.5,301,59
TPvZWXuX5gCRdCLF4fxHrMx8gk554pOw.jpg,460,946,489,568,703.0,528.5,486,79
tpXEGHHLxVD_guj5wB_W7vEVgNhkO.jpg,444,975,455,538,709.5,496.5,531,83
tQCW5aDft8KM=jyF2rdWmV52zkQMJKjG.jpg,311,875,467,546,593.0,506.5,564,79
tqF1PofLrSbR=dxdBEOok2WjUWky4XFZ.jpg,395,853,439,507,624.0,473.0,458,68
TqFeI_OrV7avod87aoXwFaeVCQjaQHa.jpg,444,746,454,514,595.0,484.0,302,60
tQp7KFWfRy3wKoQKMXNK4OXP8aEDVYyH.jpg,451,965,449,546,708.0,497.5,514,97
tR=WHnVpGhMXH=jKcKopZpxlXPdjh.jpg,444,749,440,499,596.5,469.5,305,59
trD6pUba1hcFYH2tQ6tc_PtRcgCTiOX.jpg,491,877,432,497,684.0,464.5,386,65
TrGsqnIJ5xzbaijvvJEr2Uu=ihM4Cz.jpg,345,833,447,520,589.0,483.5,488,73
trJ=dHzC2ohNrhOI4m7vwSDzkMzeucfU.jpg,262,945,511,616,603.5,563.5,683,105
TrLOqrkk_gEp4cWuxcmhlbhHQuFqi_Q.jpg,416,829,446,514,622.5,480.0,413,68
TrzVQxInIpb_xGGXkxXHmdqzatBiWszN.jpg,435,931,430,517,683.0,473.5,496,87
Ts3JqCGytqStkmbD9f=BelyyQ2fz1KxS.jpg,393,825,430,492,609.0,461.0,432,62
TS5nXlZs4XPGzdrM=1npDZ4fi4rac.jpg,314,757,433,503,535.5,468.0,443,70
tSaZ2t175iJngGTveaJcEcvk=kKW_Ly.jpg,419,705,450,507,562.0,478.5,286,57
TSdb4W5ZnFqHd5cFuyZsm5_IBhqyVbGI.jpg,447,913,436,508,680.0,472.0,466,72
TSiYyZ4eEVdi2VPjX25nN4XeejGqzsB.jpg,393,803,421,484,598.0,452.5,410,63
tSq=HVxUXN5YkgkT2QFGCRpKrPLfjY2.jpg,484,758,424,476,621.0,450.0,274,52
tSsenl_8kS_IL7SnvvMJDSyPnBmLFqZ.jpg,426,957,456,533,691.5,494.5,531,77
TT1ijsTRTkYLXjauXdenyKN7Sz_WmR4.jpg,492,915,422,495,703.5,458.5,423,73
tt3IzoTn=zpEel3tPnTYY_7mYHlE=EnR.jpg,393,675,429,482,534.0,455.5,282,53
Tt=_GzXnw6IJj=5jxUoqHoHzPRaKnG6U.jpg,449,858,422,486,653.5,454.0,409,64
tTBWi2Y6YmgXb5GOPqv5q_F2kPdRVl.jpg,285,890,462,550,587.5,506.0,605,88
tTBxc3w7Lkmz_gL6HkYb7Fa2QKc7de.jpg,446,874,452,514,660.0,483.0,428,62
tTJ7TdvOOjKL_RsPQ6vZCRZKWbeSXf2v.jpg,347,715,447,515,531.0,481.0,368,68
tTqzI2N_vousW417l6W35TdKU_eyGxIE.jpg,347,908,471,552,627.5,511.5,561,81
tttoueYpXm76f2CNVK8rULIRzezz6Q.jpg,79,739,540,636,409.0,588.0,660,96
TtW7dPuuX2NrNP6D38w2GIhGDfc_Kd7u.jpg,397,902,478,553,649.5,515.5,505,75
tUcbcJamkhy7adOnJW6FljHOcjOrej.jpg,310,875,474,556,592.5,515.0,565,82
tUGZ7f44phiYKHmd3S_zn882Tf3Qikw.jpg,425,856,416,480,640.5,448.0,431,64
TUqLBd7iqEHZJOSFgdOw6BXO_DsYp_V.jpg,430,872,419,487,651.0,453.0,442,68
tuQmefLr_H_2zd6pHKFJsDdkSnxqIiqI.jpg,449,710,417,470,579.5,443.5,261,53
tUtnwkEgQbYa6NlJq5c4KMI3lj3aCS.jpg,374,667,457,512,520.5,484.5,293,55
TuyCItj66X5IctsShZSx2tn2FFEcCYbT.jpg,244,929,526,622,586.5,574.0,685,96
tv2r2_GkzlSwtkCIjj73SccHNPlE6yXc.jpg,408,880,470,544,644.0,507.0,472,74
tV5TyIlHt8loMJOJVFtDUa6Nx4DKcn.jpg,466,782,471,530,624.0,500.5,316,59
Tv6VY4oaQD1TZJf47LvCaepZwkDxX12.jpg,354,792,423,488,573.0,455.5,438,65
TV9cgPuLzoLCY=r48dV_48QWTs8fzT.jpg,442,877,428,494,659.5,461.0,435,66
Tvgxj92YfE9vCN93CTYnTOMM51ql5K.jpg,380,1016,489,607,698.0,548.0,636,118
tVkZslSsWKd4_8PQLkWBQ4iek6c=dX2c.jpg,294,864,506,597,579.0,551.5,570,91
TVN2DXw6rIOpRl6ZBBQlb1vH4vW3Xdy.jpg,315,738,425,494,526.5,459.5,423,69
tW4sbMDBFmnOY4fXn9eBjFeCeHWQMpbP.jpg,407,843,422,486,625.0,454.0,436,64
tWejtW8komtbYendVZNyhIiBPEQcXF.jpg,428,836,418,479,632.0,448.5,408,61
Twh3pod8=v7DYMxizqzoFo8W4n67Bs.jpg,316,816,437,514,566.0,475.5,500,77
TWLdmNZB=Nz_qPKrtbGhGMjObxqxM_.jpg,430,921,483,558,675.5,520.5,491,75
TwmyEMe4nG_LBEExLkBJxuCKn6ucpDOC.jpg,306,753,423,519,529.5,471.0,447,96
tWPrZrMKi3R78lZ5sSmDPdI5T1KhNRQ3.jpg,343,853,451,529,598.0,490.0,510,78
TWQqUQ_JxadPy3tqs=OG3D5mZgNcJEjc.jpg,369,670,434,490,519.5,462.0,301,56
tWrJXkUjS4DlhcMY7_fbP1bpkmIem2Hv.jpg,445,840,471,543,642.5,507.0,395,72
Tws14Ec8EQtSZ8MmXWKm=d=H_zUtVfK.jpg,341,947,485,574,644.0,529.5,606,89
tx7R2k5fv9FdGZyqZbRVw3FH186RO3e.jpg,440,861,422,488,650.5,455.0,421,66
TX=qE1vGgcN_Rrb_siKGNnVQP9SFkZz.jpg,359,816,423,491,587.5,457.0,457,68
TXHXOdIoGaf5gDHVp=Gr2m8EyNHGn7oe.jpg,287,812,465,543,549.5,504.0,525,78
tXkvHslMcdOuankSS32F9E89kidJHMfT.jpg,334,836,451,529,585.0,490.0,502,78
TY4eGHM1IcdMosfW6nFdnlXVDLP7PRkG.jpg,351,864,454,528,607.5,491.0,513,74
ty=C2=mF2bCNZvsQ6WDfxEblKK6SqnQF.jpg,420,836,424,493,628.0,458.5,416,69
tYagYZFf7ehuQKYCLcHGEIl1NrgTLIF.jpg,431,741,456,510,586.0,483.0,310,54
TyBv5G2rDDYw6KOu8kHmo_vkGvNKrMe.jpg,291,629,482,548,460.0,515.0,338,66
tYeozFiCxsZ4gHUWG4yLqmD4Qzelnou.jpg,446,799,486,556,622.5,521.0,353,70
TYFLcdUaxGIt1CpoFwuhhIGdWHSyyzm.jpg,423,888,445,516,655.5,480.5,465,71
tYHZ2Dw6bTMgSKZ4cDEnOCKDw8U26Wjn.jpg,461,878,446,516,669.5,481.0,417,70
tYooEPTg1ZrotI3HvJkDtMbZ9NF2s.jpg,219,778,485,564,498.5,524.5,559,79
TYrVLovJ89D_wenKOJEqb6rwRbBhk6I.jpg,393,944,505,588,668.5,546.5,551,83
tYs=_HtcNbX1UYayyjjQeco85igRn.jpg,309,852,459,539,580.5,499.0,543,80
tysLlDY7avZ3ixv6OLSx4U8uf28p73u6.jpg,295,796,448,523,545.5,485.5,501,75
TYss1HMPJSFGXLJez543h3nHewzCsUs.jpg,430,727,455,513,578.5,484.0,297,58
tZdTHvdQp3Vm5ZPNPcRyPhqoziw6M6.jpg,414,692,423,478,553.0,450.5,278,55
tziSEucF7cT6mKskpbH_G5uE7xa2V5j.jpg,441,902,469,541,671.5,505.0,461,72
TZK_CUWL1GlLbwCe36E5Z9Unb1989r1e.jpg,395,882,450,524,638.5,487.0,487,74
tZmpYKxszSiaTT6aBr1nsO3ggUvTFKo.jpg,391,827,427,499,609.0,463.0,436,72
TZtWSHl15iKHQWLqWtEIPVvadTfjpep.jpg,423,843,451,520,633.0,485.5,420,69
TzurEmdXfRlLvRed89GJOGvSYINZ6kj.jpg,360,914,467,545,637.0,506.0,554,78
t_9iteUxqz3BC48e2KF9INykbNl8Nn5B.jpg,436,835,415,491,635.5,453.0,399,76
T_gLxmYlT2w41CVpf2dbvckyvTOBjgDW.jpg,317,925,487,580,621.0,533.5,608,93
t_H1KpffUWgfIUjG5gqQQk=c3Is58c.jpg,388,846,425,495,617.0,460.0,458,70
t_jDe9KcS_P6WKyOk5Lw7VXIrKabu9d.jpg,442,890,427,497,666.0,462.0,448,70
T_L5TQX4b2dqolbwX6isg4dP2oGYpoJ.jpg,442,835,409,473,638.5,441.0,393,64
U178W6R44mzPN2nUcpCMSllu==aql.jpg,392,873,442,514,632.5,478.0,481,72
U1R9i=JEbTrFgJctFZXiDxeZg9hlLFD.jpg,373,910,494,572,641.5,533.0,537,78
u1Vbmyw41gYYn2CSkEXOja7a574Ixio.jpg,362,829,445,515,595.5,480.0,467,70
U1XPUelGO2PjF2oornzPrYtvNgvcEzt2.jpg,465,760,458,514,612.5,486.0,295,56
u2ahdnCOM4CWNQskjkgwUPbNwjPrww66.jpg,473,879,416,484,676.0,450.0,406,68
u2B7FsyI6gUuCsxTe7GMD4ZtLrfZGVEH.jpg,431,925,448,522,678.0,485.0,494,74
U2h2xlXPTsuEv4bjLt46a54__MwjFu.jpg,437,825,441,502,631.0,471.5,388,61
u2N9ScQDVcuNoLPDbRgtkrUJlpT_F8J=.jpg,316,755,423,510,535.5,466.5,439,87
U2OblQmqXROoodb9C5gPaVfkWRinIEpy.jpg,356,799,422,487,577.5,454.5,443,65
u3duI9SepPiexebOp5eJeoVTNmSdRIo.jpg,449,797,487,551,623.0,519.0,348,64
U3e1iZxneET77QhVb3GjmkpgaJT9NdbC.jpg,452,763,472,530,607.5,501.0,311,58
u3mNWC22x3loliaX9KZNfUuYyyCqyJCX.jpg,498,872,490,559,685.0,524.5,374,69
U3S9D_smVBwkQgbkTshuwGiiz8CwtP9.jpg,127,833,511,631,480.0,571.0,706,120
u3sJdkOmgxN3FDE5NsFbUykRZIpwny2.jpg,502,809,457,517,655.5,487.0,307,60
U3VZBRShP7K_M7d5Lrlzn_1dcWrhbH6.jpg,409,861,423,490,635.0,456.5,452,67
u3YCpjPkCMJQUHaI_a9zfx2efbeSv.jpg,438,745,432,495,591.5,463.5,307,63
U4Ef6eC2LZVhXZTMry=U6F7lCfk.jpg,356,1049,515,615,702.5,565.0,693,100
U4Hguiupzgfl9aPRy__xQO33uZK=ZiN.jpg,281,808,415,510,544.5,462.5,527,95
u4TPziqbODUPsKYo2NSqXtvgQUVq6=F.jpg,405,809,421,484,607.0,452.5,404,63
u5Jo1NZuw=JEsnRDl2oiwmQu_c4OiIl.jpg,391,784,439,506,587.5,472.5,393,67
U5KdKW7T5MGb3CPOvXhyJ5GDTjNYuyl.jpg,370,931,463,549,650.5,506.0,561,86
u6=m_X1=jNJ4wCc3p24_dCnbyR7NEQmS.jpg,445,760,445,502,602.5,473.5,315,57
u6kJxZlXwSjQzHzjxEjCVKUb_=HhO.jpg,435,976,458,546,705.5,502.0,541,88
U6vjeUMEMhbPRINZFie28TRRhnYLLud.jpg,481,804,461,524,642.5,492.5,323,63
u76yIXnYi1z9ksmpgQsy8CGFiKwDUK6C.jpg,383,698,460,523,540.5,491.5,315,63
U7Ydgdbf7UswZ72mm_HkLyqFWb9ph2s_.jpg,332,864,459,538,598.0,498.5,532,79
u8ydB=zr=6Qi=PfcezQBlhJRDj4vrzMw.jpg,379,864,479,553,621.5,516.0,485,74
U=7JFZgBHMbgmKpQWhSv9wtypO29KiCe.jpg,274,690,448,519,482.0,483.5,416,71
u=uO=HLnpKazLVF_LLBxkBwBFrNndKt.jpg,306,822,573,670,564.0,621.5,516,97
uaLb2wtKdffON5kQJdr83L5JxpuOUE_.jpg,319,995,501,626,657.0,563.5,676,125
UaoKhYG9jSCbUjToSFje2jPmvQKuOYMH.jpg,314,796,454,524,555.0,489.0,482,70
Uav3_HGksdHFnmBe1WKx8RD4EbFH4ly.jpg,425,956,502,579,690.5,540.5,531,77
uaviqoRy3xeinVJcGITv9i8FioKcJZ.jpg,464,743,428,482,603.5,455.0,279,54
uaYbF1QwzyPH9hUDJMvl8i2Yo1w6VWx8.jpg,417,937,492,566,677.0,529.0,520,74
uB4rKCmjsHeeDD8aZNeayH8O1wIo4c7.jpg,302,888,481,566,595.0,523.5,586,85
UbgZIjR2fDMvzy5myf96N=DKiKXlpo.jpg,457,735,448,502,596.0,475.0,278,54
UbL6I23btBSO4aLfiMralK3myQWcm885.jpg,367,783,421,486,575.0,453.5,416,65
UbM_Or9jI17wNve5N8iss34YG2Kzu7Sy.jpg,343,786,428,499,564.5,463.5,443,71
UBrdl8Msclsuha6R9MqtDOJbS4sSy6.jpg,452,867,446,518,659.5,482.0,415,72
Ubso1=RBPJS_ogfBt4jBzwhCv_dK84z.jpg,414,827,431,494,620.5,462.5,413,63
UbWZtzjZWg88YC499R3yhqaeNjKuo.jpg,403,708,430,490,555.5,460.0,305,60
Ubx1rDaEzwtuEO1facPUZi=RQak8pRbb.jpg,421,862,429,499,641.5,464.0,441,70
uc1QheHwFTzXqvGRF_nF5YEzw5PoaB3E.jpg,422,815,442,506,618.5,474.0,393,64
uc3kLQ3o8F8GQJqlPFTk5bryoM8y87.jpg,417,851,427,494,634.0,460.5,434,67
uc3R5_Lp1PF3M2KkrLItLHNkTXb2Iw3Z.jpg,380,1020,506,596,700.0,551.0,640,90
ucDmf1bmfqCT4H_7L1vDxzyT5JodJBNS.jpg,423,725,431,491,574.0,461.0,302,60
UCFryRFVvzXkWj5aYQmyph89NkMfW6z.jpg,322,898,455,560,610.0,507.5,576,105
UcjDrpSRU3rj4eTYuH1PvVONh5Lmy.jpg,364,923,515,594,643.5,554.5,559,79
uClJCRTcOc8E_bXlwkm2E6aPWyGiisl_.jpg,452,858,417,482,655.0,449.5,406,65
UcRRzrwNyIKawadFfWIBs6MYqnXbiHV.jpg,373,835,431,503,604.0,467.0,462,72
UctLkd7TRQ_CSwukUPJzcEdKlYKhwx4.jpg,339,757,426,489,548.0,457.5,418,63
UdBm8ZxK3BD14uvsfTJmU5egCSpUVw.jpg,374,833,464,538,603.5,501.0,459,74
UDi6TizW6pqZj_vQmM8n7mna5oQBbTGG.jpg,421,837,420,488,629.0,454.0,416,68
uDOo392=FLeTnRszq2cO2kIj1Oa=Dh.jpg,457,857,440,506,657.0,473.0,400,66
UdSvlQgXnU=xC896=IXB5IbYKYdiDXZa.jpg,413,932,488,573,672.5,530.5,519,85
udte1b5QGL=q6XHWVqnQ3TVrhEJD4d.jpg,471,804,475,538,637.5,506.5,333,63
Ue4KzSLHslXmGD=MyDEnKSov9_NwgT3I.jpg,344,1080,557,678,712.0,617.5,736,121
uE5l2lWQeSpUsa6auQ9l7PNaTs=aHS.jpg,437,803,502,568,620.0,535.0,366,66
Ue6cQusStpuurwZHVLIJe=CaqCgbPy9.jpg,451,773,472,531,612.0,501.5,322,59
UEDDacTNjbwUSYjWPHiDl9HKqgdhdn7.jpg,415,707,450,508,561.0,479.0,292,58
UenqFl67rzheTZHHxR4KYXR9FWYPdBON.jpg,336,904,521,601,620.0,561.0,568,80
ueT_uik3CQEqIhOK=wW8Uu4e2XxG66Q.jpg,474,887,448,515,680.5,481.5,413,67
UeylTKdslIfY2lQE26cy=8CwFGRXi.jpg,454,861,413,502,657.5,457.5,407,89
UfB6al1QCN3RByQD2y2xNuP4K9C1CrJs.jpg,387,835,421,490,611.0,455.5,448,69
uFDdG7zXO_=ckEKGQXovvf=DJFUMxQnS.jpg,242,798,475,554,520.0,514.5,556,79
ufF6Wnw8DwMaqcgeyn4vT_7WiSDQpOVT.jpg,384,774,449,518,579.0,483.5,390,69
UFHd3fLs86bSDFvvfLqvSpwe1p4vS55.jpg,229,971,529,634,600.0,581.5,742,105
UFhGmK9YiwJVra4EQfcyUK=iYICDKB.jpg,357,647,449,506,502.0,477.5,290,57
UFl3dqo_sCfWRjoyhgqzqTwlDkLe=I.jpg,411,847,425,493,629.0,459.0,436,68
uflKO_SY5RTVcjMJpqYOxhTp8whiwvxI.jpg,442,836,417,480,639.0,448.5,394,63
UFwcJmopm748flQvBsPWEpgkNDfKgxY.jpg,430,861,424,493,645.5,458.5,431,69
uFWDtTxPksBndDfCoX=obStRsLEVsvEp.jpg,374,804,451,521,589.0,486.0,430,70
ug2T4lltxkGVGH_HR69XapILFERpeEKp.jpg,435,945,449,527,690.0,488.0,510,78
ugkOhTqEDfeppE6cz2XsHqVre5MTohg.jpg,392,848,432,513,620.0,472.5,456,81
ugOCVHrHo_6LbwacV9L=eUPwTs3WhXGo.jpg,369,832,443,512,600.5,477.5,463,69
UGsBjd=v3RYx_BdjRD4ZlkFWvhmX3LQ.jpg,538,929,438,508,733.5,473.0,391,70
uGuatKfZk67xNsgS_GwJR2cBaGbiFFMu.jpg,420,857,429,498,638.5,463.5,437,69
UguJ5CnKlX7yxYVq21q6rtwtwyWCiqnz.jpg,449,836,481,549,642.5,515.0,387,68
UGWUYy6ijHBzpsSkztvqrDQ52g8vD6.jpg,441,899,435,508,670.0,471.5,458,73
UH=44HBqdIRwZRHfIbYXoV7z5e2DWs6.jpg,461,793,455,517,627.0,486.0,332,62
Uh=kSloslwsVrEv2XJLyRqpq=LOv4_L.jpg,180,754,496,579,467.0,537.5,574,83
UHBQF731pJ5zL94FtXCRthmkwUdlFqN5.jpg,368,950,511,601,659.0,556.0,582,90
UhGfHUlM1GoNIHQDEzuYpSnsZK6F2D.jpg,346,826,452,521,586.0,486.5,480,69
UhiarVbEN1xNYfKIov9Q2IMZ6rk7HY.jpg,302,759,423,492,530.5,457.5,457,69
uhilK=dM88tWfsk5EavxVBhrdE_M_a9.jpg,299,759,430,504,529.0,467.0,460,74
UHmcoT676Y8sjaYLhmN6B4c8r3uPjCK.jpg,329,796,445,512,562.5,478.5,467,67
UhME3nPvqaJi=KPNYGSeeBO69dgn5fmD.jpg,323,826,485,559,574.5,522.0,503,74
UHN49RKhq9IjOZuIq_HEbgWn1vgjtK.jpg,355,919,470,571,637.0,520.5,564,101
UhnLR3uQunf6_2ym27EZxyO3s4PGjV.jpg,360,799,478,553,579.5,515.5,439,75
uHnVlYbYHGxkUH_3pE68SRHFwZpmH2r.jpg,359,678,433,496,518.5,464.5,319,63
UhO1nRUhCW8_ejzVZSlnft5pfR8IRR.jpg,341,777,428,496,559.0,462.0,436,68
UhqiUjF7nv7mSarg9OfBIOyH6pbI6Ydo.jpg,507,788,444,500,647.5,472.0,281,56
UHVsLLeQh5cstupbW1lpuNOGPvYrR.jpg,339,745,414,489,542.0,451.5,406,75
uhVtUy3GIpaoxu7oP8pjMy2F6ItVr8Z.jpg,400,864,425,494,632.0,459.5,464,69
UhwIKnR71ZW96urVd1PY1lQ8O992twO8.jpg,425,944,491,571,684.5,531.0,519,80
uhzgzN5rKhJt1Bxcw5DmOR3i9oJ8MyE.jpg,462,789,453,516,625.5,484.5,327,63
UIeMhalaiK7eYRB9p46Uo=ZtDlc525=d.jpg,313,748,436,502,530.5,469.0,435,66
uIML4e8a4b=Lz8x7BskpYX5lxhV7nKEd.jpg,363,748,414,476,555.5,445.0,385,62
uImZlBuqaCS6RuLVVJBUGUmer5NxvZR.jpg,371,794,444,509,582.5,476.5,423,65
UIU3jSDSF8uPLZqDC5W53xkc3glXSha.jpg,381,788,492,562,584.5,527.0,407,70
UJhUD7tqThzzvU3H=NnnkF5u42NJ3js.jpg,421,823,414,496,622.0,455.0,402,82
UjTa1xoqx4_Lv8ijyO=gQcj3RO_5.jpg,453,740,431,486,596.5,458.5,287,55
uK9ehcrUKBvfb2a8w1XOZZYLR=YVpBCG.jpg,349,927,518,603,638.0,560.5,578,85
uKF9ScBskdoq9TDpS5GedyBoEK4N=Hdo.jpg,401,898,448,528,649.5,488.0,497,80
Ukn5mBOdLRFtuPreumIsR9c2hafVgq.jpg,448,848,416,481,648.0,448.5,400,65
Uky9YhRizOfdOHk2giWdpUIIye75qfWX.jpg,377,921,467,550,649.0,508.5,544,83
uL2=bkFXnQGRQxR1s3GXQ=Uxonb88WZ.jpg,341,748,447,516,544.5,481.5,407,69
Ul3DXDlQ_=qyGgarHiH1F5bnHp=jSUL.jpg,401,853,467,533,627.0,500.0,452,66
UlErCsW3Z=r_6MQv8FVIRGxlVrPiXWP.jpg,396,931,456,546,663.5,501.0,535,90
uLmh_yHkDfmtI2T8jZOpeyvYGb_vjbhI.jpg,407,833,415,478,620.0,446.5,426,63
uLr2z=QsftDuLPMcqH8S2ww8ftjejcTF.jpg,377,848,437,504,612.5,470.5,471,67
ULr33Md9=7k6e1E1eXb_JryWiTVcPTN.jpg,349,761,446,510,555.0,478.0,412,64
ulSU97DBObYIK9UcJ4RjJDLuczmptdf.jpg,374,946,473,560,660.0,516.5,572,87
ulZ2QpuE69_XzqlN=ywFPWX=ohnn4XQ.jpg,357,765,418,484,561.0,451.0,408,66
uM9osC18VD6zZLPcBbsPCWi7XPkc9t5k.jpg,403,852,454,522,627.5,488.0,449,68
Um9qnNaGya_c=3KYsqTw6KS3nXlP.jpg,384,856,421,493,620.0,457.0,472,72
UMEWIgbNkxFyzGDanT=ChsOc57La4c.jpg,409,858,465,536,633.5,500.5,449,71
UMFDg2a_FZotWHpbeDumj7=ux8aRpx.jpg,289,956,515,618,622.5,566.5,667,103
umiCzOQ4OsQskDYazNMhcH1MbgXMPxN.jpg,380,820,442,510,600.0,476.0,440,68
uNBcaNdFCe_k3Fs_3gw8MvYB7RWvv5Jz.jpg,372,831,425,510,601.5,467.5,459,85
uNbFNb2kQaj2JVJNMUJJ6GhIOuHuZ.jpg,289,831,461,543,560.0,502.0,542,82
UNGf8bHL2vuc59BFelyax9YVLyEYBZB.jpg,347,772,422,491,559.5,456.5,425,69
UnVmGOoNOFP98ZYXh9TOiNTB1gy_Tp.jpg,471,769,460,516,620.0,488.0,298,56
uO6KYCuSqafmiYFZ15EDL7NtFFwXoXy.jpg,314,891,482,562,602.5,522.0,577,80
uoaiC=jKm_NdSuBcBJT41_1wwtE1wI.jpg,403,851,433,500,627.0,466.5,448,67
UoCHRjDUClUxX24j6O1jZHMTFecbyywT.jpg,303,776,428,500,539.5,464.0,473,72
uoIN5B5WR_tScGj9BazCokVObpVSE2gR.jpg,388,870,446,537,629.0,491.5,482,91
UoJxxILtR8rQvJNHjPMnwTEd2WOfR.jpg,337,769,418,512,553.0,465.0,432,94
UolVwlEraiMgJqkj9U9Pa7fLDXnFCQ.jpg,428,828,413,482,628.0,447.5,400,69
Uoow=XyUdHfHTLMFr6Sg3ZJhZiT9ZgS4.jpg,359,979,498,597,669.0,547.5,620,99
uP7RSIHPYLM6qyT6gQiuXFfro58l6Jet.jpg,380,740,438,509,560.0,473.5,360,71
uP=nPldlCpGOfbetUdoaHSclTp=j92Lk.jpg,329,781,422,490,555.0,456.0,452,68
updxCEtD6mTqEnxmFFOzBfGa3BMUGtV.jpg,295,1061,552,667,678.0,609.5,766,115
Upg84rpJKrJJsfTC6Kxt_JVP3KRmnl5.jpg,326,666,439,504,496.0,471.5,340,65
upLrBGvKrcHbcnT1lgse4B1MoQ1tO9e.jpg,445,826,411,475,635.5,443.0,381,64
Upvv57Iij3iG=t6t1BRklfZpftZ=F8L.jpg,424,957,495,578,690.5,536.5,533,83
uQb4QoqSeawpe6ighNdc5Ht8D5reev.jpg,519,807,424,478,663.0,451.0,288,54
uQem1YzWD7fxdOEDLGITnJNBGY8EcUx.jpg,521,894,494,562,707.5,528.0,373,68
uQpVCJtbBa3QGfNPIbEIns5X2hfsuV.jpg,294,760,426,496,527.0,461.0,466,70
uqUYJ6wE6IULBVXZG=dkpoKg4tOFLSp.jpg,402,806,420,483,604.0,451.5,404,63
uRabXeVF1Q8p9B4WcVtI27mYbbx2t.jpg,371,826,423,492,598.5,457.5,455,69
URKOroT7NaD938EbG7uICNBn4KTdG_.jpg,443,845,445,512,644.0,478.5,402,67
urlPRTFC9dsFrdW9q9fBgqhaQJVRB11.jpg,488,851,498,565,669.5,531.5,363,67
UrnkRmENaQlFzGj=WEtRsBD8hyOM8dk6.jpg,375,931,470,551,653.0,510.5,556,81
UrOgzZKgKraf5WM2EJMZfRBCOjB2gRqT.jpg,452,871,417,487,661.5,452.0,419,70
URsWJ2qmc=7q8MOv5FrHezm=Hi8YECM.jpg,323,898,457,540,610.5,498.5,575,83
uRwBHOWZkvCxY7rm535ljwDODwUON9Bw.jpg,417,855,421,493,636.0,457.0,438,72
us4cC7qGjX2J14gRmMqJez1pWo3PtEu.jpg,417,929,435,532,673.0,483.5,512,97
uS7Cwd6oz9I528SefGmj9W_gSntrWe9e.jpg,367,826,423,491,596.5,457.0,459,68
ushBv882gSl6qmpMEt9OWQjcgho845Vw.jpg,394,835,428,503,614.5,465.5,441,75
usj3mNlfEL2I=PpyZjFuEG7Vq=wg9v.jpg,428,855,419,492,641.5,455.5,427,73
uSQmO22fB9HtupNMKdfWl_6orBnIfT8.jpg,436,910,478,549,673.0,513.5,474,71
uSTMZ7giMd4HwGLxZqprLL=FMaRUyMLp.jpg,264,830,498,580,547.0,539.0,566,82
USznelVMgYvqdM_79VrmWMDThBKlpdC.jpg,378,757,416,476,567.5,446.0,379,60
UT3SYq7KiytRHreUcRV1LDRhbVVYIns6.jpg,382,806,425,500,594.0,462.5,424,75
UT=d8C9M7QZQPPvwKo_OsNlIHTtCf4aU.jpg,391,820,428,497,605.5,462.5,429,69
ute4NpeutCrT8OHdSjtMsBfPzoBGgDZ.jpg,382,793,449,510,587.5,479.5,411,61
utHHvKPmlkvjTmJorwCjO4vJxluTJEO.jpg,520,821,452,511,670.5,481.5,301,59
Utib7OdGbwOo4CC8XRH28tI=Ii1Vrup.jpg,387,886,483,559,636.5,521.0,499,76
utOyrpNIrDIwlCvH7skMlzHlfCr94Kc.jpg,396,702,469,526,549.0,497.5,306,57
utqS9Xyy11R8tdG27HRX9=4MITG_K.jpg,452,853,409,493,652.5,451.0,401,84
uTTVqVl8OoVfh1Zaz3fk7LIbiXXDD.jpg,331,893,480,558,612.0,519.0,562,78
uU278Yb4xMtc3Eyq2cWHFyz6PWQuzh.jpg,413,810,434,497,611.5,465.5,397,63
uubmk1BCsRJOt7zV1OjYQIvPq2zru.jpg,413,871,423,499,642.0,461.0,458,76
uuib4vWMskiuq7XJ3he9FliWDjnuoEb.jpg,342,689,437,501,515.5,469.0,347,64
UUpqp_cewIFqeRKohKiKPdkVeCiE2Tx5.jpg,226,736,467,541,481.0,504.0,510,74
UVdvuqG6NoChONGNHObHZNFE7W5oFfC6.jpg,428,824,446,509,626.0,477.5,396,63
uVqVDGzEudDmugXEsUPLPw7q8irV9BH.jpg,470,881,410,473,675.5,441.5,411,63
uVS623Xt1z9DhJ_Dzq58=tdo_NUGYP.jpg,385,851,437,509,618.0,473.0,466,72
UVSjNCycwfDbzG7ywNoEpxOI1_GrVBc.jpg,400,848,420,487,624.0,453.5,448,67
uvVmMkE7GlcTWrv=mO52Ik_DdtuVw2.jpg,397,873,446,515,635.0,480.5,476,69
uW3fbv_Dz7LFv1L=jflRpeLVP7xCyju.jpg,493,1072,472,562,782.5,517.0,579,90
uW8qK7pwgEyFooEw4Ng3oLcQj6ODcto.jpg,382,914,502,582,648.0,542.0,532,80
uw973DLFQ6Vm5sQB8JaUh7Jjl7HbDW.jpg,423,813,416,478,618.0,447.0,390,62
UWduSr3nx7H9YZ4bzt25fq2jE3Ktr4.jpg,481,821,454,518,651.0,486.0,340,64
UwErd=UNelTeZyicU2MHG5vq1T5hOM.jpg,220,804,473,557,512.0,515.0,584,84
uwfq1N3iLp8bj37I6dXw2xauFWr8xYI.jpg,319,909,470,579,614.0,524.5,590,109
UWHJiF75HxoL6D_O97Gzz=G15cayBs.jpg,320,793,439,532,556.5,485.5,473,93
UWJ_CPnbsrYJJmSObII5Pj5B2k2HrZSK.jpg,358,844,452,525,601.0,488.5,486,73
uX41cLxPHGTMcP9nfES1VUzzJXeFugE1.jpg,363,1099,579,691,731.0,635.0,736,112
uxQe=ZUsZvTsRVVB1KpDZ2s5vwOyyFr.jpg,251,798,460,541,524.5,500.5,547,81
uxUJ=fJVZqkL3YI7VCk=oxwaCvbeSlm.jpg,345,797,454,519,571.0,486.5,452,65
uxxNXTZaBWTrkodD4_YX1qmHWrGta2b_.jpg,408,953,445,526,680.5,485.5,545,81
uyWBp8frWLbXb4Ou7UrFsLOX5iHD1ShF.jpg,316,910,528,612,613.0,570.0,594,84
UYx=5j3ZePL6VDVsGJH=cCBmrq9qp.jpg,425,843,420,489,634.0,454.5,418,69
uYZWoLjUHm_liB_qSIFqtOsjwYv=idH.jpg,254,775,447,525,514.5,486.0,521,78
UZ3z4huG47hvFM5ff4kJumEr98hbVCE6.jpg,420,835,412,476,627.5,444.0,415,64
UzdSM=hci8oGZ7_jwtkNTIIO_=CDern.jpg,489,891,413,481,690.0,447.0,402,68
uzIWj1yi2YQQ_Ijagfvkkzs4Wib_Vu9.jpg,446,887,427,517,666.5,472.0,441,90
UZIYf5CvWzNNKEYC2kBGtoDT=gxYgjNU.jpg,404,895,484,557,649.5,520.5,491,73
UZppxGdMu3zcNkYdIRTRFhj4T4m1Sly.jpg,212,913,523,625,562.5,574.0,701,102
UzV_u39Ir=TSXtSS5rqJPKr4XN7LXN8w.jpg,481,905,443,510,693.0,476.5,424,67
uZyiGEXrFwIdZgXzeaah268T1Vjum.jpg,415,859,418,485,637.0,451.5,444,67
uzzsrkNFLIyOSusi7dlG7baJta7T7=B.jpg,410,852,419,486,631.0,452.5,442,67
U_fC63m9CgOwbRXtk_itl4atGoaw1VkW.jpg,383,813,431,496,598.0,463.5,430,65
U_GEtZ_BS7VYPeWyFoMG8Q8JobR7hQf.jpg,379,813,417,481,596.0,449.0,434,64
U_QdBga9rMaQ5GyMSfykhQKqMD5FI=Uf.jpg,333,868,462,539,600.5,500.5,535,77
u_u1QXCb1OOEncdd1XZ7sFseazPuFOS.jpg,364,1057,514,621,710.5,567.5,693,107
U__IPCpMIBZpE78ijpTUQQYVx=v4.jpg,451,904,429,500,677.5,464.5,453,71
v11QK4JeFpgPH9vM_OjL4SwEV1z6bfmT.jpg,386,899,492,564,642.5,528.0,513,72
V1C_Jnhbhv5iq4GuHBpWsETmK18Z5j.jpg,462,861,419,485,661.5,452.0,399,66
v1GixZcZ6ecUt=tS7KOismiIHqhFwD.jpg,389,819,427,501,604.0,464.0,430,74
v1hfZCggIkLhu2P68aGXGDfUU7QlGPM.jpg,390,910,487,565,650.0,526.0,520,78
v1TrqmSPz7yzigftzWHZMcCWLooqMv.jpg,360,726,488,555,543.0,521.5,366,67
v2PhFqvBxawb4Mw3R9gTZMXucwsTYlo.jpg,480,774,452,509,627.0,480.5,294,57
V2usrD3fwlHtapH9YKjrtR_FtcoGykG_.jpg,386,803,416,478,594.5,447.0,417,62
v2ZhNQpce5kJ41ZEnhppdzF17Xsyp5n1.jpg,339,802,426,495,570.5,460.5,463,69
V37VbxGOf_xqpCXTm=3NZyMBxLfJa.jpg,343,907,461,547,625.0,504.0,564,86
v3bCLVDyTp8zDrh_FRY77lzvv2YndI.jpg,387,897,482,557,642.0,519.5,510,75
v3eazvYPEf_UQjG5FufZfEmJ6PBCCBV.jpg,408,908,454,527,658.0,490.5,500,73
v3GTJ3l8S63fS9hOr8FIvu3=fVh67Jf.jpg,379,835,441,513,607.0,477.0,456,72
V3Wvqobu38e6fP6FUtbi=dPCB7wTe3j.jpg,234,776,464,541,505.0,502.5,542,77
v4S6JReJ6j=lTaFe_cYHF_rDVLMOmjeN.jpg,326,660,446,509,493.0,477.5,334,63
V59wIogjLRktEriOiZl7OztSQDmbUsl.jpg,269,819,466,546,544.0,506.0,550,80
V5h5C=HbE6gxNqL5RESlU5d5OaDjSOP.jpg,430,743,465,522,586.5,493.5,313,57
v5Pni2mulRudw3RiXbzXrN9vZ3RpBt.jpg,479,887,424,498,683.0,461.0,408,74
v5RLvp1sqbFw=_xsEI2_wXwRFnRqBntk.jpg,450,899,465,531,674.5,498.0,449,66
v5VW6ochryoE5NTWnW3FcY8qSeHD8w.jpg,389,870,435,537,629.5,486.0,481,102
v5zNGS9pQ93sTnNZPeQ7edWqBjjjN1U.jpg,362,845,471,549,603.5,510.0,483,78
v62zvmzJCrzK6KyR7kbes1ucWlqkdRD.jpg,454,925,423,499,689.5,461.0,471,76
V6h3u7OMeQZr2ZOSRNGm=xg8OkmvnLVH.jpg,364,1039,494,625,701.5,559.5,675,131
v7=HGNY6rfq2c4hI2xgg2BX89oUlGQC.jpg,370,844,427,512,607.0,469.5,474,85
V7q8JX2XaGX4IyVczjCdrTm7RjYMmE3R.jpg,391,919,462,540,655.0,501.0,528,78
v7W8IgdEeGkul=OK_OaV5qoLd_iz9PP.jpg,478,796,465,528,637.0,496.5,318,63
v8lp4eye2L3JxBD76LPZqXBvuYLwt.jpg,337,799,508,578,568.0,543.0,462,70
V8XSXlY6UrHs8dCkEh8QOsNEc8KuiVU.jpg,305,761,437,510,533.0,473.5,456,73
V8Yhk3DFSQNMMVt42Xs2CCcbrBnWC3Oz.jpg,370,930,514,592,650.0,553.0,560,78
v9Sp4UIKzR9Kls2m1TN2YcZkvJL2dFj.jpg,440,904,469,539,672.0,504.0,464,70
v9tJxXdHDV7WVPdhuG56mNsBfggYLHGX.jpg,264,756,459,534,510.0,496.5,492,75
V9W2rfndS8hgGYPXxfzhBGNhEEgpUNLj.jpg,389,920,454,534,654.5,494.0,531,80
V9WE84fsQVqMSzWcqfYFbTTpEacz1f.jpg,318,958,491,613,638.0,552.0,640,122
V9WQs8q6=zTc5toiF77IU4nb44I_KCe.jpg,307,817,464,543,562.0,503.5,510,79
V9XTBhiUFf_y7BZmbK1pEnvP=U77in7=.jpg,419,910,468,547,664.5,507.5,491,79
v==jEqw7DNjgSjoNrmnL4q957DfwaV.jpg,460,927,468,542,693.5,505.0,467,74
v=b62QryBVtM8TXc8wgi3NvegMZTgm2.jpg,343,832,448,530,587.5,489.0,489,82
v=nozrrx5bUnDyKGikPVYosnCq=aztFE.jpg,396,882,435,537,639.0,486.0,486,102
V=sz7fLLK3GiD=oRehZgJkfibwjqtD_y.jpg,419,914,480,552,666.5,516.0,495,72
v=tCV4n_UaHKN97VxkThPVzQE1iNqR.jpg,421,898,465,541,659.5,503.0,477,76
v=Zux2CQpiiyjBGzYwZlrZo47ZjUlv=U.jpg,366,823,438,507,594.5,472.5,457,69
VajZkCsphT2v5=rCf=IPLbnMlEpt2xrD.jpg,262,1026,535,646,644.0,590.5,764,111
vaOa=mvRR3wKoGByHXC=rI2JjOZPbGOS.jpg,463,873,444,509,668.0,476.5,410,65
vatopQiedZTc81jMOMesXDkbQXkjP2m.jpg,400,951,470,554,675.5,512.0,551,84
vaXNh=xgMLW9mJnpxBygY2J=rSus=R.jpg,493,764,422,476,628.5,449.0,271,54
Vb5NxkxQFiyJs2GX86Gp_gyc9O3Dc9T.jpg,390,788,431,495,589.0,463.0,398,64
vB77Fi1nygJcM1tM_w=2t4C1ELb476V.jpg,551,973,453,527,762.0,490.0,422,74
VbHp6tBBBoYLIM9RNYV7azEK__X483T.jpg,379,908,454,533,643.5,493.5,529,79
vBjiNXtV9Gqmk_jUBeK=gOPyv3czdj46.jpg,369,778,428,492,573.5,460.0,409,64
vBlbN=ICBHvW_op4BtYQlOS7KnbSE6fl.jpg,335,849,453,526,592.0,489.5,514,73
VbwIFpCnpPRmPgBO9kRDDkyo7gk=nDU.jpg,391,830,430,505,610.5,467.5,439,75
vCFHLYhCjIKDHhK1TNT79xiHnyVhG3jg.jpg,449,718,418,471,583.5,444.5,269,53
VCIlzNjR9SIzLG3hsy7py5Wq_Iy5Da=.jpg,409,966,470,549,687.5,509.5,557,79
VcJbMnGWcxyfZegLmC63tx4lFHoLzSF.jpg,477,846,503,571,661.5,537.0,369,68
VdMyWdxuad8sBxojsFFCyFqBCtx84Rjz.jpg,450,920,456,535,685.0,495.5,470,79
vdx1P7TRzM_mkPI7nbHWcdMTU6HRvL5.jpg,405,957,464,545,681.0,504.5,552,81
VDYD7_r5HtHvntdZQxBaYOsYY7QyCpV.jpg,367,866,435,511,616.5,473.0,499,76
vdzLDvzMfClzXHpqdIp9GK=k4UUrLdz.jpg,394,997,526,617,695.5,571.5,603,91
vEEtFjjTXCVyx8XtzjkvViK7gdr2zUON.jpg,367,849,434,523,608.0,478.5,482,89
VeG5mdQvOvGRPPYe5DL5DgidDBWYIlE.jpg,424,709,428,484,566.5,456.0,285,56
verIxzpuJDHIRMzfJXEVuB7r5VoqF_5.jpg,478,909,413,478,693.5,445.5,431,65
VEtudX3CC_q1fJhVZeJi9RCcUq69EFYs.jpg,373,820,420,488,596.5,454.0,447,68
VfoobcKneoJhHrhQIhnmeM4CDoGylH1J.jpg,424,841,412,489,632.5,450.5,417,77
vFQWR=4B5QPTkJlTwaxvBhJX_axPqI.jpg,284,848,472,553,566.0,512.5,564,81
VfuqubPDR3xfWQaVCyQwHdsQNiFi_Yny.jpg,456,857,415,480,656.5,447.5,401,65
vFWHIWJ8DayrXLqsLNBX8kd532tcfMz.jpg,371,849,447,513,610.0,480.0,478,66
vfZ9B2UNX3ibYWKWB6bWUDZhOvMO6eP.jpg,372,796,453,535,584.0,494.0,424,82
VFzVbnVpXqogCd4EmFmgUcDkwhTI2OR.jpg,323,751,444,506,537.0,475.0,428,62
VGCWkUboaTckxDOYayLMykiKsnRvgZh.jpg,312,651,446,513,481.5,479.5,339,67
VgTZcnjtK11YaFDvwO2XCVhla74CXVx.jpg,380,872,456,529,626.0,492.5,492,73
vgUsQYP9Cm5rU2UwyJwZc3aW6KYJ7r8M.jpg,444,905,420,490,674.5,455.0,461,70
vhaY6kPx5zwaX9_lX9Td=tcpIS63x9yZ.jpg,485,897,423,492,691.0,457.5,412,69
vHdDG8c6IoQKbQyE56lHHtd_OD_vxaV3.jpg,266,691,497,570,478.5,533.5,425,73
vHFpofIYS=WxwgidOw82Cyxr3GZlh32.jpg,466,895,457,524,680.5,490.5,429,67
VHm92d9o5jVB1MtLBd9z2o_1DVwPWNEo.jpg,447,950,488,567,698.5,527.5,503,79
VHocPidGPJyJEIv9I6TuXpIxTsfje3.jpg,317,867,457,536,592.0,496.5,550,79
vHvIhtpT9yDim_Vidvdvdd2wJuRLMs1G.jpg,335,958,499,592,646.5,545.5,623,93
vI3_qBy84hs9zk5trNo8POnuH4O8F1ul.jpg,500,797,451,511,648.5,481.0,297,60
vI=pKnrbfUjiBNK4NPaUuHFdQbWTZmx.jpg,387,872,430,504,629.5,467.0,485,74
vIDyjHYBViK1uJjcSQgRX=KONpa5QX.jpg,361,837,474,545,599.0,509.5,476,71
ViFrBkUsG4OXx944=OyqoeHduhLP5fc.jpg,465,726,418,470,595.5,444.0,261,52
ViiUOIozrS1uXa5qMQJs78_isKVgtx.jpg,361,732,512,577,546.5,544.5,371,65
vimioPqG7RTEzaMw61Qxa2U4u8_eFlO=.jpg,374,832,427,500,603.0,463.5,458,73
vIMLLLDhkE2Q=D45sLTrBmx5qSSoM2vZ.jpg,350,671,449,510,510.5,479.5,321,61
vIqezyLf9ayGcu7oFowGCUOf9od=i=QZ.jpg,330,736,416,481,533.0,448.5,406,65
ViShMdufTam5R_jKwufJE1m1w_u2vsH4.jpg,396,1007,479,582,701.5,530.5,611,103
ViUudVxmRx8YVE9GBtK9iwaqeXMTznu.jpg,423,852,420,505,637.5,462.5,429,85
ViVdlIoP76O7IKCUJdhM64NGI4WoER6j.jpg,300,759,431,506,529.5,468.5,459,75
vJ3BIKrCMqsHutCclIIXqjQ5ZnHXa5SX.jpg,334,753,419,484,543.5,451.5,419,65
VJ3xwUDePoQvXKUzcgFR8ZIIxDch_ti.jpg,410,909,482,556,659.5,519.0,499,74
Vjmo_=uk7W4ng7kEhc6f1bEZzdqQGQJ.jpg,364,844,437,515,604.0,476.0,480,78
VJNN572_B8FWyW6N7m7CISZcOQzym.jpg,409,889,470,546,649.0,508.0,480,76
vJO9XKYUKuIuaroOciKLGfZgaR8xydi.jpg,394,895,451,526,644.5,488.5,501,75
VjQCSFg6oMfSQ9fM8Ciak2OukHDjd1j.jpg,429,919,449,523,674.0,486.0,490,74
VJtep365TFOx1hYUOlMshhXXVTJis.jpg,325,745,422,502,535.0,462.0,420,80
VJvVspX5kuCZKgajehC12w8DsEXufgo.jpg,322,714,471,536,518.0,503.5,392,65
Vkfd4TLS6MEubp3zxDIbiyxx1vXMc_Qw.jpg,491,834,454,519,662.5,486.5,343,65
Vkn9d5=oJiNka3dyNv2MoB=9TFFgM8Z.jpg,290,898,493,582,594.0,537.5,608,89
vkp6f=8yIyUtT2gY2nfwENJWkW46zOt.jpg,312,890,480,559,601.0,519.5,578,79
vktenF3mJsaqY_FYLxm2Q8fhouEMccG6.jpg,273,681,452,515,477.0,483.5,408,63
VKUzXTldTk4rqjcuE5f45uFgSbjYTVUb.jpg,374,675,441,498,524.5,469.5,301,57
VkwILxkOzjJ_yexV1GFweXaVWzBI=Pc2.jpg,443,889,430,499,666.0,464.5,446,69
vLCH8E6PtNnkKz9zyPC3vMi2nxCPyaCk.jpg,491,760,422,474,625.5,448.0,269,52
vlcoYZzqgx4D8Fsz2DyI7qBcLMQDrEm4.jpg,493,762,423,477,627.5,450.0,269,54
vlk=ga_y3ZG6hfWopvMX_xE31PEZz=x.jpg,376,794,445,509,585.0,477.0,418,64
VLLBG8UulYgmlkNDeWhXxD7_Hp2rrK.jpg,453,853,412,474,653.0,443.0,400,62
VLpm5NZUafyWECx1MUDBI4EXjm6lP.jpg,387,823,425,493,605.0,459.0,436,68
VLZH65itxEqQ=kzr=4mszd_isvr=k.jpg,377,706,455,517,541.5,486.0,329,62
vM6EWwlHR_vkcWkUXTom8j_oTKaXViv_.jpg,410,828,423,493,619.0,458.0,418,70
VmDvYLXRL3oDPaVzbCHpxazQCn_sUa.jpg,432,878,436,506,655.0,471.0,446,70
VmEn=up7RdBuN8J4TJiFslfaBqyB8fC1.jpg,364,833,439,506,598.5,472.5,469,67
vml_7uxKgY2zixE_TU=FeGjrQu2fx.jpg,378,982,520,622,680.0,571.0,604,102
vMNbatQM8lFrx3RzhmxwF2R3tkhwvq.jpg,365,985,494,590,675.0,542.0,620,96
Vm_DSOvD4I=qlOS=TZ5rbPmi1qj3f1lJ.jpg,354,807,430,502,580.5,466.0,453,72
vNiipmfc7fFdKh4z2Wygqyx1zdHXHI.jpg,442,903,470,540,672.5,505.0,461,70
VNRhFJxja4n=OclPqlsPPniUiCE_RR_.jpg,433,754,431,493,593.5,462.0,321,62
VnyuefEjaiChKsw2Y5onyrMiT61N7tq.jpg,300,771,431,503,535.5,467.0,471,72
vOBWcu49t1dVjO3p1figvTJoN4zjpVap.jpg,442,885,451,522,663.5,486.5,443,71
VOLMVKjB=hXg1KEmeybRVte5Wm73q83I.jpg,422,836,421,489,629.0,455.0,414,68
vOm=5QMLDbY52=2JNigGvHQ2eIeV8v.jpg,417,931,453,551,674.0,502.0,514,98
vOWOToQsnkUIWiWInxd6TcfVClHOELR.jpg,371,1198,625,749,784.5,687.0,827,124
VOWquZTvlovcgc2ZNtWY_8gL_bwvG9F.jpg,408,810,417,489,609.0,453.0,402,72
VoYMQkZTyWWmIJUvHPK1jn2XjNC2RK3.jpg,224,937,499,604,580.5,551.5,713,105
VpByI28=VeI6DxicZusxSV_4wpMbSsR.jpg,462,863,444,514,662.5,479.0,401,70
VPgdePQWzuPu6qTimyn9Fc7Q=kIeZVU.jpg,483,754,423,477,618.5,450.0,271,54
VPlxnaOhsZ72fOLDTwGJd_cSWOzeiKrZ.jpg,501,812,460,521,656.5,490.5,311,61
vpOZl8PJnDTBhdXGP8r694I_XD6Veb.jpg,380,761,516,584,570.5,550.0,381,68
VPPpOQ83T195JQkhxJDmbZGQuMBK6rnZ.jpg,507,818,436,495,662.5,465.5,311,59
vPQUQ8YClWi1OK32YkJpg35QWvg_zJ.jpg,396,944,501,586,670.0,543.5,548,85
Vpsr6=9mO_F=RrsNukPaZuR2NmOegR.jpg,420,852,420,507,636.0,463.5,432,87
vq3BNMwksUwNV47a4iixzgpigzeMJFtj.jpg,382,872,484,557,627.0,520.5,490,73
VQ5jKakd5HSI_Izo=uYTGEzQNbgpoJa.jpg,382,834,438,524,608.0,481.0,452,86
VQGwBw53ceqqcqJQvHpHfvgi1OVEbCj2.jpg,398,783,409,471,590.5,440.0,385,62
vQiY_CbSYXCfa4dzCiyK3mGVqbuTz7D.jpg,451,880,430,496,665.5,463.0,429,66
vQMbsQHtczFxt=ZzgDjW2a_zVq47DDj.jpg,336,849,453,526,592.5,489.5,513,73
vqUknVxbqDqIf75SvXpfcuOeLrX67XMb.jpg,447,906,438,508,676.5,473.0,459,70
vr6rbURMYmT=Dw5VaPhYXHIpShJEH6.jpg,344,876,456,533,610.0,494.5,532,77
vRniEfdWCbmrqjgH1qrs_Ls_M3qg.jpg,451,1052,520,614,751.5,567.0,601,94
vRpDy2k6hvJMG8ldgvk=4RJIHY_YfJM5.jpg,281,782,459,533,531.5,496.0,501,74
VRUtI7prKyDy5oGDD_lJ6w5tKZvXNn3.jpg,375,834,429,524,604.5,476.5,459,95
VRy1uchK=4c17KhlEgrG5msY1zcdv.jpg,320,742,423,489,531.0,456.0,422,66
vR_n4_oKZck_21_TqrFmQn_N=RjSMWM.jpg,350,797,479,558,573.5,518.5,447,79
vS1ZlxU87F4_54I58g6LNuFYw1=Ob_G.jpg,440,793,457,528,616.5,492.5,353,71
Vsju8iyCpWtiz7GsnvJWcdv4an569eO7.jpg,378,835,418,508,606.5,463.0,457,90
vSle1T7djItXt6XDy=l5MliPrGJVqsbQ.jpg,314,749,425,491,531.5,458.0,435,66
VsSKtH2W77ZvS3DuyjCHH44gErpJhmUZ.jpg,364,955,513,600,659.5,556.5,591,87
vSu6SHBBtqSMmQmW7xxu_i_5ycEp_K8k.jpg,450,882,420,493,666.0,456.5,432,73
vt1HXNWOXEKRUGGuK22d3LU4cHooIXhO.jpg,346,800,456,520,573.0,488.0,454,64
vtBMoLsMo71ghMgLaXjjnnK34rVroVn.jpg,472,858,439,503,665.0,471.0,386,64
vTifvXxaHgkZWQXMyBhZiuLM8QvMq.jpg,382,844,436,506,613.0,471.0,462,70
vtlfb6hyX4SNjRjlrO5Ot=3PH4iT3zi.jpg,401,818,426,488,609.5,457.0,417,62
Vtm4PkR_pJobl3=7YP6PbgOLYxUMfa.jpg,381,797,412,494,589.0,453.0,416,82
VtVeZq1=VRKY3EsULm1BdQ5DXCLxCX.jpg,382,868,485,556,625.0,520.5,486,71
Vtx326NIaFNQ2jcTb8djgMqkvGBFhCV1.jpg,295,756,425,492,525.5,458.5,461,67
vUCc6Jequr6KHCVCX2Hoyb7VBuyNi8X9.jpg,477,758,418,473,617.5,445.5,281,55
VucFpVvdE=i9jcUnM4ICq4W3lhzI2ZJ.jpg,330,939,533,620,634.5,576.5,609,87
VUClBv9GamG7khH27ROmGe2kM4KHBP2f.jpg,425,745,472,533,585.0,502.5,320,61
VUOUIqCS1CuLZQoTQVFN1DIDqjxRmOh.jpg,470,772,437,494,621.0,465.5,302,57
vUwr8REx5VOQVuWwxWLdVvNazV5PGuB4.jpg,256,823,505,584,539.5,544.5,567,79
VVey9gzPLxIXWROjnSjfIBInq6sBSZ=.jpg,416,757,479,543,586.5,511.0,341,64
vVgfX6SnkbXvtHDUlVMON7SpNuX52eSw.jpg,342,672,433,497,507.0,465.0,330,64
vVLjy7dus1=eS_LSirrF_UHbZu63.jpg,444,831,439,505,637.5,472.0,387,66
vw6aUljYJhHa9h9n8o_dIaPNhlshPF3.jpg,458,797,477,543,627.5,510.0,339,66
VWmGJJjlRsRLtXg_8DTtux23JwZ8d_.jpg,336,894,475,553,615.0,514.0,558,78
VwO2ER4E7gDs51WIMYd4VfJeyoQgqGv.jpg,447,877,440,502,662.0,471.0,430,62
Vwp58ZwXaOXKOPdadY31DBHlJIqD4nLC.jpg,350,734,409,471,542.0,440.0,384,62
VwTPZt_zxZ8VUVPLDJfPQBSiiPqphzKZ.jpg,377,831,426,517,604.0,471.5,454,91
VwZMEY57eb2C1CgEBhFn5WBeEYlxFS.jpg,439,836,414,478,637.5,446.0,397,64
VxCREThyjowqmCleDlWZVL6ZYdsLNu1e.jpg,333,804,446,515,568.5,480.5,471,69
vXJm_Hf3HlJM4u4SMckTCP8vhg9OEHEm.jpg,421,814,415,480,617.5,447.5,393,65
vxVXeMro8eY5hww8lOLIdTNj3rdiOg5.jpg,453,1013,462,547,733.0,504.5,560,85
vxxNFCOJHOIEGrULfURf4wmLJ_LU=Rt.jpg,442,886,425,498,664.0,461.5,444,73
VXyPbrbvUfDkLUN8fxDeMy=Oa=rRhjHV.jpg,467,853,413,477,660.0,445.0,386,64
VY5dDYeITOs1LqodKpp7btMpat6wWQ.jpg,225,983,523,664,604.0,593.5,758,141
VyCaNGeEZxnJ9qpI17VzcEmnI6x3d_H.jpg,413,860,430,499,636.5,464.5,447,69
VyiSNgefP9BH4bZFFO8Ifz_N1IxsC2Z.jpg,538,1069,467,562,803.5,514.5,531,95
VYLiHwSJ4mlBTcdIK_NJEdP=Js_9ql3.jpg,413,693,442,496,553.0,469.0,280,54
vysnHmWepT4IsWPmf1xMMaTjb62XuNyI.jpg,325,824,490,560,574.5,525.0,499,70
vYXDsLIUQfhiBT74t=JQ3b_3jtPQnf.jpg,439,832,407,492,635.5,449.5,393,85
vZ1i__vKQW_3q8oyqP4OoBIJrea=NaFX.jpg,465,753,422,479,609.0,450.5,288,57
vZ1jt7Z_BcNbZv2J2wT7=ENn=K5qus.jpg,434,846,446,517,640.0,481.5,412,71
vz3r516hPUMOKi76b12rseaoQCwZX.jpg,451,834,440,503,642.5,471.5,383,63
VZ7X3sqIiRuMf9EVGuvRMfOc7sVjQbKL.jpg,403,890,434,505,646.5,469.5,487,71
Vz9XuHIK3K3XIciJ18pO4tGOJj4bNhF.jpg,191,879,516,621,535.0,568.5,688,105
VZBNWXFqRFqQU142DdRjyhulUTlMW39r.jpg,273,828,469,549,550.5,509.0,555,80
vzCenERxlywrWLkJPSnoqlzlbeIy3yI7.jpg,405,922,446,527,663.5,486.5,517,81
VZEf7E2DKwQZOpGC9SVkyOumQNfGqgIV.jpg,493,765,417,473,629.0,445.0,272,56
VzJVP=Wwg3yShEructhcxosoQvSs8uo_.jpg,258,772,447,523,515.0,485.0,514,76
VzO8j=7G3G_PLLyZEQpbtTVyEDFvURR5.jpg,347,777,436,508,562.0,472.0,430,72
VZqLXqs4boz1JRX=rjFOp=6Lce1BP1w.jpg,347,749,421,485,548.0,453.0,402,64
vzr6Zuuqel3jKzdoagpllr71GIc1vp4.jpg,457,834,407,473,645.5,440.0,377,66
vZTj_e3IhItRLTEuUV4Z73VG_4dvs3p.jpg,288,798,439,515,543.0,477.0,510,76
vzvpx5DS4Q2aWvN=ndkTIdGoSQTuO9x.jpg,404,939,502,584,671.5,543.0,535,82
vzvZspa2UxIHkkvgcLMhBXme8MnlNFHF.jpg,440,742,431,491,591.0,461.0,302,60
VZwha35nXZbWyFoF=B9tl34xDYYuGxQO.jpg,484,809,472,532,646.5,502.0,325,60
VzZXSasLvBDqY8jPRwOawIrYMxHUpZP.jpg,421,899,480,552,660.0,516.0,478,72
V_U5ciqQ6EW5pcvqF2b8yFa9u38gKGe.jpg,360,843,449,520,601.5,484.5,483,71
v_XcIm9GBvYko7g567IvkYz1cFwz1a1.jpg,454,853,440,508,653.5,474.0,399,68
W13gobuoTtETptqIvYf7QDRv3aSnxD.jpg,406,903,433,508,654.5,470.5,497,75
w1FRrNSSjeJpsQeLIM8XDEiVBmPYC3.jpg,379,911,448,535,645.0,491.5,532,87
W1JiF9iHLFCoTSbxwekSvEWZG_tkMO.jpg,365,844,481,551,604.5,516.0,479,70
w1Vcv8jzgCBBrk=n6nylgIy=2KWMuVK1.jpg,352,769,423,489,560.5,456.0,417,66
w1yS9F7nCQ88e3=ZRyk_l3UBUuztQ7.jpg,437,886,468,538,661.5,503.0,449,70
W27hdHn6aU7Fv6BnOJNbn9bTY7n2gU.jpg,383,834,422,487,608.5,454.5,451,65
W2jFuncZ8KgpDgJHuMlnWgT8z4lHPg.jpg,392,830,426,493,611.0,459.5,438,67
W2KGc3zsuHurTnOztmc8aKCD2oWUBYV4.jpg,273,812,468,547,542.5,507.5,539,79
W2oOfu2Jd=YkMunz2r=nhIppams7Rt4.jpg,331,757,428,491,544.0,459.5,426,63
W2QBUdRlZQzxulyKwLixD9hvTxZ_=nD.jpg,443,853,449,512,648.0,480.5,410,63
w2Vv7mIUkNWb68uQRCzOdJDZ8hWhzwTi.jpg,471,866,412,484,668.5,448.0,395,72
W2xaXdzZ4GSpRnUOO7_mHRsQNcdudP8.jpg,380,891,457,539,635.5,498.0,511,82
w2xQD3zykd8uKvx5DxnmTFZVgBt2SMR5.jpg,454,858,407,498,656.0,452.5,404,91
w2Z5UT1q2Q4ec33Oi1Vj2E=YSRxJqimz.jpg,454,834,507,579,644.0,543.0,380,72
W2zlnriRFNbQfik52WKlgepd8q4m97dG.jpg,178,780,488,580,479.0,534.0,602,92
w3BeEBGzB3Wkzk3OZRvIGNeLCON6tdN.jpg,459,861,414,488,660.0,451.0,402,74
w3DaecsKdn9FDd_CdEjHoPwNX=feqGN.jpg,421,827,416,480,624.0,448.0,406,64
w3edBWp24adkIIUK31QJ1uDY9UWjp8z.jpg,433,838,446,510,635.5,478.0,405,64
w3EX3FSpDuHGrM23VRp4YDzzmL6nz.jpg,402,687,433,489,544.5,461.0,285,56
W3Jw_avoPXVXew_K9tbgiSFpwgKlBF1.jpg,442,860,420,496,651.0,458.0,418,76
w3TGi6kSbRka4yLSpC9i3SC27qV4PWRg.jpg,413,817,418,485,615.0,451.5,404,67
w4piURGiciikeNUlUw64lYKGogKN.jpg,338,776,434,500,557.0,467.0,438,66
W4QC8=u1IWIkboDJ9Vr2uTd_9pMM_yMZ.jpg,277,829,505,586,553.0,545.5,552,81
W5eStu3WtUnS_q1ESo_=ZvojVt8WGJUG.jpg,314,875,470,574,594.5,522.0,561,104
W5oHik7stb4UmMWgPmTdynR7uMesV4T.jpg,377,831,435,507,604.0,471.0,454,72
w5Q88zpFbdrSrIkSiP9ZjWSL2HEhf21D.jpg,322,834,489,563,578.0,526.0,512,74
W7i139pFhOJvWq1MXqIvCKLUyJBElFVT.jpg,331,740,450,516,535.5,483.0,409,66
w7j_SDPHip5eQrraDdSQiO9=_39Rzfw.jpg,302,918,499,594,610.0,546.5,616,95
w7kZ8nYCZU6LvKSZtdxsIGT128iLiCb.jpg,373,927,515,594,650.0,554.5,554,79
w7yn9jqZ_InbiWarBGBS6q_tU361F.jpg,418,914,451,523,666.0,487.0,496,72
w87zLTNCVU6SGuPyOPrKyDt6xSiGVaI7.jpg,315,897,479,563,606.0,521.0,582,84
w8atX6smuT7HoBFe1sUWXxgUcT8L32.jpg,426,863,451,520,644.5,485.5,437,69
w8dUkaQWbhZet4f1N51_a17puBfMfbBi.jpg,438,1001,513,598,719.5,555.5,563,85
W8EZETxLsvKzgEdTHrxnDRT_Y=1MKo.jpg,368,928,484,566,648.0,525.0,560,82
w8ZnyniwMgik5LuvCxu35uM1c9SgzW4.jpg,280,777,490,563,528.5,526.5,497,73
w97vmTokRJKmtre9nh9qZfwV5LkmEk8.jpg,372,947,472,577,659.5,524.5,575,105
W9fI_yzrSMmGwXQ9fWu_8g4DikF1h9S6.jpg,344,769,452,513,556.5,482.5,425,61
W9JsmsDKbnCty89O6IHxnKC6iO4u=LWs.jpg,270,928,528,627,599.0,577.5,658,99
w9l7pqBInOj4KPnkYHcvD93EMxXswp8U.jpg,348,879,461,546,613.5,503.5,531,85
W9nMvpCcvziEevjI28F_gNuYb_8vcrsO.jpg,456,859,450,512,657.5,481.0,403,62
w9PoebfbCZKOCTFbpgXwdsNZ1_rZv7.jpg,336,885,467,549,610.5,508.0,549,82
W=wGcd4VtOZJl6J6yOodfhHTQSxKlcj.jpg,345,914,520,600,629.5,560.0,569,80
W=Yr3Lu4XgC4q9ljvGyyOkRvbhOhQ3.jpg,384,802,416,501,593.0,458.5,418,85
wax_SnbL1PiC4anx=KNuMLFo2Grfg6OH.jpg,471,777,461,521,624.0,491.0,306,60
WB1mLL=urBkwBMiJrFEcjmdXceuOVTz.jpg,328,661,436,501,494.5,468.5,333,65
wb6HrLowQwmnI9OuYbdiKbSerP8ewH.jpg,460,819,473,535,639.5,504.0,359,62
WBroO7TKpM7I5yL4QfOt63Zf=XL_nJme.jpg,388,814,424,487,601.0,455.5,426,63
wbSPtMfqNXmKtHZPhw27SBvFQ33GulW.jpg,261,855,490,581,558.0,535.5,594,91
WcE24TST2HdXoZ_rob8d8neOodnloQq.jpg,481,855,455,525,668.0,490.0,374,70
wCRGzHb=TPjosGZjZ7K6z26cs6CnWajQ.jpg,505,771,411,466,638.0,438.5,266,55
wCRutw82qDLwuxJhN96l5=1dcnkYttY.jpg,393,809,422,489,601.0,455.5,416,67
WD3pdpYbvwR5PmdidpcDMhwfQrarXkll.jpg,401,910,455,530,655.5,492.5,509,75
WdetXFwKrJ2lqQKMCc4nJz5oXbxYEkc.jpg,503,774,441,498,638.5,469.5,271,57
WDhgSFiHo_iqknueCULhEK6PLrb1w.jpg,230,1183,575,707,706.5,641.0,953,132
WDJzSpUva1EfNMMj1rJ9uay8BNGWvD.jpg,377,810,428,494,593.5,461.0,433,66
wel7amwyGOM99_I4WsrFwraBRvKVTrBp.jpg,412,857,421,487,634.5,454.0,445,66
weOIo2zXlGWZWGUnR6Bfvb4QRc_ouXPe.jpg,355,774,420,487,564.5,453.5,419,67
WERUbIL8NOlPKNb2liGJ_yaHLzDsKM8.jpg,377,868,460,531,622.5,495.5,491,71
WeTkldPjqLKFqUnyB6yinbJoUTMRro.jpg,326,794,435,509,560.0,472.0,468,74
Weu7VdyHLWhBxTiFoDEhoq54J7lHJJOF.jpg,397,809,419,486,603.0,452.5,412,67
WewPms17pK9r9gzH9DvvoweNPu6aNZzN.jpg,330,742,449,518,536.0,483.5,412,69
wezp76JLwVpE6hIn1v8pJXHB8uRuhNZ.jpg,332,886,465,545,609.0,505.0,554,80
wE_6RFEMzogUnsEqoKnMYPdn3yQR2C.jpg,396,843,449,515,619.5,482.0,447,66
Wf5pVc89Sti7BgJx7r8P_kSfooiLP2.jpg,379,980,521,618,679.5,569.5,601,97
Wf=3FFLF48TVvBrXLgJ7yv334Dxs7.jpg,462,860,410,477,661.0,443.5,398,67
wFfoRJ1m1ZucNXQLYBxt2VVdwyv6xrQ.jpg,405,820,416,499,612.5,457.5,415,83
WFR1pras4CkfQiMMw=ETRKdiR6=9RFO.jpg,268,948,517,619,608.0,568.0,680,102
wFy5KfrIzP6t8v38M8fUmkinQGWvEl.jpg,353,899,467,545,626.0,506.0,546,78
WG8Bs817OQCYDUlycV3uUTQGLgo3MsJg.jpg,401,875,438,509,638.0,473.5,474,71
wgBIqQWnV_VZBplT8miwdeoL2YGTrwPF.jpg,425,831,413,478,628.0,445.5,406,65
WGfyVOFfZ6bNyHgoTL=EjuFOFtsphr.jpg,347,858,455,533,602.5,494.0,511,78
wGGzWBQt8axH_RvBolKCCzXSJvY868s.jpg,432,873,458,530,652.5,494.0,441,72
WGNinvRBTqQbjvHrgCF_BB61VdTpD2yx.jpg,344,776,422,494,560.0,458.0,432,72
WGPu33GDQuWtvdWubWHp7BzYrJTEtZjy.jpg,362,818,424,492,590.0,458.0,456,68
WHdyFQ=FtN2ZtMstFjxVDGsm7u8KPbB.jpg,404,815,423,488,609.5,455.5,411,65
whJ_cQndodW_u2LQEJ6GXiBbKdXo8B6.jpg,446,899,431,517,672.5,474.0,453,86
WHOL_2Yms3QUuJi6wZFy1stSEvmQcOBk.jpg,466,856,442,507,661.0,474.5,390,65
whUEmYrC3Tfl8lBOHLkrakWt5amEmWwN.jpg,445,878,454,519,661.5,486.5,433,65
wIB7olBmSvmjC7qFSadsQvvNp9VkCy.jpg,423,829,443,511,626.0,477.0,406,68
wIHTCgnfRWYsEjeTcy6C7c=wgm3Zs.jpg,428,905,437,510,666.5,473.5,477,73
wIQt9zhaWDwPMZkaKuQi7XPv5LgG_7V.jpg,415,830,448,516,622.5,482.0,415,68
wiuln3Sul=TpByUNu1rfPYkkfXBtrbbq.jpg,487,868,458,529,677.5,493.5,381,71
wjjK7KEDsthKipOH=u_1Z3q=I8Ct=6NY.jpg,409,808,452,513,608.5,482.5,399,61
WJlXgKY9ayrXRtuSGcU=OUbFsnpXW8X.jpg,348,854,448,526,601.0,487.0,506,78
WjMafIPr_Ns_y9oClCJbGvFPQkoFXLWc.jpg,295,866,515,601,580.5,558.0,571,86
wJRym=M18_qBbEghuF9qRh5aHzTu3wqW.jpg,386,659,424,477,522.5,450.5,273,53
WJSf7F3bBxGVXDLcrpExq1zsXudDzzQs.jpg,375,925,462,548,650.0,505.0,550,86
WjTwjTtnvnJQMrtEbLVM7cDoQ7suo.jpg,388,812,423,499,600.0,461.0,424,76
WJYv_uKbldh57rLHpRnHcy2=SKkNF.jpg,391,928,463,544,659.5,503.5,537,81
wj_F9z5ejXnd4YgwLMZxmLX2aMe_QHoP.jpg,390,830,420,488,610.0,454.0,440,68
Wj_uvyjev6ckNsO_jbEMFMVZsODc3GOS.jpg,444,874,450,524,659.0,487.0,430,74
Wk5F=UP_GT2EEuIXJWXntI_GEGjCeId.jpg,398,841,439,505,619.5,472.0,443,66
wkaMC1GKy2lMDdzKdVMo13=EqtntM.jpg,427,761,471,535,594.0,503.0,334,64
WkEeyhLuNzL8Wa2YQ2FQYUvzRefgS8p=.jpg,222,1098,564,696,660.0,630.0,876,132
WKnCGjIvEVPVMrd2GJqmufSqu9faKThC.jpg,382,888,450,529,635.0,489.5,506,79
wkNcNVBWnSiiFSpLkS7bkUoXkMmuULOY.jpg,301,794,433,509,547.5,471.0,493,76
WkUKEYFD9Wdh_=KcLHcZPdLSl4Gy8G.jpg,497,788,430,488,642.5,459.0,291,58
wKUNd3WFwdOUqOiISx8Z5JH8uUMPZL.jpg,397,911,455,546,654.0,500.5,514,91
WlbiLIGH_VwPNHDKOI31IIzvg3WMvJ9.jpg,429,848,451,519,638.5,485.0,419,68
wlcwEIaKZC5veilyvXmLufahdDDzFMM.jpg,407,895,451,524,651.0,487.5,488,73
WLegK=RiPitHacJCpThGIBRV626Y7Wa.jpg,342,753,423,487,547.5,455.0,411,64
WLJwuhU2K3QF_uwbw78N=iOZzKb9uUj.jpg,512,782,421,474,647.0,447.5,270,53
WLK3vF39u7X6sjul_HTwssthB5ihKsn.jpg,468,834,470,538,651.0,504.0,366,68
WllhJR7hcYSBVJmoPQuXMEGtrO8scbg8.jpg,475,778,434,494,626.5,464.0,303,60
wlNOPx71YwsmPllHXpzrZx7qvNC=ad.jpg,450,749,425,484,599.5,454.5,299,59
wmDY5Wr8ytop7WIZHkuEvxXRqYVmGz.jpg,337,884,472,554,610.5,513.0,547,82
WMiMEKs2fwCxpShuJS9ugdEDkD6hzzv.jpg,349,760,419,482,554.5,450.5,411,63
wmjMFaXjXUMXQcaJskiXUdxSZj886.jpg,341,857,428,527,599.0,477.5,516,99
WMNCQhT1ypxy8PWWQXr2lyj3B1pVNvm.jpg,327,881,464,548,604.0,506.0,554,84
WmVYG_LmISfHvkLuHynG1rhsHR=hltIC.jpg,311,761,425,493,536.0,459.0,450,68
wmzBEZMT1KxOpNIwvES8ejUmbrKu95a1.jpg,513,809,448,507,661.0,477.5,296,59
wn1reIbDtlLd9agBWGfbK81Pf7=R69N.jpg,422,906,482,555,664.0,518.5,484,73
wNj3rkpPEd_gFhVtEsSUMPmBX2Is.jpg,392,815,417,480,603.5,448.5,423,63
wNsqvLI1vMyWSl9tTTieeLhBWT5b6YH.jpg,451,856,445,511,653.5,478.0,405,66
wNsUd_JwbHc=GtNJdTirEDiLehMa8S.jpg,374,780,442,503,577.0,472.5,406,61
wntarXK7RXZD5ILdSqBw1SWiL66ESPM6.jpg,357,968,518,613,662.5,565.5,611,95
WOI9EmhI87ZzRnoZNJ1kyalaHU5MIBd2.jpg,357,903,469,548,630.0,508.5,546,79
WOiVBNTDY3NXHxVlncBIJSogHPt=Ty.jpg,420,835,447,515,627.5,481.0,415,68
WoJQiX=gYTagRSSKEK45vcEQrmkQE3q1.jpg,359,866,436,514,612.5,475.0,507,78
Wokjh5kzdmXL7cPkkf=5zc1T2C_WMEz.jpg,459,1003,500,585,731.0,542.5,544,85
Wov1r6N8zCk92ElY4_p75gTJw4s5Y.jpg,391,893,449,526,642.0,487.5,502,77
wOwoDbMoCdaLZNoueg2MN7PCxTCGSIP.jpg,369,899,497,571,634.0,534.0,530,74
wP5S27KW4ZdHkoHbKpxvb_hefR1zMTI.jpg,432,876,425,499,654.0,462.0,444,74
wpiWggVVaCGwUXoosKEuqjttP19wnk.jpg,277,905,498,590,591.0,544.0,628,92
wPJgSPI9Ziyjm=3s=v8L4gmfB8kzqlf.jpg,343,804,423,498,573.5,460.5,461,75
Wpy6GJOIe9yXzujDtLkSuTzQElF4UlVq.jpg,393,819,422,492,606.0,457.0,426,70
WQ=hr2zXcQ19IsiDuqF9Y9XfHlL8VGx=.jpg,372,911,453,558,641.5,505.5,539,105
wQCXIXXII1ncne8ogrL=Oz_KykekTKHE.jpg,436,922,480,553,679.0,516.5,486,73
wQF_iSGu5Qsse9fmRFfyevjD5ItcL2wi.jpg,421,849,424,491,635.0,457.5,428,67
wqOksq8bYFkUjNgM8RnVHKsaoZdK1cQF.jpg,451,734,430,485,592.5,457.5,283,55
WqQVeMQjidt3rfrMif9ovOJsHwBbaib.jpg,364,917,455,569,640.5,512.0,553,114
wqTbdzZNFnMeJ23CQWcpGwwRHzRrfnT.jpg,289,927,499,592,608.0,545.5,638,93
wqxPDmimhT8=79DshfmsDO4t6QLsau7Z.jpg,412,860,430,516,636.0,473.0,448,86
wr3OBgbwyidJYt6ShxUMJUlpbCQbF.jpg,408,842,427,495,625.0,461.0,434,68
WRE6KFZup1VLKzDTaRFTO2nQ7k2lPKT.jpg,382,819,434,501,600.5,467.5,437,67
WrFSdbbzSWCf1PIiMxx2LGK=gpGGWFW.jpg,330,866,459,552,598.0,505.5,536,93
wRkBwJBLBBj22S94Kn6bzVO1efnbuEU.jpg,410,886,470,550,648.0,510.0,476,80
wRqdxwHKPzmBxzR7BiBUuUZahuLwkiYw.jpg,344,868,460,534,606.0,497.0,524,74
Ws1aeaT=KR5_2U6HJGLsbmHgbYxmNzN.jpg,420,747,472,534,583.5,503.0,327,62
wSOmcdVgK6sLPNZroeRuyhwpUH2u85Zw.jpg,330,897,520,598,613.5,559.0,567,78
WSVeDiKIVcdkHob5nCut79WLSBvBx7.jpg,224,785,472,552,504.5,512.0,561,80
wSxoCKMmDL=8FED=lE3O1zXhIEZV4GDz.jpg,478,820,471,539,649.0,505.0,342,68
wSxulHDGae8T_GujcomfaqiZXumsmpIE.jpg,368,821,424,493,594.5,458.5,453,69
wsz2ZodzndujI=5jJqmOidh1UCvgkP=.jpg,144,868,540,659,506.0,599.5,724,119
WTd2gX7u38sujRJgnQrKC5WdCnRZzzy.jpg,416,703,428,485,559.5,456.5,287,57
WtEPB_FDPg8gK=bOKDXpBCPcqS2xaKI.jpg,417,686,417,471,551.5,444.0,269,54
wTprqqPs1yJi1V9=dMcivuXkhQP4c.jpg,497,950,458,529,723.5,493.5,453,71
WTzfRYrXjkDkNa8hH8M7hiHtdjVD.jpg,480,829,462,530,654.5,496.0,349,68
wu3ZreZI9kJRM9RQDRg9fXWtXRtxGhIw.jpg,284,770,440,518,527.0,479.0,486,78
WU8qduXJ_5JQNIqhEBpn=mqeDPFR5Ss.jpg,414,711,434,493,562.5,463.5,297,59
WU=D3W=iy71cwpqtmMqEjQ32moeKocO2.jpg,360,755,419,482,557.5,450.5,395,63
wUBe7DFaMs29FnVTQoxbqbcxo9WyfbV.jpg,374,840,443,513,607.0,478.0,466,70
wUBQJP5tLboCU=Vw3ZXdm5s9tDXglMB.jpg,484,897,491,565,690.5,528.0,413,74
wULe=GTZoXvVd=jxV4QKBODPZH17s33o.jpg,347,867,461,548,607.0,504.5,520,87
Wums98pZePbByenk4KEYY39zBUyhZTi.jpg,474,1077,487,579,775.5,533.0,603,92
WUO8jqh1_aGSZUZMnEglJFxzsHI4Tv.jpg,421,812,513,586,616.5,549.5,391,73
WuV5xgTWd6b=VhhfYuonvX6nbVmGm8.jpg,362,842,428,499,602.0,463.5,480,71
WuZj2kWxuooIiCg1xl4JjHkJXwJd92S.jpg,459,910,462,538,684.5,500.0,451,76
WVaU99SdH1n_v16X3hTGr2KqsDftMzdz.jpg,438,874,460,529,656.0,494.5,436,69
WVfDH2KFnWqeT7w1Rol5n3JQMX4hxUd.jpg,335,662,468,533,498.5,500.5,327,65
WVqSoIBxT_tgHMNZ9C_HOl8Pb_Sr4.jpg,386,911,482,564,648.5,523.0,525,82
WvtILm6NOn_uMBBWEaPSvixJy7nKI8K.jpg,369,831,462,535,600.0,498.5,462,73
WVUT2PL4RXD1mkQfbr=QO9Dedzp8=Edd.jpg,395,751,498,562,573.0,530.0,356,64
wVVIkvKaOUfcY2xqD7_JdbHL_zdzfe9.jpg,445,751,423,484,598.0,453.5,306,61
WvZqFGay9WnN=gJgu9EShailnqFtC.jpg,442,840,419,487,641.0,453.0,398,68
wW=fu2jzS6X54lIdJUuHyGGg=__GLwfu.jpg,506,772,410,466,639.0,438.0,266,56
wWC_CGsOIgbclRRp_5oGsYXeqMbMnrE.jpg,352,788,426,517,570.0,471.5,436,91
WwilBagmYD_o8Tublyc43dYa6_mymFct.jpg,372,882,433,530,627.0,481.5,510,97
WWlgysuTm6mBsESwOF3uDLFf_q5LsOb5.jpg,313,808,451,524,560.5,487.5,495,73
WWMRyHIlKMHJtIBKFfSKFPt1PeMdGBy.jpg,368,819,440,509,593.5,474.5,451,69
wWNXEhMGp6P=nYx3n5bTkUDCsxt8=w.jpg,430,849,430,497,639.5,463.5,419,67
wwqnuBhZvpdHPvQb638U_rokUPcS843.jpg,383,886,457,530,634.5,493.5,503,73
WW_o=xRTHONXMZ1EITtos6SUNdcSZ.jpg,417,804,414,479,610.5,446.5,387,65
WX1U2IGa_XlHvhYeQD96VRm8XEqwV7gw.jpg,302,836,455,535,569.0,495.0,534,80
wXclZUve64F4kYjHJxWrhpgU_zI_cRX.jpg,362,764,421,484,563.0,452.5,402,63
WXICYOf6tPS9Fb6rVnOBxRpcRYSeKRu.jpg,387,785,443,507,586.0,475.0,398,64
wXNlcKoi=c75pXPWdv1RW7=dmZdh1k.jpg,326,701,445,515,513.5,480.0,375,70
WXt1DsDw1dE9nCbjsNg_SjSTNy9ZSwKh.jpg,309,764,426,494,536.5,460.0,455,68
Wy3TQfFI2aZtpndE998o5Rcerdi=TB.jpg,394,810,419,487,602.0,453.0,416,68
wYD95JkcrHePCS9XXUKv62HDZBEJzU.jpg,392,859,471,540,625.5,505.5,467,69
WYGo_NQtUXGx8FNI7=5CPhMP1UId1Zj.jpg,544,817,429,485,680.5,457.0,273,56
wYGTRQiScJPDTQWP5IpGPccsg9r8HZB.jpg,324,927,492,591,625.5,541.5,603,99
wyHTqCLkJ1Wp4pEFNNInXHj_rpIz2Q.jpg,288,767,439,515,527.5,477.0,479,76
Wz4yYk6xTPLfQuTsL5b5f2SXK1Tv.jpg,405,885,438,512,645.0,475.0,480,74
wZeiO5VCty4VZ9ofU7xbYQ_7beEDqlbP.jpg,372,817,431,500,594.5,465.5,445,69
wZHCExJgZ8qdasefVvF=Xp9kZNhOn8NJ.jpg,417,919,459,542,668.0,500.5,502,83
wzhp6EtGyI6dIppEDUqWzTiMkEmiPr4E.jpg,380,893,449,529,636.5,489.0,513,80
wZJM9DyFXjRKQ6cs1OMSBihMppWpYi6.jpg,278,779,455,528,528.5,491.5,501,73
WzTjivYFFm4BvYrM6zZvtM5wFD8Wqtk.jpg,428,925,485,562,676.5,523.5,497,77
WzvWLXNvNCSPup9Cz4aLoU7gnOgr9iCO.jpg,385,865,426,502,625.0,464.0,480,76
WZwv6rp9un1hsjmf=piaeFknOcxOctf.jpg,421,1001,517,601,711.0,559.0,580,84
W_caq8nR8slr2ahoFKR_FhoBnvpCRLDD.jpg,449,830,411,475,639.5,443.0,381,64
W_gBUfUs77nXEf2LaR8Hvse7j8zmfmb.jpg,374,793,419,506,583.5,462.5,419,87
W_gkqD1pD6Yz8HYVuLvKFqhJt4mzDjd.jpg,445,924,463,537,684.5,500.0,479,74
W_Kk=5oasOYqFpED7MI1SY2F3gkLsK.jpg,486,1002,491,572,744.0,531.5,516,81
X15gQso3OTnFzJRVkZ=YSWyIKzwGde=.jpg,383,818,418,487,600.5,452.5,435,69
X1OZW1LgZp6WWLnUgyOupXYJgdBIGXw.jpg,271,807,461,542,539.0,501.5,536,81
X1pzmjbxKBlijsBrOHMtrQncwVkLPD.jpg,298,760,434,508,529.0,471.0,462,74
X1sq4r6=Ns9xIITlVz=oUU9HVtv47H4=.jpg,334,742,412,474,538.0,443.0,408,62
X2jXcbmKSvEF9GRWXbkTsb5jjT=NJnG.jpg,427,791,499,566,609.0,532.5,364,67
X2OI4o14zKVvfl6mHgZwCjhNzdRRDFL.jpg,344,875,464,555,609.5,509.5,531,91
x385FDxxgt=i=iaekjuinh5S=9rz7ot.jpg,437,713,428,481,575.0,454.5,276,53
x3spxdOD3JBwMKIlvccK1X8LGxgYOTUk.jpg,427,857,421,494,642.0,457.5,430,73
x3UrobDsimm6VL2LnvyfHFyffmrXesMN.jpg,401,853,429,501,627.0,465.0,452,72
x43jpfKLWpQT22HViVatPJJ1Q4k3YTZa.jpg,296,825,502,578,560.5,540.0,529,76
X4I513MPaqoqzEOfHDb=gEmTHLXkB=.jpg,231,935,538,650,583.0,594.0,704,112
X4Q=fauOhVkBY5HLpoWtbP7umZeI7=8I.jpg,378,836,438,507,607.0,472.5,458,69
x5BDo6lg77vDSILETl7jZO3TOruOlzeD.jpg,404,808,421,484,606.0,452.5,404,63
x5L_u7e3Ivfu5XwtzxM8pDtObpcaXUf.jpg,278,760,442,520,519.0,481.0,482,78
x5rqKkWBQP6QdJumJG5Ft7B9jt4ETWh6.jpg,447,931,481,557,689.0,519.0,484,76
X64TbbIZ79NkG1rTxvpBIOKtS8R_7G.jpg,297,833,461,542,565.0,501.5,536,81
X7=qb_VpYjhf4Qub=wK7r4Fue3J3_7x.jpg,331,796,449,517,563.5,483.0,465,68
X8eb81adxh=uZLIH219XIc3tvbnFakF.jpg,391,994,480,570,692.5,525.0,603,90
x8PReCCwef_XL46f2447YwmsLfrut9SI.jpg,77,1084,562,689,580.5,625.5,1007,127
x9Cu6s88=Hc7H1muxpPWZ5zfxKnvOo=.jpg,286,799,477,554,542.5,515.5,513,77
x9J8bJCFVRRZ94lpnpr1zBSgGgxVp__.jpg,323,904,521,603,613.5,562.0,581,82
x9Vc5g_CUfk1MFQNXz9jllzvSN2WqCCI.jpg,565,957,460,535,761.0,497.5,392,75
x9z7xzJLhMSY_qnXtYGu9WaeGSc9q1d3.jpg,446,849,418,484,647.5,451.0,403,66
x=ReOOIPIcm93_bzOmL8RZso2yzJOWqE.jpg,350,745,417,480,547.5,448.5,395,63
X=rv5qPWxlk=PMBV5=xxkkyil48ReX.jpg,376,824,422,486,600.0,454.0,448,64
X=S3mpowLmpdKdfIfDm7uGtcoqsEGESp.jpg,376,820,426,514,598.0,470.0,444,88
X=V7DF6wzKQIsyhRPDr9SaWWKzG1CjFU.jpg,299,1128,568,698,713.5,633.0,829,130
Xa5pRQN7uaSp3avOwPFBSao3kfmpKuj.jpg,464,854,413,476,659.0,444.5,390,63
xa99rfZf8HMcbcLpqVOG9TkuBRCdvb.jpg,374,1054,604,715,714.0,659.5,680,111
xbgnBKrrRCzu6cDHdr91_MdMzEe1QupV.jpg,378,831,432,506,604.5,469.0,453,74
XbiZxmKT5mQsHKePUjEjFGRlWGfgN6H.jpg,457,842,490,557,649.5,523.5,385,67
XbmCaCvEHN2Mk79brB9vXWmuC3vmabH2.jpg,478,881,416,482,679.5,449.0,403,66
XbnhbF7Ixnih8m=cFCqdfcJOZCh9=kN=.jpg,229,841,527,615,535.0,571.0,612,88
xbpTMNtZcy5tvQSYE48evsXYZIs=phk.jpg,489,893,451,517,691.0,484.0,404,66
xbxnSrle6VHJ7hl4HUv1nBIWJMLopHJw.jpg,372,867,442,523,619.5,482.5,495,81
xc7eTa2mJlwo_8EjKmMsIE9maHw3ymcO.jpg,381,812,427,503,596.5,465.0,431,76
xcDbYWJREZsEEnG3vbOxRKWuQJmWGCNl.jpg,421,957,451,539,689.0,495.0,536,88
XcfdbcDEpFTg5HeL39nFdpwSXk3mid.jpg,445,803,489,557,624.0,523.0,358,68
XCfQfTaFnWkauF3Q2XVfNS=xHqhuXPp1.jpg,341,1061,530,645,701.0,587.5,720,115
xcngIDmHKFxWRJtdS5dNtNos1tSpimV.jpg,372,849,479,549,610.5,514.0,477,70
XCr3plz=GOO5Sva5OJJ7YSDzOL5s8s.jpg,342,848,435,510,595.0,472.5,506,75
XCZprIzWGvNgzxfM_E78yez2m2Xt6VG.jpg,377,816,428,497,596.5,462.5,439,69
xDckFjcd=hyVyc9DzGPcbCho8MoyB7C.jpg,431,914,470,541,672.5,505.5,483,71
xdFyw4JQKUcKFcoaP=UXiNlEzIOBMPJ.jpg,366,816,425,493,591.0,459.0,450,68
XdmmmSycJEHe3snIyBQ=2sc1yf9cnV.jpg,463,918,466,539,690.5,502.5,455,73
xdqKlHW5deYsIHTmD9J23lMkTtlDgbw.jpg,354,889,443,542,621.5,492.5,535,99
XDXIqyW6J9rJxGOnGgja9v5a=a_WDSJ.jpg,263,786,452,530,524.5,491.0,523,78
xD_wpEk8j6QvkZ9yjt1jom9fUyS8bx8.jpg,423,849,418,489,636.0,453.5,426,71
XediSPItbJG7gu1VnTOJMVsytkV.jpg,347,844,451,529,595.5,490.0,497,78
xedQaTCKHeT5vnBcEIp4yCH2xeja7b.jpg,394,905,451,542,649.5,496.5,511,91
xElBoz4Wec_Sbyc4MuyMc1Fp=jfkkJ1.jpg,465,868,445,511,666.5,478.0,403,66
XeRPL4WRpKMj1YhEWNfES3pB4gZuX.jpg,338,924,524,609,631.0,566.5,586,85
xEuEnBMnZjUEHfC9JHwsQiP_6tueZ6u.jpg,380,753,509,575,566.5,542.0,373,66
XFFViNbepbreLkVIsx_8pKss_bTapxD.jpg,394,831,426,495,612.5,460.5,437,69
XfJLUCpDLXhpHYETBjsa85HdINV5k4w7.jpg,320,877,461,562,598.5,511.5,557,101
xFpSh8r=UI7edcRUxcpJ9v5z2ibynd6H.jpg,430,831,420,485,630.5,452.5,401,65
xfYt31Yc318Jhg4yrEVi7oXUaSCPD3T.jpg,457,813,469,531,635.0,500.0,356,62
XF_mCDYDgth2FKmTiUNxTiWak3MJaPIl.jpg,407,801,410,489,604.0,449.5,394,79
XgBQytRikVPL5g9gqeYkn9CrVfo6aj.jpg,420,803,414,477,611.5,445.5,383,63
xgk7GHOljRdEn7oY_=MRjJMld33Db9gF.jpg,434,825,443,506,629.5,474.5,391,63
xGlScJ8u8WSY2jZqquXwK2xBLN7=F.jpg,395,822,425,504,608.5,464.5,427,79
xGO4bbTXkQ34PaKdnElodfWYCdvxZTZ.jpg,435,725,430,488,580.0,459.0,290,58
xGsyz=Kx=ZjJvZym4UTHf131qokln3pt.jpg,448,923,443,516,685.5,479.5,475,73
xGyUPEDmm3tNqnlp5bQ2VCXGMR1oiZb8.jpg,412,923,451,530,667.5,490.5,511,79
XgZBc_QYcthu7H2i9eJq=MmuyHQmVOzO.jpg,370,829,437,505,599.5,471.0,459,68
xHEPpsaFeZ9bc=LnirgmJmM4PGL2JB.jpg,341,739,419,482,540.0,450.5,398,63
XHf5lvFoFyeFLhjQtGVRImupbgfKJtk3.jpg,372,1037,473,571,704.5,522.0,665,98
xhFIerkevue662o7GEF7YSO2nWcdjSHv.jpg,260,1231,605,749,745.5,677.0,971,144
XHGtVZGsTwPxTEmrfb6vFFvakyzmdC.jpg,385,827,443,506,606.0,474.5,442,63
xhqxmVhggWVxlQhGRLyiZXu6jD72.jpg,399,878,434,507,638.5,470.5,479,73
xHW2LxcT44mOIfVzV7S9l_FZhwxII6R.jpg,407,794,413,484,600.5,448.5,387,71
xidqp_QTgn1W9UzW2mwVfRdsRfaEDG9I.jpg,397,837,458,533,617.0,495.5,440,75
xidToV_sl4GhS8wlOSt7r=6DXLPU84J.jpg,479,768,447,503,623.5,475.0,289,56
XIGKpzPbP_8VZ8RXQ5hXkPof6e3vjVo.jpg,271,1026,521,624,648.5,572.5,755,103
XimXCz39NEJhU9N4PKUxB6fsQGM2gN.jpg,406,754,482,547,580.0,514.5,348,65
xiUzfmRueM7hM8SawsYfCbjTjk_WQsF.jpg,378,966,528,613,672.0,570.5,588,85
xIY=T43ilXvKnoxO6JkY1Vd8xxgTDrj.jpg,474,806,468,529,640.0,498.5,332,61
XiYticU5XXg9chGwhNTntSDI4S6mT8.jpg,400,831,422,493,615.5,457.5,431,71
XjE5oyFTD8891xmvJtmUi21Ecn65vai.jpg,399,862,422,492,630.5,457.0,463,70
xJfLrzMK4EPWMG7Jx_nc29OghH8MWXX.jpg,379,868,454,524,623.5,489.0,489,70
xJH6MgGkuPDDORsrhwTkl1oJk4=1JVU9.jpg,404,1135,521,640,769.5,580.5,731,119
xjrnvU1BVoIOwvdcoTLGM2Jj6wQwgem.jpg,392,873,431,506,632.5,468.5,481,75
XjtwLPqiP6C5ddWGBMIGxbCzNV4rPY.jpg,414,1053,503,600,733.5,551.5,639,97
xKcy5yiXkzQ11WxRY_e5QmVCZqHl_.jpg,464,912,423,512,688.0,467.5,448,89
XkFRo1TRnLLW6LvCz6CJ19zY5Cu62o.jpg,411,888,445,518,649.5,481.5,477,73
XkKVNBT8JG=plYrdtdLx1fkFM5P6bHS.jpg,305,1088,563,688,696.5,625.5,783,125
XKN_DZ_2EhILoD1=H=nVkotCPIyVng.jpg,329,916,471,561,622.5,516.0,587,90
xkv9pkDgdxe8FK7J5Qc33hTk4HDj9_.jpg,438,920,480,557,679.0,518.5,482,77
XKyIe6oWm7S_xYeMoy4qsBZ4jr2LNQi4.jpg,382,823,433,507,602.5,470.0,441,74
xL2NHORG=kvSpvFvNsKqjPUy_7gO7F.jpg,411,858,436,504,634.5,470.0,447,68
xl2rSXOi8iZYpM75KP=o4C7krsel_R5I.jpg,409,830,417,482,619.5,449.5,421,65
xLhgUkMMq3zT9RCtTtuXTn1jaPOVhLs1.jpg,440,851,462,533,645.5,497.5,411,71
XljV62ZeHDilruBxYKhmK1tiwYJfnQf.jpg,367,820,462,533,593.5,497.5,453,71
xluqVRNC8wcCQxwrPkZJoyzmsgGgmfj.jpg,397,863,434,508,630.0,471.0,466,74
xMEughfmN89xzGSUxGCEw2RjK6pvFeDF.jpg,447,801,464,525,624.0,494.5,354,61
XMghYoth6bIpoDd9msjdL=OUC6LnMeo.jpg,347,886,464,541,616.5,502.5,539,77
xMHypDLxPWkr8QO4tokzPlG3_Gi2C4N.jpg,457,827,495,564,642.0,529.5,370,69
xMLrxGhDsqOkeHwFwm_Te7WOCB7DvQO.jpg,471,792,474,533,631.5,503.5,321,59
xmnx_C33IDDOf29JKY6=XS=5jMMEn=r.jpg,401,853,432,508,627.0,470.0,452,76
XMQOFDIZwaIBLBoduL2NTr7Dtzrka.jpg,471,802,474,537,636.5,505.5,331,63
xmuGhypbfLThFuZwL63rrRiOHp1dxki_.jpg,368,880,483,561,624.0,522.0,512,78
XmV2RM86xJ9vSefXvuhey1utmQORSr5.jpg,421,854,430,498,637.5,464.0,433,68
XnC8jz6=9aR=sTDgmvlGdYSh4L12sF.jpg,197,1079,555,679,638.0,617.0,882,124
XNLY=txELQVCkj8ONs=jGzDWcL2TC8D.jpg,440,841,418,481,640.5,449.5,401,63
xnR3W2MpzhI9bbkB13NZKCJxfohBDS2.jpg,417,846,451,521,631.5,486.0,429,70
XOJlpc7q5ekjWkGJvdj7su2Tv6URx9sv.jpg,416,880,435,522,648.0,478.5,464,87
Xojs6To6Wkqv6g7fOUaM9NcTFvkMky_.jpg,516,816,448,505,666.0,476.5,300,57
xoRdCxGjULec49h8iiqFsx2ycdclyZp.jpg,407,847,418,510,627.0,464.0,440,92
xorsoYzTZ7_iQE6IivzUBnsbpsXWav.jpg,430,877,458,528,653.5,493.0,447,70
XoswXNQwnnES1kQxt59hU6KwEMYE9UTO.jpg,400,684,428,483,542.0,455.5,284,55
XOuyltYqP2srPnG=oKLEuncGPFlEbh.jpg,350,753,418,483,551.5,450.5,403,65
Xp49MJKOJcMXH8cmO8Xu6H7ebmP9iTc.jpg,388,952,461,572,670.0,516.5,564,111
xp9VlmF6gVgP_lXqkHxEZnJtuG7Ko=.jpg,392,964,476,564,678.0,520.0,572,88
xPed5cxvC73GqYNW45eS4kTlWcbZgxH.jpg,358,776,457,523,567.0,490.0,418,66
XpP7U2o6q9X4=aa5K92Q_sVRyhpWK9P.jpg,273,773,542,634,523.0,588.0,500,92
XpR7=WXifXrmNo7rHYmldgFPyIE2S9ah.jpg,365,824,433,505,594.5,469.0,459,72
XpRUgo8njrHjR31jm=k7vsEYpK84G7L.jpg,370,889,455,531,629.5,493.0,519,76
XPsC=TlaU4i6N5TpslkXvR3CDuBbEkJv.jpg,420,881,474,547,650.5,510.5,461,73
xPYMxgmI_3dqSDb6SEvPfvI9XmD2Nl5.jpg,430,1004,519,603,717.0,561.0,574,84
XQFdklu_b8aphUxwRmH=2UPbyi=fBxN.jpg,515,790,441,496,652.5,468.5,275,55
XqfQZWZ62zx9Fx_XELFe1nXVcvb1z.jpg,422,833,415,495,627.5,455.0,411,80
XQN3EaRI37_uFPGL_hqOK_TQ4wg7=.jpg,370,880,453,527,625.0,490.0,510,74
xQP1m6cweQBdwoP839zLQOxGODZhL=JG.jpg,395,897,489,561,646.0,525.0,502,72
XQTNvuFHiZYIq==KVLkFT_1rOQDNo1e.jpg,268,811,484,565,539.5,524.5,543,81
XQzNn7uwitOauDdHegczrTxjCde7FGbJ.jpg,457,853,414,478,655.0,446.0,396,64
xr2do_xwrrFdN=kcBv38ZRqQ4BWm=iZ.jpg,405,922,462,542,663.5,502.0,517,80
XrCF7aeDUUwaK24lFrXeH_aGWmCS=mz.jpg,471,895,424,489,683.0,456.5,424,65
xrLUiSSo_mNONy3nGxfMRqMvXxX=1hh.jpg,511,771,416,468,641.0,442.0,260,52
xRoNYGPFijajaOtBE8TDTOwhF6xllZ9.jpg,309,986,513,612,647.5,562.5,677,99
XrT4RnXJ9T9lCuNlM3WVzM9E4TDeQJd.jpg,376,691,444,503,533.5,473.5,315,59
XSdUHoWOnoM2V2eXQvLmPCQOFBtJp.jpg,355,839,446,521,597.0,483.5,484,75
xsHj3POauUGglasbBD5W1XqKDraJrPMb.jpg,434,725,432,491,579.5,461.5,291,59
xSKi=uQaKE3ZgjgBdQQf4DJ_FhzK_fC6.jpg,420,834,418,497,627.0,457.5,414,79
XSts5jqZPSUUXeBgwXDYsnjxwLQclF.jpg,394,824,427,494,609.0,460.5,430,67
XsusEGiSGldReO8jSLoBzDVTBBlmhgh.jpg,490,949,465,546,719.5,505.5,459,81
xsYYNe2Bes5S6Znrwmcpo6Ou_cmyVjg.jpg,405,840,427,496,622.5,461.5,435,69
xT6V6=SyeMX5RSgMgpCYPWGSzGNXVOW.jpg,239,800,465,547,519.5,506.0,561,82
XT9efoUPI3qgz1RQHokclnxFlpJlP4Q.jpg,418,897,445,514,657.5,479.5,479,69
XTB79tZFY3ceT=sUN=th98Rtwjd545y.jpg,419,798,435,507,608.5,471.0,379,72
xThHf1uuW5eg1nXgbkUpRQfHbhfEguTw.jpg,575,907,462,528,741.0,495.0,332,66
xtlpRn=in49PcneoRcRQyVrsdG7CSp.jpg,329,815,448,522,572.0,485.0,486,74
xTPpHwZNMoPBuIsFJgeZRbYejZDpRK4.jpg,396,1000,478,568,698.0,523.0,604,90
Xttrrpt5D8FUDZaQG9SLDi536RDIlizR.jpg,394,806,417,485,600.0,451.0,412,68
XtuF6txY8_GJKXYISR7swh4kChuFL6s7.jpg,343,787,469,553,565.0,511.0,444,84
XtW4FDls9_gtmoKN9hEj1QplxdD3gMs3.jpg,395,799,411,472,597.0,441.5,404,61
XtwbCBIlm7y21v6RXKOiYGunrsBMSf.jpg,468,961,480,553,714.5,516.5,493,73
XTWdaypsdhluZ8ZY8MRSSSzFJpFqTwvY.jpg,412,802,413,488,607.0,450.5,390,75
xtZ8oiDKcXUfgyHl_q8Fau7smCET.jpg,469,915,422,510,692.0,466.0,446,88
Xu5Z3N95cyORcl3RD3TxXBGLnNEn.jpg,411,917,489,565,664.0,527.0,506,76
xu=8LWI6RCIBWyf=EmwLbeSFm_FOEEu.jpg,506,846,476,541,676.0,508.5,340,65
XU=WGd_efQWGpks6_Sz55wGu2YpfcSM.jpg,390,888,445,540,639.0,492.5,498,95
xufxWhlshHnRWXocL8_ZltiB_yck4.jpg,414,834,424,490,624.0,457.0,420,66
XUHgsH3levbSXWObes3oB1ofQ=wzi4Z.jpg,406,864,434,505,635.0,469.5,458,71
xUIS9EsLadQYu_1ycWVwYQrd6fISlYIq.jpg,356,870,458,544,613.0,501.0,514,86
xUjNpuIizFkJwci25z5c9b6rz=1f1E6.jpg,477,746,415,468,611.5,441.5,269,53
XummMY=R4M7vR4hD3qaqcpnZoxU6.jpg,421,814,414,477,617.5,445.5,393,63
xUwKpE4=zeV9YzStgc6b_yqWRcav_ng.jpg,376,761,446,508,568.5,477.0,385,62
xvcCBybPI6seDHc43Xxu2Uj=o3Kt4dMI.jpg,270,783,450,526,526.5,488.0,513,76
xVCDSgRwYlnrPYK5erR4nOkI=INdCC.jpg,436,860,425,492,648.0,458.5,424,67
XVgr=VBsCSWzzWuBs=H3V6LdtGIjaOv.jpg,504,832,469,534,668.0,501.5,328,65
xVj8X=tFBSTK8CGCgpeFDpGkfd9TM6l.jpg,317,890,468,563,603.5,515.5,573,95
xvjLCdReuxQfHIDXvEYv8nWWBfwduCS.jpg,282,708,450,516,495.0,483.0,426,66
XVK47J3uwS5p5RGB9xSZ1NGdbfHN=Oz.jpg,493,844,491,554,668.5,522.5,351,63
XvKB=NMaKkG4E5K3mM8=eMYL82JcHxD.jpg,358,916,515,594,637.0,554.5,558,79
XvS2CBKQ_zz51HO49vv=qGbw=tRlo5.jpg,328,871,447,545,599.5,496.0,543,98
xVSFLdTCSJkwb3x5KICiuMHufz8VcaPi.jpg,310,809,487,562,559.5,524.5,499,75
xvveUfMUN98YU9p=JC4oHdnreakXOzx7.jpg,368,777,420,505,572.5,462.5,409,85
xW5DSntHKFpTudp2=xuBzcWvU_nWDiyK.jpg,453,972,495,579,712.5,537.0,519,84
xw5L94rXV9O5xnfDWqbB2Mcy7yMHg47u.jpg,170,679,489,564,424.5,526.5,509,75
XwiZbsHJXLtD9eDvhj2XvDpDZ3LJNRUt.jpg,217,774,469,552,495.5,510.5,557,83
xWm6ndvPNDz5eCfhjOGk_=PJTjcviD.jpg,441,753,445,505,597.0,475.0,312,60
xWnGl2XqEbPPYr6KtJ2XirJchXFDi=ge.jpg,327,837,453,546,582.0,499.5,510,93
XWR69a_CMCJ7ICtFsSTssJPTFJp7Ot.jpg,354,834,442,517,594.0,479.5,480,75
XwYYqmg4FIQMRSjy3ssNnVJtI9zk9yK.jpg,344,1136,546,679,740.0,612.5,792,133
Xx1VzEiqpe5suSMHLJZfBLseY6u4w5B.jpg,405,869,428,506,637.0,467.0,464,78
xx9HsWnVMp=Tfc4uu58D3zKQntdyR4O.jpg,381,814,421,486,597.5,453.5,433,65
XxfFBa8PNEFQkRtdMZ3B8vrHYUiVOyHi.jpg,348,851,465,537,599.5,501.0,503,72
XxmVeKebXh3fJotCUbgMutlUhc_fmyC.jpg,448,920,439,527,684.0,483.0,472,88
xxtYyaXrqqyMRPpyoo24NUILaUfPcIf.jpg,371,948,468,570,659.5,519.0,577,102
XxU3EjSfRVTZdoRhb6PH6qlIKs5dvl8.jpg,287,691,441,505,489.0,473.0,404,64
XxuLnsIY5KQpELwNYvahRVsGylDKZZ.jpg,413,923,481,560,668.0,520.5,510,79
xY1VzCaIMjBmX4elOk9soYijQl=zvcS.jpg,239,782,466,547,510.5,506.5,543,81
XYFCEitI2MgNHdjRQVbrcLJy1NdFozH.jpg,401,811,414,475,606.0,444.5,410,61
XyTbMJIjReiecjSK9NgE13DnJEiqU.jpg,382,935,510,591,658.5,550.5,553,81
xYv6rJ=ZK1g4=_v9zWJP=Bu24BFY6D_7.jpg,414,890,440,511,652.0,475.5,476,71
Xy_i7G=kBepZVVmLFrKn_sJ3jcYKfSBn.jpg,387,875,436,540,631.0,488.0,488,104
xz23e3_6qjFBgxwMco6H=erN=mWmanV.jpg,432,742,469,526,587.0,497.5,310,57
xZ2cxDm6rXdQHJSJb9T3jrdqPaqjIaG.jpg,284,814,452,531,549.0,491.5,530,79
Xz4s3d6iPbzroj8xPwV2lLMSNOst6zin.jpg,379,829,435,502,604.0,468.5,450,67
xzeeRwqdc9f6TN26zutfRlSOtOZrg2Ui.jpg,403,836,430,497,619.5,463.5,433,67
xZJjhg_wYtDtGh1ZXMWIjd5eD28CNj=e.jpg,394,801,418,482,597.5,450.0,407,64
XzKPsVB7nWSI=oLJ=Me_2IyVYu4gYfR.jpg,438,858,422,491,648.0,456.5,420,69
xzPSxW4y16eU79p829pwrI8rXxI7JzTU.jpg,445,902,431,502,673.5,466.5,457,71
XZqR6UR4UEi5_RNqLUCCE8DeL7naLwi.jpg,420,847,429,504,633.5,466.5,427,75
xZR4jVVnsBdlNBIjoIoiRrlYsenIrpt.jpg,453,877,415,487,665.0,451.0,424,72
XzuYSScVYtSNJM=sxkcpGu2ufOtxNah.jpg,434,1008,467,567,721.0,517.0,574,100
X_KqoqYbukvThV6vT_iCPGGmgqT2MPmK.jpg,409,804,417,487,606.5,452.0,395,70
x_vVCPu__XwGq_d8ksNZ68WjoraEHarr.jpg,447,766,434,497,606.5,465.5,319,63
Y1UVF1R4hcRudgnYp6qcqyaXfVTawuS.jpg,364,888,496,575,626.0,535.5,524,79
Y2DZ81sXX_7GiWmW7pkB13uyvmmkPXd9.jpg,340,926,485,575,633.0,530.0,586,90
y2oukJMSZbZOcWBruvdTGPPVP_RQ6eg.jpg,446,867,413,478,656.5,445.5,421,65
y33pD2QBVoETg_Ec6XUgg1lQSELbR.jpg,425,894,427,499,659.5,463.0,469,72
y3bmuXsMeUNE4lkvZtHefwktuGBmXmg2.jpg,399,797,419,480,598.0,449.5,398,61
y3bQEiB4vin15wNKYuiTaaNuJcU1fo33.jpg,436,928,458,534,682.0,496.0,492,76
Y3ynxfFVr3SRgMB_C6FlmI4QlZREmBBa.jpg,289,822,465,552,555.5,508.5,533,87
y4a=T3b2pfa4E6Ts=JzxvGINHsLUyyYc.jpg,438,941,482,560,689.5,521.0,503,78
y4BhL3JeWYRfbxIjNwknmquOQQb9HBxr.jpg,425,872,423,493,648.5,458.0,447,70
y4kxOFXoL9bqLG5rliUtHPe7mes6W89.jpg,364,977,492,573,670.5,532.5,613,81
Y4LRHXHUptaupfUWv3xEv1___oNjKoOG.jpg,399,888,443,528,643.5,485.5,489,85
Y4XaP3g3vuX4hn5UfIJ9YbYoDm=mUJ.jpg,310,762,422,492,536.0,457.0,452,70
Y5gwI_hVuJNfwm5k_uM9aLosI9MMMoy.jpg,350,806,457,532,578.0,494.5,456,75
y5LhVjImE_rbxIm9F59VBGvcb6YZutx.jpg,421,925,489,563,673.0,526.0,504,74
y6BbPepMZSwRp43BnNDR9Ho41KNQxZr.jpg,456,873,420,496,664.5,458.0,417,76
Y6CYSgcqmZ3kISx7YBCYi1G5ZruSEJuG.jpg,326,928,457,548,627.0,502.5,602,91
Y6mxm4PjdLrzqZlyEiTC8SalnO_kzo4X.jpg,307,763,428,500,535.0,464.0,456,72
y6pxnGs5yveNKQGk3nj8y6DjrcR3HtDe.jpg,438,949,458,539,693.5,498.5,511,81
y6vWEY2Z=fotXS2iOMbidKwiKTkfZslX.jpg,353,882,496,578,617.5,537.0,529,82
Y6ZM4a=FKjDy1viEE=xN2E=Rgu1fwhV6.jpg,422,787,501,567,604.5,534.0,365,66
y7j_uMYDDRxC2F8RNusiSK38DcHQkK.jpg,410,807,415,487,608.5,451.0,397,72
y7of7ttJX5=4pPF7SGWvvwafa5qgXd8.jpg,354,829,443,521,591.5,482.0,475,78
Y7qHVSRvMWEkcDDdkbUYfwcJGoGtSYB.jpg,378,862,447,522,620.0,484.5,484,75
y84JMNFFXdI9PoP=9dbcuICeCek_WK7H.jpg,390,887,488,561,638.5,524.5,497,73
Y8glaFJ8beCd4q5qKmQBUfmCTbsi11yj.jpg,132,807,510,623,469.5,566.5,675,113
Y8qlxkeShRRqcVQVa7s=m93QzojP1Q3.jpg,432,881,414,500,656.5,457.0,449,86
y9jM6odkU55tnbMrVD2exp3y4lJn.jpg,463,912,459,531,687.5,495.0,449,72
y9N4LbYLfTjHpGyqzzrFK2ks6BPUJT.jpg,233,973,530,637,603.0,583.5,740,107
Y9xI=tMJuUHiJl2YJuw4fCG8QG116.jpg,365,811,452,521,588.0,486.5,446,69
Y9xmJqIzhVuboj3y2dLbwooRv76BUeZ.jpg,531,1034,449,527,782.5,488.0,503,78
y=Cu1aa4eEEh9YHTxbejS9=O6WU_U.jpg,418,891,422,495,654.5,458.5,473,73
Y=yfcxFZKaQj1TBKw1yOuDVPEHJNzQO.jpg,366,970,488,581,668.0,534.5,604,93
Y=_v9tRsU21ZIgZIaqONRG4eTYigc=.jpg,250,783,457,534,516.5,495.5,533,77
ya1Oj9xaYFPX3aq9o7fpLfErPxRoW9eb.jpg,339,775,431,502,557.0,466.5,436,71
YaBlXkdTIrDEyqD1J8cFNu61afOPYR=a.jpg,405,822,424,491,613.5,457.5,417,67
YaNmGmwX7yGwBSRvPuKSxXFmbCbJDy2a.jpg,290,772,448,518,531.0,483.0,482,70
YaQrDOPTc7xm=3Pz_ckpsHhFrHvCDI6.jpg,367,875,472,546,621.0,509.0,508,74
YB2oogx3SX_Kx6Ziy4PQ4tUD3Xir9By.jpg,373,934,465,550,653.5,507.5,561,85
Ybn7dgd4MxKvBcanWmooMbjRYOnOed_T.jpg,333,841,450,526,587.0,488.0,508,76
Yc6SEezEDnG6GYbQsqVHU2PoaLzKaHLv.jpg,440,900,425,521,670.0,473.0,460,96
YCDJymJ15L31Sp4evt7CINzarPsFl.jpg,478,947,464,540,712.5,502.0,469,76
YCqp9xpQRqzzRzs7SvbYVI4ykO6BTyt.jpg,495,866,504,575,680.5,539.5,371,71
YcRgSsFaDbX29U4lmIZcPHGToCcRQmjG.jpg,272,765,448,526,518.5,487.0,493,78
YCVdmalwR6Oc616XSh8eTgn34vITg74.jpg,332,843,456,533,587.5,494.5,511,77
yD4CBSmkQfowjuBvBZp2pmPozYQsnePo.jpg,388,884,487,560,636.0,523.5,496,73
yDbr3xuessytWr=4b9xi4X9LJjMrji.jpg,507,788,426,483,647.5,454.5,281,57
YDe1PM7hP3FdykzgnDeKzEPEhwH7c.jpg,326,862,456,539,594.0,497.5,536,83
YdLkFXt3nHjvbNF8TCvou_ggb6zZcrq.jpg,387,790,418,484,588.5,451.0,403,66
YDLuwDT7qFZ8irZ4cys4dmYuGBTRnv.jpg,385,692,444,501,538.5,472.5,307,57
ydrrdWGQHUp1vosDK=5jIrkLR1ya8YJ.jpg,397,897,423,510,647.0,466.5,500,87
YE6oaBwKhlGH_buDaFZlryupSGPS24s.jpg,177,837,543,642,507.0,592.5,660,99
yEcwJpdd7V_9XWErviQ=4xwv51bjqIcS.jpg,274,880,481,573,577.0,527.0,606,92
YeJo9TOmaTTUYuOtvTCN5E8dew1awC.jpg,260,780,471,544,520.0,507.5,520,73
yF3jK6fjB8XfnYVyMwvuPJegDspXOs83.jpg,389,816,420,488,602.5,454.0,427,68
YF48LDu3Ml=Q6Mjcxo_dXZKIXwiDctZu.jpg,360,859,445,541,609.5,493.0,499,96
yF9hOC9qb7QnkwwdLskrFw_XVeXk8Xhb.jpg,443,894,434,515,668.5,474.5,451,81
yFDlZKC2GyOWCrdcZfgWxXhDBU=pTm.jpg,362,849,455,538,605.5,496.5,487,83
yFf2r3Ds7vrW_O=RbdIvxWDLH=h_L6mo.jpg,391,787,445,511,589.0,478.0,396,66
YffxFUyKGK5sQNehnxJ3qq73L5tmTUM.jpg,403,831,426,493,617.0,459.5,428,67
Yfi4lOpSWvbK=83nG4JLz_JOQhyjcg.jpg,426,820,415,480,623.0,447.5,394,65
yfltcPptsGOkpH8cedflqpaYQmBSsXB=.jpg,336,761,416,480,548.5,448.0,425,64
YfTcLiVknnhPtlttwSs69KvgNg39=mP.jpg,376,835,435,510,605.5,472.5,459,75
yFY5gpLZkTM8cnwRjLDvxIfCEcW3klwH.jpg,490,923,453,522,706.5,487.5,433,69
yG7Ml_KBXj3Kh63HYVvYBeWeQc=4a28a.jpg,525,940,425,494,732.5,459.5,415,69
Yga6btbnO3kVX7iZquhFo6E8_qPbO3W.jpg,408,839,425,493,623.5,459.0,431,68
yGimiMJJF5YDW3ngX43xWMD6wIsQIg.jpg,475,888,517,597,681.5,557.0,413,80
YGPMoCskyctTvw1DPl7eKvoXGMFFq7ze.jpg,460,918,419,494,689.0,456.5,458,75
YgQdnO_GfyhgKI59fsFp6WkGHjTafYj.jpg,520,862,476,540,691.0,508.0,342,64
YgUOPM62RRI1oGBFGq=ohzq6ZsLSh_sy.jpg,345,911,514,595,628.0,554.5,566,81
YH7cDGWFklxXz=qu8HYuzbnRvVS8MElt.jpg,328,888,517,598,608.0,557.5,560,81
yhcMcRY2inLbIe6HV=arzhFQi2s4jgV.jpg,463,867,420,485,665.0,452.5,404,65
YHeaW4I1lintGnXV1zvEzQGLjbQCS4d.jpg,437,923,437,517,680.0,477.0,486,80
YhTlrKGgV5O3GbGZKoQzaQ7CCItlULB.jpg,395,877,476,552,636.0,514.0,482,76
YhWYY6DFlhLPzdNddeTxxhxp8TIRrW.jpg,325,905,481,564,615.0,522.5,580,83
YhZB8rhjRkU=yJ4lba6i4UZCBV7r8g8.jpg,367,801,431,495,584.0,463.0,434,64
YI7IUXKyCCeBkpE5CEPHr25iOzYDeiD9.jpg,324,785,441,508,554.5,474.5,461,67
YI9RzyWX6n4nklmpU8MjmCT8SYZQY5.jpg,424,860,442,513,642.0,477.5,436,71
yiDdtVvdVVHngbB3_ujF_fl3Pc9NCUqu.jpg,447,740,452,507,593.5,479.5,293,55
yIDTQbyx597kVBHQiFFto3ENopWxDo.jpg,397,816,447,519,606.5,483.0,419,72
yihq4Zv7WFFcVgNbRtbuKbRehfEfjbX.jpg,245,732,462,537,488.5,499.5,487,75
YiknW8naJMa5a=46KSz_V_zwHdlyvDzL.jpg,374,903,463,541,638.5,502.0,529,78
yIKVs9WEIQOOt3vxLh4IcaBGQuHowZ7S.jpg,320,868,509,590,594.0,549.5,548,81
yINcBTISMzyXCovWKDOrNpqDTpvXufi.jpg,317,930,487,583,623.5,535.0,613,96
YIngToT2HK35rTcecN91ohHiOtCtJb.jpg,357,851,436,527,604.0,481.5,494,91
yIolvyceMS3nM4jf6FcZlen1X1Mq4Te.jpg,378,962,472,561,670.0,516.5,584,89
Yiy5d4lT6IvaZq7bKseVu2V3mmjRkHQm.jpg,449,829,502,572,639.0,537.0,380,70
YizaSC1SCxXnTH8arXKflnXfKWFTFiLO.jpg,384,811,422,502,597.5,462.0,427,80
yJaFO7veaPNyULL1Wugj8nk7GSaU8=.jpg,408,881,421,494,644.5,457.5,473,73
yJDBxVTO66QFjqB9=xZTND6dzy9==6BY.jpg,331,828,456,543,579.5,499.5,497,87
yJE7PHIkasuRP5YkZMW1PHnB_2OGEK.jpg,461,745,447,503,603.0,475.0,284,56
YjEwgkjFgphWu_kZDeznSrWeOhEkJx.jpg,312,755,427,499,533.5,463.0,443,72
yJk59iOxBx454y_iVzEKsU3tZ6RhxZ.jpg,512,811,434,495,661.5,464.5,299,61
YjLTDnvryXOzwiD3EbVWJM1n51mHGaBa.jpg,444,847,417,481,645.5,449.0,403,64
yk15ueMR6TvQ=qkcODREZdu7XiIrg7n.jpg,374,809,423,493,591.5,458.0,435,70
yk8kxIv=EYT7IFGE8tELdoUVBZRsYje.jpg,321,776,462,527,548.5,494.5,455,65
ykNUeiG2sMxvRM7pbweBxCC_oh6REiqM.jpg,416,921,482,563,668.5,522.5,505,81
yKOGRcyzSaBMVSF_TPL3JznlHEtwNBW.jpg,361,666,438,495,513.5,466.5,305,57
YkuH6Rx8bjNZw4d1bsmKh4uylsIwE3ek.jpg,331,870,458,540,600.5,499.0,539,82
ykuX1mHLP6VHSU4ozn6XP7Y_BzSczG.jpg,384,834,429,504,609.0,466.5,450,75
YKWyts5zB_PWab1PC6=6CYWa7vVvpt_.jpg,388,862,421,503,625.0,462.0,474,82
yl6V3GQq5qDUEOpbfLNJuq5kqd9qZ=W.jpg,359,909,475,555,634.0,515.0,550,80
YL7GP72mEleniBOTntEYzaDfZObSHm5.jpg,375,842,464,541,608.5,502.5,467,77
ylaOLmKqGNzgYKPxdUSGRD59nbjREHv.jpg,324,877,463,541,600.5,502.0,553,78
yLbYuEOGm3nFzHBoFzbdKrow3udVdLGK.jpg,318,892,476,557,605.0,516.5,574,81
yLes7Cwec2r2a79EbjVjuS69nRYELOh.jpg,371,676,441,499,523.5,470.0,305,58
YLfQd=xwfdzHENYx6i5h9lT8fkaI7Qn.jpg,198,1050,544,665,624.0,604.5,852,121
ylH7XL5ZrnsJsBpnN2qq=wQV2_zVc4r.jpg,449,877,453,521,663.0,487.0,428,68
YLJE9oBnScYCpZ8xDJuapfRx6kubY7bY.jpg,348,1061,502,641,704.5,571.5,713,139
YlKJ94jXrIXdhBgtB_BZSRgJTuLbQJKu.jpg,414,1009,468,587,711.5,527.5,595,119
yLNPG1CjamKDNnia1D4Oe_Qz3l9EyT2.jpg,391,892,432,506,641.5,469.0,501,74
YlYzrbMXOLiuB1e1YOurNyRGQGqv5.jpg,300,788,477,548,544.0,512.5,488,71
YM2gRN_RswML6qBgLmVuGjjbBEo1EEak.jpg,351,751,416,478,551.0,447.0,400,62
Ym7iefPvzkUX6gMSM4fPwLzfP_HRuI.jpg,426,886,430,503,656.0,466.5,460,73
ymBwNw8YWTW3j_kQnFcQMdVNeWqYrVe.jpg,397,708,462,520,552.5,491.0,311,58
yMDCtD_mdqhsQ4VffbReZ4efWP5L2v9.jpg,400,918,458,535,659.0,496.5,518,77
ymFLVoRf=YlvVtzIZmG6XcVRXd_=OtTW.jpg,386,811,424,492,598.5,458.0,425,68
yMGEZm34155s2cbyplNkG25vHyduaB3.jpg,356,666,452,512,511.0,482.0,310,60
yMUBmCBLnNnPvOfOz9hPaqa_P26BBH.jpg,252,824,477,570,538.0,523.5,572,93
yMUjLBj8kNbvsZ1RTd9Sdu4veE.jpg,341,798,434,503,569.5,468.5,457,69
YN1cBNDQeKXYMpltV5WGf5mEpSMlp.jpg,412,838,458,524,625.0,491.0,426,66
yN6=mIgkcaRkbwzUS5vGpCCitxbs8=F.jpg,442,833,440,500,637.5,470.0,391,60
ynPOyXHkdsnrEWxMmyzNXJ5vhWLkZveb.jpg,398,804,439,512,601.0,475.5,406,73
yNsPmvE_nUiJKbjojpsU1hSGmK_odLJ.jpg,327,855,464,542,591.0,503.0,528,78
YNwJ6NbmJXXpIiXLHPZh_3SJ96Ci.jpg,472,760,426,482,616.0,454.0,288,56
yo4E95MRtP2IaNuBhdEZTn_LcyOk2gCo.jpg,452,844,417,484,648.0,450.5,392,67
yODXseCZM=wlb8XkqQ9rG37b67CBXm.jpg,358,895,465,542,626.5,503.5,537,77
YoJCx144evML=EDNJH1=WpEc75FYBp.jpg,360,969,521,612,664.5,566.5,609,91
YOkIEL82j59EQDbgUdkFTu9jBF22I2.jpg,470,994,490,575,732.0,532.5,524,85
yOoDB=LqY_uNbQCsCp2tD7TSHOz8xg.jpg,292,817,464,549,554.5,506.5,525,85
yotyv8RJg5=3X=38Tu8GcF6SuKKs9N7.jpg,316,767,423,495,541.5,459.0,451,72
YOVGCSBpK=TWPqtMuuHclRLuuk7UtRR.jpg,429,824,442,506,626.5,474.0,395,64
yOvzUQGzRLZcaK6vp_CaWy3=TjTzuDCT.jpg,469,869,487,556,669.0,521.5,400,69
yP1h=czfLVaG1OeLvj8TZWT2gajTdk_.jpg,432,853,416,481,642.5,448.5,421,65
yp=jBt3gc3bCKO2QjIocOmj74F5HUz.jpg,452,985,500,579,718.5,539.5,533,79
yPjm7=qbRf=77=rvJ38689=Uez7=WN.jpg,175,819,507,601,497.0,554.0,644,94
yPO7wiFliUnMEhWeeOrYmHaesa3QEwt.jpg,328,856,491,572,592.0,531.5,528,81
YpobnFY_h4jovbrRG==pP4jDuwwquN6.jpg,471,869,415,483,670.0,449.0,398,68
YPQMzMPJik7=kBwIfk_XEDrHSOts3Jt.jpg,410,837,421,489,623.5,455.0,427,68
ypqPIaMvrBiP_jrNxwXIBLIpYWKLU4ZM.jpg,251,933,501,609,592.0,555.0,682,108
YqDgganmLExGGfKm2KfX87goash9uHW.jpg,417,863,435,506,640.0,470.5,446,71
Yqt1bCj_Cd68oL6fPmDjSN_JiBG3dFN.jpg,390,987,529,615,688.5,572.0,597,86
yQuz2x4WeaRUi4ieD6tn7fN3ZDWeNxmE.jpg,306,828,464,542,567.0,503.0,522,78
YQvtem8gSsm9oD=Ywbe97J8qSh5SFc6.jpg,447,848,410,472,647.5,441.0,401,62
yr8XxxsCds6h=yjtW2gdJJFYHJHTvO.jpg,344,781,420,513,562.5,466.5,437,93
YrgIvzBNUc3xSoP1jenrD9bmMdhynGVg.jpg,409,801,416,479,605.0,447.5,392,63
yRHK8EhSFP31nL5CxGrtYSKyHxluYBj3.jpg,377,820,443,506,598.5,474.5,443,63
yrkrskeiPKuzHXw2TzhDph5NEdgNgUXG.jpg,523,805,440,497,664.0,468.5,282,57
YrQ3QpmtyoWcXz6QgMKlJNuUgmEofG.jpg,442,854,419,486,648.0,452.5,412,67
YRQbnHHUGYeupPzuKBv5Gs=H1=reJDdV.jpg,470,909,413,485,689.5,449.0,439,72
YrZ4c=5ddnWN7tE7v5d5RwqurCmD.jpg,350,853,427,517,601.5,472.0,503,90
Ys4WtQEl5C4RFjK_C76YDDCF3sLRrr.jpg,484,897,524,598,690.5,561.0,413,74
YSfFVYl=_N7C6wMQH6KvbB8ZzBUuPXYg.jpg,396,746,462,526,571.0,494.0,350,64
YSirqM87vljvR6K8YmbdsYTTQ73gJ.jpg,474,926,447,515,700.0,481.0,452,68
YsNrzcFFSzUuVfbdDlHx7SsmlL9Xp5b.jpg,346,741,418,491,543.5,454.5,395,73
ysWXbmp5h4hfsd_qHPtCfBEak3pKkHJ.jpg,460,906,426,501,683.0,463.5,446,75
YT4Qzxu3X5hsIPGcD2Y7kii61DfROWB.jpg,294,771,445,514,532.5,479.5,477,69
yteBPgN1Gq2RQpgcQp_IlIxB6dl_rRj6.jpg,318,754,423,514,536.0,468.5,436,91
yTNy=vchBiG85YGj5pWZmWFuMQ5X4o1.jpg,306,765,437,505,535.5,471.0,459,68
yTqUZEtqUbuH3J=7U_QGBIJVwmzIY.jpg,411,877,432,514,644.0,473.0,466,82
YTrnoUNgN9V693KL1GZd8uWMNYd92N4w.jpg,316,910,520,606,613.0,563.0,594,86
yT_h9QKRdXGfTZ6693SawMhEoPbXeqgB.jpg,376,826,420,486,601.0,453.0,450,66
YU3ZDXFHpQzZnZXNwZeXPC1GZQzhgtV.jpg,293,760,428,501,526.5,464.5,467,73
YuBm_NrswNbwu5yVyw8FFEYJ1xfMzTO.jpg,301,766,440,511,533.5,475.5,465,71
YuCF4czKT8scPrlb3V=wuHo=29FSVHT.jpg,323,846,484,561,584.5,522.5,523,77
YuCOLMtHGHzKQ8CxNemvuNs=GBROwtHW.jpg,315,1048,526,647,681.5,586.5,733,121
yuk7G9VX_m6u_VRv=7Vwue3PVYJlE1=.jpg,309,757,417,511,533.0,464.0,448,94
yUmr_tacXmu5ynv_wslhwwdNpQ_Ii6C.jpg,442,916,428,506,679.0,467.0,474,78
YUo7ToPDG31DYZHh3NP3aWqhLW3qZJGR.jpg,420,953,458,550,686.5,504.0,533,92
yV1rOx2PHMWJsznbHFNc6LQDETalNDNL.jpg,421,959,462,555,690.0,508.5,538,93
yV2e2bqJ7RNDGEIHsQ7Cx4TUWODYSi.jpg,383,687,440,498,535.0,469.0,304,58
Yv7VaYiQqt94QuKd8rEVViO5zb5GWK.jpg,407,803,416,480,605.0,448.0,396,64
yvhOw4fxYmmcSt3xWxcuaskRSgUkgCc.jpg,488,887,439,510,687.5,474.5,399,71
yVLTpdQOQdVoK18BbzKqr65_y51bl7ZJ.jpg,315,804,453,521,559.5,487.0,489,68
yvmijRFjgmE5CekDixLTvMdfQ5V492.jpg,424,865,432,498,644.5,465.0,441,66
YvOwXdEIw3sUt3Ecmkk5nf27Qp1a3VXs.jpg,506,1042,448,550,774.0,499.0,536,102
YwPfpac6_HGGpIRoZJ5zaYjU1k4azvr.jpg,439,910,470,550,674.5,510.0,471,80
YWsb_ljuseppPXj5Ct9dml3jg4CoY1bH.jpg,389,921,457,538,655.0,497.5,532,81
yWVDLTXIXYX2OII4gprLEvQD1Mhtuxfl.jpg,349,885,463,541,617.0,502.0,536,78
ywwpkQKWhIfcgj5D7PviFWTdVLqIW5Y.jpg,219,794,474,554,506.5,514.0,575,80
Yx3zpjK7L2BRe=dR=jhgDHoVJ3C39WF.jpg,491,906,417,489,698.5,453.0,415,72
YxfXTgHyuTYtNoP9sxDlNxlowNeUdl6w.jpg,420,981,489,574,700.5,531.5,561,85
YXLJ5vE37ZwpmjpJzUkDRg_=sx6d2MtU.jpg,427,843,419,485,635.0,452.0,416,66
YxUYwFPlFJstkHVHnWJxu6mJfw6kuZYT.jpg,361,852,429,504,606.5,466.5,491,75
yxXTkMeYGTtVg=S37WdgL95YafquMpp6.jpg,313,746,421,486,529.5,453.5,433,65
YYc4B7Qv_rZFbHxyR15hbO5pcHN32xEG.jpg,411,937,494,571,674.0,532.5,526,77
yyf3erJeU=e1jsu1VLZ8o9VlEm4DsW.jpg,423,868,427,497,645.5,462.0,445,70
yylTOfTK9biJ37c_VUEelMtr_2Y16.jpg,152,1002,571,688,577.0,629.5,850,117
yyxpRXvM8Rra76TaJcDopdGl1c23=fx.jpg,322,728,443,506,525.0,474.5,406,63
yYXuhKor3GoCB7_pIunmeGIeZW3tzp1.jpg,504,801,430,489,652.5,459.5,297,59
Yz1ilNpPhvng=N32fjIbE4VQxMQJC.jpg,412,902,452,538,657.0,495.0,490,86
YzhXbYMTpcGN7TXLUvVcjm=dm=wrT7S.jpg,342,1041,517,640,691.5,578.5,699,123
YzJclbqpbSeu3mX6QLNQfmCxlkZkPbo.jpg,434,920,480,553,677.0,516.5,486,73
YZNEIMMaPHIejQ1ZePEVDkmcxGGUtP6.jpg,311,837,495,574,574.0,534.5,526,79
YZpj=EWH5cUdnM=DhHci3F3pnTQnOuO.jpg,560,863,437,502,711.5,469.5,303,65
yZvqNP8ivaoH3Hp28Mdu7JeNNR9o8N3.jpg,270,788,456,532,529.0,494.0,518,76
y_2gJbXiCzyY3_XJY9zuPLWHCLYroySD.jpg,388,1004,536,624,696.0,580.0,616,88
Y_oO9WmK8lvnhLuRFVZdccdcpqJPnOXk.jpg,374,805,428,501,589.5,464.5,431,73
Y_ZP68ftfeExLTMP4DJcSJlOEXjb.jpg,476,831,437,509,653.5,473.0,355,72
y_zZmhZ6KSF7eYf71LNig1osdxLIkgC.jpg,430,723,432,487,576.5,459.5,293,55
z1BpGRXJrslNuGyyzFiw7WrbIYWzXw.jpg,368,865,480,558,616.5,519.0,497,78
Z1kxIurbp8xnKmSltQ4nqn3h=tYOVyJ.jpg,392,807,414,475,599.5,444.5,415,61
Z1So=C=YWTFogzJlezHQhB=elLl9O1in.jpg,363,715,456,520,539.0,488.0,352,64
z1tz7m=bYpzE45o3Xn29bFuQv76nK.jpg,422,806,411,477,614.0,444.0,384,66
Z1vvBoxVt15qUGn_BTfBpq73llSy.jpg,336,762,428,490,549.0,459.0,426,62
Z2aCTcyjONBcw2CYeeN4zoo2hfRkDH71.jpg,356,862,458,530,609.0,494.0,506,72
Z2ywUcLkl_O3k37KPT_ayzWgKUpkYw3D.jpg,360,798,420,510,579.0,465.0,438,90
z3DSd=ICjvlkjssF4b_mO9I5N3oFq.jpg,428,858,456,523,643.0,489.5,430,67
z44DE_SC22Cr5r7ua6gwnuo7MjP8fN.jpg,379,658,424,479,518.5,451.5,279,55
z4paneDb3t9U4B7RjUtCRxolYdys4r9m.jpg,399,837,433,502,618.0,467.5,438,69
Z5Bn663jgq2LcXEstxw3y7=Y17984a9P.jpg,421,869,422,489,645.0,455.5,448,67
Z5MQ_qn1v2d=NaqiJ=QpNYh_NS9UW6.jpg,324,859,449,526,591.5,487.5,535,77
Z5PGHI8SWKraqI7Umj8EnwEF2J=ZR.jpg,355,837,453,520,596.0,486.5,482,67
Z5TrRtM1JDI28VDyYd3PttK_TFzd7pos.jpg,429,931,452,545,680.0,498.5,502,93
z5vQCHUk86Qbhd_wQIfUy9Wm8CXmP4=P.jpg,415,947,458,538,681.0,498.0,532,80
z5yGGyCowVOrZaDUdGWbiC1PXkmM_gyj.jpg,315,790,445,516,552.5,480.5,475,71
z6BYUqimxLfv9pYlGIiLczBvLIwtaer.jpg,476,735,416,469,605.5,442.5,259,53
z6cer3uEUz6QwPREScvStfDhZIoY4Q.jpg,405,903,476,552,654.0,514.0,498,76
z6cZd_3gyRRyyoSnB8pNrJ3dVf8ejai.jpg,435,726,453,510,580.5,481.5,291,57
z6eIDIamcrfKs6uu4sB7SrEGhj8wKzkH.jpg,450,923,438,513,686.5,475.5,473,75
z6gCsGxx684QHlivdVLqWqYoSpfIoBT5.jpg,324,890,509,593,607.0,551.0,566,84
z6PHt4qcyi5bU1B29BzalXYdcNdtC4F.jpg,349,755,418,481,552.0,449.5,406,63
z79Ixc7G1n8teKTyhxXsK=8YygNOdV.jpg,452,916,472,543,684.0,507.5,464,71
Z7zwe8wnfhHc4CWYtF83SLt4_nQgDyeZ.jpg,423,859,420,486,641.0,453.0,436,66
Z83QLSrfrrwIPRiKxc6ozHPxfJbdV7TD.jpg,394,833,425,499,613.5,462.0,439,74
z8gcXtCX_9UyVFnLCljMC6gI273dbW.jpg,448,843,443,510,645.5,476.5,395,67
Z8V52O7Wu3SzMTg5PNQsb6JIlgXtkhN.jpg,426,826,420,482,626.0,451.0,400,62
z93zk4C6t6lIsZFXEX=TJ7nvSXvl6Lz.jpg,363,841,428,499,602.0,463.5,478,71
z9emLbrzxyUywMsdvz2he4GOOcjqlX.jpg,386,925,495,576,655.5,535.5,539,81
Z9JBmm=fPGXao=u9n5OS8itkBopRjvd.jpg,365,902,453,536,633.5,494.5,537,83
z9KKRrSko9Pz31e1_SfnkD1C2NC4BJR.jpg,173,839,514,606,506.0,560.0,666,92
z9Mn3dehEJIhU2TgvxKfr8BKFm5xK9j.jpg,411,857,440,508,634.0,474.0,446,68
z9r8Hgj6gr5obSOoFHq4kCXQjQK2Hu2s.jpg,439,742,464,520,590.5,492.0,303,56
z9Y5UpdVMyHE3OmSampxhH6=w9Gahte.jpg,353,795,432,498,574.0,465.0,442,66
z=7WsN5CD5r_bNwatTg=KV3R55BbUcI.jpg,453,833,436,501,643.0,468.5,380,65
Z=Bl7aOy6SDdZ9on6YZrRGqS9sYzPEB.jpg,433,837,420,482,635.0,451.0,404,62
Z=hHXSOLN4vwL3PFpiuD6OM1fn_BxMx8.jpg,394,914,495,575,654.0,535.0,520,80
zaJ7_NJZDPjJfCNBWIsWMYWHWugpvyTx.jpg,321,897,472,554,609.0,513.0,576,82
ZaVv7dQVs4R48phz9w1HTGXGVoCu3M=_.jpg,379,811,449,513,595.0,481.0,432,64
Zbek3uxGKBSoEpoVNQjtPcCqzWbK_FZ.jpg,345,929,518,601,637.0,559.5,584,83
ZbESrGlhLvkytrq1njEd7Mn_TsxCewJI.jpg,450,860,441,501,655.0,471.0,410,60
zBGTqpbyxv3rU8_9lPPFWLKfT_gQJOYX.jpg,416,913,481,555,664.5,518.0,497,74
zbpckYnV3IaQ6Snod_j9xo3mVhV1xp.jpg,354,803,462,531,578.5,496.5,449,69
zBpO=smMiz2v19HGuEUmcOIULqsH8eZ.jpg,435,779,459,522,607.0,490.5,344,63
zbr8e4GSmTXfauPGR12uUcmwVTBgbSV.jpg,443,746,454,510,594.5,482.0,303,56
ZbWiFOVWcnfh=baNHS_atXPfOEnUIbc.jpg,340,756,411,473,548.0,442.0,416,62
zbzCJ68bvQNvHNUm7O56KOdk4BanMIOz.jpg,344,803,427,517,573.5,472.0,459,90
ZBZrMjyffwMDxO4illQ9h9rsCjeDBG.jpg,361,847,433,503,604.0,468.0,486,70
Zc4oo4kzXPs1CldivC2FC6HbVQTDPzp.jpg,473,915,429,500,694.0,464.5,442,71
zcC2vhxur59pG2qFcMqsU7p2gNDrgXF.jpg,404,892,442,535,648.0,488.5,488,93
zcjl5QaNpsPQFjuk5CKFUZ6QhasPP14g.jpg,402,854,426,497,628.0,461.5,452,71
zCLktnNMsRzsn=5Opo5uRa3v2uZSkuZ.jpg,255,721,444,520,488.0,482.0,466,76
ZcoBTtjymyDISg59M9a9ZGb93x6eUwl.jpg,307,767,442,512,537.0,477.0,460,70
zCTpPQRpFE5PHq8qDYF7pgtNhKv=dr.jpg,321,806,436,511,563.5,473.5,485,75
ZCWijrmEo_ZpS6b8QGtrusGEiPT5vHT.jpg,476,947,433,508,711.5,470.5,471,75
zDcybcjOTX_aXiHUFbH5jDmX=8YXr.jpg,298,1005,513,620,651.5,566.5,707,107
zDfp=H8ljhsO8eBXn1Bm7VYPUgl427Rn.jpg,430,870,424,495,650.0,459.5,440,71
ZdheY6EoXWdg7DZVsPnFISYdQGfMSn.jpg,406,917,454,530,661.5,492.0,511,76
zdi2o38vvYkDpCVW3jp9GMmu_Fcm7=E.jpg,444,884,430,495,664.0,462.5,440,65
ZDlvKebEFp6YumjUcZ8lpDgrm_whp3.jpg,345,968,539,626,656.5,582.5,623,87
ZdVlbmvhsR6hGkV6OtdUKGa9x7uYOE2q.jpg,418,918,475,557,668.0,516.0,500,82
zE2CoZjdw7UwcRw_yDMSZkXnOug4yXG.jpg,387,867,475,551,627.0,513.0,480,76
zeFZzQelMyOYyvcTvnQOhOQwDWSU6Ne.jpg,434,828,491,558,631.0,524.5,394,67
zeu9uNUfs5t2meQIsh6fIJ_aZ5aN3.jpg,234,1124,564,704,679.0,634.0,890,140
ZeuIvOO3W9NoqoXHxW5hyIwZ9iPL.jpg,488,797,441,502,642.5,471.5,309,61
zF1k23_M4ir5lIksBt4EQU4JPdSQY7t.jpg,371,759,415,477,565.0,446.0,388,62
ZF5dS3NcFNLEzwDs4KFLLHWHdKaVYq.jpg,211,859,523,624,535.0,573.5,648,101
Zf6wXSGe35uYboXpaiz1hpHQzfcUU3zz.jpg,416,792,476,539,604.0,507.5,376,63
Zf9i3ccrYnHqc=7g3KMdpQjoMuH2TbzQ.jpg,334,680,449,516,507.0,482.5,346,67
zFhQOmrnRdE4gNvLOXKiVvLhZ4GtDls.jpg,352,920,509,591,636.0,550.0,568,82
zFMccRukfrg1P1HJGOpEni6Tzb_dl71O.jpg,360,822,458,533,591.0,495.5,462,75
zFMPal6=7e5W5vYFafI77LGWwnF4MNaN.jpg,260,917,501,603,588.5,552.0,657,102
zfpOhDkmjwW7z1JxiXCn6ChXeyoXIyoT.jpg,451,965,492,568,708.0,530.0,514,76
zfRJNJ3Yu1XC7NRDbuoClEG=ZDmkz.jpg,392,924,443,524,658.0,483.5,532,81
ZfWBHI74Rk4SXgum1fYUUdBuQcUIw62.jpg,472,801,477,538,636.5,507.5,329,61
zg2NoYUayjPY8gQOCNQ2nGimhu3_6fc.jpg,481,918,398,552,699.5,475.0,437,154
zG9wHdQz5g5joIVbjk3mqvZee6jgv8.jpg,356,895,484,559,625.5,521.5,539,75
ZGcBYIhFTZX3tN7BWIVHVB8TOmHzUItd.jpg,400,994,480,568,697.0,524.0,594,88
ZgclnT1OZI=i2GPhqUFZeOO3aoOoOcFo.jpg,454,919,467,543,686.5,505.0,465,76
zgemlxc5HlrQmcWF4u2noupNGSwmzz_.jpg,316,1231,615,755,773.5,685.0,915,140
ZGhqT3DLW_vPboNLHnV=Jr1r2FKQnkgl.jpg,347,903,471,556,625.0,513.5,556,85
zGjKPjwM2pnkMf45UDuVHzpI4STu=ce.jpg,470,796,480,540,633.0,510.0,326,60
zgONNwwGgpf5TiNP=DQjiU=tlONICu1w.jpg,282,1000,527,644,641.0,585.5,718,117
zgR7wW7s8dmu8owaUcqTgpBYlCzDXC33.jpg,312,749,418,484,530.5,451.0,437,66
zgsZtsOKDeBTbW14txWz2Q29qUNI4.jpg,354,827,438,515,590.5,476.5,473,77
Zgyi7fpRp4dKf3D=Z1zK3Xzw97FIj9T.jpg,378,897,459,543,637.5,501.0,519,84
zGzxofYtuFcMVYgz=kMzdasGSupLIR.jpg,280,845,427,506,562.5,466.5,565,79
ZH47PJUYy9Sp33bXuparePmx29bGxh7.jpg,421,909,442,516,665.0,479.0,488,74
Zh4C_eZkkiEWt2Db7TsWWkPZZpMo7r.jpg,374,924,462,544,649.0,503.0,550,82
ZheLPbq2=61sk9zx=G9s6rHtTf4zhf3c.jpg,363,801,429,495,582.0,462.0,438,66
ZhklUWbNt6bcl=Ivp8Gmw5yfyRZNb8D.jpg,319,757,434,502,538.0,468.0,438,68
zhPOfWB4OS7lq5l2sz7I6cdRbypX5.jpg,456,864,419,486,660.0,452.5,408,67
zHutCBmzJjPJzjZlWfzteXkXR2GiKtt2.jpg,418,849,427,495,633.5,461.0,431,68
zhY16rQ33XojqYvfvVUUjd9aEYMg=e9.jpg,388,900,453,527,644.0,490.0,512,74
Zi9YlQz47ykfxmVqZcdvO_=HIL18vQwf.jpg,420,902,446,533,661.0,489.5,482,87
ZIbMHzqeWrHus_2UFvmFQ3E1zNa3W9.jpg,335,745,449,516,540.0,482.5,410,67
ziKH4sKacqb1FLY5IGE3iWY71xaZj1a_.jpg,367,773,418,490,570.0,454.0,406,72
ZiNeea8Ir11UF396unCZQOxQ9zSzp.jpg,373,835,433,509,604.0,471.0,462,76
Zit__7OZXXYMrBFIQ4oq4VmtJfek5Yao.jpg,458,925,469,543,691.5,506.0,467,74
ziZGjRTRq9g1cOG_NOeopTlJF6kDus.jpg,434,844,414,477,639.0,445.5,410,63
Zj58Un=aIbQ6Y6NtTL9kJW1UnKQv4z8t.jpg,410,912,486,560,661.0,523.0,502,74
ZJ5MXCM6xkcfOvFnsrIMNPpsDfgoTqOa.jpg,395,814,430,496,604.5,463.0,419,66
zJ89Kav2mzX5=KtsEOzgXrlxGIqW5W.jpg,469,749,451,503,609.0,477.0,280,52
zJFwV1Wu4ReT1xGx6Ehhm75hELl3Sm_Z.jpg,308,766,420,488,537.0,454.0,458,68
zjI5yvV55bYb5d1xD6U5tamBgabJV7p.jpg,429,885,452,521,657.0,486.5,456,69
ZJSssovRDWpTTedfwHFrc3U=PX2=_q.jpg,422,866,425,499,644.0,462.0,444,74
ZJWVvzmJwCMZJxsi7gNYijlFfC8Bkymf.jpg,513,790,440,494,651.5,467.0,277,54
Zkb25Rfupc=yECxNhpL7vCuYTfu6bj=.jpg,470,879,418,485,674.5,451.5,409,67
ZkE5RvNsoghKpoGQ9lGuxxZ==ReiTT.jpg,472,808,485,547,640.0,516.0,336,62
zkfoxKOu2oSKwExEPczvEEVV5k6SXN=.jpg,366,742,417,483,554.0,450.0,376,66
ZlJEDENR1=Pn5KvgzqDI6kTYU4lxbYE.jpg,311,756,427,497,533.5,462.0,445,70
ZLksnsF3brPNa6H56Vu8YHJu3pc=W6.jpg,461,916,439,512,688.5,475.5,455,73
ZLTnOp2SCF_scH8hLrYOxtt_lkebCM.jpg,372,902,460,536,637.0,498.0,530,76
ZLx1UlR1L8yCijZXXB5up6isOqFZBt.jpg,439,879,431,496,659.0,463.5,440,65
ZMaZa3oIKTnF81jGfnykTBnTi8KCeDG.jpg,350,929,525,609,639.5,567.0,579,84
ZMeJMPnjIKYuiXqjWx3zhn2lb_Khxd5.jpg,435,826,412,477,630.5,444.5,391,65
zMHDSWYjJmRBnd8Wtp799dkzJkiVx=Rw.jpg,420,746,430,493,583.0,461.5,326,63
ZMJup3442jQuoiWvb6fZefVFWujKSett.jpg,426,848,423,486,637.0,454.5,422,63
ZMlomPqQKt1M7pQu7Wohd8xeeifLI_w.jpg,285,798,441,518,541.5,479.5,513,77
Zmp9lgOg8Wy=SBMk7dxNSn6JZ9Lxsp.jpg,426,869,429,499,647.5,464.0,443,70
zmqtx5Dp7HPQJUu18sEdCivx1wNIcwi.jpg,367,922,469,551,644.5,510.0,555,82
zMRawKZEhgM5muKXVKCQRYIt=yE2gNs3.jpg,459,916,441,510,687.5,475.5,457,69
zn4VhS3LEaiP7N=RtvCWlsDdpD78qOX.jpg,430,951,462,540,690.5,501.0,521,78
zn9ywLuc1H36IOkk6tSCFkl2=3ozxl.jpg,114,929,532,656,521.5,594.0,815,124
ZN=DFmjEjRBhbOVULGVVDMyEdUsOkUK.jpg,450,860,444,513,655.0,478.5,410,69
zNE=DS5Vr7becygRP3pPXrLpgv7j2F.jpg,418,872,433,504,645.0,468.5,454,71
zNGQ2FZnyHeaYeiE88efvmRek5kpnL56.jpg,384,883,444,520,633.5,482.0,499,76
znMzzO1WiOzifXxgPNENW=J7vIbhajU.jpg,388,712,436,501,550.0,468.5,324,65
zNqQCftyeGmuQNMCJYJs6cRYxEP9Bx.jpg,496,995,442,536,745.5,489.0,499,94
znU6MVma58y1MS477tygBLQ7S=4RLhRd.jpg,343,835,446,534,589.0,490.0,492,88
ZoBkDnZsXC=kKXZ79nXurBu7BlGyWFwI.jpg,363,835,440,510,599.0,475.0,472,70
ZOIPYz_SiGo7Ea4pXa4LLgxnfmefnnv.jpg,426,848,421,493,637.0,457.0,422,72
ZOIz7gJe1J8giGvLCMjZFtjdm8_a5T.jpg,315,752,423,494,533.5,458.5,437,71
zOqZkr6d9VQ7lsrxgt_u2ZCiMQaaoKI.jpg,396,894,443,521,645.0,482.0,498,78
zp1Ux1X354tzJCB_5OFIcpMGeJ4KH.jpg,410,813,422,486,611.5,454.0,403,64
zpcuqjMdwtLHGc2DwWG2rzKu5P4Lc.jpg,423,954,461,542,688.5,501.5,531,81
zPjLmD6DTEcKU5fBBVspmC3jVTEm2v_.jpg,337,774,426,495,555.5,460.5,437,69
ZpqM2aBrgfvRDXp1v26zY4qBgyDBXan.jpg,396,834,432,500,615.0,466.0,438,68
ZpX=TEzhzYjCY8lv4jbWlUzumZ2KZD.jpg,346,872,456,530,609.0,493.0,526,74
zPxlyJzvWQfnQsb_LE44CMg837ChuEDZ.jpg,328,748,424,488,538.0,456.0,420,64
ZpZgHvg1Pcrs7qs2boCagya6EXgWN1ce.jpg,381,800,446,512,590.5,479.0,419,66
zPZO7IXIL5WGToXzLc_3pNRlWG6ZP.jpg,395,879,441,516,637.0,478.5,484,75
ZpztQRF1HLHDlJeJCjjrbZZ2zSUoR.jpg,394,916,484,562,655.0,523.0,522,78
zq7KHNq4b7wqcZzBcEhSpK8eDl=JWL7Z.jpg,410,818,443,511,614.0,477.0,408,68
zQJaF=pvsBUkIhM32YfN_28Cqf6dKn7.jpg,305,891,486,569,598.0,527.5,586,83
zqmwYcJPct4CawUx7pFKt3q6keuxWoq.jpg,446,726,446,499,586.0,472.5,280,53
zqpv_XSXKMhziF3VcqaxTHfIjvLpUt4.jpg,366,677,446,502,521.5,474.0,311,56
zqr9g2XkJ6h7gEpQf6=QGak3ck1VB=oy.jpg,348,877,447,526,612.5,486.5,529,79
zrBE5XBzMtU5rsnEcE3gNzrbjUe3UrKy.jpg,360,782,418,479,571.0,448.5,422,61
zRewLoyqgxNZVs3WkPR_9JMikImvzvBn.jpg,203,808,526,618,505.5,572.0,605,92
zrGTgUPPnDS1=y94k9cqT4j3Qf8QccF.jpg,375,918,469,552,646.5,510.5,543,83
zrLx1tqu_UBer=HYXRtfYBrEeE2VGcl.jpg,336,784,449,518,560.0,483.5,448,69
zrsCByMScYMXR8cJ9V9dtPVlM=iVR.jpg,462,907,424,500,684.5,462.0,445,76
zrte8kXGD7DBg9sxjV=ldqNmBnx2zKk.jpg,339,889,513,592,614.0,552.5,550,79
ZruNw7by3OyT3Vv5lkM_sJOfCT_RRuFq.jpg,449,863,454,520,656.0,487.0,414,66
Zs4ptfn8hlqJZXiizHZbbszTxgUhiq.jpg,348,821,472,545,584.5,508.5,473,73
zsa72LT5JIBq7xUNfbrjRJpFzidKfYUY.jpg,400,885,445,537,642.5,491.0,485,92
ZSKStspV9MmmTsp8J75kamxNBx9fEcXS.jpg,484,762,416,471,623.0,443.5,278,55
zsMNc9VVKFjbfD7YnWBXnrM379ky5d.jpg,389,876,442,517,632.5,479.5,487,75
zSt4veEpuJzxZzW9ICEKZtChCmcq7aU.jpg,398,805,419,483,601.5,451.0,407,64
zt1MI8P8u78uOY1sX8_HoyljIUfB6r.jpg,376,905,459,554,640.5,506.5,529,95
zT38w5NwtlDmQL=HupQX4NPloSgYIUJc.jpg,312,989,507,626,650.5,566.5,677,119
zT5z7d9deDkiP2GCFe32xB42smxzdRX.jpg,344,696,499,560,520.0,529.5,352,61
ZtBRl2qxPbCtermKjLoJFLrVMbrvg6T.jpg,421,912,455,527,666.5,491.0,491,72
ZtE3m5FmYZ1816ngXFjpc9NqCwFkWk.jpg,450,963,491,573,706.5,532.0,513,82
ZTfrguvuxHlnztazaPR1wtUhgE37C.jpg,444,1056,516,609,750.0,562.5,612,93
zTmxIPIOq4Yqpj8mYENeQa4jokCOvQ.jpg,380,792,420,486,586.0,453.0,412,66
ZtNuFaeUe4hoIFPlkrocQ5k=zWG_VUX.jpg,266,994,524,641,630.0,582.5,728,117
zTPMHR_FPt_3ncsqf4LeHd18g3rvkb2u.jpg,456,905,444,514,680.5,479.0,449,70
zTUrHIdUceH8pPrXXglylBWv7g2NSJKW.jpg,509,830,462,526,669.5,494.0,321,64
zTVKTIQdUQE3wG22W4C7TD8_EumaYoG.jpg,411,831,426,490,621.0,458.0,420,64
ZTWexRdjQTrXnKeKBhdzZ1Po4rfUdZlR.jpg,369,780,417,502,574.5,459.5,411,85
zT_5XPj3ZrODHnTdYXVZHW8FoU8=nQ9.jpg,336,855,456,538,595.5,497.0,519,82
zUc3OgcTZ56bSamPoZ5nDw=ZBDWogppP.jpg,394,949,509,592,671.5,550.5,555,83
ZUGauaPz62KOnB_xmxYGKa5HIMOGKek.jpg,316,732,423,493,524.0,458.0,416,70
Zul6I9=jYIV7vN5R7b9PdLh5ZlTtmgjV.jpg,426,746,464,520,586.0,492.0,320,56
ZUOnrtI5QxhTSMOSostcZnu5YK6NyaMc.jpg,245,1055,557,679,650.0,618.0,810,122
zu_=taEDs_lLar33x3SPduwO8wOI.jpg,388,893,454,527,640.5,490.5,505,73
Zu_oQxLBMW6QcoGlQHbm7YZZW5xqKhpD.jpg,420,884,479,549,652.0,514.0,464,70
Zv4gkGGUkBzChsOGLgtnv3p=P_yPtTq.jpg,349,941,474,586,645.0,530.0,592,112
ZV9XJ=jYdZBuyzowlhfKYDWVZ7ddLwT.jpg,316,867,508,588,591.5,548.0,551,80
ZvhMzXej1JtgxMjbUZri9QU=XS7YCKhP.jpg,197,818,499,590,507.5,544.5,621,91
ZVncR2teNfUMwiN=1uZKc6tte1k6FwM.jpg,444,885,422,488,664.5,455.0,441,66
ZvneGEYtW=M_QRVJw8dRJCH8tpw_Xcd.jpg,334,948,538,628,641.0,583.0,614,90
Zvora8Sv_JZzIyc6KXeZLfGimypoCql.jpg,322,906,467,564,614.0,515.5,584,97
ZW8kNDjszqg2kcherks6eD_yyW4Sbd6.jpg,304,890,469,563,597.0,516.0,586,94
zwbkb8nIrs6TbQMz6xv5FWxcOWj89e5.jpg,486,921,454,518,703.5,486.0,435,64
ZwHfVNFx5tDENpkBJhUJNL6aMC5PvH.jpg,402,890,443,517,646.0,480.0,488,74
Zwmgk_2vscH3mvQHnbU1WvnQaFH.jpg,431,839,418,483,635.0,450.5,408,65
ZwmneCeZFle48r9T3f2dy8cnXWVH11oJ.jpg,366,784,418,498,575.0,458.0,418,80
Zx6DjjeagpYccSsZdmV_MqRBWGI_mrIw.jpg,270,1067,522,650,668.5,586.0,797,128
ZXFF4oRMGxOLFyS1Y3Fpoc3RhTcdZrL.jpg,384,841,446,517,612.5,481.5,457,71
zxlh3sDHudNyTm7pCkGFzzdinmHXZPYQ.jpg,432,798,450,514,615.0,482.0,366,64
ZxnjVDTilCTUgytbWaBQHjeo6tjo4hF.jpg,399,854,462,540,626.5,501.0,455,78
zxpnuR9Z6m=pFxJYfkZb=f6NELjjcL4.jpg,341,812,434,510,576.5,472.0,471,76
zXtLYkRFgLEBkGuU5wmzessDIWzLZ=X.jpg,462,782,469,530,622.0,499.5,320,61
ZxU7aif2pfij5ojvzajB=4Hlkbf7Lyk_.jpg,428,840,448,519,634.0,483.5,412,71
ZXU=lhPujkPaP_zRPtByL8ry2DWVGw.jpg,415,812,416,480,613.5,448.0,397,64
zXytdmzYcyKKlUPTnTBHMpf8Bxtz1f.jpg,389,809,422,494,599.0,458.0,420,72
zy44GPQOaxDxF_qnlWSU_flpxmgvz5.jpg,318,742,425,491,530.0,458.0,424,66
zY8X3gVOV9K7U=d8IKjMvbMNVo6iNRUY.jpg,202,737,494,572,469.5,533.0,535,78
ZYBLSXro7T7YyE9JSTgCipxoKFIgc.jpg,457,907,466,541,682.0,503.5,450,75
ZYEXIgvgnFOy_CRvcQwTP8lgkefK_i.jpg,424,863,424,515,643.5,469.5,439,91
ZYEYqI=U7UDlO7PVnHWuSLk_u7X6Efw.jpg,245,824,520,600,534.5,560.0,579,80
zYf_TPNQ1=jJB_y2Sl5OftEbt9dpLf.jpg,535,886,463,525,710.5,494.0,351,62
zYO3CDL55Lsw_Zdax=4difvGDOB.jpg,361,768,424,495,564.5,459.5,407,71
ZyrrTM7VGdVi2HLiDhyiHe9Z9=hsqks.jpg,385,851,469,541,618.0,505.0,466,72
Zz6EKxLCwpvRUbBBifHoLsMQeRf7fPz.jpg,337,749,446,507,543.0,476.5,412,61
Zze2_T6GmKltP2ZSyQombyvKkotF=H2.jpg,491,897,410,476,694.0,443.0,406,66
zZF4GrEKccVEOgoVXNGgjERwDp2ZmKS.jpg,440,828,411,477,634.0,444.0,388,66
zzG7EcKBwnp=tFxFTixyieJ9qdscy6y.jpg,311,817,437,514,564.0,475.5,506,77
ZzMi9ohSh_ClTdiDNCmEPtZTKSEJrug.jpg,396,810,422,488,603.0,455.0,414,66
zznlpgphPGSmnGinSGcfdnZJmWTWyP.jpg,432,910,478,550,671.0,514.0,478,72
ZZpMkcXUDmVFlVx78qL1g9meGDRYR7V.jpg,431,864,416,489,647.5,452.5,433,73
zZQsESXginGcRkSywwOJSMthDYKI5OV.jpg,434,843,407,470,638.5,438.5,409,63
zzzpYOt9YmhbvgbdhTnZwb4xGZ2oUL9l.jpg,312,748,429,511,530.0,470.0,436,82
z_2O=fIeFZMD7a_eHqPBCmaXEoKSJ2m9.jpg,405,685,425,479,545.0,452.0,280,54
z_htXzTJ=D5diHcrNxMOUqxSWEsdpX7L.jpg,431,890,441,519,660.5,480.0,459,78
_1vYSVcBV9OKrqbuyXmZ=5vDD1CFbo_T.jpg,324,1011,495,618,667.5,556.5,687,123
_2a7lzuFS7fvBwDk6w5eJvZWsUiEG9Z.jpg,412,877,435,530,644.5,482.5,465,95
_2pCRHRO_jibw4IlvPS=67GCV9ucUS.jpg,301,839,462,568,570.0,515.0,538,106
_33Eoxo=5JyuxqMrFMMmwvopfgMCIFL.jpg,438,778,436,503,608.0,469.5,340,67
_3cu9wnKl5yl53dDw2klH7UM6cwH5JVo.jpg,256,986,541,671,621.0,606.0,730,130
_3WV4UJmBIhGyB1G7bMSZSD2XJEj5NDP.jpg,386,792,448,515,589.0,481.5,406,67
_3xeQDy9WXr3jtm9JOeX7xFtRD5pllUI.jpg,433,849,420,489,641.0,454.5,416,69
_4mRq9FFMWo42q4DaQwIY1=EYJ29fFR.jpg,450,873,428,494,661.5,461.0,423,66
_5arSPvzcEUt=kNbcV=27UJiVhvY5Kw.jpg,408,827,424,491,617.5,457.5,419,67
_5BNOBK263CF7GuzRGtx2i2Fw15TBL3b.jpg,443,896,425,496,669.5,460.5,453,71
_5kM_JloYZup26mTHahZUuJZ25O=c1.jpg,385,825,433,501,605.0,467.0,440,68
_6IZexzbJyb_ozQS5D4keMk8PYzIbK3.jpg,269,970,557,656,619.5,606.5,701,99
_7lNKKl54tpQ88a56EJMd2VxTwn7TT.jpg,400,867,432,507,633.5,469.5,467,75
_7phxh_8JhzimiUCigfDZWzCFuuFqh.jpg,338,925,511,603,631.5,557.0,587,92
_8eCBDkq_vNBDz8_GYMfaaqC4ad4oO6L.jpg,466,959,442,522,712.5,482.0,493,80
_9qy4fbgoibn75wxjvB4R5O9gzmCY9Wj.jpg,446,852,416,482,649.0,449.0,406,66
_9XV9hhNvWCNEM32Q8neYu=9KWxQRlyn.jpg,522,824,454,515,673.0,484.5,302,61
_=6hQgjPj_UfYTklToy5fNzOMziY7h.jpg,305,833,486,565,569.0,525.5,528,79
_=DKgil3ieTmQq8LCf6OiG7HUMJgkz.jpg,440,772,482,542,606.0,512.0,332,60
_=KfFpjkz2XHj22GvyTItKLpePbQpyV.jpg,417,931,449,532,674.0,490.5,514,83
_=wxjZwpaloB1RacJvaRd=nrMXxaIE.jpg,298,785,463,537,541.5,500.0,487,74
_aQlZwHOpq=zF8i1ZnJcooFvSRhyv9.jpg,428,850,425,497,639.0,461.0,422,72
_aR7ZWQBrt3Zt6awcq7DI1moM59FPqc7.jpg,500,800,456,517,650.0,486.5,300,61
_biT71EaN9GctRHX6a4l8o61FLt7txo.jpg,386,882,448,521,634.0,484.5,496,73
_C6YEzsC1P54ohH=q_DHsdwFpKyiDZWZ.jpg,296,759,433,521,527.5,477.0,463,88
_cja=kieYHtw7vPZr5czG4QEngIDY=y.jpg,373,944,519,604,658.5,561.5,571,85
_cL4ZB7hWbFOgHpY9iv5448sKHhSr9.jpg,405,858,426,518,631.5,472.0,453,92
_cmfWXavuNtGnKigWhzuiqKj=NVMw.jpg,414,990,470,555,702.0,512.5,576,85
_c_KlzUxze3=rY1MbdxkRGRN1iucuICJ.jpg,296,1017,509,618,656.5,563.5,721,109
_Dbo3O8ymWjKHoEoMO4B1XXYd=NcibM.jpg,318,743,427,496,530.5,461.5,425,69
_dLuazr=7OimUekhfjbNfewfX_kBgqB.jpg,420,886,471,540,653.0,505.5,466,69
_d__7U2kRU5ayuWwMG9SCQzN54tXOsr.jpg,291,842,472,547,566.5,509.5,551,75
_e8HZCIEHJK=auDZ9cuJF=m_cpBmV.jpg,369,828,522,602,598.5,562.0,459,80
_EaUW6M2tDDXy_klC9hfsUp_4hzwFGu8.jpg,411,823,424,488,617.0,456.0,412,64
_fBBUduB5e7542JzeJ_LG7t_2SFW4lZ.jpg,350,698,467,529,524.0,498.0,348,62
_fETcXZe_OrYinSmXJkXq7ozQ=_1ZFJ_.jpg,431,844,414,477,637.5,445.5,413,63
_FXdo544_TPJT4pWWKRkbvrCBEPeq.jpg,394,761,493,556,577.5,524.5,367,63
_GWuqPDL_XHp9zF2Ei4ZCiuyYqmU6.jpg,380,679,424,481,529.5,452.5,299,57
_huyGlgUkpsM24_LDWvBke6obnqIa8Hc.jpg,372,751,452,521,561.5,486.5,379,69
_hvfQbku_Lv8w_pDVzKZ2NkR1Njvo2Fu.jpg,267,784,465,554,525.5,509.5,517,89
_IBCBETlIyYPTQOm6oQCaBcWxOzePb.jpg,319,659,442,507,489.0,474.5,340,65
_ilv5xgU3keQlmVhsYPiWdx9s3neVwh.jpg,363,834,463,532,598.5,497.5,471,69
_iU44adfO5yQPHlNevqFfJnDMuwr=DL.jpg,370,867,489,563,618.5,526.0,497,74
_JHC7xD1=KzLqFbK=GN1nq68sSsE=Mm.jpg,388,808,423,493,598.0,458.0,420,70
_k1Pf7Uij_ct3GanU3vDgEVWMuHlTbNn.jpg,457,855,442,508,656.0,475.0,398,66
_k3KXHSFNrtOaLVgNtv_T8rUXp4tYx7.jpg,450,717,433,485,583.5,459.0,267,52
_K7RYHTTcB=CKNdGdttMp2sUH5i2gtxa.jpg,464,852,414,478,658.0,446.0,388,64
_KxT8Qr1ldus4TKfeiNsGHNn=xEZrZs.jpg,406,887,430,502,646.5,466.0,481,72
_lcthkR7EulVb=zydRfJxc2Jz3=jfSqs.jpg,328,794,441,524,561.0,482.5,466,83
_LivRZ9vcdI7L5ffGDSH2ReiHTOJs1.jpg,250,971,509,620,610.5,564.5,721,111
_LPJXQETy9ih5RYF71YFMrLR9lf6HuOx.jpg,401,856,434,509,628.5,471.5,455,75
_LWJC3=YiILzyaqqbsMnj38vmu6zemW.jpg,295,739,442,510,517.0,476.0,444,68
_Mz94eVVc_3DDFbFJFMRkYyynoFqYlv.jpg,535,816,422,477,675.5,449.5,281,55
_mzJntFVpo54Nb8u=jPJr4iZLCtdG.jpg,250,787,464,548,518.5,506.0,537,84
_NDDluYKsWXsQe7cv6DZMdJrYz8kW3k.jpg,336,863,463,541,599.5,502.0,527,78
_NjQks3UqnoOr3z1ChOXXfnYnkR3pdo.jpg,407,883,422,494,645.0,458.0,476,72
_nNRV5=78l_3NpIiyZ7EOJ_jGO_8tRh9.jpg,490,970,467,551,730.0,509.0,480,84
_NqWtxJQb=NNb9KwBKtiooRnUkRDZx.jpg,484,766,426,481,625.0,453.5,282,55
_NU2x6w1vMmQ6RIFdiu75f8mhSGUV9.jpg,404,931,458,537,667.5,497.5,527,79
_NULYEIsVehJ3EwBw5CPkNett7ciPE.jpg,463,741,408,471,602.0,439.5,278,63
_OnJxCSzbRXdvSwEGutO=QRKzqZuaoRi.jpg,365,860,433,506,612.5,469.5,495,73
_orjj_p2EwZbCQM6PXTLPyXpNOt_uO.jpg,284,796,479,553,540.0,516.0,512,74
_Orvz3G7svtI8=u2MTMdTuY=Q9zZPNg.jpg,307,850,462,546,578.5,504.0,543,84
_ozdvLTworXvVt6ULOoTogHo1XXp1xJ.jpg,338,916,487,573,627.0,530.0,578,86
_P9pjGPd1PCOX6QNXdOxUsICs6=I9S4.jpg,326,841,496,569,583.5,532.5,515,73
_pC2DRZcPfUeGotM44vDgD=Ct6F6vgPl.jpg,449,879,422,494,664.0,458.0,430,72
_PSY_YgWJaWeDXsNWm7_xXxKcDYK6OH.jpg,369,799,429,498,584.0,463.5,430,69
_PUqUyX1VmInELLuEPTYsohfPuCNvEO.jpg,458,752,456,508,605.0,482.0,294,52
_qkrv7_QTxPbb86SiWjLXjBHWSU9kYi.jpg,429,851,420,497,640.0,458.5,422,77
_qPqUDc1iCMbrvVsgJ4LMX=eTxRcWdTt.jpg,108,964,616,731,536.0,673.5,856,115
_qteY1T2FbjoZFV4Euw4rpouOLScWXx.jpg,382,885,488,560,633.5,524.0,503,72
_Qy14HzZ=XQTMQyIwgP6bw21h9ZGz9ti.jpg,399,783,437,502,591.0,469.5,384,65
_R2iiB2UoE9eu433BBlfJKtF3ukRMkCf.jpg,304,890,476,560,597.0,518.0,586,84
_RBkxX5cvWE6Kkf9FUEocWuLB4Ngfy3.jpg,391,727,433,498,559.0,465.5,336,65
_recljvxf9tI3mxYWB6FQTyqCoHITDM.jpg,437,940,486,561,688.5,523.5,503,75
_SdWkbRBxeJ5Vjcs8mu=U9LyZmdkVGPp.jpg,423,895,465,542,659.0,503.5,472,77
_sencQ46MiZJvPuvyvGsqzTKdH2zIsa.jpg,414,793,444,503,603.5,473.5,379,59
_sexO=r3c2m5XvIOGwG7hVmL7HMesUt3.jpg,401,809,424,489,605.0,456.5,408,65
_SiMGP1PKmklxZGPjjq=gWx6TBbxUb.jpg,457,890,453,525,673.5,489.0,433,72
_Sudd3hILwYsk_OSLYy1DOJlhNr8cWf.jpg,453,760,443,501,606.5,472.0,307,58
_tKp8TL5UbDnBuxMlUICw2bnnC3B8cmd.jpg,381,842,472,544,611.5,508.0,461,72
_tRwcVkTJRmpcahbEMkyW5L_gWsSLExT.jpg,435,875,450,515,655.0,482.5,440,65
_TsqtYd72a2EEGKDdUJTxlOVTuUcRSK.jpg,412,976,471,552,694.0,511.5,564,81
_u98ElO6kO6azbJqQSHnUHHmFoIuEjHp.jpg,447,801,486,552,624.0,519.0,354,66
_Ud4qrpQdynpqb9xZiEdWqR7HldEC7t.jpg,364,839,426,497,601.5,461.5,475,71
_uJ8BoQcuzTmRecaTz=EqjGHPg=kVt5S.jpg,279,760,441,523,519.5,482.0,481,82
_v8ia_M1nDcHsobtUaDa6Ny_moX5s4wY.jpg,421,842,522,600,631.5,561.0,421,78
_vEI6T9CrXmWuXePmUg5GxDJsD=EjIv.jpg,417,880,427,502,648.5,464.5,463,75
_Vxgxysa3CJ1RhURsd_v1l9u6C5GMV8.jpg,422,971,462,544,696.5,503.0,549,82
_W4IOEsZ96pFKDrvGk3uq8LPohqU.jpg,408,904,491,562,656.0,526.5,496,71
_wcEfX1FnwXOpG9FSSdYW3JueRYk9F1.jpg,446,936,446,520,691.0,483.0,490,74
_WI=upV33LjDPNpDIyiE59YHy8O2gNxZ.jpg,402,927,467,550,664.5,508.5,525,83
_WZ7iXKScGIm6brNRfcs3Hwx1n3S4rMs.jpg,358,859,454,530,608.5,492.0,501,76
_x7Pc2ICYJQyC3SN76zTLChU14OnL47.jpg,368,797,419,482,582.5,450.5,429,63
_X_F2rUvC3ZaG3TFZJLq4QNxo=WCQ4Xq.jpg,488,852,491,555,670.0,523.0,364,64
_YEEI_yK22womlPkiscCYzIEsKt817Qb.jpg,415,808,413,477,611.5,445.0,393,64
_YFc=YuVtn8=QwrXq3RXU7iEi_ijfVfN.jpg,378,815,418,482,596.5,450.0,437,64
_YnVMO8c9EJ3tIiz_WZrgElykw34flht.jpg,438,845,416,482,641.5,449.0,407,66
_yQHEaqyVE68Jn2VVyh5OwOacNogLCs.jpg,385,847,456,525,616.0,490.5,462,69
__ICLr6ojVx3=ws7Qpyun_KklDMKwHHs.jpg,285,762,459,529,523.5,494.0,477,70
__IyIxIxKiO93slu366_x6a3UdiRuiR.jpg,334,837,438,511,585.5,474.5,503,73
