filename,xmin,xmax,ymin,ymax,xcentre,ycentre,w,h
119BwbfcWkg8y_Yavm6XglO88Tr1NBN.jpg,346,792,430,498,569.0,464.0,446,68
12ncTk4oEw5LEWCO2MCXNufQ1JiHY5f.jpg,463,687,459,508,575.0,483.5,224,49
13zzBQRw8KphQ=HydFTJzl4LjDIImtq.jpg,451,834,474,541,642.5,507.5,383,67
14JTbKeSfXlQI5LTRI2hGsNLzkt=5=KE.jpg,482,886,416,484,684.0,450.0,404,68
14l7kPS=Vkn_ZMJurMhkib11ai_sdt.jpg,543,972,427,504,757.5,465.5,429,77
15ed9Q7NJFrKTuRPJpTt1xzNe3Jt2Um.jpg,388,986,529,615,687.0,572.0,598,86
16CxY79L8iCpzqgm4w5LJt83tbfam7W.jpg,374,922,456,543,648.0,499.5,548,87
17BGh2RDeN6vb7ncixrOpfbdvJSDYi.jpg,487,899,443,519,693.0,481.0,412,76
18KuUs3oxI3Cng7ka1QKvNmxgMvGpUIO.jpg,409,919,464,540,664.0,502.0,510,76
18NUqv=j7K7vao6QOIUWtcmbGBLf1cOg.jpg,360,845,442,519,602.5,480.5,485,77
18SfMuQBQxkPP7X9P61=aE=jHpmpOm7.jpg,319,776,423,514,547.5,468.5,457,91
19Qpwl75NnvUiQ7MWx=JeM8cBkZNFo.jpg,414,802,515,587,608.0,551.0,388,72
1=rG9a2HyzBVNe3yFmaXMiyv7Zn5FEs.jpg,305,1156,610,740,730.5,675.0,851,130
1apO5KVnaKQDI=8sR_BTFdhRbbHoFR.jpg,495,776,417,475,635.5,446.0,281,58
1auCBCzexDzmZQqXbL4hJ7ECFOKdjZB.jpg,333,756,421,487,544.5,454.0,423,66
1aYjlW8l9YPOtc7evIsFaOCFtUgzRr.jpg,411,864,435,506,637.5,470.5,453,71
1B9xCdBRh7ZSYWJ9qiCSwtZHSep.jpg,367,805,427,497,586.0,462.0,438,70
1BuxTWPTwDw16DRPnaW1G_IULUGQwR.jpg,263,819,462,548,541.0,505.0,556,86
1c=jThBTPfK9FzFnvsQMaB2VQfIhmog.jpg,382,765,475,547,573.5,511.0,383,72
1ccxKVI1cN167=6SqGYBhQIfaf_qJ8.jpg,367,938,477,558,652.5,517.5,571,81
1cJOwHkxOFllrFdO45apVGoQUpJg6r9.jpg,320,903,474,558,611.5,516.0,583,84
1cJqrgLNlitg5d6NYuwmNJioDewoVtT4.jpg,371,844,437,530,607.5,483.5,473,93
1ckGxU8D2HTouLknd1kP5X=hHDvsT.jpg,297,1079,472,597,688.0,534.5,782,125
1cKZU=nPgon8=FUBfV6GfnZQpJiD3Ku.jpg,302,771,445,516,536.5,480.5,469,71
1cvGEWPEBZmglgCw=k2CnzfrDKfNl97.jpg,437,722,428,485,579.5,456.5,285,57
1D7qhTUcfTYpykzOWX314gSvL5=wI1S.jpg,433,786,485,553,609.5,519.0,353,68
1DlOnSCqgsraUY8yvR9wtrpp7gf2hEz3.jpg,349,756,446,508,552.5,477.0,407,62
1dOvmKDNJkpmz2eJWzq8Ko9iTjSMjD1k.jpg,471,890,418,484,680.5,451.0,419,66
1dWPrtKh3IDRpVBtUpEs3d=W8KItwtoR.jpg,296,646,459,523,471.0,491.0,350,64
1EmSC7QS8TF2T=2bPEwBVevZqeQqFfM.jpg,341,753,425,488,547.0,456.5,412,63
1ePPbbHcvot3_H26DUNSPumJkscncd.jpg,408,844,423,498,626.0,460.5,436,75
1ErKnvr675YiCUEXyMlI85uEHIQokpM.jpg,367,911,459,542,639.0,500.5,544,83
1eSUUNh8CZJutqjb24PVykiEko8foP7n.jpg,373,884,459,540,628.5,499.5,511,81
1eTmGlU6tkhqv8b1qb7kkhOl9r2V1sd.jpg,359,1133,555,676,746.0,615.5,774,121
1Feik5n1VVW5MW1kFTBGIz3vrXxowmH.jpg,365,665,440,496,515.0,468.0,300,56
1fqBeegV27SCxXPKbmo8QZ6fUtTqz.jpg,394,789,418,479,591.5,448.5,395,61
1fSRMZOZBSxXM6UQeWJ4LF4Uir2itl1.jpg,300,776,448,521,538.0,484.5,476,73
1fuoTTeFjzo7NzBLMjOefZMKPVn8Ru.jpg,282,846,467,559,564.0,513.0,564,92
1FZrSRno679cC8mGYGRKMHtkQe2jKLvF.jpg,450,786,448,510,618.0,479.0,336,62
1G5r9iiVUeNn5oLn1SMkwPh1WhDD5Bg.jpg,349,655,446,504,502.0,475.0,306,58
1GMbdDqDJYd4piVDbmrUgx3ZV8eiLjqD.jpg,331,903,515,596,617.0,555.5,572,81
1GOKOGXOiYzx4gHqhFi9cwvISLpm_gva.jpg,400,991,525,608,695.5,566.5,591,83
1I5BjnSjr5jef84SRn2xqGDdvWUsmx.jpg,268,731,452,522,499.5,487.0,463,70
1jEgTF7DwChiMTWBiUCQIfCdpWKzDp8.jpg,420,821,416,481,620.5,448.5,401,65
1JNPfUvXR2B62nghpfVS7N=6xPVHe7Kb.jpg,382,808,422,506,595.0,464.0,426,84
1JvXoX6KHlt3tnjPqwhBXmg3ggx_Mbcd.jpg,260,786,458,541,523.0,499.5,526,83
1K6KCh2=4vpfIEtMkXvl6l3s9V12Da.jpg,357,795,429,497,576.0,463.0,438,68
1kmwFbuOGTpeGPtvsQnSkO7UdsJzRno.jpg,431,939,492,564,685.0,528.0,508,72
1KoDMdOdTnLDSZCSYGMOMV1ururCTN.jpg,450,772,474,533,611.0,503.5,322,59
1KsP4Ezv=n8ib=H7ycXGN6i6QoSe.jpg,261,799,460,543,530.0,501.5,538,83
1Lb73I2pM4152R9w1CLa_hwIZYVlb7LG.jpg,407,840,426,495,623.5,460.5,433,69
1m8B8mMsXF33ddOnVQ41yf_tsqRDEVRr.jpg,364,884,494,575,624.0,534.5,520,81
1n5mxb9oT_VrU5UCjvMoPlpJhEyzmxmH.jpg,459,746,424,478,602.5,451.0,287,54
1NDTrTUBE9UmPHpb8DvsZIFLct=bz2J.jpg,438,698,422,476,568.0,449.0,260,54
1NkZfLZNRHoMkguhZRj2ulhc7Kid_wlL.jpg,336,841,479,555,588.5,517.0,505,76
1nNFwBJY38kVu3sfPxecd2azXusw2o.jpg,346,837,445,519,591.5,482.0,491,74
1NUHknOD5hCPMaoyZa4dvMy9hckBxc3E.jpg,472,809,437,500,640.5,468.5,337,63
1nwYnfJBiQOowqsCtFNj23TT5jyTe1.jpg,346,785,427,496,565.5,461.5,439,69
1O6cpYa2WddbtbRIyeRQbzbnnRuUYm9.jpg,396,739,474,535,567.5,504.5,343,61
1OCXTQOPKr8hUhUblo4MLyt8rTDdQyHT.jpg,399,949,512,591,674.0,551.5,550,79
1oOuIqBR6kWGBu74zNY7UjYyau_D3PT.jpg,473,807,434,499,640.0,466.5,334,65
1OZQidRfVlvIcbGL5e7iwBadHZgQnnb.jpg,398,904,488,564,651.0,526.0,506,76
1P2HB6G1QhOevLm2_ZBlTRDUuVt1kDR.jpg,328,802,483,551,565.0,517.0,474,68
1p4_Lqd5kZKV5cUezxDSxVfwlFTWoXH.jpg,494,812,471,535,653.0,503.0,318,64
1phM97IzyHFdq1Ka2=98hyI28JNvecg.jpg,446,858,439,509,652.0,474.0,412,70
1PModTG8L7EaQS_C2hRc1TLk29jh4=XE.jpg,329,917,525,610,623.0,567.5,588,85
1qQ8zbdaTfNZtJv_jrDB13zX=u1Pmz.jpg,379,792,523,598,585.5,560.5,413,75
1Rlh=HzISR2HLDzNS_ndyi5SYbM_MG.jpg,396,918,499,577,657.0,538.0,522,78
1rqvCBy5svwJc=rPQ8rNb5CNRBPVisel.jpg,286,813,500,577,549.5,538.5,527,77
1smyITcGY9wWtKLRUQkFI41l8RMHz2Ff.jpg,309,765,439,510,537.0,474.5,456,71
1s_2Hd_NFQL2alQyfD3H2dWFNOuZoy4.jpg,419,770,486,549,594.5,517.5,351,63
1t2gO1kFZUvwQIneTldRS9VTawqyrSTH.jpg,311,647,452,516,479.0,484.0,336,64
1txI3zU3xD4IVuzNHtGI4KF49z4vVLTi.jpg,393,824,426,496,608.5,461.0,431,70
1TXJenKW7yh3Fa22o7=3J4W43_6Nc56U.jpg,433,867,422,498,650.0,460.0,434,76
1UCYjuhB1CZub6yxVekpiPKrGS7Vwxyi.jpg,269,863,527,612,566.0,569.5,594,85
1uDHCW2FtZKgSUbOm7WNGY6gIPjUsrw.jpg,427,900,484,551,663.5,517.5,473,67
1USWVtL4XXyhBgYM85bwgu41RXjaagG_.jpg,357,675,448,506,516.0,477.0,318,58
1uTYKzU_J8=WXy4KT1VnFxSU5v_Xepk.jpg,351,829,444,516,590.0,480.0,478,72
1uVaTYOIEM7NhJ9_2FsTMcO_W6qO_lf.jpg,398,734,441,507,566.0,474.0,336,66
1V26ibOOBW1pv_czqsbF5RRfRgFJTfSx.jpg,401,727,446,510,564.0,478.0,326,64
1vr_8TyINm=y9T5ODZcRQPiywCdEsIY.jpg,211,810,489,571,510.5,530.0,599,82
1Vuhsew5fdUKvOW4=_21ignGUTjb8fE.jpg,282,788,467,539,535.0,503.0,506,72
1wIhXtExlBZwbSYQqYkkaZWZRt31Q_Lw.jpg,362,676,446,506,519.0,476.0,314,60
1wS5CUgRY2zJauXOyXKZuBIotopHbNdW.jpg,293,779,452,523,536.0,487.5,486,71
1wVy2KpvNaDQ9nDcRuhU6vvhivBnFxKH.jpg,462,796,483,547,629.0,515.0,334,64
1XNaeWcek15rwab22cSYZ3eVQCLRc.jpg,276,853,469,557,564.5,513.0,577,88
1XoXgjVxDGFomDbhiXIEgzvZQes471.jpg,388,994,532,616,691.0,574.0,606,84
1yi8k2gcEVhWWZCDT8N3fvZnLTpX343.jpg,331,867,496,577,599.0,536.5,536,81
1Z6wxHqWkdjdnFclQN7p239RElLIco4.jpg,413,911,446,526,662.0,486.0,498,80
1Z6z2MS7aeglbKw3npH=ZFQK5QGQ=U=.jpg,428,767,444,509,597.5,476.5,339,65
1zBI6=6XOS7trLMxPJSgorxEE8TLTncS.jpg,354,704,471,535,529.0,503.0,350,64
1ZkZqzQYGZsQLyyBlMPM3sVKYPN.jpg,373,944,460,553,658.5,506.5,571,93
1_3mgU3meE_1=VnZehsYJqyrI=T_7.jpg,433,748,466,524,590.5,495.0,315,58
1_fbNwJRNZ3IkCMiHtWxcPdevT8K3Vl.jpg,247,771,504,580,509.0,542.0,524,76
1_HkeZHjlGpVGkP2_y48vjYLmbnYRKB9.jpg,406,889,449,521,647.5,485.0,483,72
1_rTZJd8rDWyOwDKsniKPL2l4y2Fal9.jpg,462,898,463,528,680.0,495.5,436,65
22=d6ufmCMkqb_OUjZINSw=EPPQhhNrN.jpg,441,751,455,512,596.0,483.5,310,57
22GmNi3_8SBsNNnMDizZWEcfGp1773mm.jpg,430,782,455,521,606.0,488.0,352,66
235HdZhfPXQkNGVtwpeXjXB9gVa9VTn.jpg,466,947,466,543,706.5,504.5,481,77
24MBkCOcXr5aPx=7zeCT7hznG6OOamq.jpg,388,821,419,482,604.5,450.5,433,63
24Oq=CX8liUWYLOB3uUztLik3XGqc.jpg,352,851,434,510,601.5,472.0,499,76
24sdqpaXzrhhBdhMXTjQ9Zm_etJ.jpg,420,865,426,499,642.5,462.5,445,73
2676VpZT5tuGJTwDMFnEjwtj4ru9wqpQ.jpg,354,800,436,510,577.0,473.0,446,74
26eDCO_DBnzcz=PI5rrf5EHDnc55nW.jpg,515,989,469,544,752.0,506.5,474,75
26PYg3ylh4xnlCqD7U7YMEPGdKg6ik.jpg,402,861,436,512,631.5,474.0,459,76
26Rb5_fmG3PMXotnRGYW=ErGb5VN4a.jpg,461,924,467,546,692.5,506.5,463,79
274Eo7Y8SZJQaHmxW86S9inhHBrvwvJ.jpg,411,880,423,495,645.5,459.0,469,72
27Ck7uJLwbS4Py2lmfUrB7hYqzwif7E.jpg,283,836,457,545,559.5,501.0,553,88
27dSZZXeGJULv9DD2s_Cd5EH7NFBcxg.jpg,484,781,435,492,632.5,463.5,297,57
27UVatNiGCsbchmeUf8l4wZOd7Lgh5.jpg,419,1085,499,600,752.0,549.5,666,101
28dvs4wNTiRD_cDJpBrGiErs3TeZK3XL.jpg,134,770,508,595,452.0,551.5,636,87
29fqRtpQcztwLmlISbNZw=ZyWtzaX.jpg,442,985,472,558,713.5,515.0,543,86
2=qoO8LloQw1UllX92mTQpIyclWQY4lw.jpg,459,879,458,521,669.0,489.5,420,63
2Bdz4WI77wgINIc7VkhNIWFdvT5w7a5P.jpg,452,875,419,496,663.5,457.5,423,77
2bvMGcK3EEq5NvqyPIPFPWjlCNzKV5Gw.jpg,301,883,478,572,592.0,525.0,582,94
2DHEr9srsvmhREiny312lXF5bV8qsW_.jpg,389,673,432,484,531.0,458.0,284,52
2DJ1Er89fv7YjgtEZklgDC5_sPgGP35.jpg,454,890,425,494,672.0,459.5,436,69
2dJQv61zwMmtvSDvIITlx9OEIiSkjTTR.jpg,186,686,493,567,436.0,530.0,500,74
2Dmyr4bD==dyJt12ubpaV9mWq_hoPSJW.jpg,486,787,432,489,636.5,460.5,301,57
2dUNVjYUlbQ1CTVZC_FsxZzHBX8iiQZ7.jpg,378,767,473,545,572.5,509.0,389,72
2DVz53GV8TjEbTB2_Fk4kTI68UXj9rZ.jpg,556,1082,493,585,819.0,539.0,526,92
2F1Zne6oDPfJaf3RuIyb1gvxb2s_w8.jpg,483,918,463,535,700.5,499.0,435,72
2fdUtt4avCdngdXv6VHFMChmJ=Nd5i.jpg,410,794,490,558,602.0,524.0,384,68
2FESOPzct8yOvjpkB_8Ot2beDD9n4dG.jpg,283,798,460,532,540.5,496.0,515,72
2fOwNqkVU16xG2SOo5J1vhR3Ykoeawn.jpg,410,969,472,560,689.5,516.0,559,88
2fPLoYlwEY3lhfTzMglfNb1fuoqgLZRC.jpg,141,990,551,670,565.5,610.5,849,119
2gDka4zErMtrdggUbtUZx7qNt2hnlpF.jpg,396,841,430,498,618.5,464.0,445,68
2GG9d8ae8_o9tRn6viI8lxB2JTaIkC8.jpg,435,828,414,478,631.5,446.0,393,64
2HIpVLOIzw1_NhwVCNtQF3FB2warllX.jpg,379,679,439,496,529.0,467.5,300,57
2hn94xoDPxCS5gDiYPSZFFTondOtrs.jpg,265,620,467,532,442.5,499.5,355,65
2Hnau2lxjjDnu9zTF7y=lwq7qN4QjHg.jpg,408,740,480,541,574.0,510.5,332,61
2HPbSVEOfvO5t67ZJkxpNBhJGUZO5on.jpg,442,868,418,485,655.0,451.5,426,67
2I1=FJV6aictSgYmGwni_Fp9dnBxX.jpg,347,982,543,631,664.5,587.0,635,88
2I4QbjIYvvZcZ5OtTXev7RfKkn6if1p.jpg,387,821,464,528,604.0,496.0,434,64
2Ih6ph37T6jdqC88VyBe85PXaN7CeI.jpg,455,738,424,482,596.5,453.0,283,58
2ILKk_QQJhK4koQ9Bn7mTRJsdsPwWQo.jpg,400,903,486,563,651.5,524.5,503,77
2j3zpdfPiyJUXLK9h8dpXp7codQuZyH.jpg,394,834,427,496,614.0,461.5,440,69
2jdTDw83OKOPiZRJlI82R7Vvckr.jpg,391,944,506,589,667.5,547.5,553,83
2JwWNfP9oEfrxqOYvEOOUCF9L8EZZid.jpg,393,816,422,489,604.5,455.5,423,67
2KdS7WKcQtR=QxsXlP6xXHaCz_nZyvd.jpg,309,772,433,502,540.5,467.5,463,69
2KThI7z2up2jeXlHIEpdPttGIW5siPG.jpg,471,886,452,522,678.5,487.0,415,70
2kVI=KgG2XwzuXRZNCpUjlGlgh88oSR.jpg,253,843,487,571,548.0,529.0,590,84
2kYYVXRyy2Z4zDvC8dmtkU1ijOa3SplV.jpg,418,912,451,526,665.0,488.5,494,75
2lr14SidJX4oHfBVTtHUx4YrBJd2UC4.jpg,449,1041,515,607,745.0,561.0,592,92
2lSwoM=2qN65eWrPoSbl4oSj5DW9yNV.jpg,424,727,441,499,575.5,470.0,303,58
2lZ59Wp4O5JzdkOEGu6sMXWLh4Cpuwu.jpg,390,1014,541,634,702.0,587.5,624,93
2mqfOx6BqjYeZBrLOCdJTSuwm_7vFke.jpg,291,829,490,570,560.0,530.0,538,80
2mTtU6XLr9DvnwaXv4OMzrS2HGXgRXM1.jpg,404,824,420,496,614.0,458.0,420,76
2MXMXzWuX9ytXm8oEyL_XsReaeN_I5g.jpg,364,708,432,498,536.0,465.0,344,66
2nElKxbem6jdZ6ayoKhlTdH9J=9ljdY.jpg,341,929,480,564,635.0,522.0,588,84
2NGad9tdGanLdmhPbO_dRkiwL4QGtRV.jpg,378,741,442,511,559.5,476.5,363,69
2nl_Qd=t16DdbQXa8xKQqDECW=kbj.jpg,470,773,463,520,621.5,491.5,303,57
2o5BEIXTekKx4=21kdaFxPdLFPWUFpO8.jpg,462,884,450,516,673.0,483.0,422,66
2o5l9NGZ1eC18Un2f_aJh5fRX48JchJ.jpg,390,841,421,506,615.5,463.5,451,85
2O9q9VmYDqD6CId_ZFprHi6TW=liDpC.jpg,319,846,494,576,582.5,535.0,527,82
2OXTYG7eopuIwlEyFd5Yj3E2hoJeFg.jpg,429,1205,572,694,817.0,633.0,776,122
2P3NnyIOk3YqMvqP9CRbDIxEU_8tMek.jpg,249,1001,525,633,625.0,579.0,752,108
2pflGwvETo=ZuxsxJf6NNpj76KYytg=.jpg,335,762,422,494,548.5,458.0,427,72
2PgcC9ptx_vfot1ZpQBZbancUzpaWl.jpg,371,789,473,547,580.0,510.0,418,74
2PHSWEq6OOEhUcX8NsowgOKDt5Etjoi.jpg,353,804,423,489,578.5,456.0,451,66
2PMi_HQSIMkNgHgxuSqJ8S979_lS_Zwd.jpg,388,869,449,519,628.5,484.0,481,70
2PXmF1wditvRvgkZIVnsrK1ulqSnDcD.jpg,332,802,458,528,567.0,493.0,470,70
2qfCz5_MrQj7aUxQgl_Q56vuuNgXQv.jpg,479,887,450,513,683.0,481.5,408,63
2qmCN5TCWg82dQ=6YdToJj6LeFjT1nK3.jpg,321,650,444,503,485.5,473.5,329,59
2r76zTb=qZVEZLY7RGsjHCYOJe_pfrT.jpg,465,784,441,497,624.5,469.0,319,56
2r8yNXW9_mSKiOW2OxNu3ZlIWe6L7dv.jpg,273,1021,525,637,647.0,581.0,748,112
2RePaj56MRofYeesjgogcUqNyTYyHscQ.jpg,364,908,501,581,636.0,541.0,544,80
2roIla8mu_UY=6XMWXJtsHqv16G8idU.jpg,248,797,463,543,522.5,503.0,549,80
2RrRzX6qiv2eLmTBHif9VE3NOtz1dM.jpg,346,670,440,499,508.0,469.5,324,59
2RTp_xCLkkKIPPBRBNXF9=5SZOZFFr.jpg,410,836,444,505,623.0,474.5,426,61
2rTvamaG2rp8SViOtmDX1ZpQ9ar9smY1.jpg,298,783,445,517,540.5,481.0,485,72
2rvIsiqshlbbcRoraQNn9=UlOI1ThQF.jpg,337,918,504,588,627.5,546.0,581,84
2SaM3zwuqRiEu=wC2TS_4Y4hrdKJcM.jpg,408,962,473,558,685.0,515.5,554,85
2su2=Jlrw_q9hRSJIBpcgV9aErndTC.jpg,409,772,466,530,590.5,498.0,363,64
2te3xnnVuiQI15IR35fEn6L1HVvP=D.jpg,425,755,479,541,590.0,510.0,330,62
2TgTpV3msu3a8dskXVCrtowKl=Y3uh.jpg,270,776,456,529,523.0,492.5,506,73
2tMaI=5qLgNqCbnYWoV5pO3pcZcwZhqP.jpg,395,918,490,564,656.5,527.0,523,74
2TPWMxYszmLflVrSmkc5=PD8_uXZh=up.jpg,382,822,430,503,602.0,466.5,440,73
2tS24CBe96yoMOxI8zjjcrDH7ZzPCtBp.jpg,314,907,478,562,610.5,520.0,593,84
2UjdI4OIZ9HCz8_wqvUgojvOdvhsu8.jpg,444,761,473,532,602.5,502.5,317,59
2uWBlgFYyuZSieO1taMoCprYQjw5nRu.jpg,466,793,474,536,629.5,505.0,327,62
2wCRnnsr1keRMcV_i1iFIjfvxu5fFcS.jpg,427,776,493,555,601.5,524.0,349,62
2wGkj1zK8wFPrRceq4u6l3iKf5vXpj.jpg,430,800,441,512,615.0,476.5,370,71
2XFGlw2OVUjOjyuULrYRq7fBHbtk2f4B.jpg,514,801,449,506,657.5,477.5,287,57
2xnXuUgElphCFCMg2pzK7uvVsuCw_c.jpg,316,865,453,534,590.5,493.5,549,81
2XxfW3U=iUPiElauHqcMSHCWprJV3C3V.jpg,325,889,475,554,607.0,514.5,564,79
2Yjeqvo9DG_abnE5qvkTsNR_oWyQD.jpg,321,828,458,531,574.5,494.5,507,73
2ZQ_OGuLP_5WdldaoFSZID5zy_ndFD1.jpg,287,927,502,589,607.0,545.5,640,87
2zW1MMGvSu1UWdPkIiDbNlsP6WLY4CTX.jpg,411,795,414,478,603.0,446.0,384,64
31fCRGjGSOf1zm7RQYkqflb_hD92Zx1.jpg,370,810,426,498,590.0,462.0,440,72
32K=nk54tymXSMJTyIaoFdxEbTe7fD.jpg,344,754,418,482,549.0,450.0,410,64
33wqB4t5N7Z6F9ojpYy2Wkhv9V4qPxr.jpg,290,808,493,572,549.0,532.5,518,79
349RPvmhs5cfyzsOBd7HG4hE8JRaMp.jpg,367,858,442,517,612.5,479.5,491,75
34SWYTC=mp27bUcwcraQge9aDl6go.jpg,319,842,495,577,580.5,536.0,523,82
35JI=SZ1pFe31=MhwIJiVhc3b8NEgIi.jpg,426,926,481,559,676.0,520.0,500,78
38D3wtXbkIm_1VBW_CulYFbYZR8MVgi7.jpg,275,772,456,529,523.5,492.5,497,73
38PwFY6=I=7Dzza2t5a3YU2ynuYjPySS.jpg,362,794,459,529,578.0,494.0,432,70
3=esLmfVLxU2zQjvqJD8l9FCv_PHSU.jpg,359,744,504,576,551.5,540.0,385,72
3=sUPQE9MEPJfrFaxVfKfHbsChBDb7K.jpg,249,797,471,555,523.0,513.0,548,84
3a5BVvZdOzxCgLwmoeOXDv8noRF8d=i.jpg,256,700,461,528,478.0,494.5,444,67
3a==d31s8wWbeZk929HaPWUBQNy7l=6.jpg,319,907,476,570,613.0,523.0,588,94
3aKcUpbwn6SRxNRj2eL9YJwdGjKei87.jpg,348,862,462,535,605.0,498.5,514,73
3axft1u2ImTTFY9JbMPJsOz9dQlX8IDL.jpg,464,764,442,497,614.0,469.5,300,55
3Bct7OmmwtlTosUHLJq__5zRICNPLpN.jpg,361,845,486,557,603.0,521.5,484,71
3bZf_Lu15Le7XlkfftiezKnm=E7uS3v6.jpg,401,865,471,540,633.0,505.5,464,69
3C1tmaXMyar15=bOnI2qJhpRKUpRwhGh.jpg,417,846,428,498,631.5,463.0,429,70
3cHTwL9IPIPoDWkCrQSWgZHpnwFi=6hp.jpg,430,822,464,535,626.0,499.5,392,71
3cNc8r3Trl59b58ItVSEezHcixY33.jpg,310,861,456,538,585.5,497.0,551,82
3D9Sq=wWKTo26XxVPSO1PkVZrdiM_SVm.jpg,433,772,485,548,602.5,516.5,339,63
3DDXTeHkhiBMrxgIpOMLoEviYJOEHiv.jpg,443,793,489,552,618.0,520.5,350,63
3dTFre3P5gHgpEj2ns89ofcoQHjplqM.jpg,376,807,462,529,591.5,495.5,431,67
3E773bR6Z=4sYzG584Pq_IykYXjwgV9.jpg,325,765,431,499,545.0,465.0,440,68
3eUFHGqpuQ5XUOBpbTENa3KBjmPjG_hN.jpg,437,843,416,484,640.0,450.0,406,68
3F4ZK2VS3bN4JLyMusjIsTGhfEn8zh.jpg,326,761,428,496,543.5,462.0,435,68
3FKsogNUrEo45DiUCplOPJKTvMakqa6.jpg,438,925,471,547,681.5,509.0,487,76
3flhWrK3PmV5RZ7QU_HU_HmgCmhopX.jpg,434,884,471,537,659.0,504.0,450,66
3flqSSgqqaJ5Krpbu4kMctT2idO5yo=.jpg,484,964,488,566,724.0,527.0,480,78
3FrFWa_eQvZkgfFrc3ZjiQ4b6dQ6y51_.jpg,275,786,458,532,530.5,495.0,511,74
3FUGrR7WBIIvSJSJ1E3sTOMC47vTrTlv.jpg,356,660,425,487,508.0,456.0,304,62
3F_64SOy=QDzdDFgX_7YBd_Mq7yR8YI.jpg,433,744,469,527,588.5,498.0,311,58
3G7bEGlb5YO8tNItlZbQWLSL85w1uw6.jpg,265,774,501,576,519.5,538.5,509,75
3ghumQID_4kmVYlVtdXKTIgPQSpC=Z.jpg,426,949,499,577,687.5,538.0,523,78
3GZKPSn=rnp=hnI=oamvU32UqdfR.jpg,292,763,428,526,527.5,477.0,471,98
3H35PYBPrSBw545_lheIqz_17XVYWCiv.jpg,373,891,450,530,632.0,490.0,518,80
3I1WBYXi_qvlfdEx28jgKvJOphdq=Gi.jpg,355,825,473,545,590.0,509.0,470,72
3I3BLtOPB9RCNTKeHpcPVrLJayMLxdff.jpg,519,837,448,511,678.0,479.5,318,63
3i5iDmzhHPslhVemUOeHU5sPPMGzP7s.jpg,299,729,451,517,514.0,484.0,430,66
3IbyIdK14G8lPTQ1iEdrpHJB8OZI7w.jpg,459,804,487,551,631.5,519.0,345,64
3IfSu91tJFYZb5jyqFrLS7gGLZd4ogB.jpg,315,782,470,542,548.5,506.0,467,72
3j2fB7GnBHcN1fHB5I71m4aNGayB9u1.jpg,451,986,452,536,718.5,494.0,535,84
3j7c3VuQS4w_OQUGqgooWLTUWYpvgS.jpg,411,862,428,501,636.5,464.5,451,73
3JWyRC5M1MiQjbRDCfqZOhWpotGhHlG.jpg,293,865,514,597,579.0,555.5,572,83
3jzOEGLvuX6SKf=uc_TDkYu2SVxgM.jpg,333,698,448,519,515.5,483.5,365,71
3K8iU1PFwuWxaXPylhUlH7_dWBCZ98h.jpg,396,728,475,534,562.0,504.5,332,59
3Ke4ePVvfwJHZDjRaszBBLkiSe4btcVR.jpg,206,1000,531,663,603.0,597.0,794,132
3kxNPUvPabt79Rra6_GSKOq6mSnXZz_S.jpg,312,763,429,503,537.5,466.0,451,74
3LZ8DFOI9UiZHagbGBVefQ=1FZExN6Go.jpg,291,809,449,528,550.0,488.5,518,79
3M2faXjVz1T15F4iWPia294Ijnhr6LS.jpg,341,840,482,555,590.5,518.5,499,73
3MmxNyvoRq_9h8oqQ7NvF937okUC5vzp.jpg,405,856,468,538,630.5,503.0,451,70
3MXe_M61ewY8O9HbLo336MLpbM97BpC.jpg,253,802,468,548,527.5,508.0,549,80
3n2hFcDqwNkpcmg6zbUI7CbRcsgDQ3E8.jpg,362,861,439,516,611.5,477.5,499,77
3n=emfnYo35y7T2YojHIYiUD1CtTIi8S.jpg,518,817,435,491,667.5,463.0,299,56
3Nuwb=tldt94FYuLMnSp5aZyXC7gcrDd.jpg,347,839,432,508,593.0,470.0,492,76
3nWQ1f1zDNlvxsh25GyxgCpYIgDzg5e.jpg,439,759,443,504,599.0,473.5,320,61
3OIG4U=Fl9WUy1LIv1kePbNdNDm2KFS.jpg,342,767,445,507,554.5,476.0,425,62
3osJgaHWBMhPTD9JECScvsswJGZfO.jpg,374,851,468,543,612.5,505.5,477,75
3p4vZHnjN_GgqczeJ66jV4byJmmth5_B.jpg,336,950,499,586,643.0,542.5,614,87
3Pl_ZUUbXuxsTJXkiJjSVRngvQGS5C_.jpg,355,688,454,515,521.5,484.5,333,61
3q1GMVMTE6bCwUvdhL7zvW9iKob6Hc4.jpg,460,732,415,470,596.0,442.5,272,55
3Q8sr_YbmWDLYwonl9qqc4ur2kKKpa.jpg,426,873,425,497,649.5,461.0,447,72
3QjKwtdIpdWyQ=PsUyCQm37Ig4Qo9eH.jpg,443,906,436,506,674.5,471.0,463,70
3QPMikyH3qyo_exeUpRcKK679VE_8Qh.jpg,415,915,475,557,665.0,516.0,500,82
3qrm4tKkSa6acSJP_uWCcRuISwwZPz.jpg,371,847,448,517,609.0,482.5,476,69
3RJNoYDSCR5t8dl6yRmItUffMDKCXJvv.jpg,314,690,482,548,502.0,515.0,376,66
3RQIF_Wo81UGERC4NmaGeCVoGEVqDnVl.jpg,436,899,445,516,667.5,480.5,463,71
3sPJzmqwMRZuRenrdTqSeHNu91XeQd7.jpg,429,806,462,537,617.5,499.5,377,75
3sxV4tnZoU3jwVZ8rUUXJbyqw2ZPBbp.jpg,425,874,434,502,649.5,468.0,449,68
3TL11MdU1n_oIxi6hczjl=RULP3es4K2.jpg,365,841,442,516,603.0,479.0,476,74
3TL3i35w9EjkSHMbnNXWM645jb932vHr.jpg,246,843,482,577,544.5,529.5,597,95
3tTS_kQJH_a9ZOVe8yE8sb7yJZtFWvLg.jpg,472,870,415,477,671.0,446.0,398,62
3TuNxFXczJ_qcYOriIrSCmOxTqyXJgKD.jpg,436,846,419,483,641.0,451.0,410,64
3uNjmX9mi4NcnJM7uShpm97Ga5OWPl.jpg,323,937,535,624,630.0,579.5,614,89
3UQueUUqFxj=qGFgE89ftK3LwyIEovd.jpg,310,788,437,507,549.0,472.0,478,70
3V=FuRko=tXPjqCzNWRSp2YRN7CWEwWW.jpg,357,1199,631,755,778.0,693.0,842,124
3vGiLKVbdpeIzhv8X91h53hoL=jSsu.jpg,474,911,428,499,692.5,463.5,437,71
3VwP86r7GX4fiPHloGWG6KhC7UpeDJp.jpg,314,891,477,563,602.5,520.0,577,86
3w4bkuyvyQQWEB6r4jaikgPareHGV6x.jpg,458,944,461,535,701.0,498.0,486,74
3wBzSesf3ULCg1ecveGDuG_9mmvgND.jpg,295,853,513,594,574.0,553.5,558,81
3wChsqJPEQNvSP9h8u=LcOofG6XIYb.jpg,415,813,415,492,614.0,453.5,398,77
3whai6aYQopSu_yVSSG4=wzHXmzpZLqO.jpg,290,754,431,505,522.0,468.0,464,74
3WSkxWeqYisz1rRKOFapw7FkXW7k6VoM.jpg,363,707,453,517,535.0,485.0,344,64
3wY962N5Emm16_zY3cvMvf59yp6EBnoM.jpg,421,758,473,540,589.5,506.5,337,67
3X3tQCnIiJp_gMMEwzl2yvDbShI3KIrh.jpg,406,924,480,558,665.0,519.0,518,78
3xqFD2PMZm=JksXlgklrT5Tjv3vnFWo.jpg,440,726,421,479,583.0,450.0,286,58
3X_YXCIp96YqUw6LVO5kIcBkpcP_JFhW.jpg,364,776,434,505,570.0,469.5,412,71
3y9C3IwX1kZKuGWbo3E=GBBwGDCtJOZK.jpg,323,782,435,507,552.5,471.0,459,72
3Ylbv7UJD_ehgcEvz2OTIqG9CwnhL4U.jpg,372,762,446,521,567.0,483.5,390,75
3YTE4pW4hUphDRu4v46t7BF1jqCPhUeo.jpg,282,716,437,504,499.0,470.5,434,67
3zb6d7ej5wWNWpyV9NXgCXSd2pFmyK.jpg,426,972,511,591,699.0,551.0,546,80
3_EhdY3cxQt7_pfMHdkH14smodRaf1YT.jpg,304,791,477,550,547.5,513.5,487,73
415xjtiKyTxWHmIMhn=iK2fYFKlFQUX.jpg,423,898,485,553,660.5,519.0,475,68
431RwGY_fL19YdxO6YZH6V9ztolJPXk.jpg,332,688,482,546,510.0,514.0,356,64
43OECzNWLV=hZKI9RXC6jWsNFsLChKPc.jpg,382,664,428,481,523.0,454.5,282,53
44XDJpny78EovgDY6jZ1RcFtXc4RI_Ld.jpg,438,845,419,488,641.5,453.5,407,69
44_SSTQzJcnFPTfdM59Edr_GaklYTPFn.jpg,269,723,474,545,496.0,509.5,454,71
45mmn=P9IePbyJjO9C1uVecHdO1oLd.jpg,315,735,446,516,525.0,481.0,420,70
45NBvEGK4pMhYz4HQbH=MGRO=jLTE2gQ.jpg,449,731,419,476,590.0,447.5,282,57
46oqbUdVCxa4m_JijJpatHOxh3396N.jpg,383,853,474,547,618.0,510.5,470,73
47KrPfEg3oEQUeTEnT9xhOSxwzT3p2EV.jpg,404,841,419,483,622.5,451.0,437,64
4=HewjGCEhppjnF6pqxPvvnVltVbwdp.jpg,324,855,451,533,589.5,492.0,531,82
4=k16bXNVWhDmP9KZ_=MM7ekqMDbLiPw.jpg,413,765,487,549,589.0,518.0,352,62
4armuPqQjRaVBo_hxVtE8edQhm4VQ6C.jpg,395,877,476,552,636.0,514.0,482,76
4b8XS65TvVeURs8necvkMewn4ERKHh2.jpg,411,896,482,555,653.5,518.5,485,73
4B_oJPMmLciasjqu9U6u=_BKWTr_ZZ=.jpg,432,863,419,489,647.5,454.0,431,70
4dvVL51JnFlKUovbu7kOY9_Hk7YOjgMW.jpg,433,838,418,483,635.5,450.5,405,65
4DzWgBpeUutEFuediELVm5=_gEVdLzC.jpg,452,877,452,520,664.5,486.0,425,68
4E3a=27enaU_yrs8kGytFJ8XdKNOdj.jpg,343,757,422,483,550.0,452.5,414,61
4EiyEFdk4_NhfRv65aZ=6aqJhBvy41LE.jpg,512,832,463,523,672.0,493.0,320,60
4EJzJb_=fM3WD77cIJfdJGnChrcIq6K.jpg,400,862,429,514,631.0,471.5,462,85
4ErsRzZvjisfkOuURbb7_KT5qJ47tVLF.jpg,335,869,455,539,602.0,497.0,534,84
4eX6dd3XKgNL3UNvVgoVLJMzoRfUrNH4.jpg,317,743,421,485,530.0,453.0,426,64
4F8j5yRsTs_vThM8rryFeRV_sWU4HRJD.jpg,378,854,452,521,616.0,486.5,476,69
4FLcIzhx2fxawiuhde6R6Ix_V4_d1YZs.jpg,299,931,477,573,615.0,525.0,632,96
4g9MzETv3SwlaVFhcfhTiaHKXov1rMpQ.jpg,408,844,455,529,626.0,492.0,436,74
4h=xPXEyYP31yY5KDZDpbN7LafSoF79.jpg,335,740,448,510,537.5,479.0,405,62
4hj7RNfpDzwj3lC43lzvRZMc1QEtDz8L.jpg,377,901,462,539,639.0,500.5,524,77
4hzG=TPM7g4SrnupH7=bodX=Kqd8bk.jpg,453,789,472,540,621.0,506.0,336,68
4iNO=39WotM2WVTCJKT5PNuGHKFjRtb.jpg,436,989,505,590,712.5,547.5,553,85
4Jbf3=wDPuEta_P1xrKuchGhW9lau8Rs.jpg,445,789,480,544,617.0,512.0,344,64
4JpNZ9QFEULi_PIOYGaslY=9uOSyJuCK.jpg,320,852,461,541,586.0,501.0,532,80
4jq=MIzcJrJP8uL7HbO8wgJrxaWZ3w=p.jpg,369,909,505,590,639.0,547.5,540,85
4jut4=G3we4KUCvEIU9RXYioG_NPS6WU.jpg,425,818,416,483,621.5,449.5,393,67
4JViB8aEnziMqiZdFLItF4hX_gVlk.jpg,168,818,500,591,493.0,545.5,650,91
4jY8LkIEYaM7bge35XHVp2_ffdGdjxgr.jpg,397,800,406,469,598.5,437.5,403,63
4Kxn=fgqONXkaiKE7_RbFUBrXDubsHCK.jpg,316,861,463,546,588.5,504.5,545,83
4Lg5f5_D4uTDejdg9wamxqel8CSDC7Q.jpg,252,755,489,561,503.5,525.0,503,72
4LGr5IhHlQLrF_2uo5r8Rd8jwcRJ1C.jpg,411,856,431,499,633.5,465.0,445,68
4liK6ILie13LGNSRe5kbRpXB8rR_22O.jpg,519,968,453,539,743.5,496.0,449,86
4loo4nV6hzMG1cUb=CgKx86SDXyQ7io.jpg,352,1065,567,672,708.5,619.5,713,105
4M2tr7qQQ_bOHNBfWc55jmdDFchwOini.jpg,393,883,439,517,638.0,478.0,490,78
4MUKIIOz2YMhf8kW2pMqFNUgO=n.jpg,351,736,413,477,543.5,445.0,385,64
4nayLhmUPcmNKsl_RCY2mbvgNa91ik.jpg,343,793,441,513,568.0,477.0,450,72
4NGvLM=x3ImIN_TNjh5jR3jQSo1HC3.jpg,291,785,440,515,538.0,477.5,494,75
4nl82M7=ZSC23zcLbS6ziw1H2kLyOPky.jpg,460,802,462,525,631.0,493.5,342,63
4OOjLqopr1JvqTcZvo7YJh7FxfDnNWTz.jpg,475,825,463,527,650.0,495.0,350,64
4PvYTzwlVd4r1s4f2=b_zuijqxO9sYpr.jpg,403,841,422,505,622.0,463.5,438,83
4QLVi_Qqpu6=O34kTkLvp=PZoJa3srY.jpg,409,852,428,497,630.5,462.5,443,69
4qPVulC26K3YrcrsG3oOBTOHz3Sc16.jpg,339,864,490,567,601.5,528.5,525,77
4R2T1THCJMzsvoR__khrjpc=MeIS_hi9.jpg,331,867,458,537,599.0,497.5,536,79
4rJzkYg7WKP6uiGyDRteNnBGwlQbw1.jpg,359,715,436,503,537.0,469.5,356,67
4S9QBJT=8L21HdIzdONf9vQezxVBIIT.jpg,421,736,469,526,578.5,497.5,315,57
4Sr6PMvKq31s4s_hLPHLoUih16jEM.jpg,370,937,505,588,653.5,546.5,567,83
4sWWTfzmMpn1noj1ZPCor3ICpUQQWJ8.jpg,471,770,453,511,620.5,482.0,299,58
4SZtNR2TOlQdZnm6EBu7pFBo8umC1.jpg,345,850,454,527,597.5,490.5,505,73
4tgSwTHD1XPI_DaqEDTOIbUYDT3Ggp.jpg,368,860,479,551,614.0,515.0,492,72
4txkvm1Ig5LBD5=Hqurvm1kFJwLlKbK.jpg,426,860,425,493,643.0,459.0,434,68
4UIjBZTpCY5U7=p_15n3GaoK=f6j=Zq.jpg,341,884,464,546,612.5,505.0,543,82
4V8CsD7l1qMeIUvODHtg_DPTz1mdZZrZ.jpg,500,823,442,504,661.5,473.0,323,62
4vwSEh8yEcsTX_Ol1TdnDh8UpbHuJI.jpg,187,1087,668,795,637.0,731.5,900,127
4W6kG2VdsUgRswhJJ2G6WjauelFhhDY.jpg,444,751,441,499,597.5,470.0,307,58
4wLG7lIzLO2U2Ozio9j7lUS8SE4BVsu.jpg,396,930,485,565,663.0,525.0,534,80
4WveMQCxwcUTEfhvvZBefn=Ha8xjp6nW.jpg,404,822,427,494,613.0,460.5,418,67
4WxB3=kk3JYDOIKqPoLdBS6QuFCjuHFr.jpg,489,808,451,511,648.5,481.0,319,60
4wzNv1e4dM=voEuKW9srVUsz7vIh8lEh.jpg,345,657,429,492,501.0,460.5,312,63
4x77RLa6WQPWPnjkQfZSJtSD_df3r_eb.jpg,376,868,429,517,622.0,473.0,492,88
4xCDrnFQwOCHc57RCJOxWi25vbeZUf.jpg,281,908,532,621,594.5,576.5,627,89
4y5QB_XiLDWlXKeu_idZRDwg5Ow4e7w.jpg,399,844,459,527,621.5,493.0,445,68
4Yhcs1EXMqQSf9RzMXfe7H_ZB=UjMgp.jpg,452,856,488,556,654.0,522.0,404,68
4yii4M5XYSnZ7HvQKdcLkn91nCKb_k99.jpg,491,772,438,492,631.5,465.0,281,54
4yImM4V46fsithOsjkHmMSm35GhXX=.jpg,237,853,500,592,545.0,546.0,616,92
4YQnPZwH1HiZe7w1wjInKew6SiSxkcV.jpg,376,812,424,493,594.0,458.5,436,69
4YwTY8PEWYLSFYaqFj5JKKYPFSN_TU4a.jpg,343,828,439,512,585.5,475.5,485,73
4zbllaulwXLfuPetaSrLyHKzkbXdDO1.jpg,324,867,505,582,595.5,543.5,543,77
4_Fl1QnYIism3R6uewxyFSYHBWWW1t1.jpg,356,782,420,486,569.0,453.0,426,66
4_P_RTEENcoHv=GjVTQ_ViP4LJHktHJ.jpg,421,862,425,493,641.5,459.0,441,68
4_tkS9OSy6Y3U94VHRmrlwCSxsT8.jpg,329,754,423,490,541.5,456.5,425,67
51IcThp7QwquBIukQeRWxO7KwDnZpXmZ.jpg,504,782,444,501,643.0,472.5,278,57
51JzdgasENlKH=xDhdQT=Tvef2nHEGv.jpg,421,838,441,503,629.5,472.0,417,62
52=vyVWRvjMSwBWWtxawraZ7d8Ei=vo4.jpg,336,647,434,492,491.5,463.0,311,58
52flDgTNqcawDncEq33N4HaaWMxffm.jpg,336,742,419,484,539.0,451.5,406,65
52S_B8thw7x3_kMxC9DOtQl2ZWr=th7.jpg,423,885,470,538,654.0,504.0,462,68
532PQH_XduCRVf8E=xepmLmdcOzB7.jpg,381,930,457,543,655.5,500.0,549,86
53Jfm5qfZf8eHiHGiIMd9egotvpyzQC8.jpg,419,909,484,563,664.0,523.5,490,79
54HY9Enyeg4NocYpulebZQ9LBugWrSDM.jpg,431,868,419,484,649.5,451.5,437,65
54YmVrNmHPHwfDUdHvyTKapOpW1xUB.jpg,398,949,469,554,673.5,511.5,551,85
55H=u2FwIPUrzpWYJ_YhMq_oVs7LEa61.jpg,508,844,457,523,676.0,490.0,336,66
573HPwsVX5QFo7CDtU5NpPlVjoB=aYX.jpg,457,780,473,533,618.5,503.0,323,60
57ahrBz=uHGRU=6SC2wmW5B3KUkcvauK.jpg,405,815,420,487,610.0,453.5,410,67
57dyuOlkJZfsmD1CMo993Pk_OQSBnD.jpg,407,887,480,554,647.0,517.0,480,74
57tChDosSGnixGi8=hpke5tgTzLU283X.jpg,358,709,462,527,533.5,494.5,351,65
59oGjLDV7mEVMRjcvJ_Wegf6iVuWbeY.jpg,296,963,509,610,629.5,559.5,667,101
59puBLj_sjj43NXptEBLMoM5O38gsGd.jpg,434,855,425,489,644.5,457.0,421,64
5aocU7Cpl3k3LJwj3k3uz1uoz3vZfJ3.jpg,500,849,484,549,674.5,516.5,349,65
5aZTC_BY4vUxVhYpVIrR1daww_DEzT.jpg,405,701,432,489,553.0,460.5,296,57
5bFR4ld8ZesRo8TWVD5U7Y5eosKTTMKL.jpg,457,857,413,480,657.0,446.5,400,67
5bsmsoh95j9H=ovXKE2gWSNf3TcN_.jpg,394,747,492,554,570.5,523.0,353,62
5c3K=EBMR5MYnWjwGTOPGLnTaWQuZsR.jpg,359,846,453,524,602.5,488.5,487,71
5CfXiciEJBS8yKC=7s4lOJH8ZWC1kS5.jpg,320,661,458,519,490.5,488.5,341,61
5dJoFD3y8IJYs6aQYfvWjxFs23GmpzIM.jpg,393,895,483,560,644.0,521.5,502,77
5Dqk1FMM61LMvgP84dMT4Lyb5r3pc2K.jpg,220,791,474,556,505.5,515.0,571,82
5dxJz163zLfzsGXTRaL59nGqp5N4_yt.jpg,379,877,481,570,628.0,525.5,498,89
5edfxw4atrFPbRmrcJHstwO_eSL9uO2w.jpg,482,799,458,515,640.5,486.5,317,57
5ElKIOLmnZQGnazMDTI_ynvhI9q76swx.jpg,474,987,452,531,730.5,491.5,513,79
5EtZUtEK1_gpkaxTjWSvgVkmQXZ4HR.jpg,374,829,431,500,601.5,465.5,455,69
5F1kQhILJioCvcSCkhh3ZKbJ7_nNdnj.jpg,452,947,489,562,699.5,525.5,495,73
5FHVBnK6NSv2lEgdeHTBsg6jG7_YwT==.jpg,382,817,455,523,599.5,489.0,435,68
5fMa4M9IwXSv2mam=hE7mV=qPS12ETr.jpg,419,919,487,564,669.0,525.5,500,77
5GFefbZiVP_dtmJPv412Lki3lIwd3Y7b.jpg,349,961,512,605,655.0,558.5,612,93
5Gm51Ukdx6aZZJUbDhk4Hr17DL8MHxE3.jpg,279,1044,534,648,661.5,591.0,765,114
5gyxKnXY1cdSmbGcYrYBusYsLtO=eH.jpg,307,772,436,510,539.5,473.0,465,74
5h1Sp2TJKkyWBaPFoXn_9vixlKCCDDWh.jpg,380,706,430,496,543.0,463.0,326,66
5H4upVCXvmogvhDd=vmMx=u7urXpgs.jpg,441,902,460,534,671.5,497.0,461,74
5HGhrvVvkXltCtXvX4OpjkGc9Kf1XJn=.jpg,419,937,493,572,678.0,532.5,518,79
5ho8yDwxvxP5OoOMdvdEgE8XQsEfO_Z.jpg,343,989,503,595,666.0,549.0,646,92
5HtW9NI9f=vzTjvzquEIo=fyRkyvC=2.jpg,316,955,490,590,635.5,540.0,639,100
5H_1VwBcUnRrXqVUIbQ4jT1lvYYaV_y.jpg,389,811,418,500,600.0,459.0,422,82
5ji9ZCB1NMEhiPlzNlPYEE8wS=GXZnt.jpg,355,823,440,508,589.0,474.0,468,68
5JvBqpXo6r4UcDJ8e=Yln=rV7EO7DFHl.jpg,384,901,460,541,642.5,500.5,517,81
5jVGyGTMEa1d1WXJ3Dd9Rg_=BdmW4Y5=.jpg,396,714,446,507,555.0,476.5,318,61
5K4veIaFrFdnGY31_3G7P7WlEZpmit.jpg,414,799,415,477,606.5,446.0,385,62
5k7S2flztGbNkS24vJTzjf11jXnC7D.jpg,291,770,446,519,530.5,482.5,479,73
5KrauHXyE1fLwEq3J119xquSRsu5fnU.jpg,304,671,477,542,487.5,509.5,367,65
5kRPoFxmRWgJ5hLZDtuuPlenJYUS_1Ed.jpg,353,882,455,536,617.5,495.5,529,81
5kuOXDGqsi==ryZtaBfyMqbgkELI4VVK.jpg,291,762,439,516,526.5,477.5,471,77
5kxB3JyQk5IJlDrTM=Oouia9aIrgFr9.jpg,245,1032,539,652,638.5,595.5,787,113
5KYREBJ8zJfHpgDzWsc7BmhF3YE=CVfB.jpg,417,754,454,516,585.5,485.0,337,62
5lcCrL6XKG7gVHXb=4Np=XeYO_d3vgpW.jpg,376,851,444,513,613.5,478.5,475,69
5lmXLr8lVGB1Hij=uiRj_Q9Yq8fotzxi.jpg,325,764,430,498,544.5,464.0,439,68
5LRem3sRsWyhRKws2mV=UO5XI4aWah.jpg,493,1043,453,544,768.0,498.5,550,91
5lTYl8uweL1nN3Y3bbSqoq=3_sUCr_cj.jpg,406,813,419,486,609.5,452.5,407,67
5M1w85U6b2msfkUsv_Zj9rOk6iGlvxk.jpg,416,860,432,505,638.0,468.5,444,73
5maqzQbaO5klG3QPPVcfNHmmNC7BZR.jpg,207,718,483,558,462.5,520.5,511,75
5McqVDO4nFsIZQEcHvSPQyMPxydmot.jpg,310,1064,582,698,687.0,640.0,754,116
5mfSYL8EE2K7m1ZdtcI7YByI9IEW=bZ.jpg,438,879,426,497,658.5,461.5,441,71
5MmpCBnB3rVtWliJY4FIlD9Biz41v=G.jpg,463,853,481,554,658.0,517.5,390,73
5Mnphl39_ZiozzK7DfX_b_dO4JE_d8eS.jpg,479,773,453,508,626.0,480.5,294,55
5MQP9LWNesoxibJRFGIg2vFO3g9pYU3L.jpg,455,791,477,544,623.0,510.5,336,67
5MWQI_oPf=PtXIUBdwOCqLXFSGQ83.jpg,441,867,417,502,654.0,459.5,426,85
5Nhrt2LWvKZ51iX8YDt43OmI9bMYDSZB.jpg,415,715,434,495,565.0,464.5,300,61
5nU3n3d91QrVXlexx8bn5IFbien=w1.jpg,501,978,471,557,739.5,514.0,477,86
5O3EEJ8b6HHF1O62uSdfS6xN3gI76tM.jpg,271,662,483,556,466.5,519.5,391,73
5ODvYJUQLIL1_csZ7q8yWHUSFQPVhVu.jpg,379,866,441,523,622.5,482.0,487,82
5OhaT8NYoJa==NlgdPpOJov6QIhC11.jpg,358,945,520,604,651.5,562.0,587,84
5oM4Gr3ylDoxd8arcwkaFXGYIlYfvz.jpg,351,826,470,540,588.5,505.0,475,70
5onqlofQrvLTHdDoHMwi1ySOgOHxYZYR.jpg,350,854,464,537,602.0,500.5,504,73
5pk24XRuLB6=MXdKq_3S8dN5vmZaaD.jpg,378,917,503,582,647.5,542.5,539,79
5pNgTLldMU81pPGvNmlDBDPmFWOHIsB.jpg,367,775,422,484,571.0,453.0,408,62
5PPe7BD2kl9IkCeMhwUvNhGxXjCYy2.jpg,424,953,493,569,688.5,531.0,529,76
5ptgoEHHy4FUP8eFXz7pPBZ6W=edbHc.jpg,132,1107,637,768,619.5,702.5,975,131
5Q58wZZz9as2r83UFyMVmejUZZWPzW6p.jpg,488,817,458,520,652.5,489.0,329,62
5QNkBjMCauBQhLn8DQEz7w6bcSlqpul.jpg,312,754,422,517,533.0,469.5,442,95
5qQt9a8wRCsJfTHVPnXBan=5IRrmyDx.jpg,353,836,438,512,594.5,475.0,483,74
5R8s6DmGBEy3KmehiG1BsDReRo5k==.jpg,450,979,457,537,714.5,497.0,529,80
5Shpd_94=HeXWXiccuPgnYVVKkBk6fh.jpg,362,882,492,573,622.0,532.5,520,81
5T2oS_6rQ7sicEBa9cvuOTBRMKb_z.jpg,527,808,414,471,667.5,442.5,281,57
5tbppj9LZLNIVbk6h5F5RXfrUJl3gKpb.jpg,382,816,419,494,599.0,456.5,434,75
5tdVmLjrFGdU3wMwRMTQPGXSqsMDTsw.jpg,408,774,472,534,591.0,503.0,366,62
5TtQk=_s8sNtB7keY=9VUf_gzIUMKrdG.jpg,261,779,451,532,520.0,491.5,518,81
5UbNHCkkvoPoeG4OBRfJrBQTTKMDMSn.jpg,295,654,480,546,474.5,513.0,359,66
5UE6qfsP7h4YqLBUCUaCl5hMFys=zPnr.jpg,294,767,434,505,530.5,469.5,473,71
5Us9=TVt7jwllECRkW8aLxrP4EQUNs_5.jpg,435,777,487,549,606.0,518.0,342,62
5uzs=dBsPth5jSHlhTkJngGMWFg_F1iX.jpg,448,857,417,482,652.5,449.5,409,65
5vkuB43SyD59Xk9glp4UEXqOSHJvvOl.jpg,256,816,476,556,536.0,516.0,560,80
5VKXt8vwjhs9TwQpBysJtjtIw7y8.jpg,464,768,431,491,616.0,461.0,304,60
5VKzUBuvrekbP2ci5lSO8ts=tY5qLf.jpg,243,801,471,551,522.0,511.0,558,80
5vn8kayzSgZktle8fBv1k5b2spKpIJ4d.jpg,448,719,423,477,583.5,450.0,271,54
5Vo=E9a43tgMztGymTdULpVRQSB3Cdlb.jpg,426,743,453,511,584.5,482.0,317,58
5vUvZLVWTj1JJQUNGgPvVSgkfLLe.jpg,467,770,459,517,618.5,488.0,303,58
5VY1E8zqGnKSWR3CLzpY8uGIPUQYYLQ.jpg,471,801,472,533,636.0,502.5,330,61
5wYhDx=zPfd_xZuzOEnUUXvSzJ=1l93.jpg,412,739,476,538,575.5,507.0,327,62
5xFRUDtXNFYBGHKLCgbDmG=XeEcDp9f.jpg,385,798,419,488,591.5,453.5,413,69
5xG5UF5zgjLwQE7gUnyc7u3maDnWdFkN.jpg,360,863,449,525,611.5,487.0,503,76
5xgFj4CVDo2nsKdntEUz8Y4enR6jlF.jpg,460,889,424,492,674.5,458.0,429,68
5xK5fs3IjJnrKKviTyKkJXsPjjRruJF.jpg,406,692,429,483,549.0,456.0,286,54
5XLvV62k8E2Cauoq_jNTwF875mkTR8.jpg,466,871,443,511,668.5,477.0,405,68
5xMMu2z_QiqCztzzyd=fc75pnbiG5mB.jpg,366,667,444,500,516.5,472.0,301,56
5xpsi=wBD9VMcyEBYVh29bmCz6HR_=wW.jpg,459,989,497,581,724.0,539.0,530,84
5YedLk3Ex3sE864SxZwaQHTQ_g8YJ==N.jpg,353,854,447,525,603.5,486.0,501,78
5Yt2H57tjRQZuFmqXwzPmdmcONi.jpg,467,830,496,563,648.5,529.5,363,67
5YZiz_CBOCYX16XVcqr4QFmfttJaQDi.jpg,402,888,453,525,645.0,489.0,486,72
5Z9gy5bKH_b2ONEFoNQ6NHWUOq=V5s.jpg,352,911,474,556,631.5,515.0,559,82
5_Flq2r=7C5XhCvMG_Kw43Zuoz8KPrt.jpg,403,910,476,558,656.5,517.0,507,82
5_PC7R7sKCXUQ=1t1oTdsOOcKveJ=r.jpg,361,841,447,518,601.0,482.5,480,71
61BpOOyet5PUFTLNURXmhNuwtsXXPE=.jpg,382,926,507,586,654.0,546.5,544,79
633j=HVNkW5TMfsg3Q9UM1uyiEaiagr.jpg,472,811,481,545,641.5,513.0,339,64
63cQV8OkET=Mlkfq7C22UUfRhoDxbgp.jpg,406,863,434,505,634.5,469.5,457,71
65IWcFR3X3cG8F9snaTBio6dWGmDoBB9.jpg,368,883,488,567,625.5,527.5,515,79
65JfmeaxcHxdwa8dOm=C3Y7fTrrlvsp2.jpg,395,935,549,638,665.0,593.5,540,89
65k_f6jLHwin9axvBLRnj1LK3Wwtqa22.jpg,425,788,497,565,606.5,531.0,363,68
664i841mbDrs8fudq7e9=u6nET3L=Df.jpg,264,780,460,535,522.0,497.5,516,75
66dRmDbaLBXXn49dd8nawvKwEMaluyU.jpg,597,921,456,520,759.0,488.0,324,64
66Efp7XyqRXaX2F7yiQtQK4XYY1DLBLk.jpg,320,677,503,567,498.5,535.0,357,64
66oE9EOXGPskFhQfmRdGR=9gJNH5MwMK.jpg,479,817,459,520,648.0,489.5,338,61
67pxKrQ9UawVBMkjThoo=KdeMvWb4MW.jpg,357,775,459,525,566.0,492.0,418,66
68DcwxK=g4rI4135Qb_ykwuV_ZXylcm9.jpg,439,941,485,557,690.0,521.0,502,72
68jaS9SRO2sL7PtfshiXYS3EoXJ5c.jpg,315,799,452,525,557.0,488.5,484,73
69Xb54i6ggrOCvfEalpjKr_4LqC2g4r8.jpg,486,766,442,496,626.0,469.0,280,54
69__5ijsPRha4bDqBMwuarmnMi3_mL.jpg,375,861,466,537,618.0,501.5,486,71
6=63KG9SZPSGBgJcBUJLmO_nGOsWni.jpg,266,819,474,552,542.5,513.0,553,78
6=7rFVQPQ_kgEOftsP1he=yir9wrjw4n.jpg,384,828,428,498,606.0,463.0,444,70
6a1PJ5tnUuFI2CWa9jipOxctO7UTNYIc.jpg,327,670,454,519,498.5,486.5,343,65
6aOUI=RzH=1R9gTMe2EFSTIg6yRQ_nG.jpg,370,831,433,505,600.5,469.0,461,72
6BVgNF25sb6ewZMxVRKdKC7M7iJu.jpg,374,864,484,556,619.0,520.0,490,72
6BWNw8Gz82fijxBLy5nlMDED4G6FWbid.jpg,401,1039,490,586,720.0,538.0,638,96
6BY8rzxVCJyE1OEjuO4I6JZ54L_CwqtN.jpg,328,872,457,537,600.0,497.0,544,80
6ByONRPRM7Tdxcf3nkokmqwa9ZoVz2.jpg,305,751,425,495,528.0,460.0,446,70
6cHn4_et9FXePIe2h3xhOeIgVRF1XRFj.jpg,453,881,422,494,667.0,458.0,428,72
6CHP7bdZhNOxqkUeu5C9T659JpdZ183.jpg,418,900,436,508,659.0,472.0,482,72
6ciCauzL69FO_LfNnBTU9bSihpMaOWrI.jpg,367,847,446,518,607.0,482.0,480,72
6CXtdwwk3iaN9OzajIlOJcDr5M__OPG.jpg,399,858,435,505,628.5,470.0,459,70
6d3_B7ZCfUt2rG37ag1f9VS2fLHcDbp.jpg,405,856,461,531,630.5,496.0,451,70
6D9liXqNiXq5EDewzisdvshZxfYoW4.jpg,373,740,474,543,556.5,508.5,367,69
6e5vXIi8UfiU6PKdiWTbcCidljsgb1G.jpg,354,805,429,514,579.5,471.5,451,85
6eB7zIeuxaF_Z7NnmOGsyRMedb5Ftg.jpg,371,919,502,582,645.0,542.0,548,80
6EpxBiyknEUI659WX43Kqk23YXVXHBOJ.jpg,444,905,472,541,674.5,506.5,461,69
6FXWkIIiJOgOFYLiskLmBtP7FNilyx.jpg,402,890,484,556,646.0,520.0,488,72
6G3VcCGLu4OlnrDVdnzbOsiwzwfC22.jpg,370,828,467,537,599.0,502.0,458,70
6G8MicyiqelOhYIf5zhXfnXkpS=tkqR.jpg,388,901,493,568,644.5,530.5,513,75
6Gb_KryzfMVV1PphBSTXgDbvvo=c82.jpg,373,910,505,581,641.5,543.0,537,76
6H1yaPLW9i4FzOD1LpO76zfafb9SxILQ.jpg,430,929,453,527,679.5,490.0,499,74
6hewHTTeKfvG5Fc8IR5HBKSPPx11Ba.jpg,396,838,464,530,617.0,497.0,442,66
6hktRZ1Q3b=xJIT6ZUuIGNUGOObEJGx.jpg,455,759,440,495,607.0,467.5,304,55
6HrR16NBoohevLtIrk7rS2lKUfbpPZdW.jpg,419,775,463,529,597.0,496.0,356,66
6hWNBGifEkchYpjKJGTrknrU1pTmHiBp.jpg,420,878,436,504,649.0,470.0,458,68
6Ilv4V9Q98IqhdjkwThCuMXmQMEkOv.jpg,338,734,417,486,536.0,451.5,396,69
6IrQ8yFXjkIsFxxvyffF8_avUmp2CZ.jpg,311,758,427,496,534.5,461.5,447,69
6iuIqFLPximN9NTlOx1dWu1LMlvVoS.jpg,399,676,423,477,537.5,450.0,277,54
6IXcHIvrgmTmfFLJGZmNh_32PKUMxWjU.jpg,418,787,440,507,602.5,473.5,369,67
6j9QwNVpxEpXXLkd7=CtjEYF1FE_CHH.jpg,333,821,444,515,577.0,479.5,488,71
6J=oDn2l2mxlsY7CmZReuJ1lDB4eNtHg.jpg,401,803,419,495,602.0,457.0,402,76
6jUjcxI7xt_d6Dq3b4ZmrOduJ6MDn9.jpg,365,873,454,529,619.0,491.5,508,75
6kqm=8kzUo9jO61W=HrZHmfFzRZg1.jpg,347,864,456,532,605.5,494.0,517,76
6Ks3my7TBblEkarvmisDnVIkpulsSNy4.jpg,349,742,455,528,545.5,491.5,393,73
6lMDSTeefaSQhEcCmrcP5ftpk6Tg7W7.jpg,460,749,421,479,604.5,450.0,289,58
6LoFeJE2GsdbGvyLSwqP31dx3PpNG.jpg,330,633,440,497,481.5,468.5,303,57
6m6gdRZj7bNbJuO8t2DLUErKyPdh9UG.jpg,327,863,460,541,595.0,500.5,536,81
6MvsRzTIZOPdw4hjUVwh3wkHjEs5xk.jpg,383,728,453,517,555.5,485.0,345,64
6mz=wvvrKomfabeMpzWRhXMDswynf.jpg,363,780,424,490,571.5,457.0,417,66
6Nn3=IK5oKX3rDUaV_qiHKbdVQ2atzax.jpg,301,656,468,531,478.5,499.5,355,63
6nUSR=pgQtteOzj8MSND8mMkaVfrGr_.jpg,452,760,437,498,606.0,467.5,308,61
6NxLWMMB479uY5oWChk2PmqdQOcMWUGn.jpg,380,795,525,598,587.5,561.5,415,73
6nYvBCB_kjbNW6x2p_QsMoEio9b=.jpg,351,834,439,516,592.5,477.5,483,77
6OqyRTBO=TmhXNzGNlG=Nus7s5o4hI6.jpg,380,855,476,546,617.5,511.0,475,70
6oxaCxNBHOn3sKhfCoaqSTsUye5BlSOS.jpg,350,702,490,555,526.0,522.5,352,65
6PiY9spD73yCdf4YpXxXFx59iqba=4B.jpg,456,867,489,561,661.5,525.0,411,72
6qTDDpkNO6NhTdkwNmUUcqRzQE69iJt.jpg,295,768,443,518,531.5,480.5,473,75
6r4IHfDuk3tcIS6xujlXq7bbGSmP7j.jpg,304,817,460,534,560.5,497.0,513,74
6RCRyPstnesMXaahTXup8LUzX14Z5F.jpg,261,797,465,541,529.0,503.0,536,76
6RPxGW5puYaoPey4ywuia3W8WDDeXCz.jpg,455,750,423,482,602.5,452.5,295,59
6Rr_IEiT21WOjlkyD8K74_7VQSpRffbn.jpg,357,1050,538,636,703.5,587.0,693,98
6rsYSXrGJ=vgHFYz=X_OjBrIRYUtsZT.jpg,483,971,486,568,727.0,527.0,488,82
6rVy_NtUa_jCX4xNpiJ8IQXpM_J6agD7.jpg,453,828,480,545,640.5,512.5,375,65
6skbssrjhPYDGObnyPm_9UYXxECOpibb.jpg,399,989,528,616,694.0,572.0,590,88
6t6rK3EwrfiCrzfyg_cs6y9_jCCkygz.jpg,371,876,453,531,623.5,492.0,505,78
6TfkwdSpNCmsdlrfhDM7u9ns3cufQ_r.jpg,377,696,446,503,536.5,474.5,319,57
6TX_VKKKaMldQcXVkUSSpWdI3gnvQWQ.jpg,346,771,424,490,558.5,457.0,425,66
6u2TWmrlJ14d4=fve8oQmzLG_WKEF1gF.jpg,481,820,483,543,650.5,513.0,339,60
6u4NgYjk=3OdRW1cdqYtMH1KeM4vXVf.jpg,308,848,439,517,578.0,478.0,540,78
6u4rIwNLqVp2strbNPMuWeptvJfOHTM.jpg,418,894,450,525,656.0,487.5,476,75
6UcnR39J8hfxELyBFEzHh38HEHHUcWX.jpg,406,820,421,487,613.0,454.0,414,66
6uLhrsK_2XpTQJVX8FNTdSc91psz=mB.jpg,403,765,455,520,584.0,487.5,362,65
6uRynGSdqeYdStb3wXN2=4HeCCn=LBV6.jpg,237,913,517,615,575.0,566.0,676,98
6UyXRnUZkHhXDk_Ig8JezBiTEX_IiP.jpg,251,772,457,534,511.5,495.5,521,77
6v7GxzXBCh3lQyyn5nHLgkF28OC=ZmKv.jpg,347,902,476,556,624.5,516.0,555,80
6VidNeRpepenUhoY2Xrm7iyr6zW5KMF3.jpg,362,851,474,549,606.5,511.5,489,75
6vN796=F3O6v_kMhq3DwgFor1x6KcRa.jpg,450,961,493,570,705.5,531.5,511,77
6vpFqv7qPS7wTBhYF88qnEE1kgg8w3.jpg,366,933,461,546,649.5,503.5,567,85
6W6Sqb7EGsoon4O45aywde7VeCrjZ4Mq.jpg,435,947,486,562,691.0,524.0,512,76
6W8IinksZgqmynBoM53gX_jkhGbaOITR.jpg,453,774,447,508,613.5,477.5,321,61
6WD7T_mRE4sH1NZebsnn7KNRvmlJLb8.jpg,346,811,424,496,578.5,460.0,465,72
6WMbPokRGOciZL5rnagHLYvDFz4HF6.jpg,425,864,458,528,644.5,493.0,439,70
6wPs1GXKuaQkQtRfgWFlbD1rubbtW3h.jpg,421,901,476,546,661.0,511.0,480,70
6WR=I_eiwYcdIawQkTnMSTr8MM7N8N.jpg,474,789,449,507,631.5,478.0,315,58
6WS8TNHXHBwiD3w835QdCVgaSagI1OR.jpg,341,744,421,486,542.5,453.5,403,65
6WyRbLnna1NQogMmRQfHouehL4yHW2.jpg,496,789,449,510,642.5,479.5,293,61
6xFUD1KaifxO4BLxOf2P_vcj15fkjE4.jpg,446,898,467,537,672.0,502.0,452,70
6XfZKYdF1WJd_Nx1FU2d33gRlrlOtzD.jpg,352,804,442,508,578.0,475.0,452,66
6XN=Dd4OWaFtVrh6PVIiqqmR2iRSZJOp.jpg,390,824,424,491,607.0,457.5,434,67
6xNtfpcIzNzkcRzNVTdMDJvL737xlml9.jpg,343,852,451,529,597.5,490.0,509,78
6XQia=77Dx_XJCcTaE5QXd5mfD8N=F_.jpg,483,981,477,554,732.0,515.5,498,77
6XVIGS6W__ehbf3P5gCNSyVtqmmzvBp.jpg,379,850,477,546,614.5,511.5,471,69
6Y5RLJb9IcFgwwCO1BeyVmiMEwRSqYV.jpg,375,730,451,514,552.5,482.5,355,63
6ySCG576dacclImwRxPW_84rMFwo21GV.jpg,240,803,471,557,521.5,514.0,563,86
6Yv5MHR58b8cbixJIGmu=wmeIgrJ8n.jpg,455,897,427,495,676.0,461.0,442,68
6YzTP_iZF_PZdlT6xOg=3dUPwvUvSVP.jpg,392,957,470,553,674.5,511.5,565,83
6ZBCe2_gJsi94EmTEt7ec5EX65x6TVz.jpg,377,912,455,535,644.5,495.0,535,80
6zfr6alec27ehL89RRXgC4nb4I2DygPD.jpg,365,890,495,578,627.5,536.5,525,83
6zn2DlLRDKV7Gp1OTP4Kxzk31O1F4v.jpg,364,844,475,550,604.0,512.5,480,75
6_2_5W87mPR4HGid6JEoItSXbmWiID.jpg,390,886,487,561,638.0,524.0,496,74
6_=pTp=3oaI5EMvc29yI4eaFSYQDegz.jpg,482,767,452,507,624.5,479.5,285,55
6_xcPZlMnHJyFaceKxCbaijReq9vn5zs.jpg,350,683,461,520,516.5,490.5,333,59
73GmEeJ9Znwk4hiHc1y5gtxTyBZakSPr.jpg,385,790,417,480,587.5,448.5,405,63
73lsmJ7pRtPnJOxOPdo_XbX8F=jOOeE.jpg,433,869,428,495,651.0,461.5,436,67
74OarBimFP4yGf4QbW_XgFmogYrDBJZx.jpg,382,737,455,524,559.5,489.5,355,69
756C=J311FJ=tcuF9NLPbzjsnab92yT.jpg,444,774,470,532,609.0,501.0,330,62
76QVOMPsikp6Pg7Gd9U6FG1owPED3gi.jpg,428,813,414,489,620.5,451.5,385,75
77KY5ZkOLaVe4jhk6iMhv4YwwpGkmOMR.jpg,392,743,461,525,567.5,493.0,351,64
785afv97B=43PqxmqtcVmM8ckKwGrVS.jpg,407,798,411,477,602.5,444.0,391,66
78dZiIFQzQIy_gJjubPJbkBCDwt3Zde.jpg,371,755,445,516,563.0,480.5,384,71
78W1uokKtfwkngm___ELfNWOjxwgBD5e.jpg,396,834,426,495,615.0,460.5,438,69
79iJ=yQFwq6R9VGeBtNcQZoDPCR395wt.jpg,347,669,446,506,508.0,476.0,322,60
79teeFnL95GzTeGmIELce2Kic5bNcNdF.jpg,364,668,429,488,516.0,458.5,304,59
7=JY=jkZmio4fPGR1KdpdhhogzpDqMkQ.jpg,445,744,440,495,594.5,467.5,299,55
7aTmNMQ_Bd_4tDUcyp=8yuHJVno_QcV.jpg,292,1026,518,627,659.0,572.5,734,109
7b13LOrNSl3psejeB7EK5MXu7pOx71B.jpg,253,764,566,666,508.5,616.0,511,100
7b6CwHtbd_eIz1hWnfNmqRY9T=E=6S3.jpg,324,742,423,488,533.0,455.5,418,65
7bjeFzjCqzvy2FrEBYUqMMXixz_E9f.jpg,276,814,473,548,545.0,510.5,538,75
7BQRINUqOyxqSVmUcYNN5jIP34aq7Ks8.jpg,422,954,462,541,688.0,501.5,532,79
7CDTDZRjORg_v1vzBOrWaa=jKdM1uDS.jpg,369,855,480,550,612.0,515.0,486,70
7cGpc4Y4epS17lLjXNbVjwyy9C_E.jpg,408,879,425,499,643.5,462.0,471,74
7chun2YxMbt7CTsD6QP1ZzwYm2_KT5.jpg,440,748,441,500,594.0,470.5,308,59
7cJbxBvICPjEkR=QrHWHdYbVybfT6B.jpg,368,702,475,536,535.0,505.5,334,61
7CRNzOKPetaZQDE9vHjh9h9PYeCR1y84.jpg,362,835,453,524,598.5,488.5,473,71
7D2EnxcyRMcDpRr8eq78q1J4Zyk4NZe.jpg,482,761,439,492,621.5,465.5,279,53
7dkIjGuHWLOmfDnegnFOrTK=2lZuObwc.jpg,377,877,443,520,627.0,481.5,500,77
7dQTfVKWmFJYJ=GPd7l=jn44LNkY3EK.jpg,379,658,441,496,518.5,468.5,279,55
7E9LHQqdyF2XCLSYwfMaG__5Y3vWDTIS.jpg,436,872,430,495,654.0,462.5,436,65
7EjM=unM5GCsnIfkLenzP=Io283brfG.jpg,235,819,515,602,527.0,558.5,584,87
7EmgaFRV5j_DzUmT_xde457CtiZddqLi.jpg,224,967,518,634,595.5,576.0,743,116
7EprisxSqP6BsxXsdMmoRrzvmiH5je_.jpg,366,925,465,551,645.5,508.0,559,86
7EvqcgqdfszNPm7DNzMN5raPZEGfS=E2.jpg,436,778,458,520,607.0,489.0,342,62
7EXK=bgsxuTp5GwhOoQcgv6rZ_Z81582.jpg,371,799,422,493,585.0,457.5,428,71
7EZn__xcpbkuiLp64ko99IPyyPRUL_E.jpg,392,934,459,540,663.0,499.5,542,81
7F6RL6R9JSCR6wc6UG7M7=mc9fyxHp.jpg,338,796,433,506,567.0,469.5,458,73
7gy9MkNRvWUle33isuVML2NutIOb2HB.jpg,259,790,451,530,524.5,490.5,531,79
7H8vCiTKrgZWbTBlmMScMXk4T7kin5m.jpg,553,1022,471,545,787.5,508.0,469,74
7Ha4LBcnPKIcET_KSvNZzsGU2ffJPhJD.jpg,197,989,537,648,593.0,592.5,792,111
7hr5k9wJJeliXMx2zZVItm1qNfMNGpgx.jpg,321,813,452,524,567.0,488.0,492,72
7Hv__O575fKjBE3pugTObIHOQKFx3Op.jpg,376,769,417,478,572.5,447.5,393,61
7IGbWz6Xri6S8TwZmTwy1RKKDKVcRY7.jpg,382,674,437,491,528.0,464.0,292,54
7iInnpJylN1YyZtozs77G_VwbSR7dy.jpg,345,787,436,500,566.0,468.0,442,64
7IS8w49ozQgIC2=7Vbp3hqSHuqE6ciC.jpg,489,902,410,495,695.5,452.5,413,85
7J4s2ncDSmcVVOV8fxsnLMOfj2VatIoy.jpg,458,841,445,510,649.5,477.5,383,65
7jDHJ7GO8pelgqwNNP5LuHKK7dCYWXK.jpg,220,756,468,550,488.0,509.0,536,82
7jgSi=m1vr7Cajdv=cLxD331kQD9Vxcj.jpg,433,731,456,513,582.0,484.5,298,57
7jHkQ6CP4GFlB8EMkjHZ6NR27CPS.jpg,406,890,479,550,648.0,514.5,484,71
7jqWzhBSbh6ZR9aOe43p2d7HNZEBH_bq.jpg,371,724,452,517,547.5,484.5,353,65
7Kc6RbDskxBxGwCkMWNFgGYBvefwHHHp.jpg,473,779,439,497,626.0,468.0,306,58
7kLex3sCwqFcXtGGJVyb_1SopCua84l.jpg,450,796,489,552,623.0,520.5,346,63
7kz5nT=EDDVhNCtkiQd47vVgiD34dO.jpg,370,667,436,493,518.5,464.5,297,57
7K_cZXS9yD7verpy4xZUY7DGXjysMODM.jpg,374,656,432,486,515.0,459.0,282,54
7lCUmEracTuJLsT6FTKXxdtiiSRj9tEj.jpg,437,819,410,474,628.0,442.0,382,64
7lIOoCKFoVkcpdXktkRlFv4NOOXUj2=.jpg,388,880,438,517,634.0,477.5,492,79
7LnqDBtIrtgm6mJSxvhNW1w59F_Iwq.jpg,240,784,467,546,512.0,506.5,544,79
7loTGEeVqy2jlqQ8aIeVOwwvl9Lm_ox.jpg,378,850,438,509,614.0,473.5,472,71
7LXG8sbCr3QJE4jFgR=8NkDlsfMnYRr.jpg,121,1038,575,700,579.5,637.5,917,125
7m958jn8pzDV4gwrHL6NYI9DjT_eTuS.jpg,367,829,435,505,598.0,470.0,462,70
7n4WMb6rD787k5mBLhMee9P6RbcGeR=.jpg,496,801,462,522,648.5,492.0,305,60
7neH96CFiKpikihOs_jqQ3WyjE969.jpg,438,891,461,533,664.5,497.0,453,72
7No44C=l5BWlopT2Rnke7NcPxDpZli.jpg,385,669,430,485,527.0,457.5,284,55
7nq2aysbr6ua5OlGDJo9zUsWL1tinU8e.jpg,452,734,443,496,593.0,469.5,282,53
7o4rZBmzgDpgNjfvCN9Klr5xa2MmbfLe.jpg,400,903,449,527,651.5,488.0,503,78
7obC27pHiz_rGSpcYLdIlqKx1R1=fx9Y.jpg,339,647,428,490,493.0,459.0,308,62
7oUkEFyu25eKa7jyMPKydePruYttIE.jpg,413,939,458,538,676.0,498.0,526,80
7OylbKCMlG8Vhbhold_615SV=LnYSGN.jpg,376,885,439,516,630.5,477.5,509,77
7Pblnk7XaobFmbjl8TSqNt31Tu853u.jpg,338,901,511,590,619.5,550.5,563,79
7PCP7K8Z=DilulCJgWwMMEgWeLRnaSr7.jpg,363,937,518,602,650.0,560.0,574,84
7Pf1JN1UglyYklTlQUX43brUKV9uyFc.jpg,453,873,449,518,663.0,483.5,420,69
7Pk7gkZLbY2NYrYcBfmgeU8UVPwF.jpg,403,1026,485,579,714.5,532.0,623,94
7Q5d=D7VRtimnc8XZYC8uH58upbN9y4i.jpg,453,928,440,517,690.5,478.5,475,77
7qc3yaF7dnrjYKGogPO1HUTyF5SZzC.jpg,397,950,515,593,673.5,554.0,553,78
7QFip5XohmRQMfJtEfFz3_Li8Zc4axo3.jpg,366,887,449,533,626.5,491.0,521,84
7rGTqslKEOJ=SS5bClJgZh7XidT5teT.jpg,349,794,431,496,571.5,463.5,445,65
7rUwOogXVXVef7NaImTTtfty1_f2SUCU.jpg,381,687,463,521,534.0,492.0,306,58
7rzhMp4UYQxuHgIfBck5yR5ws5cWohk.jpg,467,738,441,494,602.5,467.5,271,53
7s=FM3N6jH6V2bMhNiNNBpwUYSR51qE.jpg,439,871,423,506,655.0,464.5,432,83
7SGrVZBa2TrqIgX6R=eK7OP1kmrDp1c.jpg,441,838,447,508,639.5,477.5,397,61
7SmjVq8BvKKz7faDgOFTtfvgX2txVKYy.jpg,366,831,437,504,598.5,470.5,465,67
7Spm14bQjEyKkLd9boVdHBj3vtyeFgr.jpg,409,888,458,532,648.5,495.0,479,74
7t7ByEQk=xyy_HbUmjKrJt_FGuGVw2N6.jpg,362,808,427,502,585.0,464.5,446,75
7U1vsMZys=EEiY93EoeX1_ldNPQyhGv.jpg,453,804,460,528,628.5,494.0,351,68
7Us5pOH7NCdH6F8YT9OmlSpeZcTSfsw.jpg,397,673,428,479,535.0,453.5,276,51
7vbwWESN8uYvbgVbfuKqD3g5LWwiXllF.jpg,466,804,476,539,635.0,507.5,338,63
7vh6dvq2FaXmOMjiRt9XpuBBh8bWjOer.jpg,350,964,535,621,657.0,578.0,614,86
7VrtICd1Rb6XJs3xCIxOwayTD8rlp.jpg,451,908,464,535,679.5,499.5,457,71
7wgz8cffU8jDY36plioTYGlgoOKI6k.jpg,320,883,515,593,601.5,554.0,563,78
7WlYozGKuG8hZ1wvopNmUN8B9HpQlbx.jpg,364,710,465,526,537.0,495.5,346,61
7Ws6umX=smM7rm48KcToQO4JP2bX7D1.jpg,336,892,451,532,614.0,491.5,556,81
7XFcqcmcsa1GTO8W99zgGC=h27p6KrIB.jpg,377,886,489,564,631.5,526.5,509,75
7Xj5yPNCWYhLoX7Shm75OqlFOFdBIJ.jpg,412,838,453,522,625.0,487.5,426,69
7y=696r8mujGVei3OSimvYtpEtukoFfm.jpg,453,817,501,570,635.0,535.5,364,69
7ygeNac8QLjNK6bypTv=cBu8m5fLvUrs.jpg,424,942,449,527,683.0,488.0,518,78
7yPHsNPzWmhwvImoYh1NQdv_v4l1kUT.jpg,464,887,419,490,675.5,454.5,423,71
7yU=8m7sw4cCcCS_YZjxadLJxfEvtHd9.jpg,368,761,450,523,564.5,486.5,393,73
7z2p_6=7tH4tPsm2kJLd5QdkbevOeBJ.jpg,342,886,510,588,614.0,549.0,544,78
7zjHB87yyQpYUcgtTIXEDs4Sd73XCrT.jpg,298,786,442,520,542.0,481.0,488,78
7zM7Ghro7cfzurG9oBPIXUiT41FbPewz.jpg,277,806,467,547,541.5,507.0,529,80
7_n48yo11OfMhT3H=bEMx8RpzCbc9H.jpg,320,864,514,587,592.0,550.5,544,73
81fGvQzsKRNIQzopn9DTHhjuXvEb3.jpg,202,795,480,571,498.5,525.5,593,91
82BrlmuQMjZB1XDsRwOVooIwTpMzdPd.jpg,447,760,464,524,603.5,494.0,313,60
85MgG2KFuKGDlLzyShxGEKbn_tsfB.jpg,407,949,452,534,678.0,493.0,542,82
86IGHxmWqrqQ4jMOwaYINcRGN9vGoE.jpg,339,760,425,490,549.5,457.5,421,65
87MDN2P7D5Bj2xSVS1YDP_OU1XTdO_a3.jpg,511,797,428,485,654.0,456.5,286,57
87YMsJsLKe3_t_TBvDXpn82cq4LSbvp.jpg,426,892,442,511,659.0,476.5,466,69
89dJQzu9PUPWnHLK2lTx75sVrova8XcZ.jpg,405,873,436,510,639.0,473.0,468,74
89EcYHlPscEL8PTFR5V=oxiFfqNE95G.jpg,512,797,417,477,654.5,447.0,285,60
89FR4M1Ks9RzKcedvpaCBS5KLUhnuskM.jpg,284,786,450,529,535.0,489.5,502,79
8=DiCar_t_6frxmfvDzU3sygnSyjy.jpg,379,873,442,516,626.0,479.0,494,74
8=lX9oWODsJEIRW46ijRksgvdCe3LlyI.jpg,422,747,439,506,584.5,472.5,325,67
8=WE8D=Z52m6VeFCk8Cji5wwKNxe3i.jpg,259,790,468,544,524.5,506.0,531,76
8bd27G=x4PX69CZxvfNcmlivrTFMqZa.jpg,426,762,433,496,594.0,464.5,336,63
8bKI_t31PRlEwEkQZEOwgPKEX4rNzs8l.jpg,418,744,471,530,581.0,500.5,326,59
8BQlYZW2YHHesW=oCGlxuq4u6DeshYBx.jpg,397,773,513,582,585.0,547.5,376,69
8By998tBwW8hsdmjQ5zR5BbZbUgtIk.jpg,417,860,428,497,638.5,462.5,443,69
8dSuG7u1LpmXfHG6RZv4cL2y8ZbSFBp8.jpg,386,824,434,500,605.0,467.0,438,66
8dtU4vfcKpfXi4xNnGh7tqlffdjPFD.jpg,516,840,443,509,678.0,476.0,324,66
8Elabcg_ce6PTXFaKRHENWtb=SGDgUq.jpg,254,859,482,570,556.5,526.0,605,88
8eSuZ_tkrZhvLVtYrXph7fbbB2DRDU6.jpg,374,883,459,532,628.5,495.5,509,73
8eWF99qh_pk1T2ofhyWfvSJ9IXwgfe9O.jpg,394,804,416,477,599.0,446.5,410,61
8exgjgnUj2TPR93LHY3EajGslCJBl1Cd.jpg,375,930,467,552,652.5,509.5,555,85
8fjwJiJIrnfHd7SyiLBvwnEmI9prW7.jpg,437,915,478,547,676.0,512.5,478,69
8gLFu4mOGodMTysEUqUiGuW9YcO6ltyX.jpg,380,792,426,491,586.0,458.5,412,65
8GOH2YS8WPjIErm3785UCs6siBGXVwS.jpg,316,759,435,504,537.5,469.5,443,69
8hoSEIdNZXMKIO9jK6UDyM4=P8qGZgh.jpg,418,969,463,544,693.5,503.5,551,81
8iDvJk1SMOXr27WI15jjWiRnJsWThDju.jpg,396,824,461,523,610.0,492.0,428,62
8ifBxhxyFR25snatoy1DkOqa=dbNL5.jpg,438,827,438,506,632.5,472.0,389,68
8IKgOqGzr_yWGiG_Lj4kxLdDa5kzi32.jpg,419,702,430,486,560.5,458.0,283,56
8iKnMk7SJokkPXTmR7HrQkNqStU_8dJ.jpg,279,629,492,561,454.0,526.5,350,69
8itBPXG6Bwvn8sq9YtacCYavPEpS7.jpg,420,927,440,519,673.5,479.5,507,79
8IZLBDQMqHJHH2EbJnJ_pWzwEvssifrc.jpg,259,789,469,543,524.0,506.0,530,74
8jmuHJJzUdoeYNO7su4tDx9=Jyeuhbgy.jpg,424,748,475,535,586.0,505.0,324,60
8jTmcwypzDcJEzQsjV5cDCENta2SfShp.jpg,309,764,444,514,536.5,479.0,455,70
8kPJSfuwpYS2N1WhdnjGD82SjN1clcW.jpg,349,817,475,543,583.0,509.0,468,68
8kR1eQLT3wg8UBNCWUuj8YjqEC12Yx.jpg,469,842,496,565,655.5,530.5,373,69
8KRybFfFtvUN9orXtJctwrwtIQps3H6I.jpg,413,914,430,506,663.5,468.0,501,76
8lSyqKo2aWGZnNJ9fb3kKcBNqj7oXxr.jpg,386,915,462,542,650.5,502.0,529,80
8LtmdcorD5g6XIkz3E91pFP_qcaY3w=2.jpg,295,765,435,508,530.0,471.5,470,73
8m85pg9k6XyS5BJ2YXWq7o=8yIZBE78.jpg,333,889,456,537,611.0,496.5,556,81
8N74VLIrxnnW91kykKhK7JV4G3muY5.jpg,427,949,496,572,688.0,534.0,522,76
8No9qmVSVgTLQ3lmkIiUghrMTdFdi2.jpg,205,836,496,588,520.5,542.0,631,92
8ntkf=p=xODUOqSLsfGcg8NNkEbWWQm.jpg,425,887,474,542,656.0,508.0,462,68
8NWlGG86fmb=B2jzzjh=4ZHLsOlSrgKj.jpg,403,962,513,591,682.5,552.0,559,78
8O1nk_J5EVKCZSmRKMtHK6Y=FdTP4Jmy.jpg,441,806,462,528,623.5,495.0,365,66
8obZpSj=h2BnU6Z2ypMaYt1PcCWK_F.jpg,437,875,428,494,656.0,461.0,438,66
8oxYXQ6YZSxVp3pilekdVagSbBCSDtJ6.jpg,351,784,432,501,567.5,466.5,433,69
8ozwxtTEfSqQUynUJNZ7QIL6mrXINnh.jpg,397,891,443,520,644.0,481.5,494,77
8PXgyZfobcD7mXXhv4B_nKQHNOSeOiJT.jpg,413,969,503,588,691.0,545.5,556,85
8QIbzrZvGWumFoec9C6EFNq7HZsoWRPi.jpg,354,817,421,486,585.5,453.5,463,65
8qirYoOdmGmoDPxacnbCQXr_lnWUfub.jpg,482,796,465,524,639.0,494.5,314,59
8QyiBL_H=UniBQmJog7TS3KtEcoJERVN.jpg,397,813,424,486,605.0,455.0,416,62
8QzbxxN2bV1aJ4E7s6WMJe981fFOGDjN.jpg,365,1063,514,627,714.0,570.5,698,113
8rFC3TUiBpw8ifzDuV=RlxZRuPNau4R.jpg,299,755,467,539,527.0,503.0,456,72
8RjUOhftLfnafmkMnW7EO7Zx8GEPCwo.jpg,362,666,434,492,514.0,463.0,304,58
8s4O3NNISPVPCr9Gatylr5UbP2cS=iBW.jpg,288,777,446,522,532.5,484.0,489,76
8s61Pju28XpZfWcfGnkStRnH7LazLDa.jpg,413,813,474,545,613.0,509.5,400,71
8SHMtdjg=UGIMJFihKrgmvDhLJrb3a.jpg,380,980,523,611,680.0,567.0,600,88
8SnIkFKLJKEeVHVk8YqPBWJNhZ9KObC.jpg,327,774,430,499,550.5,464.5,447,69
8sSLQqpg7e_hSt=FB9HkLCwXPhSSp4PZ.jpg,456,858,412,491,657.0,451.5,402,79
8TEqQdlzkcN9E26VO2vo7MldO65xH8xx.jpg,420,703,453,507,561.5,480.0,283,54
8TG6IXIlJXhk8JcoDg8daB3zuC4aOxg.jpg,462,877,475,550,669.5,512.5,415,75
8TZOZQSZN8sNsLB8sq2xKw9MVEqhvu4G.jpg,437,888,434,503,662.5,468.5,451,69
8UnJPNS=TMsEgWwFY7czTT3mHHQDvk.jpg,408,967,473,551,687.5,512.0,559,78
8Uplg2pZz1ZELbxsHBENUigjez7nZc.jpg,463,732,425,477,597.5,451.0,269,52
8uRjOnRvDjiRCc35yDv6FDQNnntMzMZ.jpg,349,858,457,534,603.5,495.5,509,77
8us=JISigNNWmEnarLLYKQYVtJmiY.jpg,403,830,425,509,616.5,467.0,427,84
8va2z7KU3743Mqe2q2aazTWd57NkufN.jpg,415,965,514,597,690.0,555.5,550,83
8vHPF2Iep9mNgbel4kMKnP=TPsSMIpKL.jpg,382,941,471,556,661.5,513.5,559,85
8W=d_C_xPqXeR5ysxu3L2jhvJBTNLSQp.jpg,339,846,452,532,592.5,492.0,507,80
8Wh2HGTdgFrn2cKGf3OrZSfa9LCbc4.jpg,444,870,461,525,657.0,493.0,426,64
8wSFfTKwxS2OVU8Q65=GrSW1lXjgevf.jpg,401,811,419,486,606.0,452.5,410,67
8X7kNu4oyedjX8FWzyR=ZPfTgBGiuG.jpg,305,778,444,516,541.5,480.0,473,72
8xMnPDBOOWo2LtO=hcHSGVGROZJEbhnj.jpg,372,720,457,520,546.0,488.5,348,63
8Xr8qk3TSlzrtOTSBTJ3=Bws_NsZMv.jpg,444,881,422,493,662.5,457.5,437,71
8y6T8R_d9EzrHexqMnlPaY2OLWSCBZ6g.jpg,514,810,431,488,662.0,459.5,296,57
8YeHLDPRQ7UEvIHC8NCm6nfsLS6P1xK.jpg,239,782,461,545,510.5,503.0,543,84
8YjPmdF=UJ1xz41z1PdVxBI2DiU7EU.jpg,465,891,423,494,678.0,458.5,426,71
8_qSTW=MrRxdrYoeYnXvCOgEJ4FNqHQ.jpg,405,722,468,528,563.5,498.0,317,60
91a=8vRXKqmieeOsBJ8PFqmUlu_3tpQ.jpg,243,811,478,555,527.0,516.5,568,77
92ywfcdCUaxIYNu2IyTkBLlR4c4yE9C.jpg,448,885,426,498,666.5,462.0,437,72
92ZKOyYKdUHakdViqio4H5LrGSjyhwPa.jpg,400,908,566,654,654.0,610.0,508,88
947kTS7oRaOSJS465eD9TJ9U6FlEMyGQ.jpg,264,780,458,534,522.0,496.0,516,76
94SOigXxQUSpjGDo39EenqJk765bfwF3.jpg,470,785,443,501,627.5,472.0,315,58
954_yFipPqhhz7MHwIL7wycG7FoP639.jpg,413,850,459,527,631.5,493.0,437,68
96H8jRXx1NSTbBFpxWMBteuDvmCbMqJ.jpg,447,750,431,491,598.5,461.0,303,60
971lS9F8YvJ3WwVTFSmEwb2BeEadHiKC.jpg,405,776,434,494,590.5,464.0,371,60
97RIJKWnnbMUb5NuGa41Yy8CHbHMUPDJ.jpg,531,916,507,583,723.5,545.0,385,76
97ZVYC8H4GFW2ipzUWigBXKNynQWjWB.jpg,376,896,489,568,636.0,528.5,520,79
989I7tLeuvoWycIsHHCFgiqYQvWOc9B.jpg,416,820,417,480,618.0,448.5,404,63
98yQ3uZ=3xNQa6zSQfKnMr5Eli6mBjl.jpg,277,808,454,535,542.5,494.5,531,81
992sw1=TJbTzFohNDF2utV5dbK5lQ.jpg,423,766,464,524,594.5,494.0,343,60
99InSWxbJ6GPYPusKYzd3yfbJINWXSV.jpg,280,778,452,529,529.0,490.5,498,77
99n3thXLd18mqU21OIkw2iRXMYeK7m.jpg,435,722,424,479,578.5,451.5,287,55
9=V=l5Jw8PXUQ1yZnCvwHom3SaU9e5S6.jpg,249,777,458,539,513.0,498.5,528,81
9a3xFwo51QUCORFBWzLKPu1a5Y8NsN.jpg,379,668,426,482,523.5,454.0,289,56
9a45MdRTVsxWKqOV6PJLSi9SP_3UZk.jpg,205,790,474,559,497.5,516.5,585,85
9BoEQPd3fuyXSEK2kIH=1HwBNsLJMux3.jpg,456,802,464,529,629.0,496.5,346,65
9bxc2p1JywQnEeNWOPxu9vvhW191J1MR.jpg,400,822,434,497,611.0,465.5,422,63
9cEOhVqgEGwRrRPL1YZJdrXL7iO4NB2Y.jpg,385,899,458,535,642.0,496.5,514,77
9cfxelzkgVEYuNlk19glebXWXmXLVn7.jpg,390,754,444,514,572.0,479.0,364,70
9d6cKhif2qjvYfH5mw=l4W4U5g3dF4zx.jpg,401,933,458,547,667.0,502.5,532,89
9DkcqBQP1ehr4EV9c5pR1nPML81qzPJS.jpg,405,943,472,551,674.0,511.5,538,79
9eg7zX8N26t3zur7GFrlFKUMDLFgSlO.jpg,404,878,457,531,641.0,494.0,474,74
9fgVZFklWVC8EZgfcxSEjLkP6M3a2BY.jpg,462,884,428,495,673.0,461.5,422,67
9FKwUmnb=CIGW==X8B6VpQDOCT1D9Nh.jpg,285,751,436,510,518.0,473.0,466,74
9gffJslLgUeDiFSOmFJvKwhGLo9pl.jpg,315,854,511,587,584.5,549.0,539,76
9Gjd1EXDDH6eyIMTMDcBxMVWaoiUK5c.jpg,418,954,504,587,686.0,545.5,536,83
9gwLJO4SThauJCJB9FDqg2Wzu8BCuQ.jpg,352,882,502,581,617.0,541.5,530,79
9hRGQmj8T1wnBf_lUFC9bDevqE_Mm2Xw.jpg,373,797,418,480,585.0,449.0,424,62
9iSw5L8zGr8m4MdDblDxojQqUtkcFoIF.jpg,365,854,470,546,609.5,508.0,489,76
9J8_Mtou7EH3qsOB=sT3Qz5X2=8PkNlZ.jpg,359,915,464,559,637.0,511.5,556,95
9jhGFr8GPNDpeKbbbR5sl1n483UwByp.jpg,234,808,474,575,521.0,524.5,574,101
9JhgGbia2sTuVvn1F_GTE4VtSLpZl6Qv.jpg,497,783,449,504,640.0,476.5,286,55
9JNTIYvpbuqIQuumY6L78L8iNGkXNC.jpg,402,809,418,483,605.5,450.5,407,65
9K7SscKVBEjP1dYkDqrmg5gbeaFw3Kz.jpg,436,727,450,507,581.5,478.5,291,57
9Knj_z7tnnZWT5wUO_k9PkKt3R9qrzj.jpg,356,840,440,515,598.0,477.5,484,75
9KOaLzkgQlZ9h=CjqL6EsOMzLmg5j9=C.jpg,426,901,473,548,663.5,510.5,475,75
9koe85q=EqrBGp_tCE1yqD_4CU5EY.jpg,395,907,483,565,651.0,524.0,512,82
9LXUbHOl2ju=HmPgd6rvNi2rmfMZu.jpg,345,918,483,561,631.5,522.0,573,78
9M=l=uOZRsqBCbwIUED5SFrXi1FLzh78.jpg,506,958,435,507,732.0,471.0,452,72
9MrJkYkMQZhX49ECInxpS3bUSEsHcda.jpg,311,756,425,497,533.5,461.0,445,72
9MTj9BxFTtdn=FgMT_SMS9fwRdT_twnh.jpg,286,826,443,526,556.0,484.5,540,83
9MvwLrtWhidM__2VXUW4xK31vyGTZT.jpg,265,727,476,556,496.0,516.0,462,80
9nLqZ34SIKyWbyQMk48V6f_d6HZ4e5jb.jpg,410,967,461,547,688.5,504.0,557,86
9nZ568X5BXZmiB9WqsrtaplCl42SNk5e.jpg,366,809,430,500,587.5,465.0,443,70
9okPzybi28dCB5jC8FziPteziKH=NXaQ.jpg,453,764,448,507,608.5,477.5,311,59
9OKVOY8PwO5yzj_Ww5hnl=YoTNRHoG4.jpg,393,872,480,550,632.5,515.0,479,70
9opnK7rQChS78LstSH97TLDuw3_V2.jpg,381,699,471,532,540.0,501.5,318,61
9OPoVQtiI42b3PtCxtly55cal7K6rWl.jpg,451,892,421,493,671.5,457.0,441,72
9p5PTBqe9boty4S85QWE1ECeOGuLKSD.jpg,502,806,460,518,654.0,489.0,304,58
9p=nsnGCiVLo4hGptYn_LlR7u3K=8n2Y.jpg,361,828,430,500,594.5,465.0,467,70
9Pj7ZTc8BnyLjDKFsrR9UnF2RgDmp6b.jpg,474,896,421,489,685.0,455.0,422,68
9PpOpI4FyIfgelYQZysiVNpWmRoler.jpg,362,675,435,495,518.5,465.0,313,60
9pufpZFl1gQboy2V2EVGlS1dgEPWSHnf.jpg,372,887,458,533,629.5,495.5,515,75
9qde2cc5tB4DnyocbGc6T9gpCdIH63Qa.jpg,428,737,468,525,582.5,496.5,309,57
9QRvbPSoVFlUL8fFf5O3H6U_PF2d3=v.jpg,401,848,437,504,624.5,470.5,447,67
9qSxCycwn7u4N7LiMr6xsH7tCJ_=NHVP.jpg,386,896,445,525,641.0,485.0,510,80
9rhsQcwi28WEHqDS3scj4hhIiQdeqyE.jpg,446,893,419,491,669.5,455.0,447,72
9rlI9bHzDxVoBrFVx=ECL99f_YVmfuF.jpg,401,812,450,516,606.5,483.0,411,66
9rqtNzF7OfJFtUB4tMS79bme3RzVCfku.jpg,466,899,426,495,682.5,460.5,433,69
9RUcXow7y6Xgp8O9RqkhnBsbdL5v9vJ.jpg,370,844,440,512,607.0,476.0,474,72
9RxmINYcnGul6cX9utiNscPb8InomTz.jpg,339,642,432,489,490.5,460.5,303,57
9sEp8XL6hYtbGNyqQ1r=auDbeT2WKpm.jpg,284,867,476,564,575.5,520.0,583,88
9SJ9fVImT77l4bjiOSV6kwzYpSBwRPS4.jpg,235,796,468,550,515.5,509.0,561,82
9sKIHP6t_l4ZnsQS4UwdwP6bf5JCczsd.jpg,324,753,425,492,538.5,458.5,429,67
9Sn9amgc7JGma1VzXQfzKx6Z9_2vlkw.jpg,450,1005,509,595,727.5,552.0,555,86
9TbqJsXyGo7jcXb982FvrzWCbhfrv.jpg,320,911,461,545,615.5,503.0,591,84
9u4Xmu2q_mdFZkVp6hK=N26bg8Rh=Wrm.jpg,345,964,474,567,654.5,520.5,619,93
9UeaLldiH_MicB6I6pZHgKYd7arnIO29.jpg,450,758,452,509,604.0,480.5,308,57
9uh_Hb82dHnVDbbSBV33N=ojTX_vZ=c.jpg,369,885,485,561,627.0,523.0,516,76
9UrvgyQZg4g=tSK_iV8HD1a32QDY.jpg,213,906,517,619,559.5,568.0,693,102
9U_JF4KTY9m2=JtQQfifrKr65YejeZq.jpg,365,744,477,547,554.5,512.0,379,70
9V1ulE=muMexmL8X7eC=Cts_ny1ZV1R.jpg,353,794,428,495,573.5,461.5,441,67
9Vciif54kolTGs7saNhmyHoFZLkrFGn.jpg,357,1183,600,724,770.0,662.0,826,124
9vKOTaYQklb=9mb4ME7WS=P18IYe6mK.jpg,436,905,432,510,670.5,471.0,469,78
9VoDyGFQZX61pXKYE9mSbxtwz=oD=eTW.jpg,423,701,426,479,562.0,452.5,278,53
9W3Qk5WHUn8eKk6aSsS1wvYDIhCJMt.jpg,411,817,412,478,614.0,445.0,406,66
9wg6DnnbcG5zulGsHHHQJ3Fb8FTlaTVo.jpg,375,660,432,485,517.5,458.5,285,53
9WwTqkw=Etf15NMCqeG5ZEI8blSJ5F7.jpg,340,714,503,568,527.0,535.5,374,65
9x3LCdyBnTvES=n4j7NK3zoGp7kp_2T.jpg,440,875,467,533,657.5,500.0,435,66
9xD4QHaPb9xJxhroQJY33QzkqWEcEWx.jpg,316,752,432,500,534.0,466.0,436,68
9XkM355hrNZtHCxnGQUqx2nN7J3LVJlo.jpg,336,853,453,528,594.5,490.5,517,75
9xRxZGLlt7kJXqDccj3Tgq9_NKNprQt.jpg,439,846,412,476,642.5,444.0,407,64
9XyabXz2ejc6aFCRoPqNi5YYJcj1P.jpg,292,839,467,548,565.5,507.5,547,81
9y3uavLd4YpsTSg3Ysk4WFWV_Rn6=Yv.jpg,382,693,428,491,537.5,459.5,311,63
9Y982mR8CZLIOFzicLOX4bYpnPW7NM2J.jpg,396,826,462,529,611.0,495.5,430,67
9Ym5RifYW3UlImKcqcW3_3dnKILz4fB=.jpg,340,849,441,515,594.5,478.0,509,74
9_GDypenaTP6Tjjf4xBznuOPiGL7NU.jpg,457,889,454,525,673.0,489.5,432,71
=1cVV8ja4xxtoqMGImRwhmJrW_K=Km.jpg,357,934,451,537,645.5,494.0,577,86
=1pdNb5FUEdc9UsCWOcbw1nZVDBTfK.jpg,282,1067,611,735,674.5,673.0,785,124
=1VbMXHinH6cUQmucaTpRkWxBN8PXd.jpg,381,674,423,480,527.5,451.5,293,57
=2KarkiuwtUvljWffHIWL2ja6wOj6DI.jpg,254,791,465,541,522.5,503.0,537,76
=2LEQuQpxoPmVDTxpjSg4av1v_IVjl.jpg,420,827,521,595,623.5,558.0,407,74
=3oC_wt9mm1_t6HQFT4OQC6rmqVLtNq.jpg,389,812,414,478,600.5,446.0,423,64
=3yVLO6wxcisuST8akxa3X_mz2R=GX.jpg,377,814,420,484,595.5,452.0,437,64
=4J2C1BENQuqQtWL=_D7cE28IRIQ.jpg,463,942,434,515,702.5,474.5,479,81
=6Fht3tcEHtGGGMO5fxXZ91Dd5xyGw.jpg,357,815,422,512,586.0,467.0,458,90
=6UEQ59N9G7VFguXRc2T5wvti2I25pw3.jpg,346,760,441,506,553.0,473.5,414,65
=72D9Q8GpMYruYq=p2lNI_jC4SDZG_k.jpg,436,783,490,552,609.5,521.0,347,62
=7WxCe5XO3sCTJogT9I=WYQiWN1XqfI.jpg,418,806,513,585,612.0,549.0,388,72
=8=Ey=cDI=1L1OPNantJBNnpUDblKM9.jpg,414,1231,593,717,822.5,655.0,817,124
=98p3M9tCdXYqTH5UOJBTDBiRnNxmBmV.jpg,357,980,499,584,668.5,541.5,623,85
=9OmWfN8BXlzDGxjJ7d1rLCBl88RuRd.jpg,420,785,455,520,602.5,487.5,365,65
=9RS59BLIKSY1RIRWaRTpIPjl=EtbycM.jpg,381,669,446,501,525.0,473.5,288,55
==oFdPv4fK2QjCMwKIFjqtU8BR5YfjR.jpg,429,903,468,537,666.0,502.5,474,69
==uQUWFIU8j6fWzlnrZim2nI9pEvfaJ.jpg,341,742,414,494,541.5,454.0,401,80
==uYxywt9mWqOO8b7kim4DRL1wuGIoW.jpg,413,915,493,566,664.0,529.5,502,73
=aOlgx6tPq_Jn6GRdWvHjQ657heZTuJ2.jpg,365,659,436,491,512.0,463.5,294,55
=aXb=VefMiyRQn6UpQOFfiwHOmLCx.jpg,371,826,432,507,598.5,469.5,455,75
=BoWZGJB_skqhKWzLrzouD9nyky3kIPO.jpg,253,790,458,539,521.5,498.5,537,81
=bp8idKzPPTb9BUpPHFIGeNjeE9xoy.jpg,368,799,430,496,583.5,463.0,431,66
=BVBPTWzBZ_nh=tglGQfQ7o8I9FvJul.jpg,341,900,474,554,620.5,514.0,559,80
=CEpNmXhoKK7HW=M98ePX_=NV3eU1sR.jpg,462,779,467,526,620.5,496.5,317,59
=COjykpB8be7g=Fpo88mbo7aYhqoYVaJ.jpg,333,733,448,510,533.0,479.0,400,62
=dBBkIrLDld218Td=mGqu9frQgo4KhI.jpg,220,1231,699,833,725.5,766.0,1011,134
=dPervdR1tqq9Lmr5ca3JiC56m6FKlMd.jpg,386,821,428,500,603.5,464.0,435,72
=Dz2K8ISY8zmJqYkrQgoEObPbbs5mUk.jpg,402,795,489,561,598.5,525.0,393,72
=ElZwGDYOPeGXhF38VXkcyrrzlh3DlB.jpg,221,912,463,573,566.5,518.0,691,110
=ERcBeHFmyRKMVLiNQKuONxuChPlV171.jpg,184,805,492,586,494.5,539.0,621,94
=etB4uQwUINbReQjPlE6_9mlYcs1gag.jpg,347,735,414,478,541.0,446.0,388,64
=F9t=j5813WjGn5tikJ8uDrkI7OZjxM4.jpg,349,888,470,551,618.5,510.5,539,81
=FafUVbJbnZppU2OMORRFRGXMJQ6B4.jpg,266,786,454,533,526.0,493.5,520,79
=FLBc5CUHDBrwLtDjL=1iMgXiaTH_Ic.jpg,368,824,433,502,596.0,467.5,456,69
=fltIYGQfErNiXZd86Mj4vcf54TLUo.jpg,389,734,457,520,561.5,488.5,345,63
=g5guVMaUQQMMpIkPI_XSHssZLEr_I5.jpg,284,770,445,518,527.0,481.5,486,73
=Gdw4YiQXe7yRB5a1gVWJL5R6D3QwxH7.jpg,453,764,465,524,608.5,494.5,311,59
=GErXZ=uJqzl3unC_oacRH86beJoLJ7T.jpg,391,781,514,585,586.0,549.5,390,71
=gPl=6nc_Oiin3lShgVjHFcnOgOT8Cs.jpg,377,688,465,523,532.5,494.0,311,58
=hpQnG4_zfjK4TqV2IpN2MBZP14SViy.jpg,429,924,444,517,676.5,480.5,495,73
=IUR_fPfhr5kayo4zT6ZCFFMx751dh.jpg,408,675,420,471,541.5,445.5,267,51
=jTSjQHrLrOYh7CNpjYqRqN1lYESRE92.jpg,349,838,432,508,593.5,470.0,489,76
=J_HmcqKzLfNffFmhWtk7xxP6MG17Oq.jpg,342,912,455,542,627.0,498.5,570,87
=Ki68ZyYaKQXQdrt4GZjJPDsbafWgOYd.jpg,398,909,455,534,653.5,494.5,511,79
=KKtdPw5l_LcPrKPopMYhSojwrqOI.jpg,414,737,474,535,575.5,504.5,323,61
=kUz4ob8NUhQ4EEK49WYgRxsq2oa8OM.jpg,385,687,439,496,536.0,467.5,302,57
=LWQW2ZWBF5SD3bDaDsf=VPEi7mu3V.jpg,522,850,474,538,686.0,506.0,328,64
=lYtzvccOryjM2bpd1Bx8kWTp92yCys.jpg,384,920,484,563,652.0,523.5,536,79
=MD9O2ZiPpNuQd==6G6Ei2ffNxSSKg.jpg,297,826,446,526,561.5,486.0,529,80
=NniF9tC2FfCxSGpd7lzfwuaHBy3vc3.jpg,420,739,467,527,579.5,497.0,319,60
=NwXqpDJYvf1dt8MNI6rk4DEgvwNwTwX.jpg,418,771,498,561,594.5,529.5,353,63
=nxTaZ_9RP6GM25qOX7QnIjBJ7l3Epa3.jpg,425,796,478,545,610.5,511.5,371,67
=NZg2KOiV4Gz_wm7ql3owJV=jDooqil.jpg,362,669,448,505,515.5,476.5,307,57
=OeeypehkT5xczRsEZtXgfXeO46BMK.jpg,359,815,424,496,587.0,460.0,456,72
=OggHFNzdZNv9R8dS6C_uYJHX21TrlT.jpg,242,1009,528,642,625.5,585.0,767,114
=oOtVc6oNcNgcR1bkR1emE6Nx6mKgcR.jpg,394,916,494,572,655.0,533.0,522,78
=oV2jwCD3vUar1YKTUKRiEDVOi7U=.jpg,283,835,475,557,559.0,516.0,552,82
=O_PV4tXXJJ3naWcMco4ormEuep2RCE.jpg,428,782,444,511,605.0,477.5,354,67
=Pa=CeLf6w_jSRFvSKqObIqvt2BVLTO.jpg,478,832,492,557,655.0,524.5,354,65
=PM3WCXRk936ZcojbDxKFXju8h=zuK.jpg,459,812,489,553,635.5,521.0,353,64
=PNS7NwthBH1WgYaukdRq3H74Y1ix28.jpg,272,951,507,607,611.5,557.0,679,100
=PQl5c5Qp_yJtcYIjuvyGvedash6E6.jpg,422,841,417,481,631.5,449.0,419,64
=PrPB58yQxtZvDxCTdOcD7UQFLdRfEZT.jpg,507,919,420,484,713.0,452.0,412,64
=pS=WcQW7z=cKsVugFIDCRJPjMv2pdo.jpg,395,943,509,589,669.0,549.0,548,80
=PtKSuQx6YygZTnMbr9_HJurQn_g1.jpg,392,743,470,532,567.5,501.0,351,62
=pX4Lfwo1pFCsIEqO5itZWqpPn7GvBRB.jpg,317,747,450,516,532.0,483.0,430,66
=q4BmLJ5aGEdWVPNxvfJh1VcS_uge7.jpg,459,785,476,535,622.0,505.5,326,59
=Q88lUXb44Gr5GUnB38V9a9Z5ZxNO1J5.jpg,304,765,433,515,534.5,474.0,461,82
=qoWvEfgTQMo959PJZndRSDL1QX6ta.jpg,313,874,477,557,593.5,517.0,561,80
=RhxcWnla3R6zBQqZ8R2aGM_Rt4d7xXb.jpg,422,1231,616,733,826.5,674.5,809,117
=ri2v2orZ1fmLOoij5EzoB2J6gZnxhYG.jpg,316,824,491,569,570.0,530.0,508,78
=RU7Uw_P4MlXgFE4Xad12uYgYtR91.jpg,356,661,430,488,508.5,459.0,305,58
=rXjP6gO_8IHnO5KoigFQx_uyTq8St8J.jpg,442,883,459,529,662.5,494.0,441,70
=s5ugBu4Jk17xq7MTROKoTqyqMB_SqBe.jpg,312,885,463,547,598.5,505.0,573,84
=TaL6r_gKa==mTtwIbDHih2OSVVQK8Yx.jpg,298,1037,581,696,667.5,638.5,739,115
=td5p_WzSHq8=gzuoo76EvJeU3IUmPu.jpg,262,708,469,538,485.0,503.5,446,69
=tmt1nLbom8oGBMNMCquLQGem63bf.jpg,340,654,454,513,497.0,483.5,314,59
=U5bR9hEqXhkVcHGH3Ou=uIlSYHE2EZ.jpg,489,870,435,503,679.5,469.0,381,68
=u9OOrskOS6xcDt_TRX=xCokPlqQZ7h.jpg,208,1175,599,741,691.5,670.0,967,142
=upNg_5ds8_jh8BsI7J6HPK8Tuwyj.jpg,390,853,440,510,621.5,475.0,463,70
=UwtXX8RZJIdTxwPDI_1Ca=jjl5QEB8.jpg,343,771,443,507,557.0,475.0,428,64
=VD5yvunW2YHxwK=dKpgeo4VQk3FQV.jpg,422,1005,482,568,713.5,525.0,583,86
=VDe1uSXo8IVGa9eKGrxng=BFROjPdyv.jpg,310,747,429,496,528.5,462.5,437,67
=VfqCOniWaJGVRnF_FYFjoKZfxlIYM.jpg,473,924,468,536,698.5,502.0,451,68
=VIcCux8Z24svdtDC1KUaZmoj7QplXb.jpg,339,911,476,561,625.0,518.5,572,85
=VzGEVRxkaem8OKF=Bb45FqyEORDl.jpg,463,754,436,490,608.5,463.0,291,54
=wDhWIFndD7hbwihSyQI3sOef_a2Ky.jpg,445,753,461,517,599.0,489.0,308,56
=x5NR=fw=TISlbDIuzfXoygRmCH1egsy.jpg,414,912,487,562,663.0,524.5,498,75
=xJC4zVSzZY4w1ZJCHh8k5WEQadeU9V.jpg,369,918,462,544,643.5,503.0,549,82
=XO3tu9=no_ZoRijxrtzPPsv1wuklWUl.jpg,394,876,483,553,635.0,518.0,482,70
=XzowvrQYcmc1RF7HkbHMhU6hc=sJom.jpg,296,718,439,504,507.0,471.5,422,65
=Yf3T=GQyX7G8ZXRKn3mUXQsK8GtlP.jpg,336,747,421,486,541.5,453.5,411,65
=Yj29h9FdEI6Zro6htmfyuHMdHcaGqN6.jpg,354,757,414,474,555.5,444.0,403,60
=YJGkw7kBtsNb6yi=mrhhQLD1tBIlzNw.jpg,413,809,418,480,611.0,449.0,396,62
=yjnGPvINiJw8umWhulPWbU6D5cf8sd.jpg,289,774,447,518,531.5,482.5,485,71
=YLa=nIN5=RfFStdveogOXpMElGGYyH9.jpg,309,848,463,548,578.5,505.5,539,85
=YXabm23gJItZ59ywdFf8IM9cSTNZXcl.jpg,294,832,454,537,563.0,495.5,538,83
=ZmnMcrBkUzOXozmRrblaZMlqqfg.jpg,296,773,446,519,534.5,482.5,477,73
=ZSiCKSYuX7ye=2O_8OqftMLViq3FX_2.jpg,281,941,505,606,611.0,555.5,660,101
=ZSZqKk5NjSBSxpeJgzeWsnNVuT1Lnt.jpg,304,753,438,511,528.5,474.5,449,73
=zWFer7fQ9akKSf97Bw4rMWLhsetgv=.jpg,436,719,434,487,577.5,460.5,283,53
=_1x7NUR1sBTDIUcuPKyrMVxQy_R2Xxy.jpg,400,840,419,486,620.0,452.5,440,67
a1gEMTKhJpzbTYa9ayZ=1FNWtQEBDbq6.jpg,393,873,479,555,633.0,517.0,480,76
a4LRR_P4K7h1L6Jmab7hwhECCe7FTk.jpg,327,763,432,496,545.0,464.0,436,64
a8mmYw9UqGvDwEOJX1j7U3vgeqGEJ6.jpg,357,659,439,495,508.0,467.0,302,56
a=lZBu7ZPlXP1FQWs=QC3GiIohd39BX.jpg,329,855,455,534,592.0,494.5,526,79
aa5ht3vSczOk8hDGZBOKMpmCLrqBdc9p.jpg,451,893,467,538,672.0,502.5,442,71
aaCBgqcjVcCpM9vD55XtKxa6PP2BZ.jpg,247,774,449,526,510.5,487.5,527,77
aB=13lqLgO8gsacExqq9xG=v2OLhCeh.jpg,409,892,482,554,650.5,518.0,483,72
abL54=ns4JNNBHQhkkacQ_ldj1sNs.jpg,475,761,449,503,618.0,476.0,286,54
aboofr5xlvmD2qIwmUySDNYDXgYlf.jpg,438,937,487,565,687.5,526.0,499,78
abP_pwIFqEgElBoYCkOSWCtjzKtIue4.jpg,291,782,433,507,536.5,470.0,491,74
abV9LkW5tXCodFqOvmkBmQjm7FMROp.jpg,380,835,429,499,607.5,464.0,455,70
aBX3mqwGVyohmcHP2mFyUYfPBMTkK.jpg,169,806,488,608,487.5,548.0,637,120
aC37LMK_8dNfOjyJeF1pkYj8SmroH.jpg,364,779,426,495,571.5,460.5,415,69
acK25YIeyCHHp4tNENBOqpXNYty7UYW.jpg,348,971,495,591,659.5,543.0,623,96
acNtTbzNLKB7=72YJ2CThvVXLI4fzmp.jpg,430,787,449,514,608.5,481.5,357,65
aCvzsv4XtCvIKb=Tj2KaylEz==Z_Jsi.jpg,488,813,469,531,650.5,500.0,325,62
ad6xgPhEOpIEjR_kO96d_fT3rYwXQDqy.jpg,404,812,417,493,608.0,455.0,408,76
adl=Q9rO_SrYLEfoBc2HFuawaLKSTUJd.jpg,439,784,486,549,611.5,517.5,345,63
adMVCxXY67GPf2iNQtOhDPwc1iqPodu.jpg,433,925,449,523,679.0,486.0,492,74
aDpqs7Y=LfL83BC96TCDxMz=cxJllt.jpg,345,867,453,531,606.0,492.0,522,78
aDxFsH1nj29g2yg=psJXVsDE1ZBhynwO.jpg,383,914,491,573,648.5,532.0,531,82
aE3XWZCjS5haqQZYVN76SnHumrORIw.jpg,297,772,480,549,534.5,514.5,475,69
aeal6TjhZPCyuhquqG2VLJZb9naIqMFI.jpg,435,860,417,481,647.5,449.0,425,64
aecOcBcal6Kk1mNizy9f3tHfyppDfxG.jpg,416,932,501,576,674.0,538.5,516,75
aeO6oL_5LmyO=jGEbzcLQ9_arwTGYO9Y.jpg,414,930,491,571,672.0,531.0,516,80
aE_DSWtgvFQ=xtkarvW527EeUeYH1MqX.jpg,426,862,431,499,644.0,465.0,436,68
aF3gCCniMdcCf4OOwrYpzWs8EN2Tb_ga.jpg,378,832,471,537,605.0,504.0,454,66
afc3iNoDmkbwkN3qNRBcJ522=ORvCdU2.jpg,429,707,422,477,568.0,449.5,278,55
aFD=C_ymBzO63CZGEf3BPURVpvOU1DN.jpg,347,802,435,504,574.5,469.5,455,69
aFo6vUB9r1QwyItR857y6YtZvjH8gk.jpg,401,864,437,514,632.5,475.5,463,77
aGDKtShcvNbVKWuh=KJUa4BqG7s4Q3cq.jpg,426,848,420,486,637.0,453.0,422,66
agpmz6eIiTadJUW2DcfxYm1UGcG8eb.jpg,453,858,415,480,655.5,447.5,405,65
aHa73N79QVUkPxz5B4MHF74NIuwsK7P.jpg,431,788,455,518,609.5,486.5,357,63
aHsWLvRfNS6pn_bW4ZuWW87EYuu94qTt.jpg,443,782,475,539,612.5,507.0,339,64
aI1=aa6chVLLwrS32Gq381MKv=q_bvfc.jpg,372,820,431,501,596.0,466.0,448,70
aI5l=jdU=GIwx7nzxTNGmzjS3eLKhn.jpg,374,654,419,473,514.0,446.0,280,54
ailbZFmJZxVrqkOBM2k6lz9_mDnD7lp.jpg,396,887,444,526,641.5,485.0,491,82
ailVSmIWDQjOg7QTaKJy=DlHSreeCNV.jpg,182,824,494,589,503.0,541.5,642,95
akJMRqmt69Gb5W4DdaZ9OtompYdwwC.jpg,420,913,487,560,666.5,523.5,493,73
aLdj=BVEcD=Zj6=QrB4VHLtLVF78jCxf.jpg,267,950,500,599,608.5,549.5,683,99
alIs5Bd8RrWwn1t3Zghr7hB6oXNlDvCS.jpg,349,777,422,505,563.0,463.5,428,83
aLP74gvDj3=VLKa2xJXYX61mSCHuVGN.jpg,371,722,497,561,546.5,529.0,351,64
amKOzrw3J7aeLwO_uoobanvGn=rwqlpQ.jpg,410,983,520,609,696.5,564.5,573,89
amLfv_QSB=k5vb4XB=ZDFH_4PudshWN.jpg,341,749,424,485,545.0,454.5,408,61
aMtF9D4v5KRRQTjibr_TvenKqe3tBeF.jpg,411,844,416,480,627.5,448.0,433,64
ao=JU4fmykIHL49tDn7VuFFJnGtoQJ1.jpg,330,817,446,524,573.5,485.0,487,78
aoiUwB_T4ftixFYtvM8aI2gM65Dp9_G.jpg,487,766,447,502,626.5,474.5,279,55
aOL6DK_mhsshb6FZdXcqWghvI2LwNms.jpg,409,759,485,548,584.0,516.5,350,63
aOxRJRsXqTELMrykdZ53aq36eJZZIrC6.jpg,418,921,567,654,669.5,610.5,503,87
aPgCo394s3CkiS2QyiqHzVLr8lzxMiZZ.jpg,329,1085,577,689,707.0,633.0,756,112
aPSJMyX4PVDKHOOdXfFb6PopCyc=ok_E.jpg,416,1091,547,647,753.5,597.0,675,100
aqn8lfzBr4gEpv3MmsPhDohdZIqNIuyh.jpg,521,815,428,486,668.0,457.0,294,58
aQUjZbCjtUMwrOx5=lUGcQL=m6wclQ3J.jpg,292,765,428,501,528.5,464.5,473,73
arOSqZ79oqJYSyOfCeqQ2MuIW2erDIC.jpg,443,733,421,480,588.0,450.5,290,59
aRtLHZjFMlzMW28MBLGfTNh=qlYdv5.jpg,483,780,439,494,631.5,466.5,297,55
as8W2iuEgvripeJ5Zl64DXxipyHct=.jpg,450,749,456,514,599.5,485.0,299,58
aSsJ8e_qWPBEv3g2wbYpFq9pre8dJwMm.jpg,428,882,428,500,655.0,464.0,454,72
asUTqDnuHyrM2hVHFICrizuLKY1fKwD.jpg,323,910,483,569,616.5,526.0,587,86
asZOw=DMrX2LFZPCq6ZhMKD2jwI2tq.jpg,301,655,508,576,478.0,542.0,354,68
at75D5Yxq7my_bF_6WagYDzl1nIXuIy.jpg,351,869,454,541,610.0,497.5,518,87
aT7dxjrI1ENnkboCkmNxngY5KKIENf.jpg,494,774,429,483,634.0,456.0,280,54
aTM=pfNeXyGRa4h2glc7WiSz=5qO=Lwj.jpg,455,794,431,499,624.5,465.0,339,68
aTO=PnueNW=lKTM6OwXhkhdFZm4brt.jpg,487,827,484,549,657.0,516.5,340,65
aTQoPjBPZFv3jdTekYRNmrvSsUx5D.jpg,461,889,416,481,675.0,448.5,428,65
aTrd7qife3qVDXmTbkFULeMVwdLtMBK.jpg,411,866,426,504,638.5,465.0,455,78
auDfFgNaM9Z6=nKEtN4zYSi5R1hktoCH.jpg,546,839,451,511,692.5,481.0,293,60
augCdv9jjG3bXz11FaoswadvZVcMfv.jpg,386,667,449,505,526.5,477.0,281,56
aUWZc3T23IFuOicRhqBtlZvutbrWT3f.jpg,213,852,500,592,532.5,546.0,639,92
aUx7joVx5COKzhWXy8K_4wFn2p1h2hJ.jpg,215,801,474,561,508.0,517.5,586,87
auZXmYPv_pWqWoG=b=3KWcUc5CW.jpg,380,807,416,495,593.5,455.5,427,79
av9Cg8aTjXuTzSgW1C2jY4ta64f7g=F.jpg,405,687,424,478,546.0,451.0,282,54
aVJwBllvsfW2mjoSUthwClHbHGmIbtXI.jpg,445,711,413,467,578.0,440.0,266,54
aW5=MOcfraUwHwBR_JGRBkxxNwsclNxf.jpg,509,789,423,478,649.0,450.5,280,55
aWoPdoBLHod3Nx2HLMspUNhEiF=nt4Vo.jpg,393,941,496,584,667.0,540.0,548,88
awtoQ6gcYvqbgquasqjWbJJXVnwK8yOQ.jpg,425,894,435,515,659.5,475.0,469,80
aXE5KKYme5c3Qvy_bTYy15M1pdoVF1T.jpg,447,758,451,511,602.5,481.0,311,60
aycVurSrnqqQ3eExcyHtCx=2Ye=dtvSs.jpg,440,723,425,481,581.5,453.0,283,56
aYofeCj1EEVEkQfpg5scukBhJlo5K.jpg,412,750,433,497,581.0,465.0,338,64
aYz4RVpSMPboHFJaQ88k9z1g1SXoan.jpg,356,651,420,482,503.5,451.0,295,62
az=LnZzMfih6jgIiVv1dLeVTWrnkJ9C.jpg,412,930,484,559,671.0,521.5,518,75
aZDD9e_cTZvvxbUnN6tUH4S4_GS_5rt.jpg,388,666,434,487,527.0,460.5,278,53
a_nemQ2TRICEf=4gG1TIbeggoEjkjz3P.jpg,343,686,458,517,514.5,487.5,343,59
a_uHFiZYrcrqIE_XJOzz9PH5IvL5ToJ.jpg,355,793,438,503,574.0,470.5,438,65
a_wO2GJchYRHnsaaXbEnKxpP8tV4jnI.jpg,449,886,410,494,667.5,452.0,437,84
B1npsi7Fu=ZtCbSDhHyZZ33xXKZrMReh.jpg,207,792,519,606,499.5,562.5,585,87
b31rxdPMTGeLbEwcUsDlxqq16cSs4D.jpg,403,873,446,516,638.0,481.0,470,70
b361GtbdqYKwVfN33SLEGWjKD9NQgo.jpg,366,665,428,485,515.5,456.5,299,57
B3MBxUm1Q6kVYqv5tyepumgRh8MggM.jpg,419,853,462,528,636.0,495.0,434,66
b4duDzvHk6MjGGMGnjQjsajXuZmHeRaX.jpg,397,829,422,488,613.0,455.0,432,66
b4ks8LCOfpzMxxjlPn9sRSuBPixeTU.jpg,312,789,474,552,550.5,513.0,477,78
B4uxIL_NHVcSWyKTdxrXbuBWGw86u4Qs.jpg,340,762,423,487,551.0,455.0,422,64
B5FSE3fZFZi1EWLcRYERQUUk9TmLYIp.jpg,385,1002,485,575,693.5,530.0,617,90
B5r2zhKB35KG3fNnZRiDOiuiLeXZqRM.jpg,454,823,502,576,638.5,539.0,369,74
b5UGxXBes_m1PNY_zuduLaw6yfrcWLmv.jpg,388,744,458,526,566.0,492.0,356,68
B5wIzZFbn1ZcIgPkJWeWuGWvcNq6j.jpg,416,873,452,521,644.5,486.5,457,69
B5xOj9gxb4xrX5Z3Dz=soejiykLECL.jpg,168,1013,569,690,590.5,629.5,845,121
B6Tv6eM=pqprGCPdu2Itzww3sB8CvFRN.jpg,369,715,457,518,542.0,487.5,346,61
b6vj_9eDOz1jYDgPfmdF7WZpD29ZLr98.jpg,350,838,433,507,594.0,470.0,488,74
B6Y67MahCm=6wdp1X_JhQM7274OEJW7.jpg,435,832,416,481,633.5,448.5,397,65
b8g89OZC_it1lIvVaT3cm4whiPgCCyFM.jpg,409,908,482,560,658.5,521.0,499,78
b8oLsI3OnTmRT4gg_MC23b7Hp1UtPcY.jpg,406,853,430,498,629.5,464.0,447,68
b8ZGNX8=SN6iIbhG5y33i8O8hZoK=Q.jpg,468,803,457,520,635.5,488.5,335,63
b9CzxzbZRKpU=mXulkX8CqzBf31rSvdR.jpg,455,738,447,501,596.5,474.0,283,54
b9q3gGGTggbVZgnr5sxK5jV9tPjrQfC.jpg,375,795,489,560,585.0,524.5,420,71
b=lIsoOCtykwJGu4q2ewpqoklii=hR.jpg,319,869,447,532,594.0,489.5,550,85
Ba1WHYJweW1nGiSkX9JyJkgbgz1bYaGG.jpg,526,796,415,471,661.0,443.0,270,56
Bach1TMBdB_32CcxU_XYobLwHYr3T4n.jpg,367,780,422,487,573.5,454.5,413,65
BaFEHyfU2bN4Dz=34XRW27KBoyHb7x9c.jpg,214,1049,555,681,631.5,618.0,835,126
baJ3sqoPSG8hqLv53vip2Uv3r=6HyK3.jpg,573,1051,470,545,812.0,507.5,478,75
basPTc9TfB5tyllTv6Uxf2Y32BLuMGK.jpg,392,716,464,525,554.0,494.5,324,61
BBfI3bWD1PiMHEYZo2mCs8GyPTh=VJ.jpg,328,759,431,497,543.5,464.0,431,66
bBsD7f4Ubt9nULrp62Fsz2zUtr=kWzT.jpg,253,800,470,549,526.5,509.5,547,79
bcCLRF4inQ778bQixBH8fC9Me5TCYVFF.jpg,474,811,480,542,642.5,511.0,337,62
BCEgKSbmfRQ1TZvPdyPk4_vNS=UcKSN.jpg,199,953,504,611,576.0,557.5,754,107
BCGu9W1Zibh9IgHCv9iW5bFPOxgz=DdU.jpg,385,784,416,480,584.5,448.0,399,64
BcJlvYbMcUZrzWRa7Zg_hkYoKZBFuOo.jpg,375,942,506,590,658.5,548.0,567,84
bcoVsPOazNhGrCRft2SUJgqy3iXk45C.jpg,441,888,467,536,664.5,501.5,447,69
bCsB1DhKEiMyDdNwTNz4vgiZistKPc.jpg,424,843,450,516,633.5,483.0,419,66
BCYTpfUY7UzCKvMfpHg5EG3kgILDFF4D.jpg,348,795,453,527,571.5,490.0,447,74
bD=S8x6dwk664hsSVZwWrEPgIZ7zRhUC.jpg,388,935,498,583,661.5,540.5,547,85
bDfYGWkeMPsXJCngL2zyl=z5xTOBHV.jpg,463,816,462,526,639.5,494.0,353,64
bDKee8uBOzX1aCFJSzlYrw_55YGdDKT3.jpg,454,782,464,528,618.0,496.0,328,64
BdsT1xQnQtHq_T=phH_lODiEvy2is8Sb.jpg,445,953,444,528,699.0,486.0,508,84
bDuFDHSVwaxwkVtSWwsP4WXUG8=Z2Zt.jpg,256,811,454,535,533.5,494.5,555,81
BeG122cUbQVBMsbs_RhvRlLb7Yzb6W.jpg,358,875,466,540,616.5,503.0,517,74
BeWitS1lT=s4UqifelDvPV45od4Vyq.jpg,374,675,443,498,524.5,470.5,301,55
BeyNcsOkovwXFtQFpmMbnMs_SZ6zZHw=.jpg,360,818,430,507,589.0,468.5,458,77
BFb1WyXt9C4XdmcehpNN9mvuF47ae3OX.jpg,471,920,428,502,695.5,465.0,449,74
bFIDpBMy75PKFFxnSum5K4EgRZ8rnWxV.jpg,387,905,458,539,646.0,498.5,518,81
bflic_XxM5C5UhVpH4VvSTlBUZpdD4uG.jpg,387,822,425,494,604.5,459.5,435,69
BFLQzcuESuMvYV8SVdWCvNlpRei76rmI.jpg,426,884,434,517,655.0,475.5,458,83
bFmILdbcSBUYrfasiUxGgrcySkLzMaE.jpg,360,661,446,502,510.5,474.0,301,56
bfnypd6V33fyUtGj8XyylpJ4M2eFeKzB.jpg,447,790,467,529,618.5,498.0,343,62
BFoGKmGZzPUw4hPpJM8iPi4JEicY_s7q.jpg,427,924,444,518,675.5,481.0,497,74
BFQb5wPWT37VN7GwSJBt2aUEtJ35hRc.jpg,315,748,425,495,531.5,460.0,433,70
BG1xLgX1sg7i3SZuEaVC=9pVbPOOxj.jpg,377,863,481,557,620.0,519.0,486,76
bg5uYZj6SfwWOTTjufcZOa6p=8c78b.jpg,344,745,416,480,544.5,448.0,401,64
Bg8XehKEsh8NsnEDxbUwQxttSNFrZeZ.jpg,423,937,436,530,680.0,483.0,514,94
bg=o26GY2b76J8GO2_i_pDyNi5HGtBF.jpg,388,927,503,587,657.5,545.0,539,84
BgaCTO_DVUt42rGkVUvGv2sS4IxiLpsE.jpg,356,916,515,596,636.0,555.5,560,81
BgqWizW7lerUzRUdL9Dhg_wRsB7_Xu_J.jpg,359,908,466,544,633.5,505.0,549,78
bgYlJ15U2WwYhJP6nPy9UqQrhEctLNj.jpg,396,836,422,509,616.0,465.5,440,87
BGZDTa7veGpOEmGlZGdxTlpLMK=jhMf.jpg,322,763,434,502,542.5,468.0,441,68
bH5XlVIOm8r=v3VCgbD5kzncaLLqdY.jpg,385,921,505,588,653.0,546.5,536,83
BhCnEYzsefByOZz4S3SEMnt7CPFBJ.jpg,402,804,426,490,603.0,458.0,402,64
bhN4xK4dQEnzIhksuwFHkTE85VsksE.jpg,271,947,494,592,609.0,543.0,676,98
bho=M3iik9=f9T5E79rK9mZJOnjhJqgr.jpg,320,897,472,556,608.5,514.0,577,84
BHsn9x_hTqyHPD5fbGsNX6WK59XgV.jpg,372,845,442,513,608.5,477.5,473,71
bI33tSKqz3NEzcjYsQtbOebsct94FL_.jpg,371,958,519,605,664.5,562.0,587,86
BIc86a5G6NP2KjrcqTZpW6Dgf=5Yi88.jpg,403,834,418,485,618.5,451.5,431,67
Bin3pwcJixTbfi49DD64uQRiet8lIuh.jpg,453,756,464,522,604.5,493.0,303,58
bIOlwIMizrwHfPSvqDgSnqPXDYIX_qS.jpg,427,959,503,583,693.0,543.0,532,80
biPs_23Rtd=D4iDa_cok3sBMPibjWxbE.jpg,450,863,418,486,656.5,452.0,413,68
bjb6zrdBQ5SKkljx2YUscsxQsWcBYIS.jpg,331,839,493,570,585.0,531.5,508,77
bJFGV35wy_KyQwmoT3KCbz6wZT8GueQZ.jpg,294,750,435,511,522.0,473.0,456,76
BjJ68NGj5FDWZik4jyWhQIzqL92iRKp7.jpg,403,821,448,516,612.0,482.0,418,68
bJprdBlvVrPfZzbRS3biwCDYplExBO1.jpg,469,836,502,570,652.5,536.0,367,68
Bjqjvmottmn2n_7SwdDplBjPBlWT5s.jpg,449,851,462,533,650.0,497.5,402,71
bjUlsMCtjH=MDs6aTXvot2PMjIrG8.jpg,416,880,439,510,648.0,474.5,464,71
bJvUJZdfJqzyjxHTi2DsRzo56RludfN.jpg,391,729,453,515,560.0,484.0,338,62
BjyGu_1rOF13eYM3n2rYgYTffNtyYYe.jpg,456,802,490,554,629.0,522.0,346,64
BJyrCmN9jkKugbjsypeqWJIqM2Yphd.jpg,398,859,434,509,628.5,471.5,461,75
BJyTVQOfqTvzoGG9uE4cTgEVsgN_G8wd.jpg,431,765,448,509,598.0,478.5,334,61
bK6S71W4RmNDU7DmUpIVXqn36hfb4k7_.jpg,286,699,516,588,492.5,552.0,413,72
Bk9d4y8SwWiPxGrCCCb_CPn8EF5Gnqj.jpg,397,904,481,562,650.5,521.5,507,81
BkBbtfVaMp4R1C451BFmdqTukWqWWts.jpg,386,676,437,493,531.0,465.0,290,56
BKIOLzfud5tx2mfL4Ems9pYJYZ5r2zZ.jpg,323,799,424,493,561.0,458.5,476,69
bKjKtEemU31aG1uqHNJQ3NPz=ZQzzv.jpg,160,773,570,672,466.5,621.0,613,102
bKTU7cc3FudKfccC4asLeUbz4iJQqaF.jpg,453,795,483,548,624.0,515.5,342,65
bkuholF8v3mfdRhBCDgUK_dru1hFdmw8.jpg,329,808,476,562,568.5,519.0,479,86
bL28b9QjXfb43CcsFmsNfsuIr76SClq.jpg,390,888,483,560,639.0,521.5,498,77
bl2oqUk2lxpw9PEzBBGrOt8qzD3YjuXO.jpg,440,887,469,537,663.5,503.0,447,68
BLdLh6b9KDNlZWxWWJ55pPqGLhrEme53.jpg,344,1025,505,619,684.5,562.0,681,114
blEdpX3Or=nRHZCaKeXbkxUV=bB_jMJ.jpg,354,761,436,500,557.5,468.0,407,64
BLeWuJLlkMZmOQYkIl1oUuv1zsK9vV.jpg,423,865,460,532,644.0,496.0,442,72
blKVHVHcVtmXf==cs2huPNUI7vgVfSRd.jpg,324,770,431,501,547.0,466.0,446,70
bM1jTClMcZXShvHhgU98Jk3a7NSHi2g.jpg,456,785,472,531,620.5,501.5,329,59
bMIWhzVjkRRl46i2Kg63RG_LFTGzyO.jpg,368,792,454,517,580.0,485.5,424,63
BMKa_UvJSa946NziiYCnoJYMYQDB4f.jpg,443,956,454,533,699.5,493.5,513,79
BMM3Nfap8srXJzQwPWVb=7Xo9ooUaq.jpg,418,799,484,553,608.5,518.5,381,69
bMnrbZaKNCEWEMfwq2hSfhWCeWT_LLbi.jpg,163,823,498,599,493.0,548.5,660,101
bmODwBye6IdKHFmBRPd57enQ4N32lRf.jpg,478,753,419,473,615.5,446.0,275,54
BMPzN62hO_DXSygxP84KXyCg99w8c8Ku.jpg,500,841,459,523,670.5,491.0,341,64
Bmx2kkCQ7oIr1Gqspw2MVHVHHNETXNU.jpg,289,764,429,501,526.5,465.0,475,72
BMXi8TK9p75wnO6p76mdKlfNYLNQimVl.jpg,417,715,437,493,566.0,465.0,298,56
bmzXvarhUXTbfkL39x225Jk4hqkkuI7v.jpg,415,738,473,532,576.5,502.5,323,59
BnaBPfbEYR4xD1tW1qLaIgvR2JKYwy6V.jpg,448,790,477,542,619.0,509.5,342,65
BNGusfdYei8clFD1igah3m9L7_HyR9r.jpg,432,712,423,480,572.0,451.5,280,57
bNPMkgLQgio3ZQbeUhvcXzrGWwUw=I.jpg,186,897,608,726,541.5,667.0,711,118
BnqW3o2mVZDn6axdbqShz8pGV2v5K9.jpg,442,884,449,516,663.0,482.5,442,67
bn_1VYTwnvzHnkWH_RSXu2JeoE5wPI.jpg,409,798,417,482,603.5,449.5,389,65
bOcsBr7dn=iEXGIo9Pt4iw9Vfv4oTj.jpg,400,878,449,523,639.0,486.0,478,74
BOgXw7S_SDDiLLVSeFOdbMBYrHfmsOZs.jpg,353,831,476,547,592.0,511.5,478,71
BOjcYdWWLjlFxcpwgzWG=GhSyy5hFyKw.jpg,488,766,424,479,627.0,451.5,278,55
bol2WxH6DIkyMJ2w79Bnl6VZ6Tf54J.jpg,281,790,446,523,535.5,484.5,509,77
BOW3viw1QT9oOD31BjUYUCMT8KcXR4bk.jpg,469,803,478,540,636.0,509.0,334,62
Bo_hICWaZksR5u6ntLrHUptRofrLSvE.jpg,358,915,472,555,636.5,513.5,557,83
BPKjfEvtQEKi1eQcxLwNM3rlYb=LMz.jpg,317,857,457,540,587.0,498.5,540,83
BpSymSQyRIjS8kuWsuoZGPfCUccnwC_.jpg,436,970,503,586,703.0,544.5,534,83
BP_FCfpvqf_IP3piCtpV9ruqBgfPpV.jpg,345,939,515,602,642.0,558.5,594,87
BQ8zqnlZp1pFLfXl2loSfNGLa1hQW5T.jpg,480,769,456,512,624.5,484.0,289,56
BQahx_xdZ419i6Z9UtsjEijXyxu9Gi.jpg,383,807,421,483,595.0,452.0,424,62
BqnKSkadDLHOs7Bzm2F92U_MjiwFD1bL.jpg,273,930,494,604,601.5,549.0,657,110
bQqzDOhosVna2TV4oDS74eIftCuWFFMW.jpg,462,1005,448,536,733.5,492.0,543,88
BQr6gvinBa1O7_84VKnrlrbL6KiPIX74.jpg,464,905,460,528,684.5,494.0,441,68
bq_2iXxPlFBVhOsCSoRHvzxZXzP_.jpg,289,759,435,514,524.0,474.5,470,79
BR9oJhUQ5CR3OTvnDFKU8IMnjEynt3Xh.jpg,349,835,429,500,592.0,464.5,486,71
BRHjSUSPE4gLGpFaEb4iOqSwm_WFTmi.jpg,309,755,428,498,532.0,463.0,446,70
bRJoFVZ9c3Puue_cQ_5ksEdmQqKKskde.jpg,383,871,453,525,627.0,489.0,488,72
BRNtLl2g4MTZNcyWXj1gk2GJDmXyU5.jpg,405,877,438,512,641.0,475.0,472,74
brOJZR=aV_=ilE8nK6eJEdBOuxDjZqu.jpg,441,815,505,573,628.0,539.0,374,68
brPJoYZp4MbvmXjwcJi8GjurVssGpEa.jpg,428,817,514,585,622.5,549.5,389,71
BSFtKagO36yc9GdtjQHf7_IUX92tNBKz.jpg,343,914,475,557,628.5,516.0,571,82
BSPBgnCseVTYGElWXzr9XULudsciLO.jpg,512,941,417,489,726.5,453.0,429,72
BsYhfRH1a6SLRkr1cxE1Q_dsFuD9UFg.jpg,407,808,413,476,607.5,444.5,401,63
btyakq28dB_VYQDsRFtQ5IGO6vx2dnfL.jpg,306,824,469,549,565.0,509.0,518,80
buCXKXR1UPX7gjgE5Tj7YWpma4fCmRX.jpg,394,799,416,488,596.5,452.0,405,72
buEqBL_ZUvVUPIjefzb5nt7MGxyVET.jpg,373,823,427,511,598.0,469.0,450,84
BUqZFlI=NVwgnvE9iPvm3F=KoNmOePP.jpg,450,750,455,513,600.0,484.0,300,58
BuR2nKBUaBlXSjeH1B2zpinbhG9RUj7.jpg,450,917,437,506,683.5,471.5,467,69
BUUbz5cCRihn4OjSPkmBp2WLY8YkfF.jpg,425,712,445,502,568.5,473.5,287,57
BUznpLPZUCtswZjLrT=Bnhv4MnDVdxuH.jpg,415,909,480,554,662.0,517.0,494,74
Bu_HePeeg3Zh7B11IBPvzJaXgNkHpho.jpg,349,930,522,609,639.5,565.5,581,87
Bv7bNwoNrfOyUf_zKk3Xd9OiBQm4MZ99.jpg,415,956,470,549,685.5,509.5,541,79
BVdS4ZZLD2M5bVXyvsdEenvBkmN5xvL.jpg,364,952,528,611,658.0,569.5,588,83
BvUNpelV9lk39qNuicuWJPsUjO=cGO.jpg,349,851,449,526,600.0,487.5,502,77
bVw31d6wNgJXI1gIbVjWKx_tGmlrvOL.jpg,195,795,492,576,495.0,534.0,600,84
bw1YVxTiE5gJg8qWkdrvRzZh5W8YrKnR.jpg,434,869,418,483,651.5,450.5,435,65
bW6iJSBJejLssHYppOJtX7=r6mfi_gcS.jpg,368,716,485,550,542.0,517.5,348,65
BwD8Qh3s85VKjo=iroOzL5==rF4makdE.jpg,338,813,441,515,575.5,478.0,475,74
bWDeaUPJC25hmg8oUqqiZoWi1wvOJ=sY.jpg,252,845,476,567,548.5,521.5,593,91
BWEXeMOiaePrh2SvYBEFyGYyD66dokuO.jpg,396,803,415,491,599.5,453.0,407,76
Bx6H2RYUTDsMbuzvD_XB26VZz49TjkXf.jpg,406,907,489,561,656.5,525.0,501,72
bX9Yhpel1eyJl4V6h9Z3LDfxbXoyno2B.jpg,311,892,468,570,601.5,519.0,581,102
BXGgnoQxwhro4Xk5WN9cJzGmhUIG43.jpg,389,831,428,499,610.0,463.5,442,71
BXHJkJ17j_mHCiGrR6llJpQlyudcsM2.jpg,382,879,485,561,630.5,523.0,497,76
bYcpHjV5Pd=WQDBw18IMw=VT4mpQvwEl.jpg,406,711,433,494,558.5,463.5,305,61
byLHUSYkhgGKlt5YZPeaROmY_zONWhp.jpg,416,841,448,514,628.5,481.0,425,66
Byn8uc9phllSvnFXlUjReV2CcbyrUfg6.jpg,331,881,460,541,606.0,500.5,550,81
byok9U3t3hibLmIE1zIBKU9gWBxrkj5u.jpg,296,757,462,539,526.5,500.5,461,77
BYU2lyWY5=ie3fYqXlt9dcMUl6bb=u8S.jpg,313,762,427,500,537.5,463.5,449,73
BYuIyYcdRjMx_RY7ijXy87YNwW6jvIQh.jpg,337,701,482,551,519.0,516.5,364,69
bYvWUyrNuc3_nkYllp4M8E4HZoow8qW.jpg,332,891,454,534,611.5,494.0,559,80
ByxFHsOd6rZDm1MKeMcOI83NZkIyv.jpg,464,783,439,499,623.5,469.0,319,60
bZdaSEs691PeuFuSZ8ZKL6L3BxrjnVpp.jpg,378,849,422,494,613.5,458.0,471,72
BZJtwTXHDlfd1Qblo7K5pHudja5n.jpg,248,716,465,535,482.0,500.0,468,70
BZLIsO7NIvRw92GaVf1GzV4gSq4pIT.jpg,321,875,493,579,598.0,536.0,554,86
BZNklSmCBShh6iI9XZm_WEmKZlFONFm8.jpg,413,703,426,481,558.0,453.5,290,55
BzQywTB6g8YtcH23dyrTMjOklCTZ9o.jpg,326,640,440,500,483.0,470.0,314,60
bzRzhQdGEhDNC=QSqNHBqy82U_ZuKIrg.jpg,371,665,435,491,518.0,463.0,294,56
BZ_y4jYPebXgeokltsMg8Lljntbkv.jpg,452,912,437,508,682.0,472.5,460,71
B_4GJdE3iFcrvI2wfjReUoQS_vGev1bM.jpg,413,950,507,586,681.5,546.5,537,79
B_4vf_OXwQ4jm6DmwSFQhptOJzxtof.jpg,359,829,471,545,594.0,508.0,470,74
B_DBm2zfWosnudyGL9GIFLNt9hlsYSY.jpg,435,818,438,496,626.5,467.0,383,58
b_HS95NdklqKrsVbbInxMman1dW9H=kP.jpg,312,665,479,546,488.5,512.5,353,67
B_iJ5uB1HSm=VKjoLcswFoxNjeShhHy.jpg,298,810,461,534,554.0,497.5,512,73
b_MUYOhWZqtENYXRu4CWwUNj4amIzNDg.jpg,217,706,479,553,461.5,516.0,489,74
B_RzZFS18fxrLk5YtGLD1U6zv_xjDw_.jpg,347,763,449,513,555.0,481.0,416,64
b_V2rg_FagHxriEdtuu8lF3ITgHW4rm.jpg,412,940,450,535,676.0,492.5,528,85
C14Kptw19ISn9LozPi=TvT9HbfNwYj.jpg,268,774,452,530,521.0,491.0,506,78
C1e5RZicK2sCPk6W8nKB83Tjmbmg2.jpg,430,886,425,496,658.0,460.5,456,71
C1LKvfWwhipWXdt1g5v2g7qifK6wPqVz.jpg,403,765,490,558,584.0,524.0,362,68
C2DZgLCP_C4XuGOmG82ixqNPsIwch42Z.jpg,381,789,420,481,585.0,450.5,408,61
C2Xp_nMsrM7DTyNYHulnRg3fo8NNh.jpg,454,747,431,491,600.5,461.0,293,60
C3blpql8J=3cqwj91LzB_ToiXemsiT7Z.jpg,478,923,461,535,700.5,498.0,445,74
c3CytGOQr1nU_4iB6GGCm4TG=aPsQT.jpg,472,771,432,493,621.5,462.5,299,61
c3_vXXL8jTfy_8Ziqp=UDqXNugWwNb1.jpg,475,782,456,513,628.5,484.5,307,57
c48ramZooSCYsWPZ_EyeBqVNgcUMNn.jpg,278,781,458,533,529.5,495.5,503,75
C48rBTppa_guVTd4O7ORg_V5tUNDXBe.jpg,292,846,476,559,569.0,517.5,554,83
C4CRGcp5af6x84fmQeMaFof7p=5Wizir.jpg,269,779,440,516,524.0,478.0,510,76
c4DXJvPtdmHS2jjGWRLu7dyN6IuSWaQI.jpg,404,834,420,489,619.0,454.5,430,69
c4eWzyJamUVU5ttQUebkiPoJuj=b4Y.jpg,406,908,483,561,657.0,522.0,502,78
C5wELk7RWgCVVVRe=nTcKVttYJ_HLQ.jpg,283,825,457,541,554.0,499.0,542,84
c5xo1xjoBboQWwuZbOh13PFeBDKEfr.jpg,448,1014,480,568,731.0,524.0,566,88
c6ghi7b=Hku7HFhKqW2rR2N6QPcLSiVp.jpg,486,1056,472,562,771.0,517.0,570,90
c6rKxPqeVB43PjNg2zY5OohQ3UDlG.jpg,387,834,456,523,610.5,489.5,447,67
C71qrqLZCMNuIsTSo8pbxM777Fr1CgB.jpg,202,789,485,569,495.5,527.0,587,84
c7SG5BUqaipeNtC4aGnNEtTqpacFHblm.jpg,337,771,462,528,554.0,495.0,434,66
c7x3XFeVbE6NIote5qve9L4fhrmlmH4O.jpg,389,682,441,496,535.5,468.5,293,55
C8faDRVdCR=KIgJNdF7rpnC=TP4SyU2.jpg,419,862,462,534,640.5,498.0,443,72
C8hqQhjJtyeWZqK5UTeIqE5hyaa6D9V.jpg,352,925,514,598,638.5,556.0,573,84
C96ZU=XeaGYjrGyhJHWZiH2tiOEZLXs.jpg,190,970,584,701,580.0,642.5,780,117
C9hrEbxzSxfJ5rODf5IS18ymOgWbnI.jpg,385,952,470,555,668.5,512.5,567,85
CaGkQP98K1ctLHRR7dIH89TCmtsNUUFk.jpg,428,740,444,503,584.0,473.5,312,59
caiOU_=TtW9PaE6VKx5UaFgzZpsox9.jpg,441,947,489,565,694.0,527.0,506,76
cb95l6GXs_YoIYf86hUaRk2eUfoKD.jpg,465,906,477,556,685.5,516.5,441,79
cbbz5fGLli4uRVB=cDlk9MQxgCekt.jpg,333,916,477,564,624.5,520.5,583,87
CbMH3Z3=RqrPagGfL7l74jVi5yJ_Nr.jpg,425,850,457,525,637.5,491.0,425,68
CbNYvJMWVBx8wtvKKSyRjgNyU7MZ7Nk.jpg,401,870,446,515,635.5,480.5,469,69
cc7VPyUMLpw1bKEXd9cZ16QF82w2aI=.jpg,376,935,513,592,655.5,552.5,559,79
cc9bKKPcUkWQRSax3uMCgfESd12Ol.jpg,310,775,447,516,542.5,481.5,465,69
cceQeqtQxnw2KE=Vrcji16ThO6V1zYI.jpg,482,871,510,582,676.5,546.0,389,72
CCGx9JtIT3O1_EiZ7wTV_PgI8iQNsaE.jpg,464,914,437,509,689.0,473.0,450,72
ccIFPNxKMeLCDzG898gZNhQM2XspnR.jpg,392,952,511,593,672.0,552.0,560,82
CCSk8QbXoWP9UvxkI4x7NXJ34c2_5SfE.jpg,438,880,435,501,659.0,468.0,442,66
CdfKJ7hHraybb7mT_8k_bme34yllxdH.jpg,414,876,436,509,645.0,472.5,462,73
CdGvC5Wm64KrNmtcsqocwGu9Sz4OGUL.jpg,315,905,474,559,610.0,516.5,590,85
cDHJm4HCEJPUF_IxZlagkUa9L3EsLWH3.jpg,337,847,435,513,592.0,474.0,510,78
CDKb7iKFgjwzIg1PYrTo==UgYgoxgNLh.jpg,513,836,467,531,674.5,499.0,323,64
cdKEgxgYyyj7LyXP2C7CjfSyvRbNzHj.jpg,379,939,470,560,659.0,515.0,560,90
Cdpm4QP33MCyaTZJhmxHc8TUUHlZLsNF.jpg,278,1050,537,648,664.0,592.5,772,111
cdTtjSk4KhZB9d4QHpcDuFrZl4eXz1.jpg,226,780,465,546,503.0,505.5,554,81
cDWZlaS3nrFYYBk6SdG9KaQLRB9TKwN.jpg,501,928,454,520,714.5,487.0,427,66
cdYYzIeaCsMxs1btooCSc=Ir3uoixMK.jpg,330,772,426,497,551.0,461.5,442,71
ce81ahvTzuXN3eyeY9rMIeJkF9tbixS.jpg,364,835,446,522,599.5,484.0,471,76
CEDBWr6GKm2prsSPpI7qHw2oX5gYeS.jpg,232,1031,548,673,631.5,610.5,799,125
CElk_FnwKDLxK_QhaUD86VrwYNnWxkMt.jpg,419,863,424,497,641.0,460.5,444,73
Ceti9KIFS8GNZezIx2TT14ZdqfOsZHKm.jpg,255,783,443,522,519.0,482.5,528,79
cEuwwoMrdn1f542Hb2ZIJptrEUjliO.jpg,386,820,433,500,603.0,466.5,434,67
cEXnaTmwCBXVInSzXrHjHlLMw2ftuD.jpg,446,900,466,535,673.0,500.5,454,69
CeYUhci163kHwpPRBmCQo9dMu71fdf.jpg,377,654,431,484,515.5,457.5,277,53
CF2yugIcp9rbrPI1ZBBv4NX8ejzHofG.jpg,432,884,465,537,658.0,501.0,452,72
Cf3ozf3xwPhls76bGzb44pC=e8Y42.jpg,413,844,419,481,628.5,450.0,431,62
cfkjRxgbwBbSOS8g_pPLxEt6XEdHrYQ.jpg,449,904,460,534,676.5,497.0,455,74
CFktX5D8HjBH2fOEKK79H8esEtUhyf.jpg,462,755,454,512,608.5,483.0,293,58
cFkZrNZn8RrapYFOJkI3_Ub6e_duMsyF.jpg,404,745,480,545,574.5,512.5,341,65
CFNziWbBb82dv8it7TZDjuW2aLQr_Wqj.jpg,318,894,477,558,606.0,517.5,576,81
CFPqbcoYL7KLjQ3_9b9z5LSpWXQDmz3k.jpg,384,933,501,585,658.5,543.0,549,84
cg9OM_s4=EZ_jUNg2sezEmz6yBnUOeK.jpg,477,1014,451,541,745.5,496.0,537,90
CgfN=B4t9roRx2zNhmZ56MlSkTj2d3.jpg,479,942,443,519,710.5,481.0,463,76
CgG9ENYorrBWCHYCkisTDrLnMXTFNvL.jpg,415,833,421,499,624.0,460.0,418,78
CgkEKwwoKJFiqqU3U_w5THoE9UTJrOjb.jpg,284,644,455,524,464.0,489.5,360,69
cGlnxhfDVLx663t8nD2helrcKiCHvnX.jpg,411,938,501,580,674.5,540.5,527,79
CGMYhDJVtJoJVEXryP__8GfctGFwSSt.jpg,300,886,474,559,593.0,516.5,586,85
CgObkfdYICsvb1Hx9BKpvYpoDW5bG.jpg,384,828,465,533,606.0,499.0,444,68
cGonLcZPdD1eputV8K7G9aUxIi7XGPZP.jpg,430,841,447,509,635.5,478.0,411,62
CGOSyfmGzvmdHuLdfcXwUyD1W2pQmUP.jpg,296,1101,600,727,698.5,663.5,805,127
CgPeXTcUeZJZjpJDQOqnRx678LmqE8N.jpg,285,897,489,576,591.0,532.5,612,87
cgS3u_OT3V9ya8d6m2_9Z1xPter9U_aE.jpg,356,963,485,597,659.5,541.0,607,112
cGSBsP1MSh9SCLHkwebJPN53geTBDdSy.jpg,328,892,451,536,610.0,493.5,564,85
cGSlGpDTNF=mkvr7R4yFZQDzT6oQ=7Vn.jpg,466,883,456,521,674.5,488.5,417,65
cGSPn323eZyvq1HOqTRY3vsOJx4Dc9=.jpg,242,833,486,569,537.5,527.5,591,83
cgUpvfJbSaMQo_aGpJVzqxEdS8TfzD=.jpg,379,862,486,560,620.5,523.0,483,74
cGzo3R62MVMiW7eOX=e26eyIetggEb9X.jpg,408,822,422,491,615.0,456.5,414,69
ch3QSpqBGyTPjPglxnbVPqMGjpIm8vxj.jpg,487,822,474,537,654.5,505.5,335,63
CHFY9lnn1mSqWcdgss9H4QmfM4u.jpg,409,900,480,552,654.5,516.0,491,72
cHHdxCrM_m46Lj8o9umXuwHRWizhypE.jpg,451,712,434,486,581.5,460.0,261,52
ChMNUU_jkj3p5NCJCrXendxiHPNrBwx.jpg,420,836,415,499,628.0,457.0,416,84
cHPV1MPvkPLcjRyz3DndYCKKvbdhrEW.jpg,503,831,479,540,667.0,509.5,328,61
CHsiC=1IvpxDk=KTtR_MDM9CUGJlhX.jpg,437,775,482,543,606.0,512.5,338,61
cHwdsnlcREBmfhjQLIylIXDVORhO1Gn.jpg,422,826,417,487,624.0,452.0,404,70
CI16K158pyzBYk==OWD6U3vteBB2L.jpg,367,812,458,529,589.5,493.5,445,71
cic7NldhhchfqKV8h5kqSDi=Pk=U4deJ.jpg,460,739,438,494,599.5,466.0,279,56
cinKdo74XMu1FljU3u=lL7Fe3YRTSdoL.jpg,441,917,438,516,679.0,477.0,476,78
cINZqsdj4UWFH5Z1cPg5cS6LzxWei3u.jpg,275,783,459,532,529.0,495.5,508,73
cirOrJgLGHbNj9gHlzmTK=VHif7=keU.jpg,371,909,458,539,640.0,498.5,538,81
CiV9NHR3qgehts_hWM1jsr5E577WcWt5.jpg,289,723,439,505,506.0,472.0,434,66
CiVYGWYmYJ1dWx2=VsrEr17HGuScfYu.jpg,343,1081,579,691,712.0,635.0,738,112
CJ8QH433hwjcxgTkvNqGElIeGU2Q_Nju.jpg,367,669,434,491,518.0,462.5,302,57
CJgfdixDwGxfDsM8peWCYyaXTj4PPtXp.jpg,413,828,415,480,620.5,447.5,415,65
cjp8gLdjbdIGere8r15SOZIsML1iO85P.jpg,413,934,491,570,673.5,530.5,521,79
cJqHKJldDLEz_eMeIZ7EnKxLqoO==a.jpg,479,974,485,565,726.5,525.0,495,80
cJrkIdSXgPaQD1_vQTN8RuWHJ=YuvLFa.jpg,372,810,458,528,591.0,493.0,438,70
CJrxbx_dVaFRv94MRXt=a=SKU9MQMEzh.jpg,412,778,490,556,595.0,523.0,366,66
cK6naVC1pdOmd8Tv=UBpVjiPGoTLj3e.jpg,371,802,418,481,586.5,449.5,431,63
CK8XbXvPhVUYpOo27Mu9Y=h8i2xEUTL.jpg,451,928,474,546,689.5,510.0,477,72
cK8ymhBZSN9b3brdXttxWTvaToJzIhx2.jpg,315,893,472,558,604.0,515.0,578,86
ckaXyFdhquU7XnMOHUFrN9RkRCRcRo.jpg,340,663,447,506,501.5,476.5,323,59
Ckd3EN9Z_PX2KpWNE8h8RqPoXSzkauea.jpg,371,820,432,503,595.5,467.5,449,71
ckJBMsiOgudwu3=hqvhKIaBUXSQZrsb.jpg,395,673,426,479,534.0,452.5,278,53
ckPHppaG_YTUOKhCDu2HuGIpIdJjYvv8.jpg,392,800,416,492,596.0,454.0,408,76
cKTppCbLRvn5KNUD=5yIfeoT8ynJ2hL7.jpg,450,760,432,490,605.0,461.0,310,58
CkXy9Ydmup7mzXiCjFHvbOv7V8RY.jpg,393,1079,483,640,736.0,561.5,686,157
cKYkxloKnx=UC3gx2oo9MQyPbDdzIOL.jpg,373,831,433,504,602.0,468.5,458,71
CKYtw46uB2RU76r3=HlDXhEr62Jkay.jpg,380,989,517,612,684.5,564.5,609,95
Cm2t2uRf2YZ8y8aCrxo2yWWzJd1ndv9H.jpg,490,877,438,501,683.5,469.5,387,63
CMKi1eCxT1kC6GZh8tyYeLXSa4ORvo.jpg,439,876,422,489,657.5,455.5,437,67
cMlsXOZJ8m4aBNyrdP4s5TZn_ftSarX.jpg,369,834,460,529,601.5,494.5,465,69
CmQVmMTqaElCEahwtkq=afXgWedEQL.jpg,455,858,447,508,656.5,477.5,403,61
CmRYwkOKyh69YEdQ6=DXYYbbMaIOlz.jpg,360,929,506,590,644.5,548.0,569,84
cMYM9zdbCclb8NBL6FHt=UIV2V18mLIa.jpg,414,801,412,485,607.5,448.5,387,73
cmy_2JNKTs29CUqb_r6piWkz75aq9hT.jpg,371,887,496,571,629.0,533.5,516,75
cnL8=hJa826PfBBXj6LoGPMF=4WXEWJa.jpg,431,865,414,497,648.0,455.5,434,83
cnsR9opHgbfIjLsHnryG=cneazHrGC.jpg,309,808,482,556,558.5,519.0,499,74
CNUylWtf2xoVjeQ5_GkWQ4Dzs4DHcGMN.jpg,342,849,438,519,595.5,478.5,507,81
cNzEj_woVN69m9OGc7PylRbZPH94hTc.jpg,363,809,424,496,586.0,460.0,446,72
Cof8w_ScgPHm9XlkhRp6msTlQyQIDS4.jpg,388,897,487,558,642.5,522.5,509,71
CoGWdnDRBu2uGzMsTpFzxOUUDDbk43.jpg,423,833,413,492,628.0,452.5,410,79
coLd_sH1=WJCxmSs9cp8f64TQ_lRJWb.jpg,380,824,423,493,602.0,458.0,444,70
cOqnSQtLoJWqhG_2hYKGrrsyZkOkSr.jpg,437,742,447,502,589.5,474.5,305,55
CP3HYSf2Gc3igVyfl9WoYktpjhRf22M.jpg,347,934,515,600,640.5,557.5,587,85
cp=YDTbi37ND2qNo2HJe1qoQCILT1ko.jpg,403,972,518,601,687.5,559.5,569,83
cpMln7EaDvabP5cJB7DUCJ8wuec3fxh.jpg,385,672,418,473,528.5,445.5,287,55
CprBPVYaUPJQjxEgiEU2YDIWODem6CTz.jpg,353,930,514,599,641.5,556.5,577,85
cpToTzobXSFigT_UiQvwmSHn=wqHlww.jpg,397,844,432,502,620.5,467.0,447,70
CPu6uJOwrQwh3V_SLRJ=txbaGDKDgo.jpg,299,875,473,564,587.0,518.5,576,91
CQBEiccTIK38ii4FwDRJecvnv2FdV4Fn.jpg,341,757,426,494,549.0,460.0,416,68
CqJfwWBoPuNZuets8xPYrhOb765QCW.jpg,318,896,473,559,607.0,516.0,578,86
CQl1Wf1V6abF8JNEW3PHKEr6Q3upd1iv.jpg,491,807,472,531,649.0,501.5,316,59
cqPznq2MGceQvVqM=ibH=ptjgN4k2rRu.jpg,242,694,467,542,468.0,504.5,452,75
cqUudmZy3iBZyxRNzcJgyRmrS7Ddf=E.jpg,443,862,426,489,652.5,457.5,419,63
Cqz6sWqn6SJW1Dc5s8m4fBUbSnv4Eu9e.jpg,431,787,494,558,609.0,526.0,356,64
cR=fdk=cHkncBioTu8uOXjirVSs2p.jpg,438,908,559,645,673.0,602.0,470,86
crqFgWLpMbMKWgTCyJ9BXjB3KFFlNn.jpg,351,770,464,541,560.5,502.5,419,77
crsDzlIb_UkkK4mZyzj5xINY5IBOqaHs.jpg,310,783,439,523,546.5,481.0,473,84
CrXsLuyGSzQc1pza1xWqihK6NPnHZ.jpg,423,882,474,545,652.5,509.5,459,71
CS685rtR35pMSG1X2GqU6Wm7kfu6XmL.jpg,373,677,429,486,525.0,457.5,304,57
csceDke5o3CpastIeJkkpw_6y9Tt9Du.jpg,477,815,478,540,646.0,509.0,338,62
csHyFl_ugqT1lJ451SfhgtU7d8wgOCxU.jpg,424,995,518,602,709.5,560.0,571,84
CSI5jUc8YH2dHYDYlYo96CLhTwuYk.jpg,326,913,470,561,619.5,515.5,587,91
CSKEtPJXlndmesgunetYSJ7wdybqT7l.jpg,482,780,455,516,631.0,485.5,298,61
CSxL47onNLbENhTw25bcFq5jC4mZ2b.jpg,313,836,501,575,574.5,538.0,523,74
ct8ZZQGmIUbGiUKj_NMWh_9iSyhWfvNT.jpg,463,918,429,500,690.5,464.5,455,71
ctEFf8Z1nk5wbDoUZ6jm96_c_IBepNiW.jpg,258,778,467,547,518.0,507.0,520,80
ctlUIJUDM3ieFtaJ3_6Q5eM4m2yLKku.jpg,402,851,418,503,626.5,460.5,449,85
Cu35s7TXuQM99CyQH3TVwdhWiSmjc.jpg,329,800,448,514,564.5,481.0,471,66
CU9qcRXfx2Wim2kxf88bQ9pxtbRSh6.jpg,269,938,544,642,603.5,593.0,669,98
CuFMtGuaPXMMNRKFciVJSn8=7aBLqu.jpg,426,707,424,479,566.5,451.5,281,55
cuJH6KBPTcjhyKmueHVUd2aXBsYn5mj.jpg,152,975,554,679,563.5,616.5,823,125
CuqYqV8BFFVPQLxf248P1fTxXKagLKV.jpg,350,913,510,591,631.5,550.5,563,81
CUVdaGk6ribUUrojbvflnmz28T2VRF.jpg,380,820,424,489,600.0,456.5,440,65
CuyBzK4InctFElwnBdcO5dMlOWmRmz4b.jpg,440,750,453,512,595.0,482.5,310,59
cUytkiZ45CWHZx31mCTx7hxJavlejygj.jpg,347,692,470,530,519.5,500.0,345,60
Cv6HbVil5Dn=cQgxzSXBGuOB9l7t_jQ1.jpg,272,748,452,521,510.0,486.5,476,69
cVa3n3UPwIIfRv82Yx4iuq9zvp7v8Eq.jpg,444,784,457,518,614.0,487.5,340,61
cV_9ff_JUPG7hOiHP9_em39Sj1WM2DC.jpg,400,737,460,522,568.5,491.0,337,62
cWGBy4QmfMNxm549FDpBjpR1Rp1Qa_Sf.jpg,412,846,421,489,629.0,455.0,434,68
CwtTcmbUxn=NxvJk_PtCmsDIPLMK4QR.jpg,387,881,487,560,634.0,523.5,494,73
CWurxma1j51z3_xGFjqHwZGbqovu9q8d.jpg,313,757,416,510,535.0,463.0,444,94
cwzNKXlZ4Qtp_zZkRJzo_SuecFKnfpqn.jpg,403,815,420,488,609.0,454.0,412,68
Cx25hMPIUZioOihcICXqghJK1LbGD88.jpg,386,840,429,501,613.0,465.0,454,72
CX2cPaW3s4k42RPZ1=_DePSumuVb7jO.jpg,362,826,427,495,594.0,461.0,464,68
cx8cxU65KlYvGX9uqcEbXBILUPawmU.jpg,475,769,460,515,622.0,487.5,294,55
cXCSMLZ7NRD8ImCHcXSxNqsr1vjdLPa2.jpg,342,642,432,488,492.0,460.0,300,56
cxev28aPWDGSzqunZguRke2vxOadtc.jpg,342,849,435,510,595.5,472.5,507,75
CXgnyh7ol34MERz5_Zg_2SGcejMyWJE.jpg,256,775,448,528,515.5,488.0,519,80
cXhyTeGr2cSo2fw6SZsJCaK6jQrX9eq.jpg,276,779,456,529,527.5,492.5,503,73
cxjxejMlCU8i4xsLfFul6fYRL=ap9PO.jpg,259,784,459,537,521.5,498.0,525,78
cXpF41qKrwh_38QY2mdNDjUUEv7NxueK.jpg,429,1014,519,605,721.5,562.0,585,86
CxRGETVWI4KgOuKBj4uElNEtSEQ4LX.jpg,370,829,433,510,599.5,471.5,459,77
CXvW=nkLYLgDaPRoTdn5ZaBbUY8sMLGs.jpg,449,941,443,522,695.0,482.5,492,79
CYCBqCmbdR1myCqmwzTbMyfRqxxg2Yw.jpg,277,767,436,509,522.0,472.5,490,73
cYDh8eX6pBxXaTHFlCbvuQW=lQiorMGC.jpg,417,854,430,500,635.5,465.0,437,70
CyhvozXWi4JNm4j1l3LI222Mo8veBqN.jpg,313,778,438,509,545.5,473.5,465,71
CYMsIgcFuuvzfrOg5lGhD4U_DT4KbeF.jpg,362,862,479,554,612.0,516.5,500,75
CYnrsNI_=MVTo8ZUJNRL_mGFOZ2E5XH4.jpg,361,926,514,597,643.5,555.5,565,83
cYScB1tErnBUVTvjMUauo18wuoNSP.jpg,359,707,464,528,533.0,496.0,348,64
cYWuRrsVL5UjFSL3BmndcOz5pJdm.jpg,481,855,478,544,668.0,511.0,374,66
cZ3xE9FDwxqMJwR7H6Uopn3kOiQz13jc.jpg,334,670,476,540,502.0,508.0,336,64
CZHuolJrOeWkDzxDHIKa3_7zxivKGF7g.jpg,349,881,503,580,615.0,541.5,532,77
CzIheoptPO46SHHjcfSLhRPo=MtLG.jpg,292,761,432,510,526.5,471.0,469,78
cZlQBuRa1EfrYpIpt3DMi_5XSBOGrdt.jpg,313,803,444,519,558.0,481.5,490,75
CzMcnNWPZCU5JMHBwDuQjyUDHitBwHX.jpg,493,780,447,503,636.5,475.0,287,56
cZoimF6liWhhpJxEUDfyqa4vneaIJvs.jpg,342,853,451,530,597.5,490.5,511,79
CZv7o54PcPZO4ZSNT2Ve8U4dU8keT.jpg,344,928,474,567,636.0,520.5,584,93
CZyaEFkdWnNpnXo1QTMJdvf9l6V19jWQ.jpg,315,724,449,512,519.5,480.5,409,63
C_4N6xCPTzWEqg4XcKEPdUQLZ5JUJF.jpg,345,875,485,568,610.0,526.5,530,83
C_lSvWYI1OoDC6tS_Yg3i48bnVZ95gM.jpg,303,860,451,533,581.5,492.0,557,82
c_W5CUud4mPmhRRg1=KudvCIa5=t8DEV.jpg,370,695,446,507,532.5,476.5,325,61
d144XZciHz2ZyDm1JuaajLhayVqJy5Y.jpg,282,871,490,574,576.5,532.0,589,84
d1R_dukiU8B1uwiYkFkh7V5_Z4nva3kv.jpg,266,793,460,535,529.5,497.5,527,75
D2bCYKaw5HZYRhWU6Pya7aW7XR28oYO.jpg,274,792,493,570,533.0,531.5,518,77
d2OgMnPzW9cozQ7ZuQZaHWYWhjSeqD7S.jpg,261,650,429,498,455.5,463.5,389,69
d2PHxHoduLRJhfl7cbMLIQPRZCBC6ouS.jpg,409,750,453,515,579.5,484.0,341,62
D3LLdR5Pl9CmL1KCNam8PKNpGWa3j.jpg,374,655,429,484,514.5,456.5,281,55
d3q9VTi7WNEc5cFzdLG1wZ2rkYaXunPp.jpg,461,788,482,544,624.5,513.0,327,62
D3VcjfUNRi6Wv_=9uo6jUumv1YbVicuY.jpg,319,744,424,491,531.5,457.5,425,67
d4ERfKSkYyYehhNjcCDCB2Gm1lYtm7gD.jpg,360,815,437,506,587.5,471.5,455,69
D4KjI=9qivZqRdYcbcMuf1nZTWVief49.jpg,415,772,464,526,593.5,495.0,357,62
D5cz87xziNZQGgyN8Bp4EvbhI1KyXM.jpg,438,983,464,548,710.5,506.0,545,84
D5vEtEHsqjXH9QtDDhOmLCQ8cD1EqBd_.jpg,395,820,459,528,607.5,493.5,425,69
d6cE5nR32J5=zHFb_lugciPxKt28p.jpg,450,859,522,598,654.5,560.0,409,76
D6tOduSy4MIaQBvZJ2JsgDEF4mupxuw.jpg,428,903,472,547,665.5,509.5,475,75
D7pz5Ws5cWa3tlz1bgWntvTzYS58vawj.jpg,294,811,435,514,552.5,474.5,517,79
D7vTdDKgpumspl7lOXstWOizVrLiwKOi.jpg,319,645,449,511,482.0,480.0,326,62
d7YPtjR9LJyhHkR73VLy_4DC8pwv2w9.jpg,418,815,462,538,616.5,500.0,397,76
d89IOaktwnIrEUumGBcYGDLNYmjnJkN.jpg,410,756,483,546,583.0,514.5,346,63
d8ENcbFv3EYMoHfCUT4Yux5tzHBY4.jpg,414,901,447,524,657.5,485.5,487,77
D8Fg=aa1ZoOE3y7RyVNX6XZ8tGr19ps.jpg,349,655,437,495,502.0,466.0,306,58
d8mbLTKiK1rtyIO3rpbn2WTQpQ9neK_.jpg,373,729,488,553,551.0,520.5,356,65
D8TDxJT36Q2fKyyM68C3izItzFPYLm4.jpg,347,864,460,542,605.5,501.0,517,82
d8z9iLD=P1R44Ii4LWxRfRQlEVjidsP1.jpg,289,794,488,564,541.5,526.0,505,76
d94syfo8mDDmF1_RhBVmE7Y8T4DjtzO.jpg,224,771,543,640,497.5,591.5,547,97
D9MfCbfTcIkIoJH_JoV8Ipo6WX39VGy.jpg,354,871,455,534,612.5,494.5,517,79
d9nUDVEcuvvQSPBFI1FnZfUz_PGvEjv.jpg,413,830,445,510,621.5,477.5,417,65
d9TKtP=7epZg68def1QROROJQKJeC1wd.jpg,452,729,425,479,590.5,452.0,277,54
d9zkr8bOvqifMCoEUSp73KdStxCPid.jpg,406,831,419,481,618.5,450.0,425,62
d=4LgDmPy1gzzMlc7gMzjDCrbSxi1eu7.jpg,373,913,503,581,643.0,542.0,540,78
D=oIOZ52SOd7gbiX1S6aVtMtGBqOzwR.jpg,419,798,472,540,608.5,506.0,379,68
D=qKxpVpxLRToqRekcPFt9HPI4wLYzN.jpg,356,870,451,526,613.0,488.5,514,75
D=rFfsVasZQOV46R5qugcllMY7K6Gdk.jpg,404,714,441,500,559.0,470.5,310,59
daecaqY3KLuteNRYG_SiVH47jgwL7wE.jpg,358,873,498,573,615.5,535.5,515,75
DarhTz9ndgFQsTdkb7IVzJxyfoZ787_.jpg,316,656,456,517,486.0,486.5,340,61
Db7rYixHZvmsVEdqdvkZqR3CXeQcMNJL.jpg,385,899,490,569,642.0,529.5,514,79
DBBO_smirQPYK7qXpkjwCwhNKmkk1pi.jpg,289,855,472,553,572.0,512.5,566,81
DbEDK9_idgdJc4CxfnpZ7m=Sxv5yeuI.jpg,393,808,423,494,600.5,458.5,415,71
dbfgJLcChzCwux=iWQm_mPLhRjRFI_.jpg,388,947,508,591,667.5,549.5,559,83
dBmit1452gxBVwEIkHh8rGQZga3JLo.jpg,454,958,482,563,706.0,522.5,504,81
dboW5MCRPUSKSP8ON5aDEfjDFZQJ3DU.jpg,357,833,426,500,595.0,463.0,476,74
DbOZWEaub_XsN1iTaS8pDpjSFqmXWbB.jpg,289,777,454,525,533.0,489.5,488,71
dBYL3W5w=fNKhTBLxFgEldep_7i4daq6.jpg,362,927,507,590,644.5,548.5,565,83
DBZtTuwYeHNnuXl64RxsMOUoMOXl5Fz.jpg,398,736,446,511,567.0,478.5,338,65
DC1g4DuWKSdFMt2Mqr_jp=d_X=hGfjLh.jpg,292,784,441,518,538.0,479.5,492,77
Dc6lLNvpiZxT1Npj=LEqi6yPBksNNp.jpg,368,678,446,503,523.0,474.5,310,57
DCDJeLhBxJrR725V8W6iprbYUI_nyz9.jpg,256,798,492,580,527.0,536.0,542,88
dCFOWc9MiKrX6PZYqm7bDi_OD=QaKf4n.jpg,401,878,464,536,639.5,500.0,477,72
DCHtjIJHwoFmurLZQeCVmuTYyfjtjNc.jpg,388,893,467,542,640.5,504.5,505,75
DCKIwEhMuEx1FODSF33BhTpkCdYYfmCB.jpg,424,854,428,494,639.0,461.0,430,66
dCksUM5Mf9M8_77N_XrMKSo2OaUVCVw_.jpg,427,888,438,505,657.5,471.5,461,67
dClclGEjvbjv32DeNYXNVJwLCkUjFtx.jpg,321,746,444,507,533.5,475.5,425,63
dcLVjxMyyCuzou6J_N9jraODV2uQTb4Z.jpg,373,664,440,495,518.5,467.5,291,55
Dcn9tEHCIZGUUVMKHpyynFqZ2vVvfHK.jpg,388,676,442,497,532.0,469.5,288,55
DcO=U4tzEbGg8f9tFp6mk8rTXTzx=oC.jpg,442,892,428,502,667.0,465.0,450,74
Dd1SRmQ1lYoCnl2FvBIZ=7pHwCsHU.jpg,286,760,438,515,523.0,476.5,474,77
Dd2aq49h_qklhsDHr4usilFzjwgdDWz6.jpg,378,788,442,507,583.0,474.5,410,65
ddBQqEyCs3xS1SafSHGG3B3YMwp8GP.jpg,254,795,461,540,524.5,500.5,541,79
dDcOvOJWGMkkOEXaeTgTyMlK2PCdov.jpg,427,860,423,497,643.5,460.0,433,74
dDIoP8n4LxbJt3arKPd=_l11h_DiSQI.jpg,238,797,474,550,517.5,512.0,559,76
DdjkbDD2IYKNyWVkYTMZJq=pSHNII48.jpg,448,1014,505,591,731.0,548.0,566,86
DDp71c6deQvqhneckZ9oUjnGMvOl_.jpg,487,756,414,467,621.5,440.5,269,53
dDrBI6L8rTbfowVfm_yohX86cRzDjdr.jpg,398,943,502,586,670.5,544.0,545,84
DE8Lpspz9haEMKg48=ptcUGkzlLspUH.jpg,421,915,450,526,668.0,488.0,494,76
De9xSjM_r2TO8wOK=4sLqkFfoWlf6ZY.jpg,341,863,458,536,602.0,497.0,522,78
DecjNFaRIUlzvhwqax=kRsUivgjLqeDO.jpg,332,713,478,544,522.5,511.0,381,66
dEdeb8GgOqLK3W=ah_ZFkEJ8kWw4RUBQ.jpg,420,892,482,554,656.0,518.0,472,72
DEfh4l4SZgzNWVZlg_kk7rqPKj8rh1U.jpg,310,788,441,516,549.0,478.5,478,75
DEmUfbzU2Lj5ivV2YEKnL98uE_d3zWY.jpg,317,753,453,518,535.0,485.5,436,65
deN6VZmDQ_faJH1dTel25u5_4oRIQSHB.jpg,265,780,482,565,522.5,523.5,515,83
DesVw_1DGQWILzTjzVIz6=sdUjbRJLB.jpg,374,666,429,486,520.0,457.5,292,57
DetX6BZpptu_5JkqYsJcPj_R12be1Ig2.jpg,398,754,486,550,576.0,518.0,356,64
DeUORHNLhPEzpV8ZTMeWuv=KqhPI64O.jpg,330,798,447,515,564.0,481.0,468,68
Df8ps71jyuKJeifliL3SCZBtWunJHs3k.jpg,489,757,411,465,623.0,438.0,268,54
dFB1auzY941YoRFux2YNg1w_oIER==d.jpg,445,788,481,544,616.5,512.5,343,63
dFJ4boPMK8X53jgJuzT6MJskq4xLzDs.jpg,345,931,434,524,638.0,479.0,586,90
dfjvFHp=XxSgtEdi7rhES1GJ1XKvupjz.jpg,435,932,488,562,683.5,525.0,497,74
dfOQZETI4NC9QrdL2KgZctXn46bqjpz.jpg,376,818,417,504,597.0,460.5,442,87
dFyz=QcP69eXzMdsWRmct54xEdsPv1Hm.jpg,407,740,443,506,573.5,474.5,333,63
dGJr9a3kl396Cp5IfCkecYvmzIFwkxpK.jpg,409,827,458,525,618.0,491.5,418,67
dhKOydr7qOnjY2UhOzznF_KmMDNVxoQ.jpg,448,725,423,479,586.5,451.0,277,56
dHPO3_sndPI2T2v7CuQbrm=KRyzOiyH.jpg,431,731,455,514,581.0,484.5,300,59
dHrN_m1kTue_8dL9MPqk=3Q6VZGBYRlE.jpg,354,768,445,510,561.0,477.5,414,65
DhsZQxgw_Fuhm8iGDCSQgvDB_hik.jpg,318,802,475,549,560.0,512.0,484,74
DHtr2p3rySLyuFy2okBMjGBWlsYjFZv.jpg,338,754,423,487,546.0,455.0,416,64
DHVhRMJyz2ePVfpVtS7X3ShGtjfiuZM.jpg,299,943,522,609,621.0,565.5,644,87
DIEyEfYavoCBSO8iWnOlUtf2Rl3e337s.jpg,460,793,438,504,626.5,471.0,333,66
dIIy5K9Espjls=K9e5dhV4GmtVoZMM6.jpg,390,842,429,500,616.0,464.5,452,71
dIIzptiTYpTlloGdsqKekHMdsZToxtD.jpg,396,925,498,575,660.5,536.5,529,77
diJhUNhoxoJyrSZh246DaSTPJ8I4oul.jpg,489,780,424,480,634.5,452.0,291,56
dJ7OsFyM2VbZMHKT8sVKRBHJMJtdXLf.jpg,338,676,485,549,507.0,517.0,338,64
dJgfIsfrz1_B35=e6N9wi33BZaUIoRl.jpg,324,765,425,493,544.5,459.0,441,68
dJMVgZ8E7MK3x2o9RXw2oa5r96YtKF3.jpg,428,964,505,583,696.0,544.0,536,78
DJqyQWny5aKHm73E4RkrZiHoczuqtJy.jpg,321,815,453,527,568.0,490.0,494,74
Dju7B7gN=nlkYSer4NPdW2Y4DUGcB73.jpg,426,867,423,515,646.5,469.0,441,92
dk67fPH3OGu7x1_ToheGveLw_IZOg1S.jpg,399,869,438,526,634.0,482.0,470,88
DkQi6Kt9yEkNElmvCJreZgb_Fg98cM.jpg,459,798,486,548,628.5,517.0,339,62
Dkzqe=1nX_xEgjUXf2qYPaN879cTLkg4.jpg,402,718,470,527,560.0,498.5,316,57
Dl8GKOs8k5Ye5xrJuXe_XppffPbkH15c.jpg,400,810,421,489,605.0,455.0,410,68
dL=IWvn8Zy1195W1JlziSHCIZdfv85Q7.jpg,363,723,445,514,543.0,479.5,360,69
dLH8RBSMSKhSTczIh=eQGD89_NmuTkVx.jpg,323,895,472,567,609.0,519.5,572,95
dLkbeZzSkEE5idOmUUn=RauDaVvVdN.jpg,292,761,429,500,526.5,464.5,469,71
dm4Ky=9ULMr4aqa5BtlCTUCpF8q6LlF.jpg,432,896,429,500,664.0,464.5,464,71
dmBp6KDgEnYJ3GZbaM=tzZaXu8tspEr.jpg,398,1038,543,637,718.0,590.0,640,94
dmD82LfVr7oNnt8wXxV=LgvJo776PH7x.jpg,413,900,451,527,656.5,489.0,487,76
dmhy42oQEPmnSoJPdggqpc6CzmRc.jpg,443,754,458,518,598.5,488.0,311,60
DmKJprQZHdzt9koXXxy=DPwy_fZhxav.jpg,458,830,509,578,644.0,543.5,372,69
DMrO4eNlxcgIkhQ6ztLxtrN614J7zbk.jpg,316,1022,521,626,669.0,573.5,706,105
dmWGXdmyQfbfHqNZJS5or8nHvhBBIU.jpg,428,953,503,579,690.5,541.0,525,76
DMw_cEXzF_d1kIOyTHbrkG_xHC_fhOcg.jpg,404,917,450,539,660.5,494.5,513,89
dMyt42xvNW4gOR2lxh3ul1C=386iDqsk.jpg,394,954,512,597,674.0,554.5,560,85
dN6TOC7tkdnwE6TIm==BPWQl=pDItTU.jpg,481,898,451,519,689.5,485.0,417,68
Dn8Sd_igLe8NVGqnoDPNu97eSTs8am7.jpg,422,879,468,538,650.5,503.0,457,70
DnBSxVjumFH1ilVeegd8FL8=YGawI.jpg,206,729,493,570,467.5,531.5,523,77
DNcgyfd6GgJswnrSSXogIa3rSPx8lo.jpg,370,922,504,594,646.0,549.0,552,90
dNkLVDu5B8jtngvVHWRhO2spBPTvgGU9.jpg,371,827,420,505,599.0,462.5,456,85
DnlkTxhW8FGWsi=oxfQzaJ3n5JFQX4gH.jpg,321,824,436,535,572.5,485.5,503,99
dnlu7UxHuv4Q2UcEfpupHaR4=vv5vERm.jpg,412,888,476,551,650.0,513.5,476,75
DnMRVlqPxLucfWCMibH1KYfdsXDYVObc.jpg,407,813,419,484,610.0,451.5,406,65
DnnWNcvbdyiOkJv7Qvq=6L9eliFpndTJ.jpg,424,840,419,501,632.0,460.0,416,82
DNPU=hszplH36Dn9Nx=h7i2jLwVrODfK.jpg,412,972,515,597,692.0,556.0,560,82
DnzE9=pgjS7fwoY3tNSXzgFjtYsJv_.jpg,280,795,457,532,537.5,494.5,515,75
DOcq2gxuUm2sT7k7OgjUriLRzsGxPqC.jpg,432,786,488,553,609.0,520.5,354,65
doI8EUKS3zSXLSbJLKFQWELPoiUewhF.jpg,257,797,460,542,527.0,501.0,540,82
DOooUtNF227LbzBcBNnxFSzYoShvu7W.jpg,431,748,442,500,589.5,471.0,317,58
DOOUSH6edJpu=5nNV6uiEpiqqT_rFQPT.jpg,369,910,506,586,639.5,546.0,541,80
doTtMbfSHYhcInp8q8QrW2TBpSlX.jpg,423,907,454,527,665.0,490.5,484,73
dOvDjWcWWibyilyBgrbkoeGm4FqjCmG.jpg,421,872,430,500,646.5,465.0,451,70
dOvlbG6Ega6aMI82SsBG4uaCJMEcFFZ.jpg,313,840,467,546,576.5,506.5,527,79
dP5QynMmJ1JyvTPcVG=kkKwy5OQgYxz.jpg,431,974,497,583,702.5,540.0,543,86
dp6n_JE3O1VxYyiPeGjxwXezG7mVlpnZ.jpg,347,811,427,499,579.0,463.0,464,72
dPbctsNojQabrLJhZiH38albhbadiP.jpg,365,682,448,504,523.5,476.0,317,56
dpni4DeKmfyWxCV4kWxRUOvOia5Cl.jpg,460,878,450,516,669.0,483.0,418,66
DpO4BWnQ6acKTD4rmRmBH3F4jYGKTht.jpg,409,948,501,582,678.5,541.5,539,81
DPpNuYKJy9NGZWCdEQMimujPkPEQuBj.jpg,368,820,499,573,594.0,536.0,452,74
DPYxWocRzVoRY2kdB_zwaxq483=qj.jpg,395,907,456,539,651.0,497.5,512,83
dpZGVLiICDD82_DFwep3dpyBdE9rRPI.jpg,451,793,484,547,622.0,515.5,342,63
dqacLb3MM7FkxYgw_djREsoebi_CdpXZ.jpg,404,818,412,494,611.0,453.0,414,82
DQBBtd56WhNmaXukH9nWC8LQZxp=2iFd.jpg,497,851,489,554,674.0,521.5,354,65
DQhLK62QvWtDjssUkyGNLYOYIgLRncyO.jpg,323,887,515,596,605.0,555.5,564,81
DQjbsGSRJ1WgCD=mpt8lg67zLuhnaY2.jpg,314,901,522,610,607.5,566.0,587,88
DQJI57yoOOHdfFpynBHkL5DBC5GVyl.jpg,546,894,454,521,720.0,487.5,348,67
DqJYFhw2SEyFoRXPze9O3vER8hovu3Z.jpg,438,885,433,506,661.5,469.5,447,73
dQNKDG8m6dkDoR=HigjWcwmI2uF1GIwj.jpg,339,778,458,525,558.5,491.5,439,67
DQSyDL1CwVZiwI2IrFWysfYVSxKxJNGz.jpg,432,789,461,527,610.5,494.0,357,66
dQWzHwNMBuQmrn=NkBlL89922jPhgSx.jpg,318,828,569,660,573.0,614.5,510,91
DQYuZefiOnqXYw6Jaag49OihDx5qqYpN.jpg,369,941,512,596,655.0,554.0,572,84
dR784CDCGgOf2RO6vDewgE5tNrrxyZhM.jpg,371,913,452,535,642.0,493.5,542,83
Drc1zjE69uyo72pHhW_pEub7S18EW_p.jpg,476,792,461,525,634.0,493.0,316,64
dRfKmj9aVzblc4vjBXQpnh4Y1FspdPk4.jpg,467,812,449,514,639.5,481.5,345,65
dRNGOJnO3ql6nBPI35OlS5p8BpnxjFL.jpg,465,949,483,553,707.0,518.0,484,70
DRUOZpHM4XKjqFguwQzpqduF3kmrmF.jpg,400,832,426,497,616.0,461.5,432,71
DrWyUEiWqHSJU4dYLgGyT6UvatME9IS.jpg,353,678,452,513,515.5,482.5,325,61
dS31cyISfNTBGmFjm1uIpulQwsqWVDMN.jpg,485,799,446,504,642.0,475.0,314,58
DS3aEsSxD3bRmz7IJuM=ljJ3r2Db9owb.jpg,511,805,432,491,658.0,461.5,294,59
DsiMpGBGczMfuvFHr=eN42XiSSvKCBO.jpg,450,799,465,531,624.5,498.0,349,66
DsXM9w6z4pKF4JPvL7VOjuwUFny=G5w.jpg,406,840,422,511,623.0,466.5,434,89
DTLIuaap67rYgd4Whw2qoClszvRG9pS.jpg,440,729,432,486,584.5,459.0,289,54
dtmP=JkTz4FLb6Uns7f=RlbMYYgQM2b.jpg,475,845,502,567,660.0,534.5,370,65
dtT1QBL62UiUG13bHQ1FJrlbNy2WWf_l.jpg,390,902,490,568,646.0,529.0,512,78
dUEFyPeRFLvWz8tolDSrOhdREK2ZLWp_.jpg,399,800,418,482,599.5,450.0,401,64
dUEy2l2iQilHHGL_FGpfFsepu1runlRT.jpg,431,912,480,554,671.5,517.0,481,74
Duff7Xt4id5gqG6ycnVsYb7I5CuchPyt.jpg,284,676,503,575,480.0,539.0,392,72
DUq5wt7Dr3zVlWwL1l1gYhQLzWFpZr6D.jpg,447,793,456,519,620.0,487.5,346,63
DUSIHEwqqpdZKSRPjaLwzavcR2buiOJ.jpg,390,940,507,591,665.0,549.0,550,84
DUsm8ruGshHsTTOIImYjHYFewq1uiNa.jpg,345,874,459,541,609.5,500.0,529,82
DUV_GR5IHaGDoQ9I4Ij9NL7CXGWfOCaa.jpg,259,756,479,554,507.5,516.5,497,75
DUW6SYQNsx6RnmMNiDCdrTpy1oyMUN4.jpg,446,722,441,494,584.0,467.5,276,53
dUXslDFcOLv_sorUG5dwx1UzNMrMgU4g.jpg,367,850,444,517,608.5,480.5,483,73
DVajUe_IIa3waFhCXwyYSj1=nXBCjO.jpg,224,803,476,562,513.5,519.0,579,86
dVhHlGG2ufMY3xfeDHN=mkTGrg1C655.jpg,366,824,425,494,595.0,459.5,458,69
DVHpsjVRQCnqYvlNpSCDxURpDNLtoG=F.jpg,420,717,433,488,568.5,460.5,297,55
dViJHW8aW9RL152yK8oSp2NTRCrBvIl.jpg,390,706,458,517,548.0,487.5,316,59
DvkuOoVRO7JayPD7YoOJ_qC98cv1z8E.jpg,412,868,460,537,640.0,498.5,456,77
dVlHRRKEe1=P1zkeqIeQNZjENSpxL4H.jpg,434,864,419,490,649.0,454.5,430,71
dvLPkDv1BdTGPnIk_rNepxLHxVyxBuMr.jpg,354,911,462,547,632.5,504.5,557,85
dw8ylHIPOC29NpP3Fd11wntViw1FBs.jpg,395,926,465,548,660.5,506.5,531,83
DWolqVR84r=litYSNdjrp_HhfTbP=lO.jpg,363,1031,508,625,697.0,566.5,668,117
dx3mafCFw7zzEphp8Hbiqg66Gw1Zl.jpg,295,771,427,528,533.0,477.5,476,101
dx7ycyL1JEOkBQWCpzC48cit2VR6KL9.jpg,305,755,430,502,530.0,466.0,450,72
DX=MOqWq_IRufVEDpBrXZzJaPEv7ROx.jpg,394,698,447,504,546.0,475.5,304,57
dxHp1HUuudUx9Iu4LC3Ca7ogudzM7rt1.jpg,402,839,420,504,620.5,462.0,437,84
dXqv6FmYfhC6a41x_nBxHP9eXczx8Ri.jpg,414,963,471,551,688.5,511.0,549,80
dxr3rxC=7hZsOyL8hii7ouW3ySF42pt.jpg,434,888,429,500,661.0,464.5,454,71
dxR5rP2J2GsUztW2Hpuxxv5vyFjTWrp.jpg,311,683,494,558,497.0,526.0,372,64
dxyHZ4XUBUVuku7nwiLKQDtHftd_.jpg,327,755,430,496,541.0,463.0,428,66
dy1Pn8kOLScunseZ7ir8WwjnOxyl6ECL.jpg,438,848,421,484,643.0,452.5,410,63
Dyh9ki2DMDtIpI_MOpDEFJbiuPD7aJ5.jpg,454,874,455,518,664.0,486.5,420,63
dyhI1PI4rb7yRL9tm9XdOqxPdtLHfdV.jpg,324,832,459,541,578.0,500.0,508,82
dylfDhiTYiS9al1vZpyOl=Isxn8uRJn.jpg,348,827,465,540,587.5,502.5,479,75
dyMFkM1nIocNMbpPCC432rXWir6shrNX.jpg,462,761,446,502,611.5,474.0,299,56
dyQVBa1X1lTdhPCNJbgBB4aaI5dF2J.jpg,291,811,449,541,551.0,495.0,520,92
DYYs2I7Rgv4R4rwsTr9wo7jnoU1ElBTB.jpg,404,949,458,543,676.5,500.5,545,85
DzgtsXZr7wtGIncQho7UbI6F7Ro==lSw.jpg,368,890,449,525,629.0,487.0,522,76
DzHkDgvfOljmfKnGauGcruVvMTzwNlC.jpg,320,767,427,496,543.5,461.5,447,69
dZLZuvWhE8SBybG42VkMRPd6yx2adc.jpg,377,687,451,508,532.0,479.5,310,57
dzMiIXYqNSKqLkilcwleeOXMvzIdwwSG.jpg,390,964,525,607,677.0,566.0,574,82
DzSl84jHbS1FcZTZj=CDlMI1jDOtp3.jpg,375,821,421,501,598.0,461.0,446,80
dzxV57PsG2RgfDBbjmu5xdm8tRioqz.jpg,450,872,416,489,661.0,452.5,422,73
DZze=PH5CrRbe7Bg2xhm5Vc3boSgSrB.jpg,240,786,462,544,513.0,503.0,546,82
dzzFRoLBVk2jO38k_9PCF=ufgBq5fYIV.jpg,442,878,461,530,660.0,495.5,436,69
D_2=y9hTj_avV9=CqVUsWq6B3h_h8z8.jpg,364,725,457,520,544.5,488.5,361,63
D_gSGxQj5GfNGEzi7If_TyEuYqn45I.jpg,332,873,458,539,602.5,498.5,541,81
D_kFsrRNhBtoi4p3z6QVIsK5doXfxnx.jpg,378,901,489,568,639.5,528.5,523,79
d_nGvb96kT7rpLddd1P1jNrQ1eVHVk.jpg,239,800,507,591,519.5,549.0,561,84
D_x1utpS9vn85UErqIBft4dBWLz_.jpg,409,689,428,481,549.0,454.5,280,53
e14DarxMWU5nzIgga6yEGrwTUwY348S.jpg,467,797,473,535,632.0,504.0,330,62
E14jzkFk5dIDhOaDFkk=UNtOPWmOPvm.jpg,305,974,485,589,639.5,537.0,669,104
e1eZR=YWUt1vjhXJUnpveDDZ=b5CH.jpg,113,716,540,632,414.5,586.0,603,92
E1IdUfjiW4qcuW7zgjquz9OaxMJEESjD.jpg,266,778,483,561,522.0,522.0,512,78
e2alxV6q8Zb2tj57FgMDuRg2JEvpsL2T.jpg,454,821,505,573,637.5,539.0,367,68
E2cnWeZw5p1zSIiOdIVxphVLiCcq4j.jpg,414,861,426,496,637.5,461.0,447,70
E2DemXnjRdlv_H2q45dBc2WWEr3n6Yp.jpg,472,921,470,541,696.5,505.5,449,71
e2kIrmmPXu_sgDL6qPXGkee=3aXz3ZH.jpg,394,955,514,600,674.5,557.0,561,86
E2NUmgLvK2nOdgkm=9KKOybb5VYZ=D6b.jpg,392,843,426,496,617.5,461.0,451,70
E2PKiYlPDihS4jtzxehZc6uYjI6V9Cv.jpg,428,934,477,553,681.0,515.0,506,76
E35hpNI=k2kloJeuITIIzNZel1vTcBW.jpg,396,698,438,494,547.0,466.0,302,56
e3c4egqEu6OKaR3WNeR79zmFWM4daY.jpg,366,895,501,579,630.5,540.0,529,78
E3Mm1OtdeCKmgTJhmYL8tajeDkJ5jiXs.jpg,436,933,486,560,684.5,523.0,497,74
e3RhTYZQKwKtDbJJF4wNCjpYygbrj8.jpg,179,794,488,579,486.5,533.5,615,91
E3wbqFrcg8wB7j=KHb1CjzuBwlKBqUoP.jpg,381,854,434,510,617.5,472.0,473,76
e3Y9W1CqDOFWlp64KIvqMfgn2Pm5Z1f.jpg,268,805,464,542,536.5,503.0,537,78
E5=Umfc1yWpLVMVXHKW86knOBpJ4Kl.jpg,385,871,439,517,628.0,478.0,486,78
e5TCCQ267VCffhnJ8xXqkc77j3WDHG.jpg,294,824,453,536,559.0,494.5,530,83
e5x4bHFiBZhuc46SUBYzDsTHsNr21sf7.jpg,421,798,500,569,609.5,534.5,377,69
e6a94_utLMkjr_2g=ObSVWP8OYa8kMGf.jpg,478,835,466,529,656.5,497.5,357,63
e6CN6qJfQa7hi2DFrcKd1KtZZYqo3gVx.jpg,311,854,419,507,582.5,463.0,543,88
E6dpVENxHYc3yH8EEUej7I7eZzG_51P.jpg,345,906,473,554,625.5,513.5,561,81
e7id1ww2ZxKd9YKN=P43jYohM9MpwSf.jpg,452,854,414,479,653.0,446.5,402,65
E8GhKX8U_ISkQuLdjVXEh73=L39N=mra.jpg,456,872,424,488,664.0,456.0,416,64
E8ibkYFviIfuqcLYXPFI53LIR2XPR1p.jpg,258,783,464,542,520.5,503.0,525,78
e8LVq7NrQ=eUjF_YN1mSq5Wsvi=3TeEQ.jpg,329,774,435,505,551.5,470.0,445,70
e8sKJUbamBc4XXKRN2vRO2CIp=R=FGIK.jpg,504,936,455,525,720.0,490.0,432,70
E8XyBH7XlKBV7X5zj3OLnZWxEv2KZFEv.jpg,336,760,431,498,548.0,464.5,424,67
E=ld5Ixr1lf_7mFYTeFEOt_VUG8SiW.jpg,333,753,423,488,543.0,455.5,420,65
ea9Bf8o9RjD=yqshIgjTrNoOmc_ESrLE.jpg,298,771,444,519,534.5,481.5,473,75
EaG2uQi7rwrXuFpyRQH9sUDwBiOVfX1.jpg,409,926,498,576,667.5,537.0,517,78
EaLOsqpzLszXZInQIGymBHqqYF32pceE.jpg,472,954,497,576,713.0,536.5,482,79
EaUEl_whSMcJXM19aavwyHfVeumwZRF.jpg,378,665,429,484,521.5,456.5,287,55
EB1ZQljaCPCK_XMFvaGS3tjMPHCYbqj.jpg,334,873,457,543,603.5,500.0,539,86
EBpjJumFdytyfdbbxQmjrEnjoR5qVcI.jpg,350,919,456,539,634.5,497.5,569,83
EBr7Mu5rhvMa_r5obk4JFKd9iiFnN1BF.jpg,222,965,524,644,593.5,584.0,743,120
eBuCDGEtHoQ29CUrcaHQxD=M6cXeg.jpg,304,738,473,541,521.0,507.0,434,68
Ec5KV7IqLj4G6puTJXwdLDjFICRyhZ.jpg,402,820,418,487,611.0,452.5,418,69
ec6dlkgefcUVzi=pX8y8=r==SsN_egvp.jpg,335,750,429,491,542.5,460.0,415,62
ecbPejsptarHuKys=hHHInnP84LXI6ch.jpg,369,939,476,562,654.0,519.0,570,86
EcCtOTNc6sTFYaZYI1YUF_OvYsd3QE4N.jpg,321,881,471,553,601.0,512.0,560,82
eckDKO91zokmp4qzJQdpEfJaXJPc.jpg,421,892,435,519,656.5,477.0,471,84
eCneYsyok4TmoYhFp9ySIlqqOfQbqRJ.jpg,377,807,419,482,592.0,450.5,430,63
Ecpm=zCVleLt_gJoBEDOpGiKvoxm4Fjh.jpg,279,784,452,527,531.5,489.5,505,75
ECx1ezuPdTmMeN4OTLYLSbo5eSVgsN.jpg,465,872,418,494,668.5,456.0,407,76
EcYsMKFueq72zXJWalseCk=Cboxq5ZX.jpg,468,791,469,529,629.5,499.0,323,60
eCzPvJfR4EcBQVIB_Ljchr=uCj3wE7Ho.jpg,273,1024,577,694,648.5,635.5,751,117
eD1uHtRYRp3xy4HgLmOhTDazUv_B28u.jpg,386,854,437,509,620.0,473.0,468,72
Ed=CGnT4SkuTG5ylfx3w3EnfsCF2XR.jpg,298,873,521,601,585.5,561.0,575,80
edBdLxb6QBfCL6f7P444jyESO==OZon.jpg,446,856,526,604,651.0,565.0,410,78
EdDQu3D1rUMiNhBp83F_OSTQParfm8.jpg,394,690,435,490,542.0,462.5,296,55
eDFOqhtEsphSUsOhLi=29l7rN=izgok.jpg,343,823,468,545,583.0,506.5,480,77
EdIHtiVfs6uSuj74ZehTmGczYr685.jpg,418,831,444,507,624.5,475.5,413,63
eDn7Ul3ItBnyBVwZtVj_Y3QQJtwvoMh.jpg,326,822,445,524,574.0,484.5,496,79
edoSxSWmkwRFuUKyjawvjW6Eda4KeRv4.jpg,433,830,417,481,631.5,449.0,397,64
EdVkuHBuUgwbWO8W9wS9iMny2bU8e.jpg,327,841,450,544,584.0,497.0,514,94
eDwBfduqEKIkEqhnsIqv6ly1wIUZhe6.jpg,470,929,431,515,699.5,473.0,459,84
Ee5Lv2XNHCe2dpPxqrHom_b_V_sT.jpg,347,874,502,579,610.5,540.5,527,77
eE8fKLTFb4kk9_vsJPOtKWSLdIP6aO.jpg,494,878,509,581,686.0,545.0,384,72
eEHdH34lYUsFvoPy3ChwkV_paemznk9=.jpg,402,929,448,528,665.5,488.0,527,80
eeHZFuEyf_i=52oqcOJ8dkLfXU9Wrh.jpg,382,787,446,508,584.5,477.0,405,62
eEig84U2FYO4ybeV3nl4Lh3Gv62pvc_.jpg,393,915,445,521,654.0,483.0,522,76
EemJKnFu9dSEIxCPNSatn41q7PsxYI.jpg,402,940,505,587,671.0,546.0,538,82
eeOFjXfXfK_=j6kGFNeCIL=fVO43OCWW.jpg,398,847,431,505,622.5,468.0,449,74
Eeon1D6KWil6J6hHKmx_97wt5XQnOu.jpg,292,657,470,538,474.5,504.0,365,68
eeO__Icdx4FfJhcvVDhypPGwJXuycOS.jpg,384,866,477,550,625.0,513.5,482,73
eEzxBENBalWNgpRmt_2c211XF9OVwZux.jpg,389,761,507,578,575.0,542.5,372,71
eF=_O8dutRuHE1U6IHe6TI7nr=ZPdg.jpg,472,753,430,484,612.5,457.0,281,54
efEa8yhfoQH2Sg9LmoQ4Fa3xfeBx86.jpg,250,741,477,549,495.5,513.0,491,72
eFvQ9dKymUP9hSxVSXT=qEyrxQiMWIm.jpg,444,815,462,530,629.5,496.0,371,68
EfXCFFCVjyl4zmCGrMV9oH5oUSe7.jpg,407,920,448,537,663.5,492.5,513,89
EFXnEM6PD4gPNWLTM2FbrLrXd8KZZ2.jpg,385,798,419,487,591.5,453.0,413,68
EFyBoxIcZ_MshEzpZsDt==wCvO4dW8f.jpg,471,780,466,524,625.5,495.0,309,58
eFyTzjKu1DT=JBqomwmQLILcWbjM1InO.jpg,85,861,536,639,473.0,587.5,776,103
eg6sjlWML2zXu35fpu2gbvr4Cr4ZKYI.jpg,502,804,450,507,653.0,478.5,302,57
EGaX5a_545kMKKqk3qBUnUMYfeIqmub.jpg,357,860,488,562,608.5,525.0,503,74
egfUoT6pyeuN8Q=NrtTWWLhSH7knEsk.jpg,411,889,475,545,650.0,510.0,478,70
eGfZMqlvGuTKfhh8ulea9NgKjIRQHzqV.jpg,451,882,413,507,666.5,460.0,431,94
EgHVIees_2gYBdFn6DmLBtGMNFsNKlX.jpg,414,835,423,494,624.5,458.5,421,71
egi213jm8aFevOZ=_YRYl4JtTxKD3yaj.jpg,267,781,449,525,524.0,487.0,514,76
EgKQwNVs6wCF4KTFGgU1WKjhYYiucjl.jpg,397,842,432,503,619.5,467.5,445,71
EgQUSxJeyYbQLvEFhqRt3VrQKbyGhhPn.jpg,431,749,462,524,590.0,493.0,318,62
EGuvmNo6EFKqIx4Pd_R8p3a8OrpbRzl.jpg,103,879,470,586,491.0,528.0,776,116
EgXRZb1K6aToP9yVioFh8FBmvThYouB.jpg,295,914,477,591,604.5,534.0,619,114
EH5gcwPHvrWJ_lhrhzufyzC3WpgkcbU.jpg,372,886,447,525,629.0,486.0,514,78
Eh9nUl8QPBcsWVh9nytwcc8SMGuzFXh.jpg,409,790,454,524,599.5,489.0,381,70
eHgfOG=OnPMtpCHTZuVBP9ednV8UUfFD.jpg,331,805,442,511,568.0,476.5,474,69
ehOnmf9pZvBIYabxnhIJowhhkKut8F.jpg,378,951,477,565,664.5,521.0,573,88
eHRa182rJL73QEQoyI3CznD8ynxb8DtP.jpg,409,754,480,542,581.5,511.0,345,62
eHZcq4M5i69sYVxsGVj3WKQiuxEceNGj.jpg,382,708,454,514,545.0,484.0,326,60
eI4cQnZOwF32myXfg7skB76iQftvmd.jpg,501,830,472,534,665.5,503.0,329,62
ei5bTg5RxU5oQMKSnBD_2s4XQdwgLJ.jpg,306,761,436,506,533.5,471.0,455,70
eIci9bmYHgaQl4m2tPTEJLkSa4jJPk.jpg,230,800,467,553,515.0,510.0,570,86
EiEm9yjdzNEmg18Rt33CP_=j89u1.jpg,364,941,519,603,652.5,561.0,577,84
EitBte3QULTYOWLzyM4dIq8ZfKH6yNP.jpg,291,797,454,529,544.0,491.5,506,75
EjbRjlKcLcliprmwTG1uzyaokttd4vr.jpg,361,839,454,525,600.0,489.5,478,71
ejcaxcG=m84ewpCq2YO=ImUbnh2iGzP.jpg,407,825,449,517,616.0,483.0,418,68
EJEaTZ8NQGJkrtvvzscdoTxIKvm5JcZ.jpg,313,761,425,491,537.0,458.0,448,66
ejjR7J6o=rWLj2YkhNjyRtRNBcBg.jpg,192,798,484,570,495.0,527.0,606,86
EJm5cXrEDbvfha81Id3m7CEgR2GELZa.jpg,307,846,456,536,576.5,496.0,539,80
Ek2hF9bjJIwQgB=W8XkowisqnRmRxzT2.jpg,458,1111,533,643,784.5,588.0,653,110
eK6KabUU7XswE4Pg3PSBbOZCUrWDE6u7.jpg,415,947,502,578,681.0,540.0,532,76
EKBCRoez_pJUsDQgDVQlu5GXQL9=gjS1.jpg,464,793,472,535,628.5,503.5,329,63
EKlfwgnyPOFFORZxQtE1Jt3Dpe2skMn.jpg,335,809,441,516,572.0,478.5,474,75
EKOkKxEwFfl_xBjp7x8e=QvLC=RTur=7.jpg,427,881,430,507,654.0,468.5,454,77
eKQ=YpX_daeODcDHFGYRYEVwfQDPHDvt.jpg,453,927,470,550,690.0,510.0,474,80
EKvvj_DMzmLnK52fSu1go6SjbTxoy.jpg,241,834,502,593,537.5,547.5,593,91
elwWvR=nIsieZSY1OuyYBqwnN2YTkh.jpg,319,945,495,585,632.0,540.0,626,90
ELY7gcgcMmamPQbd_lb7=5xRPNrt7qYf.jpg,431,965,511,590,698.0,550.5,534,79
elyZnLVc1ULdWPyhCCZe14HJW_aa56HM.jpg,275,805,466,541,540.0,503.5,530,75
Em9nEMMPOjoHPvMOuEeyrbPUnZfij6YK.jpg,348,872,454,536,610.0,495.0,524,82
EmDd8ymYiQurWXkwYB2MMLVHHWEBh.jpg,474,770,454,509,622.0,481.5,296,55
EmgiRmvjw9xPRaILsahe17IhMeyNELu.jpg,243,717,474,544,480.0,509.0,474,70
eML7s51ISePvOmxHNVzmlDCEpMMTLdZ.jpg,352,756,421,481,554.0,451.0,404,60
emnK5n6XtPVOr7M7OFYtYt4wZDer8l.jpg,434,849,421,489,641.5,455.0,415,68
EmyTI1y9b12RcwvNspj568FD2MIt_SfH.jpg,500,850,483,547,675.0,515.0,350,64
ENgJqmZuRktychaj4iFGm8EJONHCmRGW.jpg,201,701,496,580,451.0,538.0,500,84
enhwttfd3KGxOpB4BGYy8wQtoDl=w9i.jpg,406,742,482,545,574.0,513.5,336,63
eNkIxWTDpoImSmJVx1R_rEh3TUykEy.jpg,323,858,455,536,590.5,495.5,535,81
EnpImvChYGk5lCyywZT36nqdnklkoh9.jpg,384,787,474,545,585.5,509.5,403,71
EnWmPDo=bMrsURuTrcgcGaFi9OQYtmHc.jpg,447,744,443,498,595.5,470.5,297,55
eo499F3pPUExdZzTK7vkGlBud1oZFo.jpg,447,924,429,528,685.5,478.5,477,99
EoHx7Mph6hU1igrJcBGEbIO8jUUw2xM.jpg,372,855,425,500,613.5,462.5,483,75
EokleCUOezD6XxKnDMHaQwt7=8PUx3vQ.jpg,177,884,500,601,530.5,550.5,707,101
Eopjaeyex1II4JHJp2Hl=vlyoqb7yh6q.jpg,378,1006,538,630,692.0,584.0,628,92
EOraCr6SZkHOHvxktQYZlDWeIimmPIgU.jpg,466,893,428,496,679.5,462.0,427,68
ePhL7e5RFotDxOstBccaqmf7jkIotI.jpg,479,904,419,503,691.5,461.0,425,84
ePhSRtFq9YJ1Z8Cri5=nw3mQwQNbUUZ.jpg,159,855,507,599,507.0,553.0,696,92
ePL3yRjTG24ZMVSt8HTyHd12jHZkx24.jpg,467,836,501,574,651.5,537.5,369,73
EPOFN2cyWXuFJp_Yg3KCL8LIRjpJK1.jpg,450,910,460,540,680.0,500.0,460,80
ePPl9UDqLfybSDDnp5VEc4WCkp9EDcl.jpg,334,639,469,527,486.5,498.0,305,58
epqGgZUOwWnoV6jY4B2dwvSuI_d9hp2O.jpg,339,765,427,493,552.0,460.0,426,66
EPuGzTwei8CJgXdOP85dR1xqhb1cfS2.jpg,368,905,496,576,636.5,536.0,537,80
EP_sgkry6dQaxRIsZKXTl67tYPCZid.jpg,312,776,441,510,544.0,475.5,464,69
Eq2jaQS3GFx_zeokZqBV=YyaKIdBzkW.jpg,362,873,441,519,617.5,480.0,511,78
EQ4=FkPannGGIzqBZ1CwRIiB=FuKiXSH.jpg,455,891,469,536,673.0,502.5,436,67
EqNOk1VpWM=_8ZI8r7P2kcscltjW8r.jpg,371,817,434,502,594.0,468.0,446,68
EQQT1cJV47bL3MR7spycTb6gkeUgQF2.jpg,394,795,417,482,594.5,449.5,401,65
erECSGrg19T9GHNzzY4EIyMJr479I63.jpg,413,869,438,507,641.0,472.5,456,69
ERKLD4jO=oEcRfp9uPmlCkbMMbmsTDya.jpg,370,653,418,474,511.5,446.0,283,56
eS1QWsCNXlYGDeDIDGfyUSmK4T4YWKrf.jpg,419,893,449,520,656.0,484.5,474,71
esHthmERkvyC8okJ8EcLQ9ZPxd_eGeD.jpg,334,751,425,490,542.5,457.5,417,65
eSjuIMvlRwpSOzo8u=a_=eyY6z9l2dK.jpg,228,794,470,555,511.0,512.5,566,85
ESuLMpHbmcpmwLnO3V=IMqsSOOKK1ZWh.jpg,415,998,518,605,706.5,561.5,583,87
eT16KFKDLMtdFQ7JvIuRTq7Ew_FCPbH7.jpg,341,840,435,512,590.5,473.5,499,77
etbRTRJ5C7KRatJxxCYX9VID2Zs5zK.jpg,328,735,429,491,531.5,460.0,407,62
ETOzU2zhfdUD9oF3eEc2CGnrfiq5oz3i.jpg,450,813,492,561,631.5,526.5,363,69
ETqGSNqb2R4pUlGwvf12=XUOfz29NN9.jpg,369,816,426,507,592.5,466.5,447,81
eU53sZ7cT=SCikqPSLaubu8vCwwv9p8.jpg,310,761,422,489,535.5,455.5,451,67
euiYkQeIpFqnJVtezrSX7CVjHGTQWUBd.jpg,362,859,487,561,610.5,524.0,497,74
EUjrYQah_aSDRZi2NgxyTK1ctlmBhb.jpg,417,881,470,540,649.0,505.0,464,70
eUNPmteUl8IoHX4JfFnHQ4gUbnevTrDJ.jpg,406,812,437,506,609.0,471.5,406,69
EupFlxGL8myeYl1nBjUTZ5i8rbTXMr.jpg,413,853,428,495,633.0,461.5,440,67
euxwXD5IhhZUWIz=rLjFWyx7zR68ms.jpg,434,746,455,514,590.0,484.5,312,59
eV3wwctJUKTRruUTO6ycQveVhC3Wv2.jpg,403,726,469,529,564.5,499.0,323,60
eVdOrkq_lXL7PCBIj3Q96v3oahOBi6FO.jpg,265,944,496,624,604.5,560.0,679,128
eW49oaqGXqL8KhzEMz4CnBcV1xXTj3d.jpg,332,761,429,494,546.5,461.5,429,65
ewF2yTvp7hkrtTnZbuQHplX2j1=7Bhx.jpg,259,788,460,536,523.5,498.0,529,76
EwjnLugx5fOBC_8HFTtgf48jcgRvNh.jpg,306,763,442,512,534.5,477.0,457,70
eWuz=hjR5uR47bq7zpcfXXoRbCMe4a.jpg,293,721,530,608,507.0,569.0,428,78
EWXkoJEj5QLbvghP78EFpvw3VLt3xoh.jpg,206,803,481,573,504.5,527.0,597,92
EX3g4pCQfbFzZYIU51wZSp3qhpnIIo.jpg,503,842,453,515,672.5,484.0,339,62
Ex7C=attnR6cCfX1YMHvcc71YNUjwCB.jpg,429,930,448,523,679.5,485.5,501,75
exCh6=ZQwUCslki8QCzW5i_x3ZYHTxM.jpg,445,883,462,531,664.0,496.5,438,69
eXd=SF6MSBoUbmvCuXZ5dgq3vHiCUuD.jpg,368,835,437,510,601.5,473.5,467,73
exO_r81haJhrXzBsOsKLbJ1auWXxHiM.jpg,421,711,426,483,566.0,454.5,290,57
eXsbxpuGNNmmySmPXJdSEIgPiKWL5Q.jpg,308,903,522,613,605.5,567.5,595,91
exTuDByuC2cZyPzuPSUO8qt3MChajG7.jpg,264,735,447,518,499.5,482.5,471,71
eyEybWEDSU=hsDJ=HgygXK9ifQRnaC1e.jpg,405,728,472,534,566.5,503.0,323,62
eyIPH5KZ8ZHj2Mct16ETFRDkTY8k1F1.jpg,479,789,465,525,634.0,495.0,310,60
EypS1NVojRoKjchJBlyOwg2W5aRQ5Rws.jpg,274,818,465,549,546.0,507.0,544,84
EZ9lyYpmBGB5XI8BNg_s1xLIek9wlE.jpg,329,1116,539,657,722.5,598.0,787,118
eZgwVwrhGps71NeLBa9bTQWlxRfOEtu.jpg,423,924,485,567,673.5,526.0,501,82
EzJpRwC29d41QF4ovu6GkyGCt=X5I1.jpg,443,873,426,493,658.0,459.5,430,67
EZRt6tJR=F6rmfY=jI7MpSFbYSF_Q_I1.jpg,453,887,460,527,670.0,493.5,434,67
E_my3uoxXwscG42hlKLIhWCZm4hZD1J.jpg,420,845,427,491,632.5,459.0,425,64
E_WrXahcMqo4eghIt4ZPZHWtfR_ZN5E7.jpg,370,858,446,520,614.0,483.0,488,74
F1DN9b_uctZOU931Ci8hQOrlgWhv6Z3c.jpg,223,842,545,657,532.5,601.0,619,112
f1Y5umeDOZU5Y6eKa3xWHIcMC8PlGe.jpg,337,1074,562,666,705.5,614.0,737,104
F1yWfw6VJZBYIO2aYgtMKmTWD9fBGmWY.jpg,401,851,431,502,626.0,466.5,450,71
F2eKtUHYGtPQipOQ2OvNwg9LV4Vd3req.jpg,415,760,429,498,587.5,463.5,345,69
F2Hzfp9QRDy4rFLGNIvYZxh_Y6jtUeE.jpg,434,704,421,474,569.0,447.5,270,53
f2KbdhPG3YgMKBDr5w_x7nNhfCHhZeOP.jpg,427,870,468,534,648.5,501.0,443,66
f2r2tHDB2m5LME_yDEotHnVTTWIBens.jpg,480,830,487,552,655.0,519.5,350,65
F31bUmgnMHbI6w=nOpvphr_4X4qj8q.jpg,340,821,432,514,580.5,473.0,481,82
F3DRZQt=zZYzsJIv7EKEFI9qJRJ_b7.jpg,382,841,426,518,611.5,472.0,459,92
F3ReHWHQqzcqFI=Odn_jNb4e=o9R4V.jpg,390,978,528,614,684.0,571.0,588,86
f3rUBXD1eVqa7_f27TqbGR5sjtkQJwYZ.jpg,392,888,450,527,640.0,488.5,496,77
f3Ya4c7CTa_8nEdWC_9xPptN89gWZpw.jpg,353,768,446,510,560.5,478.0,415,64
f4De3OmqWPm8FX7FUYOjVkC=_nB=UK.jpg,390,743,437,504,566.5,470.5,353,67
f4Ef9K2UznToM1Fd_PfcnXCip4RyCMX5.jpg,429,899,482,552,664.0,517.0,470,70
f4lGsTBl9MEDE2Htc5cKpvtHZPpg9Hn1.jpg,390,919,496,577,654.5,536.5,529,81
F5ILPNx=4xuJ3u1PbeEqlziNBB9UZPI.jpg,358,884,454,540,621.0,497.0,526,86
f5XfGYIXrJs323yO1SGHCI5Kg_juZ8B.jpg,308,852,462,548,580.0,505.0,544,86
f69=bqYdx3s4nmucszDvtzDbuxHQUL.jpg,418,757,462,526,587.5,494.0,339,64
F69=D743_qZkUhchisXkBuiJpjuaz46.jpg,368,962,474,565,665.0,519.5,594,91
f6iuzeragUujKLYTyxZpL9HEDYZc9b.jpg,417,972,510,593,694.5,551.5,555,83
f7BGqVg=5q7QnGBpXUKN9Tux5jDkN78.jpg,481,825,488,552,653.0,520.0,344,64
F7lXmDHRwz4mTMKGSlmHor8k9BszI2im.jpg,496,976,445,519,736.0,482.0,480,74
f7r9cpnPU5WxoZaWQfEjavrHKxkKdS.jpg,463,903,417,498,683.0,457.5,440,81
f8o1OtUmEs=xUymkD9vf8lxdN5zrgG.jpg,394,882,466,541,638.0,503.5,488,75
f8olEDtSEs1rx9Yy11cONabYza=w443.jpg,383,901,495,572,642.0,533.5,518,77
F9Fmf2pauhR=oI6mawn73tPseuZCE.jpg,472,815,463,525,643.5,494.0,343,62
F9wVxWuZcWbsNVM7OTxPKlcnY6KUZUZ.jpg,463,935,439,510,699.0,474.5,472,71
F=GGXpEzxm1WbJPagtS5FhhX335hIJo.jpg,540,835,453,511,687.5,482.0,295,58
Fa4a_gQvsC6=OGNIvnOIYtYmxdSoGd.jpg,512,795,427,480,653.5,453.5,283,53
FaI4UPw_oE6aHM_7Jnkh8HrjSV2U.jpg,425,746,448,509,585.5,478.5,321,61
FajKmOUMvsFSQw_2qLY197mDUa=UP18.jpg,349,686,460,520,517.5,490.0,337,60
faleap5tfLq2jjDPY6h_EWX9tnTdgHN.jpg,381,903,452,532,642.0,492.0,522,80
far6gdhRN556Vhnyn5XdnF4L=VVwxeF.jpg,251,844,490,573,547.5,531.5,593,83
FayCQ6rUEZOd=QYm1REropc8Db8uM8.jpg,413,843,427,498,628.0,462.5,430,71
FaYgwBgXhZzCvGjpEp=sU5c2P4ecaXn.jpg,310,989,507,614,649.5,560.5,679,107
fb65d446aywkS6JU1FNzSyPaNCByhC8.jpg,360,874,547,636,617.0,591.5,514,89
FB7B1xl6W4KdMGQJDU7nWUhISnG25r.jpg,505,790,383,457,647.5,420.0,285,74
Fb9jiSLuiXMLm_I=dy8DVGGRKQ6xKW_6.jpg,443,954,484,567,698.5,525.5,511,83
FBQx3QZejNbZGTBfrTpXbpzETVjdgLy7.jpg,332,855,454,538,593.5,496.0,523,84
fbTRzysNaqEBhLP1YznLbzlyWPUBV7G1.jpg,313,813,489,567,563.0,528.0,500,78
FbTWK3Xl1LlzXW7h2s_7s5DCLDkkwij.jpg,451,861,416,482,656.0,449.0,410,66
FbUsMncMCloxcxRb5WzJWb9_Dmw21.jpg,577,1034,469,547,805.5,508.0,457,78
fBwJ1vh5veUNHv=7343Mi9nPbCm1ek3.jpg,364,668,451,508,516.0,479.5,304,57
fbx4ewPDsfNyp4VGRQRG1Tjdn7evkdt.jpg,467,901,458,522,684.0,490.0,434,64
fBYgLiVxaUDvFN9L1JuV2VuMdy9hO3ah.jpg,371,816,419,507,593.5,463.0,445,88
FC1NLaGyFxVEkQ8stYPyltyFZZjnFZM.jpg,283,838,468,550,560.5,509.0,555,82
fcDsaPZ7muX9X9p3Xngx1vjOfmdGlin.jpg,382,879,447,525,630.5,486.0,497,78
FCmgNcgU_KnxpJ8h=TUth8prUjamzJFn.jpg,424,746,443,505,585.0,474.0,322,62
Fcnmdl=NO4IUu3eaGt6eHHbDvUs1YXJr.jpg,312,860,453,531,586.0,492.0,548,78
FCnpldgZJCIiceW32EqRCTIzbxWZg2lu.jpg,425,701,425,479,563.0,452.0,276,54
fcNxhww4RWokcuBj7RorjJUXTNXPEWZ.jpg,414,840,413,475,627.0,444.0,426,62
fCRNBt7et3khLuJU8PfT21oxkJ6hTeWl.jpg,151,702,520,599,426.5,559.5,551,79
FCvi4MXzI9xW=9OYbslqpKoDGmSxcjao.jpg,416,839,422,502,627.5,462.0,423,80
FCvwlnxk86wdiiRecBkHXCQHuGZFk52.jpg,408,834,458,522,621.0,490.0,426,64
fcWSvq3CY=G9HrFN6I_bgdNy1zK7M8.jpg,360,652,437,494,506.0,465.5,292,57
FdeLMbRiddrMMuCEpysLwBCnxW3fgO1P.jpg,287,772,451,523,529.5,487.0,485,72
FDFu1SgLo472OqNOegYzaixhlHJDK2nb.jpg,431,952,491,569,691.5,530.0,521,78
fdkgtN9jY8tr==C=l1QjX3WmWeLPSs.jpg,257,803,458,544,530.0,501.0,546,86
fDL6BZmMYOKMEgBvCSwdEqUJ3YyTWKB.jpg,278,753,470,543,515.5,506.5,475,73
fdO3r2x6gNpOvxiLmlGsjolf11IImg.jpg,369,776,417,493,572.5,455.0,407,76
FdPvCXXIU6L6nm631lWk791PsKMqj6h.jpg,479,745,417,468,612.0,442.5,266,51
FDRD1M=n69LqxLpgfqoQVRH6ItgpQt.jpg,336,867,459,533,601.5,496.0,531,74
fDVgRdK_vvG8_Ely91zuK2sPieiR4VLg.jpg,370,954,499,593,662.0,546.0,584,94
fdX2rGTdFQuqdUj5EcjqQuqJ3lWJ65jm.jpg,209,790,475,562,499.5,518.5,581,87
Fe4S9QEQmCHt68cwZUH9mDvSldtskTjO.jpg,414,923,487,563,668.5,525.0,509,76
FeauRaDUxJvyLL6NYdV6CXQVBVSGZj3s.jpg,448,788,485,548,618.0,516.5,340,63
FEj=sb1YG3DEiSUMrelZkxKUMLzzb.jpg,426,818,413,477,622.0,445.0,392,64
feNnJzZ5JqcG=JP4=ZhP1LuMEUgUp8Td.jpg,245,796,471,547,520.5,509.0,551,76
fERdgHMjxlqDPFKep2fdBlRVTaihMRLu.jpg,466,785,464,525,625.5,494.5,319,61
FeSxbZRWQZ41b9CgTFLWEPemO5nD_DHl.jpg,223,737,487,564,480.0,525.5,514,77
fetMRBn11fN8sdbQiRG9Cnl6ogk1ysV.jpg,360,817,440,509,588.5,474.5,457,69
FEy2U3BDZkDfG=QkyJ2u8KT2ahhgqs.jpg,353,666,437,497,509.5,467.0,313,60
feZfJDumUisYg2jL=kDbyMJ7=NMUqrDN.jpg,344,795,435,507,569.5,471.0,451,72
FF7l61c7zjn9uGIZZiurMMU5nivqR.jpg,440,880,461,528,660.0,494.5,440,67
FfBVQqEUu67PBPwDLGizbDM8G=1xfQ.jpg,419,813,411,488,616.0,449.5,394,77
ffHGgFBndJn_6z112XyCgRY8HP6=H2Ns.jpg,202,802,471,557,502.0,514.0,600,86
FFPue9_SJCxNjEciE6ff6HJwsaScBl2.jpg,364,832,426,493,598.0,459.5,468,67
fFuNBRaOewaYrDMffVrPjcxFHywpmEES.jpg,336,906,519,604,621.0,561.5,570,85
FfwsTa4YYPn_I3fTk26sQQMJt6zJJY9w.jpg,431,851,415,479,641.0,447.0,420,64
Ffy1v6O6R=is6XkmSD7kSxreHUBXNwoZ.jpg,286,898,489,580,592.0,534.5,612,91
FfYgyaxT19emYofBKFMsIhTJ6UnK_d.jpg,434,871,418,484,652.5,451.0,437,66
ff_tjC5xak=UMWF_Ktm3LPhXo1SiCFJH.jpg,398,942,506,587,670.0,546.5,544,81
fg3npqKR387G5RhRCih28zUwIHIvT3E.jpg,387,836,465,534,611.5,499.5,449,69
fGj8rxZ3Uo9gN61TCvxsc2=QG9ojsEdQ.jpg,457,802,483,545,629.5,514.0,345,62
fGLf7kNeEQhZ6oq1J49RuXekB3jqp.jpg,464,811,489,553,637.5,521.0,347,64
FGO4bpz3cPrqJwLBqwoOIvsGnfajcIx.jpg,328,1004,510,613,666.0,561.5,676,103
Fh25ma_8QE3TXzrC5sJTudHW4696Ik.jpg,404,837,425,499,620.5,462.0,433,74
fH9k6UsRHgxhboLl69BpbP4r=xf1_C.jpg,386,940,471,551,663.0,511.0,554,80
fhCq3oIOQtBXmKVv7rSGdbYycgcPR=Ex.jpg,365,891,480,564,628.0,522.0,526,84
fHhvcx8bJ3wy5vxhYtMblgmXS_B9XUdv.jpg,336,958,466,567,647.0,516.5,622,101
fHJKrjjP4=gN_X9VpbHqTvJtUoMphd7.jpg,309,751,423,511,530.0,467.0,442,88
fHlJsJKsprNnEr=KKCGaFxB6tf5_tH9E.jpg,340,770,443,508,555.0,475.5,430,65
fhOBzbRYovTvIaPrFG_g7OoK36Zbht.jpg,434,976,508,593,705.0,550.5,542,85
fhoxRgKEZRnZhwQuQqsdmV2GYjffZ7m.jpg,399,812,420,497,605.5,458.5,413,77
FHxeI9Eth5IjSvM5o5_muNWR1OG3zcL.jpg,226,774,463,550,500.0,506.5,548,87
fhxordPtIL=H7Ps6L9mkJVHX1Wk8aR9D.jpg,338,886,508,585,612.0,546.5,548,77
FHybGNLF4iPB1H5_tbfwh3ujUymGK61.jpg,409,834,424,494,621.5,459.0,425,70
Fibx47wMUp8X=59eD374rhqfE9K_2BS.jpg,396,807,413,489,601.5,451.0,411,76
FicqOvIvSm1cN2KJEybmQd_cbgylom.jpg,299,765,430,499,532.0,464.5,466,69
FierWos6=9=4MqWhx=PifW_6sjUjkzEu.jpg,454,871,420,487,662.5,453.5,417,67
fiG54=OeN=ZOLdsrC_KJgLkJUnKl=31j.jpg,383,814,424,492,598.5,458.0,431,68
FigT1gbHOwhNtYxWcKdvbpEZOG4T6yy.jpg,343,983,493,587,663.0,540.0,640,94
fikSWCgXOyc8Id34FG3snupOgfDQq.jpg,359,1231,584,722,795.0,653.0,872,138
FIrjXg4nSu6sZTYNwIHK9FdlQkoksUzC.jpg,390,880,443,519,635.0,481.0,490,76
fj6xd2a6PrH3YQBa641gN=GukxMhlqb.jpg,358,807,434,503,582.5,468.5,449,69
FJ=rDYNUIsPlUhpaC715ZmX5nElrbgH.jpg,332,763,430,497,547.5,463.5,431,67
FJE8HyisxncGW1O7Ygj8m5kEmLMy16.jpg,400,758,491,556,579.0,523.5,358,65
FjTldNx454CNibmeXfLctZ7MiWmcwNjt.jpg,396,896,493,566,646.0,529.5,500,73
FJWjlh7lC1nzF89DUEzs7KGlvHlIono.jpg,396,1017,477,579,706.5,528.0,621,102
fKbDPMI8viwcu4cFcEzJSYDtwCis=1Ym.jpg,341,720,514,579,530.5,546.5,379,65
fKHZWW=Cn8UJpMTZVqvcK7Q3IxQkkZ.jpg,330,668,460,522,499.0,491.0,338,62
fkuVD7nukX2eMfs1TrZ6ZOSFpcmjg.jpg,370,705,457,519,537.5,488.0,335,62
fL3I4scPcUoMhrSpaRTLMoZrSZCk.jpg,334,905,463,543,619.5,503.0,571,80
fl6oWeg1X=sTWzzgG9f_wXTDYgcXk=8N.jpg,424,736,466,524,580.0,495.0,312,58
fLEfIXOspTR_XJSaJjVjGqEp_47t==P.jpg,360,868,486,565,614.0,525.5,508,79
FlgsCTTkIBkPk_XGx977_2tw3uNCXsE.jpg,435,702,438,491,568.5,464.5,267,53
FLnhGU6nbz2EytR57hz9n1IJ14G=oFZh.jpg,344,880,461,538,612.0,499.5,536,77
FlWCyv8TB2BLm7pg9yd8Csp4arhBBgx9.jpg,226,838,543,645,532.0,594.0,612,102
FLXcf133ZOhMRenpwt8yg_Majr3FTT=.jpg,469,899,455,522,684.0,488.5,430,67
FM2jmS9jGc8PIdndQI1FHTKBnUEKh=.jpg,401,943,495,578,672.0,536.5,542,83
fmBw_LfjU6UVmjURrWs6bc2rW9rhru2c.jpg,462,797,483,545,629.5,514.0,335,62
fMEkEOYkjFr4xUg2DtUpEHcvnPncNFN.jpg,461,790,469,529,625.5,499.0,329,60
FMgsUWqWKVK6IlmnwOrX=_rp9e1TGKkx.jpg,398,980,457,548,689.0,502.5,582,91
fMJj_dby=Skjfp1Q6pxm3KWmbm5hi6xP.jpg,289,756,456,541,522.5,498.5,467,85
fMlSSbBCnpbrr8OtheEavhVPCSsxdz.jpg,401,816,420,487,608.5,453.5,415,67
fMlVisyhpeaG3D8VFoF2UkMwKzTXnV_2.jpg,328,862,498,579,595.0,538.5,534,81
FMQxX9I7yHtR9C5MtlebOkBI8w9KYZK.jpg,347,760,451,513,553.5,482.0,413,62
FmzDZ8CUKzebZxnVBOx_KlUX=OaGuhx.jpg,448,890,437,510,669.0,473.5,442,73
FNadqtDOJIemScVplo8GU27i4EShxp.jpg,447,770,469,529,608.5,499.0,323,60
FNeBNHHbcjk5Z83bBcu13tjxULx=48.jpg,172,899,522,636,535.5,579.0,727,114
FnidPy1ocZHP1vhhhFz1uhVQniVL6PaR.jpg,366,936,473,573,651.0,523.0,570,100
fNJr4TE1kyNiZ_WTUFiWlk2qk88ULNX.jpg,492,893,413,490,692.5,451.5,401,77
fNLgsyWa31QeHDm_H=psqrFqGCyd2xN_.jpg,467,906,463,526,686.5,494.5,439,63
fNM152LfbRagLOidOY1MpXt5TtLBhI.jpg,298,767,476,549,532.5,512.5,469,73
fNt1KjyBIViQ94OnT4jMEixjsNn96o5u.jpg,443,728,429,484,585.5,456.5,285,55
FnXKB6bQV7523O2gcN7PniDvXP9jle26.jpg,353,667,460,522,510.0,491.0,314,62
FNZE8nra26p2UxK6ULX9_BEaEEhRS8kc.jpg,432,970,464,542,701.0,503.0,538,78
FOca8uouUuaoXfovqlk1Rq5Vs5y5YSy.jpg,373,786,433,496,579.5,464.5,413,63
FOR74aeg264NqGW9q2cC6CLrxOd5LJ.jpg,446,751,427,485,598.5,456.0,305,58
fOS8TfmlfEMTigxNUCH7FyeiJ8YXXat.jpg,406,769,470,532,587.5,501.0,363,62
foX654Pyg3zUVYdCGdf=8QjE_jD_IsBX.jpg,408,967,468,555,687.5,511.5,559,87
FP=FBH7oGgYcc41R_HeWuKEWNYWXQFx.jpg,312,780,470,543,546.0,506.5,468,73
fPJIzB3QWghTeCipk4CYUmVDkPla_b.jpg,401,811,413,500,606.0,456.5,410,87
fpP4v2hcQbn3yFcgsjaLfwvF_Ih4IR.jpg,332,747,419,486,539.5,452.5,415,67
fPpTBVqYHvZhODFlHU3HPRGaPHf1Pnz.jpg,355,753,418,483,554.0,450.5,398,65
FPz6bZpkSNp1TeETE6meH61HxEz9UwSG.jpg,295,627,486,549,461.0,517.5,332,63
fq5ViO8hoNjjSgU9j1FCgvSb6FuQyB.jpg,333,877,493,576,605.0,534.5,544,83
FQ9lStfLBi_Knv6Vr_5k88=pTkjjiZG.jpg,480,750,436,489,615.0,462.5,270,53
Fq=SipF2xjqqGWdMo8qOG=drI9ohf4pP.jpg,380,678,444,500,529.0,472.0,298,56
fQcbbjFsb7GRvvheJaC18hXNjrqZlF.jpg,358,754,412,495,556.0,453.5,396,83
fqDtbiuFr9aWpVExcV41PFUMHdJDzR5.jpg,281,783,479,559,532.0,519.0,502,80
fqFHbu2yQ3gadqLUkYwHYTzIiaZXEaI.jpg,406,721,421,480,563.5,450.5,315,59
FqvSGXmfqSDR_lQrPIFnEgwSRdCfrJK.jpg,259,807,476,560,533.0,518.0,548,84
Fr2zcsO=BlBPkyhCtti9aJ4pTaWGiSv.jpg,296,1028,505,612,662.0,558.5,732,107
fR3P9HIEiHN=aMN_xeOKI7BnEZGI1HN2.jpg,452,878,452,522,665.0,487.0,426,70
FR=8iR7MJ=U4BEh5ULFH8taYP44gSK.jpg,247,795,465,546,521.0,505.5,548,81
Frb=WQFv_sZeaJt3zjClopvj2TKeu.jpg,363,914,509,591,638.5,550.0,551,82
frGx5gVaTfRqZSrWES2gDfZxTEBVWKc1.jpg,310,772,429,502,541.0,465.5,462,73
Frh6aTnlEFwtI2R7EgTU2lkt1Vlx9_UB.jpg,276,788,451,527,532.0,489.0,512,76
frHVSrNqxQFS_c_Lau1Pu51M4_HgP6y.jpg,420,967,470,548,693.5,509.0,547,78
FsHNQNHriFLIr=9gOGHJHuTuQxoj.jpg,254,773,454,535,513.5,494.5,519,81
fslmJCDzIej9PoUuqfOYMGXcEftd.jpg,450,932,475,550,691.0,512.5,482,75
fSPzFgPw7x1wrYV9bPbHiDVjtl5hyduw.jpg,431,731,433,492,581.0,462.5,300,59
FSSwyCrKQW_UVs_rZoBhS6RHv79ekJV.jpg,424,827,473,542,625.5,507.5,403,69
fSUXcdBuPulOyr6wDDKcocZZZ2wI1Ht.jpg,454,803,487,554,628.5,520.5,349,67
fsWnZ5cVgNtUXhjbPM_nKPxIDDW8rv.jpg,354,907,503,589,630.5,546.0,553,86
fswzrPp6I7yocr4TX5cHvkBLqvJ2v.jpg,477,749,425,476,613.0,450.5,272,51
ft5CVjl9lEn9UBXuRSvEHuCCqJjMZqN.jpg,524,845,433,497,684.5,465.0,321,64
FtgDkFljwRBK5vyEVi8d6CictuhxZ3hF.jpg,417,943,502,580,680.0,541.0,526,78
Fth7Z92oJdyKENd_LlKzLWP3kTb5.jpg,438,812,504,572,625.0,538.0,374,68
fTi2fRr3T3SsevHZtwOKlnEFg6fgppSa.jpg,434,789,486,549,611.5,517.5,355,63
FTnK1=lsyn8d6WtW2IG2PfGVkJ9=xxlk.jpg,341,652,444,504,496.5,474.0,311,60
FTPJP_4X13MyNqsgjJixj=g2h84UkjO.jpg,503,838,447,511,670.5,479.0,335,64
FUCnXBWolFua5=rosNLW3I8ehnEPOD.jpg,302,928,530,623,615.0,576.5,626,93
fUcu7wo6arh23JV593F41u_x1JmlVrYL.jpg,393,933,451,532,663.0,491.5,540,81
fUeaqj1KDMlWgMiFSZnRO1_rju=xHh.jpg,286,1066,607,730,676.0,668.5,780,123
FULg5l_Y45sZyvphRdVYihPtFNmdqKgz.jpg,422,734,458,518,578.0,488.0,312,60
FunQXQslWzUgiXfMY=92hjKJLyWMwqK.jpg,256,757,452,528,506.5,490.0,501,76
fuQqOl_8yJyJ3sReJg58Q_nzP=J7IcIx.jpg,281,1038,528,643,659.5,585.5,757,115
FuylGBTw9Xoju9DOkPm6HpDOW2cD18K8.jpg,321,801,453,521,561.0,487.0,480,68
fV8yC7Oq7RciGLsGaoH6=MtaRJI9RlX.jpg,452,831,507,576,641.5,541.5,379,69
FVcx7_uFKv8h9noDNw13zm4KgLSmF8.jpg,294,877,461,546,585.5,503.5,583,85
fvGgZ2J7uOMf4KCVOhf2Cg6CW2bmsu_.jpg,430,752,433,497,591.0,465.0,322,64
fvIFSnZhMdwy=_1O1dsBhSpDs_DoVYH.jpg,431,821,412,480,626.0,446.0,390,68
fvL4tSfCOiznDL4356JhFz4lvHhrJJyk.jpg,333,761,427,492,547.0,459.5,428,65
FVsyrlqzxpcc8QmhqyUU9VBdD8kli62y.jpg,432,1070,479,573,751.0,526.0,638,94
FVTFOsbYn9B=vpaMyUkgwoZRmNlQPvi.jpg,329,756,430,496,542.5,463.0,427,66
FWk_ecEs8Vwhw1pfaoboNf_FiulPMV.jpg,487,839,484,551,663.0,517.5,352,67
fWNauDlQ33cle9kQdSx_rqv6cIhEhPMd.jpg,285,788,449,524,536.5,486.5,503,75
fwnoyPmhMsn6lLwcGTODHazHItS9Vir.jpg,347,645,429,486,496.0,457.5,298,57
fWQj=4h1aRuFudhFby8MxkhuEwMj_xnx.jpg,304,772,442,517,538.0,479.5,468,75
FwU194qCiFhwrtqCqk7q2qxoqxmEhkZn.jpg,290,979,562,662,634.5,612.0,689,100
fwwxn9QMU5qYNYXsDT66CZGSRoZN=ur.jpg,344,914,514,597,629.0,555.5,570,83
fx172VUfmukRSL2aC5X=bSNX_rUffrBS.jpg,382,892,494,567,637.0,530.5,510,73
fX4D_j_EBLNqc7vKIL_FS2R=LyTepdkE.jpg,382,910,453,536,646.0,494.5,528,83
fx9dshGecu7JWUMEbP3u1iI4vQhuSNg.jpg,244,796,464,550,520.0,507.0,552,86
Fx=rnGBRhm_y4=3Llv2o4pvZ42B6LH.jpg,402,884,431,505,643.0,468.0,482,74
FxCupXO8hFHFbTqILCnzIF_FwIyxqdd.jpg,335,665,433,499,500.0,466.0,330,66
fXGc21WPKumD7Y=GM=CWSDt8BOTJmT.jpg,439,838,417,481,638.5,449.0,399,64
fxUIv3CDpprHtDEwL3SQDwxBk3TvqY.jpg,228,785,446,528,506.5,487.0,557,82
fY6ob4o15hIxzWaTCpR763YD5psCl4B_.jpg,246,784,455,538,515.0,496.5,538,83
Fydvf4KDIaIxlgtjSTTCZ3E68nlFwi.jpg,244,1044,591,714,644.0,652.5,800,123
FYg7=WQevspVZH9wiFZrgH3tlxeefp.jpg,312,732,445,507,522.0,476.0,420,62
FyGevLodfJThzKc2fIyzQxMIatfx.jpg,448,781,467,527,614.5,497.0,333,60
fYrx8MDzwhLOIipyGCIMP5=QeB24.jpg,567,1054,551,638,810.5,594.5,487,87
fz3v5d84VGa11I5O3pX9ru7vHotcja5.jpg,399,835,426,494,617.0,460.0,436,68
FZ7ogX463pOGgQ7FE8kEQCkBNxWr7uJ.jpg,416,819,415,479,617.5,447.0,403,64
fz8CS5GzxeBJSnLUcU3vp_MzKaXfdVZ5.jpg,373,814,424,495,593.5,459.5,441,71
FZ=VZGDidyBlgLjpCTdJeZZy=clZav.jpg,452,776,434,496,614.0,465.0,324,62
FZ=ZK_pzShE=fl4voblLG9oixzVSc4E.jpg,413,810,417,483,611.5,450.0,397,66
FZjqhrujlMWSZYwPjpV1f2kpsgpxrE5b.jpg,418,722,427,484,570.0,455.5,304,57
FZoJSXOmqKxLXNpj6EhsNPiK6oBMhYU.jpg,350,856,449,526,603.0,487.5,506,77
F_fuc62O77RSiH2Vk7kK_7zrv6zMyexU.jpg,429,853,423,494,641.0,458.5,424,71
g1Cy6XfDPuKonoi57j5z6YBMFFaYg.jpg,325,856,458,540,590.5,499.0,531,82
G1nbEvXGP=zodP2gzHl_iSeznmqUnFW9.jpg,400,897,490,561,648.5,525.5,497,71
G2cG5p7u=3tPk63ukxGEZTfXtZxRnO3.jpg,454,890,426,494,672.0,460.0,436,68
G2cSoJQCbBf6h8Er5FzSSxqrEDxYQf.jpg,427,883,473,542,655.0,507.5,456,69
g2FmxunU5HErFmpQklRXQc7Iyelb.jpg,366,817,455,522,591.5,488.5,451,67
G2vYZS3RRxLPRMztgWJSePK_9W4JvWCz.jpg,375,681,445,500,528.0,472.5,306,55
g35E7yye_EFcktXexlREGhWBIjvtDtw8.jpg,432,899,431,508,665.5,469.5,467,77
G3cJannKE8rx7njcE76OpJC=QoUKPPxB.jpg,436,871,461,531,653.5,496.0,435,70
G3gZGIXZbKZP=bpSdD3icI5dTPg5_cb.jpg,425,916,487,560,670.5,523.5,491,73
g3HXwLO9sTcuYCo_ZL1seqfbMdFa4Jw.jpg,417,859,433,501,638.0,467.0,442,68
G3IPPsxruVe4FuYa1W2dbqSl6c_t4RZ4.jpg,361,789,428,494,575.0,461.0,428,66
G3QzEQYveeyte5JulYHScWSfVeTtGM=4.jpg,444,967,449,534,705.5,491.5,523,85
G3YDc=VElJek4YJFB=sVZpytCtyRENN.jpg,404,784,513,581,594.0,547.0,380,68
G4Js5BIseHz9WSlJWKKDi8GzGjM6b5=F.jpg,330,743,444,510,536.5,477.0,413,66
G4NG6O8R41L2EvmLsLdkN4P8Mp4R3Dy.jpg,495,804,427,488,649.5,457.5,309,61
G4pWsqEaFzzMulmpFoS9riqbclK9DT_S.jpg,450,782,478,541,616.0,509.5,332,63
G4qgsfbfbue82ygeNtoPlUUrvzbfVD.jpg,396,712,440,500,554.0,470.0,316,60
G4rOCbOa814rD24PG8fJv5ykVsJ3nqr.jpg,351,836,442,516,593.5,479.0,485,74
g4VD16vo8TYnZrTLViJzsLDoGaTGH7Jt.jpg,409,925,485,563,667.0,524.0,516,78
G5z2Joir9YSbH1mIkU__WBPRz3cbfvf9.jpg,213,775,559,652,494.0,605.5,562,93
g693sbLSZ5vpGUb_=YUbai6cVwazB=bT.jpg,357,901,446,525,629.0,485.5,544,79
G6cEY1d6Pg6Jw7PJCXzXcYUtEfSOKE.jpg,394,825,429,493,609.5,461.0,431,64
G6suIRNirvIthjyn7gBjKgfKvvXTSlDg.jpg,368,792,422,490,580.0,456.0,424,68
g73vasVTF6Ti1jnzMgbfTwmgxHGZI_W.jpg,413,764,456,518,588.5,487.0,351,62
g7E6Za=DNHDCIGCfCn5Yyk2MVvxb8e4.jpg,461,891,426,497,676.0,461.5,430,71
g7jBKBRqJdg6zZYCGHhirwPU2aZ1K.jpg,470,791,468,528,630.5,498.0,321,60
g874zYqLeWN2twaMZiKDuPSohzW1J67.jpg,425,725,460,517,575.0,488.5,300,57
G88UnoBy4xm7BHuZ2YYvgzaMzre1S=JW.jpg,485,961,472,549,723.0,510.5,476,77
G8kW_VGqa6a2_=bFwgLoBkoV=_ftdCG6.jpg,441,867,461,532,654.0,496.5,426,71
G8QSDSW3WO8J8ecVVuz15Xq2rkwX4OU9.jpg,411,842,428,498,626.5,463.0,431,70
G8QuxRkqZuZIiCE3RFMkw7NU5jRbBL.jpg,301,787,444,516,544.0,480.0,486,72
g9EejOS7Rr_QLURZUSvydYJDGyiTx.jpg,421,896,446,520,658.5,483.0,475,74
g9gy7t=JryUyVIkEalGm4n3EGVYRlHh_.jpg,384,828,431,496,606.0,463.5,444,65
g9Jvp5YF=VjS92936h1uH3DHfk7CKwR.jpg,395,793,420,484,594.0,452.0,398,64
g9S46QbE6R6pBh7HN1wxhSssRwFjsH93.jpg,406,864,433,502,635.0,467.5,458,69
G9XEfslrY8Rq5KGyq3aHfHIslvwUvyF.jpg,391,826,460,530,608.5,495.0,435,70
g9yFZfag96ZfrW1aoQKZvG2XFkYXCq.jpg,291,840,471,559,565.5,515.0,549,88
g9zFzN5hMVVIILrKN7wNnNiwCvo6Nss.jpg,426,877,431,500,651.5,465.5,451,69
g==ZD8utVihteBqZXSlLNDKaroouqpW.jpg,301,771,438,510,536.0,474.0,470,72
G=Wp=CwGkSt3p4gnF6PGjPP8V8Bu==og.jpg,262,1084,561,687,673.0,624.0,822,126
Ga2fyCMdhTBSP3=eubDCMj6vaECFI9Rv.jpg,409,895,482,555,652.0,518.5,486,73
gasxQjk1FDElP4_Rb8I83xWjaQ_EKnH.jpg,333,868,465,543,600.5,504.0,535,78
GaX=ZxqELmVyQ6ubhfeKYmCG6brKy83.jpg,472,762,459,514,617.0,486.5,290,55
GBbptT7NIzCTbJYir62oOX5vCPCuulo.jpg,327,769,427,496,548.0,461.5,442,69
gBff7Vb7omwiwGMylgU1HtvECsikCWFU.jpg,401,759,489,556,580.0,522.5,358,67
GBH7spas2MF8ffawVOCQ9MwT5CTSR8.jpg,385,932,457,541,658.5,499.0,547,84
GbRvUvJDMtTmE85k=VF9gfBzgmlRY3.jpg,408,808,415,480,608.0,447.5,400,65
gbX_Hzr81KEKNunHQKmhffeUyJ=leu7x.jpg,376,839,433,504,607.5,468.5,463,71
gc2IX9uFl8gGiXP_46HCT2f4_r2drjys.jpg,248,831,473,564,539.5,518.5,583,91
gchTxoSZLZt6u2GGZ4x8itDTtuxt.jpg,343,759,427,492,551.0,459.5,416,65
GcIbuOM=Qk1zxSO9VkEZSibmJNHcicKY.jpg,285,955,508,610,620.0,559.0,670,102
GcLdIVRUEkITPvdZnWhRv29zLHIFv2r.jpg,370,660,423,479,515.0,451.0,290,56
gco3YHfJ6_RnabcOb=wgSymSWlDJdQ.jpg,380,1231,607,734,805.5,670.5,851,127
gcOH4dplmUFscpWg3Ktt3CxgRGMMsUk.jpg,398,733,436,503,565.5,469.5,335,67
GcWdYsB94gZu6K=DiE3TeYgqFlZKLps.jpg,294,802,468,539,548.0,503.5,508,71
GcxYXFMqbkH9nHaW=wSqNRC_nyQJoNS.jpg,359,796,431,497,577.5,464.0,437,66
GcYvB9uiL4FKqFkEXKw=R9fBjNe_R142.jpg,382,807,415,498,594.5,456.5,425,83
GD2LfQimi8_NRDLs3kvicMhVusFw8N3d.jpg,335,927,486,575,631.0,530.5,592,89
gD8PMFiiylnHPM=P3Tb6r4BUvcjWr5kI.jpg,492,823,468,532,657.5,500.0,331,64
Gd9jPRDwELYSMEDtaSFN4pkVmw_4.jpg,448,763,450,508,605.5,479.0,315,58
gdelTpVEGpjnOdbPJz9vVDPkIK6Ed2L.jpg,354,843,429,503,598.5,466.0,489,74
gdF=q5i6V9jT84sKHMpp4RSNsRm_KYMF.jpg,397,700,440,496,548.5,468.0,303,56
gDksycbZsIfZUoDzv7PJ5woacqx6Sn.jpg,504,780,441,498,642.0,469.5,276,57
gdlokTruTNkG6DtgI9qR8ESjgj97C8I.jpg,450,875,419,486,662.5,452.5,425,67
GDuICepXrw4_CU9r=QbeQppgWIRThM5q.jpg,355,821,439,509,588.0,474.0,466,70
gEB=hkZJUrTWMmmuEf9eV5Kxw_s1TGt.jpg,444,777,457,521,610.5,489.0,333,64
geHpxOxvDeWpE4UkPnBVSSsiGQauRPOt.jpg,410,986,475,562,698.0,518.5,576,87
geHR6dTCGWTQ64JWFo2J3BpfPQx4YZI.jpg,346,1001,487,585,673.5,536.0,655,98
geJ2GOl=Xx4ccYEXbCLMWthmhB5V9hdq.jpg,388,961,466,552,674.5,509.0,573,86
geKoBFvp4OfSDJ2thtLiTwCZoaMbci.jpg,421,945,496,574,683.0,535.0,524,78
gEuJvF96Cd3cSL7nekqwe1I6zbxEUFO.jpg,384,953,463,551,668.5,507.0,569,88
Gf8fo1romD64iozCPgdTIK4y33LpSUY.jpg,383,891,447,526,637.0,486.5,508,79
gF8iiorisIF9Pb2bzlxd_G9f8yJXkCL9.jpg,484,893,455,519,688.5,487.0,409,64
gFD54a8Xpi_NaYQVJWKvZyTyiOcgSBq.jpg,429,976,457,542,702.5,499.5,547,85
GfDzTDwpgaxMrLFgyKMW89W=4ckzNfw.jpg,345,937,528,612,641.0,570.0,592,84
GfmlcPczSPyetGdlUgWIb5gSx_kp.jpg,380,848,433,532,614.0,482.5,468,99
GfR_ljVdzzs2nx9FNkXUvVav=Qi9mma.jpg,311,683,454,522,497.0,488.0,372,68
gFTfJvexEDVVfNjuvEsSaeFERvKDikk.jpg,348,875,488,567,611.5,527.5,527,79
GFTmxScftpQdpF=WpbHkuuliONeVpP.jpg,144,823,501,597,483.5,549.0,679,96
GfTS=8Y2zqe_ER6Bvzw9RM5gula2z4.jpg,394,941,500,581,667.5,540.5,547,81
GfWVOa4JpSXy5eyhCgMwg1r4FKJhdqX.jpg,400,681,428,482,540.5,455.0,281,54
GG2kTCYjVjx1c_BYJBfDaX1y45hfV2By.jpg,367,978,484,580,672.5,532.0,611,96
GG4Nm7RbV4R8_XEVGQo4YtdltqPdiy.jpg,419,941,451,530,680.0,490.5,522,79
Gg4UOVeGxquH7if7zp9Fi7bW_ogcPFh.jpg,259,710,454,524,484.5,489.0,451,70
Gg9jQutXJyPxOpL5D4Egpr4rPSd8dap.jpg,423,997,508,603,710.0,555.5,574,95
GGIlWst7VXek7nDtc53ZoH5kKkpGaNcl.jpg,342,803,437,505,572.5,471.0,461,68
gGl7IIYG1K8gxHYRmS1HyPbN44o8nYI.jpg,362,883,495,574,622.5,534.5,521,79
GgMwUMs5OpFynNmqNvjt2TnRkQPm5vyV.jpg,403,945,468,550,674.0,509.0,542,82
ggovp=b_e1BkMd61j98cWu5WzsuN_ROk.jpg,389,890,436,510,639.5,473.0,501,74
gGPNsotJ7BPluzO2W1_=ONse9Odxdwi.jpg,433,785,445,511,609.0,478.0,352,66
gGQhBKHvJgG5PmpF1Ue6vL3LluMQ345.jpg,468,805,457,518,636.5,487.5,337,61
GHadC4DINX7kdiCJx4ghiV5uE2aaIK2.jpg,412,859,435,504,635.5,469.5,447,69
gHdPZY=RjGrDqbPR2JVUTUmkqWGzrr.jpg,406,915,442,519,660.5,480.5,509,77
Gi4dKb7PSVk2JyGIgpMkkoWNDaykxYf.jpg,379,720,483,543,549.5,513.0,341,60
GiirprqRGD6Bb_uSss97oov84vjHOUZ.jpg,428,730,445,500,579.0,472.5,302,55
GIjqUMimjWVpVK27oqvId8fcv26R978U.jpg,339,928,520,603,633.5,561.5,589,83
gILdqBjpssXELLPWZUf7LIvFlOu27F.jpg,447,747,454,511,597.0,482.5,300,57
gilLFpcnfnOa=LgDjEI58=mG1NdWMU.jpg,449,939,449,524,694.0,486.5,490,75
GIoD71KWHMrq1RdBWRtcPZt=TtdrxoG.jpg,483,897,419,486,690.0,452.5,414,67
gIz7rpWIftykmZLZlWgra9zroR_kka6.jpg,440,967,449,532,703.5,490.5,527,83
gJ3ZwsHVFXheMUGar2oz_HOc5RtopWl.jpg,235,944,520,623,589.5,571.5,709,103
gJ5Ura9Nx_WBMSNr9KE5KLCbn4H5EL_a.jpg,378,909,493,572,643.5,532.5,531,79
GJGm5PWyiXMjTz9HLv_4U2ddi7iUzb.jpg,450,780,476,538,615.0,507.0,330,62
GJhF2HWwywY87w=kcM1d32pot7MXC.jpg,195,736,476,555,465.5,515.5,541,79
GJLI8ZdjhaIRm6LbmcanQT7dZGvndQ.jpg,416,888,443,516,652.0,479.5,472,73
gjUykL371MsrO_ULbkTsXB6vCcVPdFE.jpg,472,782,463,520,627.0,491.5,310,57
gK3oh2PkvwK2SfknO6x1atrKYJLKrPqc.jpg,444,794,491,558,619.0,524.5,350,67
GKFxNyuLl3kuN56jQgNo8irvXNdaaUt.jpg,399,810,492,561,604.5,526.5,411,69
gKkwnGIEgUJhIGmQy519x6oZPveFTPS.jpg,380,695,436,494,537.5,465.0,315,58
GklhuQaIUUmBDSXzj7m3nJ_GRablVEk1.jpg,320,806,476,550,563.0,513.0,486,74
GKPj8w2do6e74Udw7gptSYlVSIks_aUc.jpg,480,802,471,529,641.0,500.0,322,58
gkWUXuJak6synaidl96KrwKXjL9a=uG.jpg,398,875,480,553,636.5,516.5,477,73
GkzEfYf=lj97GsdU93JfaPlhHfuqjwoJ.jpg,355,936,473,560,645.5,516.5,581,87
GlKT=HoHh6_RGBfa3wSJ_2e6IWy5W2R.jpg,279,787,453,526,533.0,489.5,508,73
GlL9swSBxCSFnOOCM_NIflQf14BF1.jpg,371,882,494,569,626.5,531.5,511,75
GLOnR9BJiNe3c3di9PYoPqzHGjW.jpg,430,742,462,522,586.0,492.0,312,60
GlPriFqETTlk7zcLlxz2gmmSTJTMP2qB.jpg,387,716,460,520,551.5,490.0,329,60
GLqwCbk6VdlTtzNapUZtr4=hGdyEOwTk.jpg,415,838,459,524,626.5,491.5,423,65
glSR4dc1WDTn=4K8iViEWQRdVuzcOvv.jpg,435,815,457,530,625.0,493.5,380,73
glxgKCu=utZPwGSPSn34u68nNUbxa18.jpg,347,875,464,543,611.0,503.5,528,79
GmdOEUy92ufiNHWIsybaDWKPk2yvv_dt.jpg,432,900,433,513,666.0,473.0,468,80
GmHEm7n6FVeMe8UrceQ5ZK1r3su.jpg,441,764,472,531,602.5,501.5,323,59
GMhPOIhaNZvV6_Zh89lq_ViWVDbDqK_.jpg,297,868,471,552,582.5,511.5,571,81
GmL5CrjkpGqolqx5SuLmRQOrWSj7gOj.jpg,445,749,443,499,597.0,471.0,304,56
gmPn6tP=kv5LhkREpYFJFcry=LIzmBE.jpg,274,764,448,524,519.0,486.0,490,76
gmuQBjx39ddP2C=jLurRJaG5vqWW4rR.jpg,437,903,443,511,670.0,477.0,466,68
gmVS9BWX83gCMujaGipYvFVU1zVP1B.jpg,337,743,419,483,540.0,451.0,406,64
GMxwaRue8DWgXhK6gkOBCMQ_=xM2YG.jpg,334,1181,602,731,757.5,666.5,847,129
Gm_hxXemZlnkGb7GO39TfxL1=xD4neVP.jpg,431,728,456,513,579.5,484.5,297,57
GN1hnyRetUpnXGzmgcZo6p59h9ZI1x3.jpg,413,685,415,469,549.0,442.0,272,54
Gn3Yv=I13xu1GufHKh1q8WdtV8PLd.jpg,506,938,449,517,722.0,483.0,432,68
gn7eUBQkii3neKWhOmYTJK3=iY54KN.jpg,294,986,509,616,640.0,562.5,692,107
GNn1xsDK4Se5i5MQdFPm3mlDzYLZiQ.jpg,432,850,416,484,641.0,450.0,418,68
GNN2jfjJFpISUafaZ9pUBUD8rcgiZJO.jpg,400,774,480,549,587.0,514.5,374,69
GNTWjzKFNyIif5iRuWFoa7wlKmYEkV.jpg,269,1231,608,749,750.0,678.5,962,141
gNXk1rMEoYbUUOs9RENGdFYrn9swDRsQ.jpg,421,957,497,577,689.0,537.0,536,80
gOc8PxIwPIhXb=XHdND1D_tmzS6UNmrN.jpg,414,794,515,586,604.0,550.5,380,71
gOP5K7NhIQqHyblgjeirlSld93=fVw.jpg,302,885,456,543,593.5,499.5,583,87
Gp5PqKbyzn6tXFH6WB_d5LyDFC9VR.jpg,450,778,455,519,614.0,487.0,328,64
gpFwwINpKD9vUg7S4XRRfQeyPGdoezi.jpg,282,842,459,548,562.0,503.5,560,89
gPnBYbCrePOBOxCklnhqywdGsPXLRHp.jpg,439,936,484,556,687.5,520.0,497,72
gpnjoew_pocv1BOkPgDevZvreDCcDzvC.jpg,381,937,465,550,659.0,507.5,556,85
GpOtrpvlTQ59aIl2YK3yM5KVhH6KYz.jpg,410,860,430,502,635.0,466.0,450,72
GPWaBXG76iPDhgyG85UWF8xDUyw5QyjF.jpg,409,754,476,540,581.5,508.0,345,64
gq7nisF9kHyL4ZfndUT_G48TmvN=13.jpg,270,742,441,514,506.0,477.5,472,73
gQ7z1FBFrkgqI9b2uLf2Pu4DsZSaF3G.jpg,473,904,454,522,688.5,488.0,431,68
gQji7XKNly7X2rqsbxXh775yNvP8N5Q.jpg,381,934,506,587,657.5,546.5,553,81
GQjZ7vJcDlu2Di=3iClthGZKdQoS_E=.jpg,259,789,442,519,524.0,480.5,530,77
GqRpN=BgUEP2oyehCTaIZtb2PHqnB.jpg,373,957,520,610,665.0,565.0,584,90
gqR_SEH728BvSvL79dHJI9KS69WgQUJ.jpg,420,895,443,515,657.5,479.0,475,72
gqSsIbqRPLH983ZVYGL7GeYGiWxLe=W6.jpg,357,766,448,510,561.5,479.0,409,62
GQsuGcqxYb7cKRh7lFliO_wOV_fZ19j.jpg,394,882,461,532,638.0,496.5,488,71
gQVf4zNL4Gkjmky4za45doz9bTWqWTW.jpg,355,917,469,555,636.0,512.0,562,86
gq_UTNYnnKbeZSjfC7Ttyx8dbFZLamrs.jpg,336,871,458,538,603.5,498.0,535,80
Gr5GzaG4nSDEVlV_kJJ1Idsfhc9rN7j.jpg,435,881,414,493,658.0,453.5,446,79
GRCLLShDICcS29SSDznEpPRyD5FN1v.jpg,338,921,489,581,629.5,535.0,583,92
grhCuP6OnWnlCDCFWqmB6yhoeNGX1y.jpg,323,763,425,497,543.0,461.0,440,72
GRjKr8nZB4vjR3ooOa2rwog=oiE5yhs.jpg,393,912,464,541,652.5,502.5,519,77
grM28ClqzhS1i_aDn1cPQMppacwCtjm.jpg,325,1114,545,674,719.5,609.5,789,129
GrQbLLxUbrifiSWJjzEfwI5ypoG5Jzwb.jpg,267,1086,551,681,676.5,616.0,819,130
grT1eghvWte_2SBUtmtfeJNez97XchZp.jpg,295,855,453,535,575.0,494.0,560,82
gRTCXgFO9Vco2PBSoxw2zUPSyez8blW.jpg,534,985,473,556,759.5,514.5,451,83
GRTP4ra1mtaw4FsxV=1B3=7jCkSKVU6.jpg,386,999,489,582,692.5,535.5,613,93
GS8ntjND=SJNCgjLHqQpLQcw61QnQMz.jpg,383,738,441,511,560.5,476.0,355,70
gS9CXQGlXvk5tDyoI_1bJoO=Vp4Uqh64.jpg,295,767,442,517,531.0,479.5,472,75
GSh2_jv5CT9S5BsoaLGxc=CNDVul9wO5.jpg,234,807,472,560,520.5,516.0,573,88
GSIpxecj7mH8=9TYnkUU_as4xG2oJWZ.jpg,422,808,439,501,615.0,470.0,386,62
gSpbgEQX6rkRmdojNHycXrCPufJ9py.jpg,347,691,486,549,519.0,517.5,344,63
GST2ewoJXo8eBgMRpiwCyDFRrrNDOMg.jpg,324,759,436,502,541.5,469.0,435,66
GsuDCLRhK1PtkGRkVq63aEMj4=hEOuw_.jpg,340,667,439,498,503.5,468.5,327,59
Gsx6Vktu2TYSMde=_3Y5fSBXIY92N6fq.jpg,509,950,423,491,729.5,457.0,441,68
gU1skds4LrsLWuEger8RReaJKuhCsO.jpg,393,822,423,490,607.5,456.5,429,67
GU2TFyqzvKmQO3ZSfYfL14Uc9x7d8q4.jpg,366,830,432,505,598.0,468.5,464,73
gU=RHonJmoZTcqYfqdY1IPnq9je1Q_.jpg,455,726,413,468,590.5,440.5,271,55
GUDvxdMUWjTFJNvLrbNofquQfe_mo1M.jpg,349,877,456,536,613.0,496.0,528,80
GUI_Vmg65aBPd1JihCxny_R6uPfxCcJ.jpg,333,872,487,570,602.5,528.5,539,83
gujwPsYdiZ5HltDaSK3MnX8PXLLvk6w.jpg,118,712,521,609,415.0,565.0,594,88
GUL9WjftGZp=GsXcp15QKCZNrmla=cn.jpg,486,1052,501,590,769.0,545.5,566,89
gUMnQm8=IPGXocED7_DPzYtGGY6vl7pe.jpg,247,790,459,543,518.5,501.0,543,84
gUtKM3tbwcI4UWh4HkKaRtO6mRh8WVLr.jpg,352,747,417,479,549.5,448.0,395,62
GuymTwxPzsrFwKtHFJyZkSaO7QE7XlDZ.jpg,421,848,461,529,634.5,495.0,427,68
gUzQtVZk46z9OhdqYN_DSbpbn8JWgCF.jpg,504,822,470,530,663.0,500.0,318,60
GVffOp9mWrZ328UKrEdtUh4=BF2h7Pj.jpg,398,757,456,520,577.5,488.0,359,64
Gvfq4sYZxCqvVZsNZUTEoaiavCPKMPw.jpg,330,645,473,531,487.5,502.0,315,58
GvGd7UaEJhrdmkZ3akRGxhFcxM1jCeh.jpg,351,802,457,527,576.5,492.0,451,70
gvGzCxByDkDETf1cgX=Ou9IXnYpSk98.jpg,413,950,503,584,681.5,543.5,537,81
GVMKKyGhY5D5dp3b_NcSJ9RXEnlp_zjQ.jpg,436,739,463,521,587.5,492.0,303,58
gvnL7qBCO4mV4v2sZ5kszflbz4t6FfT.jpg,421,786,498,568,603.5,533.0,365,70
gvS5W6pz6zDUrdJI6xnIdxCoIX=inoKZ.jpg,284,820,459,546,552.0,502.5,536,87
GVte_piMM9iw6dgzJrWciKoz3DK__kq.jpg,206,994,534,652,600.0,593.0,788,118
GVZ54FzOKREGnZQZqdUax_h5elOOO.jpg,470,805,448,509,637.5,478.5,335,61
GvZEPegoy94VDPNOWMn3swNgw1JYSw.jpg,240,828,524,607,534.0,565.5,588,83
gw=GVrFtjE7M3HPzPeCiVOuYY7f2Iy.jpg,411,831,424,490,621.0,457.0,420,66
GWInYk4xp3XRMpJIfQKUvV3LdZXupY_F.jpg,360,684,457,516,522.0,486.5,324,59
GwNPrYDbyMg5O_TdKXyKQR_Hs_4VKr6.jpg,335,905,468,552,620.0,510.0,570,84
GWpPtsrgkzCh6swcFHCfS1fM_OpSxO.jpg,363,839,438,512,601.0,475.0,476,74
GWPy4N966JSkOblbJxduFnf6JP7k6O31.jpg,409,773,499,562,591.0,530.5,364,63
GwR6eyKZkS=LZstFQbxrltpSc5Wf1VI.jpg,310,835,459,538,572.5,498.5,525,79
GwYNmPH6eHbbbNq=6bQQ3jm5ayi2miw.jpg,393,851,437,523,622.0,480.0,458,86
GXbsEm=TTkToppp8KOWxX_tbK6pKi9f3.jpg,340,831,455,526,585.5,490.5,491,71
GXeXx2BquKeDgYm9uyv_a3CZoBx9tZ8d.jpg,376,827,432,504,601.5,468.0,451,72
GxiEYDR=5677f6nkhyYZL=vkIG4xVTO.jpg,408,820,425,489,614.0,457.0,412,64
GxJjGfoXkvQUmLlYtoP9TvONuhlGm=.jpg,298,815,458,533,556.5,495.5,517,75
gXJXYbFmcghpFVMsy9g_jEdas1q2Db3.jpg,359,859,452,526,609.0,489.0,500,74
gxT8huPkQZ7wIwVdNzmgb=VFTkcLYee.jpg,387,951,507,590,669.0,548.5,564,83
gXXp=j_UDGYzISqNfbBwXQRgDrhRPd.jpg,375,944,507,596,659.5,551.5,569,89
gY5QeqfY=OmJv=yykoXvXsVqyKfLBnpi.jpg,301,832,457,538,566.5,497.5,531,81
gY9V9pknMzf_6QjyWj_wv1_eJjhMfO.jpg,475,781,436,494,628.0,465.0,306,58
Gyank7JLLbevhgIpxPsJCbIeU3gV=f.jpg,399,801,420,481,600.0,450.5,402,61
GyLE59Ds5qCBt8UZVc62vPZZ1hKKifq.jpg,387,890,561,645,638.5,603.0,503,84
gYSPoqQxdjvswqMF7DxLT61EKb4FTLOS.jpg,330,682,466,529,506.0,497.5,352,63
gyTfGzvXOyswhjLIKHrHIIBVLMGxdQk.jpg,495,811,465,524,653.0,494.5,316,59
GZ4Bl8ha3CJfF4GCdo_2qXcgpTrEzDlR.jpg,379,942,469,555,660.5,512.0,563,86
gzBwC1Lg6fnry5kceEHXVLWUjJTV3c5X.jpg,334,686,483,545,510.0,514.0,352,62
GzlJe2Bcxa7JdkbdxariS2GXDpk8Tyle.jpg,448,754,458,518,601.0,488.0,306,60
GzLRG5E6n2FkPi5Gw7sliaaRwfVJzvV.jpg,462,902,427,497,682.0,462.0,440,70
gzqKhsqxZI7S2CzUG9k8rjIG1qCeJtY.jpg,232,796,514,594,514.0,554.0,564,80
GzycnSYu=DDpzefQLoPI8c3f9WF6bwuo.jpg,382,818,416,480,600.0,448.0,436,64
g_cZETwmvDxnUgWPaYWVtBFuuH6FI5.jpg,409,896,478,554,652.5,516.0,487,76
G_mdOTHBV3Wdyy9YCfg4yd2Z_shN4XTq.jpg,466,883,413,477,674.5,445.0,417,64
g_QiW1qmm8Z1rIdqwKzVYDKsuO4w1.jpg,457,925,475,551,691.0,513.0,468,76
g_SGhu7aBTC77CcjHu2mV38w_r7sCwQg.jpg,425,921,487,559,673.0,523.0,496,72
H15oBGWtqVVqrKn9oK6LVuG3whtjfPu.jpg,316,784,439,508,550.0,473.5,468,69
h1gE1POddBlwPwQUuQPpLrXi9l7a7Um.jpg,321,827,486,562,574.0,524.0,506,76
H1h7KZqsJxdk=c6SXMOX8oYzzPtjgKCn.jpg,365,929,468,556,647.0,512.0,564,88
H1nY25YBnKSYQuqZ1IjWtNXdKu4RYTFT.jpg,391,895,484,561,643.0,522.5,504,77
H1qDOWdw48=wHen8wDrJVPc2tMT1Hz1X.jpg,342,901,518,596,621.5,557.0,559,78
H23TeEBrxdnE=JctbksW_2MlEwiG2jtY.jpg,284,837,426,502,560.5,464.0,553,76
H2ICtjFMYrs4OTiozCVjT8_VT5nLv9aO.jpg,446,957,482,566,701.5,524.0,511,84
H2nbpnQsjZDhJiTaQfUPkkWZVdZZ=qe.jpg,385,813,421,490,599.0,455.5,428,69
h31TXP7FDlNO=quaMbEhmFOB7tlldWLD.jpg,455,982,459,538,718.5,498.5,527,79
h3P1hGZvnIcZzQBOnKvSwDxV8MouEOkz.jpg,409,858,424,501,633.5,462.5,449,77
h3sKiXC3v1TO6leed2ra4GzLVrM_4Skd.jpg,447,738,426,484,592.5,455.0,291,58
h439RGZb3MlrIcS6=e2pemEBC5jU=FEw.jpg,327,669,450,513,498.0,481.5,342,63
H43cP=GucJ1NMHV2V2UP2ww5U4eQ==a.jpg,421,851,457,525,636.0,491.0,430,68
h4kzUtXR3dO8z_QnkanpvTCQkXOZVTv.jpg,213,854,494,590,533.5,542.0,641,96
h4O73vFN9wOJq5o9G=IssgECMaPQp.jpg,571,862,445,507,716.5,476.0,291,62
H4P=VR9bHyOh1o4eFk2bFyS6fFjX6pbU.jpg,301,830,501,578,565.5,539.5,529,77
H5fXe3BQRN5bkztnZlyKZqgL1Ifsfj.jpg,404,861,469,538,632.5,503.5,457,69
h5JkHssmBvP4YmupMjJ3mwgneH726hmr.jpg,428,863,463,528,645.5,495.5,435,65
h62OrIkvyLbEdc1DIZw291mQUIwtoD.jpg,305,754,430,502,529.5,466.0,449,72
h68x2LdappP1Ul1zap4csr9DLrlo7Wu.jpg,398,902,452,527,650.0,489.5,504,75
H6sH8vvDd3n=rG9EnjJOS3KdPFBrCb1.jpg,266,779,450,546,522.5,498.0,513,96
h7DLogufIhr3hFDweUvz9HqCDjjf6C.jpg,385,882,434,513,633.5,473.5,497,79
h7Dr2cJfbqSI763=6TabsX=vDl2FdKJD.jpg,327,776,429,498,551.5,463.5,449,69
H7VhqRCsWFUNEZa4sz7fltROIdeqhxG.jpg,473,752,442,496,612.5,469.0,279,54
H81djqZnKZQXDxba1nMnjEfzL9G5wK.jpg,194,811,491,584,502.5,537.5,617,93
h8EY1f9LfBhvcyrlPgZLNB8i_43CVD.jpg,249,780,446,525,514.5,485.5,531,79
H8kYqqrkh47ZNUbFeaK35oi4Wko1bvs.jpg,336,864,502,577,600.0,539.5,528,75
H97HxBl1HWs=6NJtx9gyi=rBTuH8hjR.jpg,407,956,509,594,681.5,551.5,549,85
H=szrozXIYqm3MG2q7oNeeNf8rGaSUF.jpg,429,855,421,490,642.0,455.5,426,69
Ha3vhm6k5ErVLaE_qE9Y6tDGgw=gkzq.jpg,184,842,510,598,513.0,554.0,658,88
hafBjudyc2ppCQ7oRTbkyHlRHSz3Tiy.jpg,355,761,419,485,558.0,452.0,406,66
HawPaqbpHtV9u3e1aLdbqaodQaOUJg.jpg,400,835,423,494,617.5,458.5,435,71
HB6Q1PClXLT=wqMEem1ipQWJ2xtKywT.jpg,422,781,455,521,601.5,488.0,359,66
hB9f3xdBsDlxgrymYP1jFGEIGwvy9SHl.jpg,440,987,461,545,713.5,503.0,547,84
HBCVYfXIo6UvgKi9MKmCwq=ZQFoUIz.jpg,236,834,557,657,535.0,607.0,598,100
HbIuVkdDCKwlhMNIvO2l9Q3OHI=1t5_w.jpg,444,848,466,533,646.0,499.5,404,67
hBZuV421JpYoqidH9EFQP1mgxxE1da=.jpg,377,671,441,496,524.0,468.5,294,55
hCawfsTjpHqIDl8SgjF7yyI9lJizZS_S.jpg,375,919,499,585,647.0,542.0,544,86
hCJ7Lners5PxJbeF_RQz24FPyDSy5Q4.jpg,308,798,446,520,553.0,483.0,490,74
HCSN76r2nMkwEG_qHrr4hW2j9xzujP7F.jpg,229,808,474,561,518.5,517.5,579,87
hCww7_EBu7ohsdwXTZrsCLba5MxrRNY9.jpg,265,776,451,531,520.5,491.0,511,80
HDcB4cY29bmQ7SJzrMDsht3SzvPPeqg.jpg,335,917,482,571,626.0,526.5,582,89
hDi3TJD2GaPdCSuDrQX2c3Tx1Jt_o3L.jpg,462,897,428,497,679.5,462.5,435,69
hdmiapGsaxstxn7UmOsOQOSbVB34rkCR.jpg,217,795,473,558,506.0,515.5,578,85
hdpHOLl=LBngQDLZ4xbXr=NC9=3jknuy.jpg,465,771,424,487,618.0,455.5,306,63
HEb2X8K3Fb4gqa5N2aDkJ4VsH2biVLoM.jpg,466,820,482,549,643.0,515.5,354,67
hEfw8rS4XnlJNUHs2Fh3zMgbHentz.jpg,438,1031,523,613,734.5,568.0,593,90
hEkOXTjlODrPcQZy8bbKkT=gI1UYdE9d.jpg,460,857,410,473,658.5,441.5,397,63
HEldpnXjViLCq7vMpcpda93R_P7stgi.jpg,359,784,433,499,571.5,466.0,425,66
hERHaVb8nyVyrdG3Hr_2azq3icdnVU=c.jpg,445,742,438,494,593.5,466.0,297,56
HESdhyPd9Ybufck6L9D1kHCz_cSf6.jpg,408,841,459,527,624.5,493.0,433,68
heXVb=5kUYHUFBl6ojD8vLYyrSKxnJ2.jpg,314,848,502,580,581.0,541.0,534,78
HEZuF2bHBQpz3pLOGaL2Z8hWtJlGYxg_.jpg,400,704,440,497,552.0,468.5,304,57
he_omHzjgjvflBOdmwZLF3giV5pBsWel.jpg,152,690,475,556,421.0,515.5,538,81
hf1ISkn1lXHtj1c8oOLndcaoRJtZTU3.jpg,490,879,482,554,684.5,518.0,389,72
hF8MiIDJnrZ7xyFDfRfNx6M5LSNbHp5z.jpg,421,883,434,507,652.0,470.5,462,73
HFC91IWeswVubBnYLUI4e=3BwVH_My4p.jpg,415,888,438,509,651.5,473.5,473,71
hFDzSz4y9JMWDRDuf_dUg2jhrYiME6Y.jpg,336,897,512,590,616.5,551.0,561,78
HFE2_gR=GWdYx_hF8uShLq_IDGY9ebkO.jpg,480,799,468,528,639.5,498.0,319,60
hfPO8svlCihqn8dTEoHxRSXb=XDdzw.jpg,424,700,430,483,562.0,456.5,276,53
hFr6eMUnDa6T8=tIM58BuJHyaugQltg.jpg,327,844,445,527,585.5,486.0,517,82
hfve67=v7ZCYPlKuZb9fUl=jpaKkg2X.jpg,429,826,414,491,627.5,452.5,397,77
hFXxDn4vG=tI84Wkqu8X9YZdewHXKFja.jpg,389,804,449,514,596.5,481.5,415,65
HG2fwW_yilLsto7WJsSd=I15OQdiWmv.jpg,274,821,457,542,547.5,499.5,547,85
hgbT_XPL9aVZ2tDiOWT7o=xOZDYd3GDw.jpg,384,836,438,504,610.0,471.0,452,66
Hgc=Goujrd2JVEMgCaR7tTo9ESmskdb.jpg,337,833,446,521,585.0,483.5,496,75
HgqQwIRDgfjjsBunKYYnuytMD3hMaZjU.jpg,455,902,464,533,678.5,498.5,447,69
HGvxBwHEOQxknL=PCLaTGGv5_xcQn=hY.jpg,435,866,420,498,650.5,459.0,431,78
hGYhgbpRm9bHe4sPpnCPb9cPrHV6v.jpg,407,846,421,488,626.5,454.5,439,67
HG_k6x2_hsKa_bORffUYJQtO9=vycdU.jpg,389,815,421,487,602.0,454.0,426,66
HH8hwuNn6aCpKttLU3P56v4jFSKHXhkp.jpg,379,773,479,551,576.0,515.0,394,72
HH9FsUR6F_HbYgl8jUkiybdHkHVeG1.jpg,406,938,498,578,672.0,538.0,532,80
Hh=gSUQK5Zbx=uPWcSVx3pEOmhD9=P.jpg,504,780,425,481,642.0,453.0,276,56
HHfGKMQIq3jdCEi3m16N=oUg5rj=GX.jpg,304,845,464,545,574.5,504.5,541,81
hHO9Gxt9jVOtYSanWF4FnTItprZjY2fF.jpg,464,796,451,512,630.0,481.5,332,61
HhQVfrkow786ND_PztJJycUNMKvXLVl.jpg,453,771,466,527,612.0,496.5,318,61
hhQWPtPNy8KL41CIpObUtBEy=ietnFbS.jpg,357,673,450,508,515.0,479.0,316,58
Hi6wmrcSHsNvyj8GXWDw1la8b3hEJd.jpg,500,892,510,584,696.0,547.0,392,74
hi7C_FuEukyc2kH7Ck761PD1oGRCzG.jpg,430,733,431,494,581.5,462.5,303,63
hIpQ9wUgvwWGVOzDlo2tIXcBsPK3NpxE.jpg,328,755,419,483,541.5,451.0,427,64
HIrnYugOl6qGKxBi=hWUBEuD2l=mGrpN.jpg,341,775,446,512,558.0,479.0,434,66
HIy==2xi5FPBp1jHCtEMwiF4Xwal_W.jpg,437,747,463,521,592.0,492.0,310,58
Hj1P4UMc2vvPJZvNCwqs=zK32PsaOgjm.jpg,329,1003,463,567,666.0,515.0,674,104
hjI66h9DRbHUZyiIrjkBGpaJGltW9PnI.jpg,303,809,482,560,556.0,521.0,506,78
Hjo55GYd6NT3Uik7S=FpiqUDFeltfzW.jpg,433,713,423,480,573.0,451.5,280,57
HJVeQ4ZuiK5sQBHKiXoTKn5g2zPQrL3.jpg,437,954,498,576,695.5,537.0,517,78
HK5ci_vmJDreLS69_GYfrzWOPyEloKX.jpg,388,790,451,513,589.0,482.0,402,62
hK7UPk21xH1f6bmwn=cWg3dGgCHcYLWY.jpg,418,904,475,547,661.0,511.0,486,72
HK8GRPQKFf5h72GgSY1iONz7Mv=R7cb.jpg,380,818,458,521,599.0,489.5,438,63
hk=MxrsdDDTafK7yM1ccU_rCSqVYdRB.jpg,444,815,447,518,629.5,482.5,371,71
HKa=ggXYEKCMRYC3ngT7i6KdPsdeMo.jpg,440,914,444,516,677.0,480.0,474,72
hklvTr9UHF6RT5gelGz3BsujM_hbkOST.jpg,399,907,445,525,653.0,485.0,508,80
HkPG6H6J_bujHQCx5cbf1gTQQuw4WBJ2.jpg,240,794,480,557,517.0,518.5,554,77
HkpGIFbk9gTz7wLwVg4v4STE51vwV2p.jpg,382,832,421,489,607.0,455.0,450,68
hKwmveMNBkB8_rGTQXQH7t9VKJ1VkQrQ.jpg,291,778,442,518,534.5,480.0,487,76
HKWrpXH53WoOgnxJK5sNf=C1iuFDgqQr.jpg,383,816,418,480,599.5,449.0,433,62
hkxXYMb8HjltlB7w9efOZBDG3XD9Orp5.jpg,315,828,496,569,571.5,532.5,513,73
hL4C6ZfUtuIpZRnEI1ahVdFe_v2R8UL.jpg,369,774,421,482,571.5,451.5,405,61
HLBCrhT225CV3UMb5I5Y_kpym9zLDz.jpg,378,821,456,526,599.5,491.0,443,70
HLHrO59C_D2yogzzlzy4qj4VH9D5lg.jpg,446,873,420,492,659.5,456.0,427,72
hLKmiTWc2RcCCpjlI1vzSmigItjo2e_.jpg,369,841,435,507,605.0,471.0,472,72
HlQCOBfm14evgrYlkPhGI7WVUQYPXe.jpg,470,771,433,493,620.5,463.0,301,60
hLUl_SWPJFjkF3pbw_B=tan89g2ygQF.jpg,428,923,436,512,675.5,474.0,495,76
HmFpBaIotmjnLpLV6szR4SDuo9qhl8.jpg,289,863,520,598,576.0,559.0,574,78
hmopcl_Fl96nGqbZNpyFZYm39RC9Ma7N.jpg,438,847,452,512,642.5,482.0,409,60
HmPNkaDVPNcPbotwQGPRJObJtX_3gQ.jpg,255,845,493,574,550.0,533.5,590,81
HmTqfnQYCa1oMxShcbumniqztPz3DP.jpg,316,858,451,532,587.0,491.5,542,81
hMvjZDcavUjR2Im6=qYu4wg=tLKTOR=c.jpg,451,766,446,504,608.5,475.0,315,58
hn1vDvc9HI4Fgo2N71nGKucrT_uyjdg.jpg,130,918,544,656,524.0,600.0,788,112
Hn2tIQ8HSH1UUYfEXuN2kJL8qwz2f2G.jpg,444,791,481,545,617.5,513.0,347,64
hNaU5J6EVbQLE1ukTLeanVHug8dBV4G7.jpg,403,848,434,500,625.5,467.0,445,66
HNP6vemndFQrnDCwJu9_FeDFXGD9MNc.jpg,422,855,421,511,638.5,466.0,433,90
HNURTFUoCkScPObSrudIzNg1dgevgb.jpg,197,704,452,531,450.5,491.5,507,79
Ho93QHmF6sxF1p244TP8QR8rKnYMcN.jpg,196,831,502,592,513.5,547.0,635,90
hoE17IP9spyf3brMf9B8OaiJkzbwm1_G.jpg,329,743,422,487,536.0,454.5,414,65
HOM=fL7MhEaK3EJG9qY2t3yzBpVhynP.jpg,343,941,525,612,642.0,568.5,598,87
HOo49jBP3pRd7NyvSseInBr2qqiVsC.jpg,443,846,414,479,644.5,446.5,403,65
hoRtHc8oNm3lrr9XCZTmN1jKPzc9kMn.jpg,397,830,426,496,613.5,461.0,433,70
HoweFin8cNS3EmlFgCxPurdPjIzz1W.jpg,393,877,490,561,635.0,525.5,484,71
Hp4VBD4w2dOGf2qI_h=FEZ53Ej1rZjy.jpg,387,789,522,594,588.0,558.0,402,72
hpLe=m2rXinTELCGfFM46N6GoDL3y.jpg,410,828,415,477,619.0,446.0,418,62
hPmjK4_y_BRs5Rj4pT=aSPahOBDULnO.jpg,388,809,531,607,598.5,569.0,421,76
hPueZkQBzub1yIveCVBxuE3iiXrKUWG.jpg,433,867,425,498,650.0,461.5,434,73
hPVDkapqPencL=3XMtd=8RBEoT6QxBF.jpg,374,897,492,569,635.5,530.5,523,77
HpVnHN8pYcFRJVL82IcRIhPG_S76LZ.jpg,341,671,438,503,506.0,470.5,330,65
HqbPyFmKjwnwqEFjszp6P5Ig8QbCL.jpg,268,759,476,549,513.5,512.5,491,73
hQNyGV1naeEDhh2gDu7J8KVSnttdNV.jpg,401,818,425,488,609.5,456.5,417,63
HQTdbigyE57fCZUWQRnTWpmaDV7PE1o.jpg,264,701,456,523,482.5,489.5,437,67
hQU9kHMyDBcnD2fRlgHPxwa=IYPpiQOP.jpg,329,853,494,571,591.0,532.5,524,77
HQzysHrJlpFuzLRHaYYN4zf6GISTEsm.jpg,382,938,449,535,660.0,492.0,556,86
hR7Y3eMewIJ_Iyx8G4PTH7gq=Lc5Jxl.jpg,375,790,421,491,582.5,456.0,415,70
HrBSIrfpY4BzeZOU1pw3feUY5Yov7K9G.jpg,416,942,503,581,679.0,542.0,526,78
HrCoMa84PdfseokrKQgK4pEKXfZpgD.jpg,423,962,494,578,692.5,536.0,539,84
HrIIw1k6sgE6h486=pzMIa7nWmIOv7p.jpg,368,660,439,494,514.0,466.5,292,55
hrjJMDppIVXyT5ec=K6Rp9RW4yn1n2d.jpg,420,928,456,529,674.0,492.5,508,73
hsjRQdRNELJfkWffT9PQRIjRmU7a.jpg,469,922,423,502,695.5,462.5,453,79
HsLFtcbZxHvoG4Xc_=ipzzSRp2wcV58X.jpg,394,839,452,525,616.5,488.5,445,73
HSlzQPOwdgGgjE9qcmQBLFEOfMyNVrCl.jpg,398,728,455,518,563.0,486.5,330,63
hSvB4kM1V435WMEjyeQiLyO__ccKYv.jpg,363,806,460,530,584.5,495.0,443,70
hSw5f7uHg23Bw1jzRiMT9iFu=7si=m.jpg,353,706,463,526,529.5,494.5,353,63
htc9cDla1VUYXYuwLj8R28Xvq2SGdYY.jpg,350,839,435,508,594.5,471.5,489,73
Hthe1PEfbJPuzh3x6FHC1ouFG9moqwQ.jpg,434,869,466,532,651.5,499.0,435,66
HtSOGY6hWz6a91VCS8UU6qMTBX_JFu4.jpg,371,901,452,532,636.0,492.0,530,80
HTS_bgORunZn_k3PvqKtruzbvak3ac6.jpg,407,927,452,529,667.0,490.5,520,77
HTu1kwf=MdYph8mvTJwa8imm36CBuBh.jpg,362,880,454,532,621.0,493.0,518,78
HTZzgBNZ2HfpFiOm=X6GVfStKM2VTB=K.jpg,434,958,523,620,696.0,571.5,524,97
Hu9z57ey3pEN9Q5qbIy4nD5cOhPkyPaJ.jpg,338,773,455,519,555.5,487.0,435,64
HUcYe_mCuQu=6Sseux5qLszPtVoRC7e.jpg,409,841,462,531,625.0,496.5,432,69
hud=E5GToPYhbntcMtC9smOSHN2rlIn.jpg,455,775,472,531,615.0,501.5,320,59
HUgX=EZJwt7dSY1kOb5R82Ooki_Fl=.jpg,367,653,437,491,510.0,464.0,286,54
hUR9tvLap3ifhfYcyOgeP_KQvHDzeO68.jpg,373,915,491,577,644.0,534.0,542,86
HUTiQN6JVfPDLMr2tfN1iTE84wkc4T.jpg,436,764,480,541,600.0,510.5,328,61
HUx9XEPjUkJUFBloT6KEJ435VZtY6xeX.jpg,423,903,479,551,663.0,515.0,480,72
hv2JBHzPxVjCoqiGWneH1FV8Gyiq5IF.jpg,437,729,436,492,583.0,464.0,292,56
hv4biI5fouVDOsTj3NVNX9_yVzuxzNzQ.jpg,352,654,425,486,503.0,455.5,302,61
hV6XTR6R=H5jHBehToMthHd3EKqugp6.jpg,308,767,422,491,537.5,456.5,459,69
hv=pD3TkSvWb1BrCT6tob82164DlBN=e.jpg,427,950,497,575,688.5,536.0,523,78
hVF3=nYcCBM4b1HJQza1pkgR24rdT77.jpg,350,783,425,494,566.5,459.5,433,69
HVjTlKHeXBLOJtWzQGh_vGirKDFaxUpi.jpg,304,757,426,505,530.5,465.5,453,79
HvK8lHq3LHjMkBUPX6JCuc5pMOHXDfuL.jpg,146,808,495,588,477.0,541.5,662,93
HvN_g5cv3L=Hui7U9pEk=NKMsUhf9c.jpg,365,910,500,588,637.5,544.0,545,88
HVqab1gBM2YJwfbLENqBoMghG7B7ySi.jpg,405,727,470,530,566.0,500.0,322,60
HVsRdKqWWly4Rw34=SJfZl5B8NrnJdxe.jpg,440,897,455,532,668.5,493.5,457,77
HVtOHpecIRg2=sy6EhGpsEoOwY9F5jmU.jpg,465,775,468,525,620.0,496.5,310,57
hVur3f9U_LrEERy7peVHhE5t8=4JvhI.jpg,459,911,438,507,685.0,472.5,452,69
HVvZUqCLmTV9GkLsRP2BcvGOSNLI6MZ.jpg,405,759,457,521,582.0,489.0,354,64
Hw3a9TKO3blgX7ddwwvxkmBiW7W3GzB.jpg,359,856,429,505,607.5,467.0,497,76
Hw8PSQ5tFgydbq6Nl1CPEepnHyW=7Bi.jpg,428,740,468,525,584.0,496.5,312,57
hwjFd44Syi1gSxXDkhYBNDXcosSa.jpg,284,782,484,559,533.0,521.5,498,75
hwU1DkbnyfiyjP4e7dFiE8TrHEU1K.jpg,331,790,426,498,560.5,462.0,459,72
hwXNG4YXPy_wHI1SVWnQu=ca7XJSVy8.jpg,348,878,455,536,613.0,495.5,530,81
HWyfx_yzp85gkm3Ov93v7ON2EMcJcls.jpg,342,904,460,551,623.0,505.5,562,91
hXfBrECoBZMTTyw9nHsxbkoNhzC_HLHm.jpg,536,906,490,560,721.0,525.0,370,70
hXikyQrpP9HxTXR6oQO=ilD1lkfj5Xv.jpg,386,729,485,547,557.5,516.0,343,62
HXKbyX9uHQ1JX_Zuna7n6vL=IxgWPL.jpg,198,686,541,629,442.0,585.0,488,88
hxxUjUI1d8I4rG14icRVuhYppueJ1d.jpg,400,683,433,486,541.5,459.5,283,53
hXYIJohIgoWNdjzSTeR4QLmzrZy7nB9U.jpg,286,770,443,519,528.0,481.0,484,76
hxZfFtY=k7yk3ZPkHPV4UTDN8GJE=3Ha.jpg,462,829,503,570,645.5,536.5,367,67
hyb5Z1Eq_YL5NetbVVwJsHkkC7qcawH.jpg,314,877,465,548,595.5,506.5,563,83
hYgUojg_2Z_Js724YO8m88zZB1bT_Th.jpg,395,793,462,536,594.0,499.0,398,74
hYlC7RCaR2uHNcU2Cg2SztClnvZmTGJ.jpg,404,922,496,574,663.0,535.0,518,78
HYMrX=_qN9CGeRVQHnfj3tu3e9=eINHi.jpg,361,836,440,515,598.5,477.5,475,75
HyN81ixLxuIxIhCK4=jBlyHv25LQg3x.jpg,381,829,419,484,605.0,451.5,448,65
HYNLKhd=bbap21QjglpuwGFBnx8dgWO.jpg,402,845,467,534,623.5,500.5,443,67
hyOuYYm6SsVQu4rVSKKhdC=j_KNVmR.jpg,447,950,492,568,698.5,530.0,503,76
HYrpSJlbBT4gdKxpynPiBe34QFYS=W.jpg,425,782,484,551,603.5,517.5,357,67
hyshZqJ_ls9KT6UYx56u5TLcfgT37kBf.jpg,233,878,493,587,555.5,540.0,645,94
hyu6PGlx1e6bu41OqhD5sd1OL2bifrk.jpg,404,954,498,583,679.0,540.5,550,85
HYxCn7q1n=Bd58yNDIPmjPwWSma5KBEL.jpg,448,734,428,485,591.0,456.5,286,57
hZ=IIMzz1xlO1viCZHuqyRJW_L_TBtm.jpg,330,733,442,503,531.5,472.5,403,61
hZB6dmD_pQEQBBaU_fOX7Z=hLpVrv5s.jpg,397,889,481,556,643.0,518.5,492,75
hznphVPcFDPbTBK_U_EanmD96T97e.jpg,298,761,421,509,529.5,465.0,463,88
hzw9lHEXmzLFK5V2BnoLsHWh_IUNbs.jpg,414,825,446,513,619.5,479.5,411,67
h_1N_BC2rdjoCvE3ht84TbvDfa4_te.jpg,390,820,459,527,605.0,493.0,430,68
h_IsEsoPgsSaBjfEpsqzkP4OUG9VUhN.jpg,326,1128,633,755,727.0,694.0,802,122
H_wuf=LTrweiUiSoHf8sl9c=hNxGbTQ.jpg,312,676,504,570,494.0,537.0,364,66
h_XsD=IsZx9NLTuDP_ozgB=_xlfLJkQP.jpg,354,893,456,538,623.5,497.0,539,82
I1RvrcJrhZpca_ueQ_Zs8topfwCx1kQ.jpg,399,800,413,490,599.5,451.5,401,77
I2GzUx2GkFpHB42ZvqFgWN2dPMhh7FM_.jpg,402,787,416,478,594.5,447.0,385,62
i3EgRcyn5sb=bn8gb1ZcvOCuPDhh49lX.jpg,447,750,426,486,598.5,456.0,303,60
I4EjwNvx7VzuzoCRY_lKWZysIWr8.jpg,377,841,438,514,609.0,476.0,464,76
I4mRiR=YWj7O6tp_foHUKeE9cVN_K4.jpg,275,1063,609,736,669.0,672.5,788,127
i5KbEKi3J9ZyBpGg5XqNGryKSQuR=h.jpg,355,789,417,511,572.0,464.0,434,94
I5Qzntzt5MXi78LNUdjVdGZGDXaisV6.jpg,378,902,495,571,640.0,533.0,524,76
i5tJY3xSEvSxpXuhBZvtM_ZcxxHwBTY.jpg,446,850,419,482,648.0,450.5,404,63
i7da8PwhrDcuj8mR9jxJKRDOsChy=Y.jpg,434,758,472,531,596.0,501.5,324,59
i7R3FhEVT9SSos_HnBcHZU4bugmgNS.jpg,191,992,596,711,591.5,653.5,801,115
i7yb1NGgYYlhvBJX3BsefXl9fNodSP5.jpg,424,708,430,484,566.0,457.0,284,54
i8gq5vGLgEWh_5nqZPHllidTMzL8sOG.jpg,381,795,418,488,588.0,453.0,414,70
i8RsmXP=Iy9RyGrh=bqIJyKGsSioKL.jpg,347,842,481,555,594.5,518.0,495,74
I8sSSIoetrlIjuXiJwSax81Q_kvbDT4x.jpg,283,796,492,574,539.5,533.0,513,82
I8ysXfcoHe_gJiYk=gH9yVx4M.jpg,334,796,424,523,565.0,473.5,462,99
I9b7UFzkCkssISbQ26WUoz1hp86_BRu.jpg,374,826,470,538,600.0,504.0,452,68
I9BWWPSWJllOxjd=8ITMy5FriHaUXJk.jpg,487,1015,497,578,751.0,537.5,528,81
i9h4nS6_v4zFw1kvfnr3o_fpPUiLLE6.jpg,375,689,440,497,532.0,468.5,314,57
i9hpK11efW7p84CodqEL745YyQ68.jpg,354,822,443,514,588.0,478.5,468,71
I9IeuE4z=vYa2m2bTxratvI49LxTIi6z.jpg,316,777,428,500,546.5,464.0,461,72
i9PkpfI92dioiCatQPGB_5BnIKDXzf.jpg,441,939,446,528,690.0,487.0,498,82
I=2hm31HsN6HPnmVI6HIVRzZxsFaXWv.jpg,440,884,460,528,662.0,494.0,444,68
i=ay9gD3b6DuPoPgxSt5gtzuJJwP3ic3.jpg,420,955,501,580,687.5,540.5,535,79
I=IV7oxI7QaQOQ4RqXcTzZ2d7vFQW_8.jpg,369,871,489,566,620.0,527.5,502,77
i=S5SHVLU=NYJ2VZJRQDGYvWy_3gnoal.jpg,396,670,433,486,533.0,459.5,274,53
I=zbhshFFfdg21HpP93tKHOsKBJcori.jpg,483,811,455,516,647.0,485.5,328,61
ia8495q3998BUhK1uTJ4tJeYte_Kn3.jpg,325,769,427,499,547.0,463.0,444,72
ia9kJRuIYxxyo5xGINgMqkYpc3WwQHzB.jpg,516,996,467,546,756.0,506.5,480,79
iaTB6xGJ7BowUz4saBQr43iPJkVRW5nl.jpg,387,877,477,561,632.0,519.0,490,84
IaXweSnSuIvDGTHpYMK=87kNDjV7jX.jpg,404,836,415,481,620.0,448.0,432,66
iBc1KiciXudasrBmyhUUK9ypvoyYnIkM.jpg,354,699,467,529,526.5,498.0,345,62
IBDdU3Gx6kVWJwpjjWiCW7mChiExJPx.jpg,419,773,466,530,596.0,498.0,354,64
ibIOgqa5FQkiUPjXsiQd6yuVCGPvYmNZ.jpg,480,828,484,548,654.0,516.0,348,64
IBJEs3d8FF=8Iujnio8q9nhzoD1Dbt.jpg,378,948,517,601,663.0,559.0,570,84
IBUNMdhxiFy4ysDVmb2FwjpJh8Up2I.jpg,388,776,415,481,582.0,448.0,388,66
ibVpsJR=OEyMBlYr2c_jaClbigKvIv.jpg,350,913,456,539,631.5,497.5,563,83
iBYy2oLk9rnd3mIfqYIg=7abrHl1eRoy.jpg,328,771,430,503,549.5,466.5,443,73
IbZkYKiq3eghQez2RPFwY=jkslkVP.jpg,393,925,500,579,659.0,539.5,532,79
iC5vx99Gsn9wslIGog95c=_gxo6BE.jpg,433,723,453,508,578.0,480.5,290,55
iCjLu4a4Lv7Y=_gs92bCqH=97EnNGSn.jpg,480,758,423,479,619.0,451.0,278,56
icmZneaDR84xgR=F8ahWN1rNijERsqCs.jpg,305,797,482,554,551.0,518.0,492,72
ICs45Kf3rcwzIKmtqgUoM_=ggWfUz7G.jpg,430,876,425,498,653.0,461.5,446,73
ICW5lCllQcL1uaexp8xffenahvOjQN.jpg,215,815,478,569,515.0,523.5,600,91
ICyfuRhw2GeHL=nh=Z5sR37n8hauDYks.jpg,333,745,422,486,539.0,454.0,412,64
idTeTf2sQpCENszNoRKVLEmgKmj7X.jpg,395,915,491,569,655.0,530.0,520,78
ie4vpNbxXFFtySElT9cqE3OIy_UIt8iv.jpg,341,659,473,535,500.0,504.0,318,62
Ie=77FfyWaqobdTEZsv1y2I9EI=6Fhe.jpg,237,794,459,539,515.5,499.0,557,80
iEJJJmEFP4BWhxI6c_LMWMda71E2n_e.jpg,349,857,487,565,603.0,526.0,508,78
iEktuls5f9bx4EUmQydKBbeW_3KWMqI.jpg,400,839,436,504,619.5,470.0,439,68
ieR7HaMwOwQkkeM3Kom4qnFWFcuG=4.jpg,464,903,431,499,683.5,465.0,439,68
IeRJvTEMZ1qhEYpe3GTuqIw1HjWeMFUT.jpg,388,688,441,496,538.0,468.5,300,55
IeznLCVJpI6CWBhZX2hHdLl4a1q95T8X.jpg,488,797,453,514,642.5,483.5,309,61
Ie_CmO3g6YGe=oggTOfqy5KsH5xCxQZ3.jpg,327,846,447,527,586.5,487.0,519,80
IF5Pija7uMyUBF2NltLwR8HxGyHfN=l.jpg,332,648,442,501,490.0,471.5,316,59
ifks4qXRStQI_huwhoDiTdz1frM3q9.jpg,347,891,468,551,619.0,509.5,544,83
IfmJ_4z_UxWrseqUUzFi2JtpYRtB=I6m.jpg,398,899,479,554,648.5,516.5,501,75
iftpFf3v8l2kRS=SFKjHfTUwgDslkr.jpg,429,830,418,480,629.5,449.0,401,62
IfVcn7g=oJpoVa4uSR31jidHWJVg92Wp.jpg,437,760,448,507,598.5,477.5,323,59
iGCci6nrn47viP7mnYp3Z9Ob=c42lHG.jpg,435,925,443,516,680.0,479.5,490,73
IgdMKgdieJtLS_FrQYOcwUCZ8IN9PUT.jpg,418,879,434,507,648.5,470.5,461,73
igSgpTgC==nlYKKl8GS5ljYDMLm=jdy.jpg,254,777,447,525,515.5,486.0,523,78
IgvXYggn=VSWMx3iUMJNrC5MxPcrUmW.jpg,432,784,494,555,608.0,524.5,352,61
iGZnD4xSKXOUNaFp5SrUtElySg15v=1t.jpg,400,870,437,509,635.0,473.0,470,72
IH5B7Y6RKmbU9jTwBscPxZGGTYYaf_6I.jpg,374,794,420,488,584.0,454.0,420,68
IH5mRIDHR_EEH9DiJ9zvDcMdWd62DK3d.jpg,456,957,489,572,706.5,530.5,501,83
IHDyFIp=wdUYzECUu=e3M6sYi9MTmP.jpg,347,895,467,550,621.0,508.5,548,83
iHeSWkl87R9zzkcingKcyPKxuipfYbE.jpg,488,794,458,519,641.0,488.5,306,61
ihNn=GLwE=IMzC5dtidpVo5fdr3VuuM.jpg,482,972,436,520,727.0,478.0,490,84
IHNqowKDOqHrPscXxd7Rt8B=jkqZ9q_2.jpg,419,895,439,509,657.0,474.0,476,70
ihU8Gmddf=yRtlvDrosBhZkCl5xcTFK.jpg,425,887,432,516,656.0,474.0,462,84
IhWiawmiYlbkgOPtNDQqKZnojkPquEW.jpg,378,875,446,521,626.5,483.5,497,75
IHXCdsNlImLaRulHo_uMhipM=BnbOuOk.jpg,477,796,464,524,636.5,494.0,319,60
ii3isOlJg6wWgaD9he26MeGcbFO2XuP.jpg,380,860,437,512,620.0,474.5,480,75
IiFTMDoRF3OCsZdCoCmEqeNhnyjpds.jpg,535,1010,467,544,772.5,505.5,475,77
iiHmMpR8cI6RlPtV6d7_Ujry9yMiJ59.jpg,315,758,431,499,536.5,465.0,443,68
IiPojHydS9yUUhiN1s4ug_UjozRNSe.jpg,361,792,431,502,576.5,466.5,431,71
IipvMUzlKFroSQ4YrdroonLIkaR7VIX1.jpg,341,861,494,566,601.0,530.0,520,72
Ij62IvplyhQv7OJoyP3E9XB4eUiWKo=.jpg,472,838,500,567,655.0,533.5,366,67
IJH_q7X8LORbfFoTlZOuNe82gpzJMFF.jpg,339,858,441,518,598.5,479.5,519,77
IJIjJXtiUfwY_tdYs3TmYYp8IMKd5RQ.jpg,311,828,451,532,569.5,491.5,517,81
iJRyOFdZLGQjwqVonnCbj2u1ZSvus1Z.jpg,354,742,474,544,548.0,509.0,388,70
IJUd5TdlX=7ecoFbtiKarjnRBJVUeZ.jpg,443,877,418,484,660.0,451.0,434,66
IJw5BdqRchMJalMPvjrohZfKSPjE3ma.jpg,389,824,419,483,606.5,451.0,435,64
iJxode2fm1HxJYveqvUJO89gjVENlei5.jpg,380,699,440,502,539.5,471.0,319,62
iJZvv9GXzoXpsnjKpqUNXYMPfT3qCkjk.jpg,328,769,425,494,548.5,459.5,441,69
Ikef7MEJZKe93ZQbJb8myjcfNtJzWVE.jpg,413,829,425,490,621.0,457.5,416,65
IkMuTz2xN2Osw6hICDvK8nC87R5dflh7.jpg,372,816,428,501,594.0,464.5,444,73
IkP9wQKfUkGhi7FJq9PKT2et1coX5MZ.jpg,288,705,467,540,496.5,503.5,417,73
ikShHTD9PIMKWINqhierDa5ZLj4HCEy.jpg,428,926,490,562,677.0,526.0,498,72
IKv4ER6WvKrE79TQzJQcSPl7Hryt4N.jpg,402,795,416,479,598.5,447.5,393,63
IKv57GPhIRMa6aEuL1dXPpj9hB4ZX_=.jpg,393,836,434,498,614.5,466.0,443,64
Ik_FRYRixbzWi2hTguqxbn_UTir9tskx.jpg,425,956,506,584,690.5,545.0,531,78
IL38MxXeGVWRczEBlXY8ZRyhEWjczPX.jpg,415,893,445,519,654.0,482.0,478,74
IL3gmRGFwBzrp2fo6DDoxbvLYxCbrFvS.jpg,369,668,423,483,518.5,453.0,299,60
IlKUv99KMp4pGaS2NZwceN=Mh233mpi.jpg,379,809,422,504,594.0,463.0,430,82
Ilq6SycRSVf1a4rQs35BIJxyKVs2XaCv.jpg,506,840,475,539,673.0,507.0,334,64
IlsKtvGKPtK1KHs_yqVI6hOorrCTxJ3B.jpg,476,904,460,526,690.0,493.0,428,66
ilSQocv1UKqY22tugOESlsV7TGojfz.jpg,379,869,482,552,624.0,517.0,490,70
ilvhBYmX24hnISVOT=EY3mj1ifIpYHIm.jpg,365,793,462,528,579.0,495.0,428,66
iLyyNe9WbtidLhJPpTZP3qywdpWg1cI4.jpg,332,705,508,573,518.5,540.5,373,65
im8WYy3E4XS_bOxvD8nIvlFJcddxi8ZG.jpg,410,972,455,538,691.0,496.5,562,83
IMCe3Lgb4ErHn1SKUUPNRh=Fb1pYSmJe.jpg,484,790,454,517,637.0,485.5,306,63
IMQvIag1XrtY9QvaWk2xxZBbW8Lha6E.jpg,325,773,453,518,549.0,485.5,448,65
iN5NUjjNDLDO4Q61bHj3qovCQfXXc1.jpg,272,805,460,540,538.5,500.0,533,80
InRsK9kjGZEGHd9EMy1P37iHFlwvBnda.jpg,404,920,493,570,662.0,531.5,516,77
iNuonLFoy8_S8z3qnoeUIa8TWVj5fLpJ.jpg,331,792,438,507,561.5,472.5,461,69
INuwyRB9JSc=XJGPTvZBJ9g8bfe3Xg.jpg,474,917,427,497,695.5,462.0,443,70
iNxMI5=iDJwoiMWtM3RuYRp77x2yhH2T.jpg,440,881,456,525,660.5,490.5,441,69
iNyB8aZ84DtnxH7JeI7RSeO8RJ7=7NV.jpg,416,753,484,546,584.5,515.0,337,62
IO=PqEYnjt=nbR79TrZFTlDF7fVmeXM.jpg,342,881,453,535,611.5,494.0,539,82
IOG3oHGOpzHT3dcfjOpH7O4BxqFdWP5z.jpg,212,780,476,562,496.0,519.0,568,86
iOH_h1h2ZZ4PzC4Z_ornDiIyYgnJtpU.jpg,383,708,471,532,545.5,501.5,325,61
ioQrQWCT_WXQlVDv39eGvFwTPVECr6R5.jpg,431,733,459,515,582.0,487.0,302,56
IOWqhznvo4TdPeKQh9vL1XaIl_pcyr=.jpg,384,826,440,504,605.0,472.0,442,64
IoyjeKdXfJjeQorBXTydk7tfTGsPF3.jpg,379,921,448,532,650.0,490.0,542,84
iP43qIxZYrCH8d9QkdKZ=JmRE=pr8v.jpg,375,915,497,578,645.0,537.5,540,81
IPatQC3PWSothz=_ouif5sDxaTIx3MtM.jpg,302,783,446,516,542.5,481.0,481,70
IpoxGGM7U4nU2IMg73hzcCYg8X=YzaS=.jpg,365,745,503,575,555.0,539.0,380,72
iqDEPBYKweJCzyh5pvjN=awTNerrgqJ.jpg,312,702,452,519,507.0,485.5,390,67
IqVhijerufhfgsN9E1PTr1Wp7=dOmWf.jpg,279,956,513,610,617.5,561.5,677,97
IQxnzGeEIyrJ6vawplj_thtNEvIw9Lb.jpg,389,895,492,566,642.0,529.0,506,74
ir53_ovhp4Qt8qxGV66Q1lmnDq7lkXPn.jpg,335,852,491,568,593.5,529.5,517,77
IRGh=aOfe54jxNN9zG=Mp5Opfu86hUo.jpg,432,893,463,539,662.5,501.0,461,76
IrgPqaVseGkpY_vnanp1DfmtYOjgiG7H.jpg,254,844,521,606,549.0,563.5,590,85
isfmvoTeDlOzlLt5fTT6RRNtmaURFn.jpg,423,728,461,520,575.5,490.5,305,59
Isl9ENuE7nLbSZzDVP9Cmp2EIwPQF93.jpg,399,753,486,550,576.0,518.0,354,64
IsPT__3Kbqv8W7RylLfVju3pN1UBwNu.jpg,471,926,463,535,698.5,499.0,455,72
issdYNGxIL2VMBQ4rariJ7b2JEVW4.jpg,468,881,400,495,674.5,447.5,413,95
ISSV4el7jtgB59ywPU7zI9WILGZTQMOS.jpg,446,867,411,498,656.5,454.5,421,87
isV5jpldEs=IUjx4Kg2vzGrnwCBjacl.jpg,353,748,421,481,550.5,451.0,395,60
isWUl58J55ut7_h_Ph67HUKS5qQXFLVt.jpg,395,869,440,510,632.0,475.0,474,70
It4IdsLo5BHN9f1TyeOVwbKr_11qFq.jpg,541,881,447,513,711.0,480.0,340,66
itcZeHxPDo6=hv3myPzatqa=waDICVB9.jpg,299,637,455,519,468.0,487.0,338,64
itIdvycC8=Bmm27wLqVuJwSQ3xdKZnPU.jpg,521,889,501,571,705.0,536.0,368,70
itKBNdNyy2iw9whVayoBtR4Lllpn1n.jpg,484,792,463,523,638.0,493.0,308,60
itnDmuFLLVnam_H=Od3FcMeboqwfeY.jpg,287,774,446,518,530.5,482.0,487,72
ItwkXihQcG1RWsEy4Bj=mj6FB52MgwX.jpg,267,769,442,516,518.0,479.0,502,74
itYSUZzj1M9MOylJHi3DcpVmjzdtcT8o.jpg,445,925,428,502,685.0,465.0,480,74
iU2VWop8zm8FE=IX2EgcsVGdqF8V8o8.jpg,312,1007,527,635,659.5,581.0,695,108
iuiY3rf_GGberEi1vgFUcFbf59U1BE.jpg,459,902,429,499,680.5,464.0,443,70
IUPI=VpkhKWQ9bpw4rbwkKoYmmC7D7.jpg,348,915,513,596,631.5,554.5,567,83
IUqKNjXj=yZFt31RKlwGHW7visqBbto.jpg,370,872,446,521,621.0,483.5,502,75
IUxNNvvmtNBHI7aQfBIrcgzfxTBfes.jpg,398,682,432,485,540.0,458.5,284,53
Iv1NyRNqmBSnrvXlqBfdLDitnwJbw9.jpg,430,892,427,500,661.0,463.5,462,73
IVeKsyonMqBKiWHNN3JOULjk7YX6mmXe.jpg,423,900,445,517,661.5,481.0,477,72
IVi=R5aDjq=sTU6_ctT_fQe_=OxfLn.jpg,417,873,427,500,645.0,463.5,456,73
iVjLk5CM5Frr9OaUEsGeav3HWEMmoFG.jpg,370,883,458,539,626.5,498.5,513,81
iVTvLBtYGTdroNdhXOoBZgvuCFqUmpyN.jpg,423,953,502,582,688.0,542.0,530,80
Ivz46mORfDOk3GcHtunk6_IrQ878g.jpg,518,982,454,532,750.0,493.0,464,78
IvZ9bgREOZYZqJvkoWYGP7lrP_w9st7.jpg,357,913,509,592,635.0,550.5,556,83
Iw6H9MOayskta9bHnsXiTWjaH2Ludk9.jpg,403,898,445,519,650.5,482.0,495,74
iW948ZURD7MqbkGoxJVJnNJWw44P3huK.jpg,458,900,429,497,679.0,463.0,442,68
iWB=woNDixDMBpW8YnHQLQPHyCpdhLa.jpg,300,792,486,565,546.0,525.5,492,79
iwC5PDCOLe1G79bOTfUc1bBsXkPc9id.jpg,300,693,443,505,496.5,474.0,393,62
IwEkEKt1REFXldSff=_sPHGJVKigcpP.jpg,355,869,439,514,612.0,476.5,514,75
iwnEOU3SWY4xeavw96qKTzTTVViO4jbD.jpg,457,890,463,530,673.5,496.5,433,67
IwQyikEnMDqOQb8EnqvJJmSrWw3wYjsB.jpg,484,991,446,524,737.5,485.0,507,78
IWRUlKw6zI=HJ6vYsGrwaZSgMG2wq7r.jpg,278,969,545,643,623.5,594.0,691,98
IX6i=_zG5radd92iaInLEUfQeTvPVMUK.jpg,486,788,434,494,637.0,464.0,302,60
IX9cywCjuNOTd=4lG43cvc=46HQrfx_g.jpg,447,874,425,493,660.5,459.0,427,68
ixDQvwNBFdR7EEqtin8BSCnF8oubvh.jpg,425,987,521,600,706.0,560.5,562,79
IxKCHKcXcYWBF18b_4bWz_PftXl5mx.jpg,255,905,460,571,580.0,515.5,650,111
IxkQQC4mSX9JMHMD_LEoFNCSU2fXiiRS.jpg,275,783,457,532,529.0,494.5,508,75
IXlSUOKZ68=WPTGJ9NIy9D4j3qKTJ5J.jpg,310,730,449,513,520.0,481.0,420,64
iXswLROoj8Lsri3rvd41gVxh524SYUKM.jpg,396,822,430,496,609.0,463.0,426,66
IXWL_R5eZY1kEkMiiqhNkjCdjegCgjR.jpg,370,792,425,503,581.0,464.0,422,78
IxXvWlxtclfZHpuZSyTWJeoOiHnvPkCs.jpg,422,758,485,547,590.0,516.0,336,62
IyDDw6JScpZvL3B5ny4Ub4w89KzaQSl5.jpg,353,754,445,505,553.5,475.0,401,60
iyu5pBqJaG3GE3sqpMVdh9DJVqkdtH4O.jpg,405,867,436,506,636.0,471.0,462,70
iyUyuc__Pme331gT23qyoVIDWY21QC5.jpg,226,796,471,557,511.0,514.0,570,86
iYW83Pk3L1z4hdbfhgQRQhkEluerXwR.jpg,368,668,426,483,518.0,454.5,300,57
Iy_hP__ZHHno=hEj2lKiYBrt9biY3ktx.jpg,257,784,453,533,520.5,493.0,527,80
Iz1oNSQ=qZtuBuWoQ8fW82vTTHNfr.jpg,284,774,445,522,529.0,483.5,490,77
iZ42Rf387vouTf2lrtp6KsFkliEdMt2.jpg,351,849,452,527,600.0,489.5,498,75
IZCzFIEs78ExIC_6JvP7sRDNWDdFW.jpg,429,791,498,564,610.0,531.0,362,66
IZkB3yVjiBRg4ptygGS_ZO8iPiCL3Xg.jpg,503,834,456,518,668.5,487.0,331,62
IZVQToQklQV1LhDURYf7QLmq_hxCJcaU.jpg,408,928,457,535,668.0,496.0,520,78
IzYYfQj=kF96TgRKD5tdiOijXB4D8Hgk.jpg,304,758,430,517,531.0,473.5,454,87
I_efLt_jemGDbt7JLvQ9XZ5zsPdE4mD.jpg,443,746,442,499,594.5,470.5,303,57
i_IMYFhovYWP4MTIy6wGcfSnQ2DFuJXH.jpg,513,857,480,546,685.0,513.0,344,66
i__qPrCoc2VgCnM_Q4IksoJ6cv9Ihrs3.jpg,371,1040,479,579,705.5,529.0,669,100
J14tz5vwfNh8sqHtZzi_LTPCJTzssO.jpg,463,857,412,473,660.0,442.5,394,61
J222Jdyv8q4PfCSLmIpcumpKZ97NFz.jpg,364,749,507,577,556.5,542.0,385,70
J2FGNdKTDKRRgpbr5lr399g5C2yp.jpg,326,1085,517,637,705.5,577.0,759,120
j2jHStlRHdKjgNdnStoW9_liBukxab.jpg,424,824,420,485,624.0,452.5,400,65
j2nciiYFt9B9EYpPCxOcKJ=VBytBOZM.jpg,363,883,496,574,623.0,535.0,520,78
j2XM1kWlUD6qVpCR2iauDeuhI5UDoO9.jpg,273,787,457,532,530.0,494.5,514,75
J2yruldsFR66=kWquP2eCCtwEgMx7tw.jpg,400,871,428,501,635.5,464.5,471,73
j31kwz98u9G7PCTmeiLPdcsnse9=rq.jpg,277,1026,525,641,651.5,583.0,749,116
J3BuxIzYc6DFJRQcd9pEXDiWgEP3WN.jpg,236,788,458,538,512.0,498.0,552,80
J3FOXhzMY41=qordwvFGfwxsgH1S__P_.jpg,397,820,425,501,608.5,463.0,423,76
J3Pp=yxwOG4z9vPkiBqDX2nMuJww8LGz.jpg,425,853,455,526,639.0,490.5,428,71
J3ylyomU51yhl3Di46yil6Qh9c85F3Xj.jpg,511,830,444,504,670.5,474.0,319,60
j4=LSjkRLrTcMyVxvMTNhRwjzSaZmcP.jpg,439,767,481,540,603.0,510.5,328,59
J4ayU1FU42dPon619olKRippxmd3T.jpg,360,664,440,498,512.0,469.0,304,58
j4d7xtsI9uJwyrQtw3xLgTGrnUSikW.jpg,386,793,415,480,589.5,447.5,407,65
J4iBiK4XPnurzzymMNDxJ2o21rEm7nK.jpg,354,893,580,681,623.5,630.5,539,101
J4ndbpFvWFTMNmUcEzj=hk2CZsmlYzj.jpg,423,906,438,522,664.5,480.0,483,84
J4ukr6sjHEgDYbKVOmPGPtVKMyzLM_uN.jpg,304,996,513,617,650.0,565.0,692,104
J4xK3dVHybwlT2nUfVcq5VvqeDZgcF3=.jpg,309,835,427,517,572.0,472.0,526,90
j5OhfqeguGDNtQkEgBrk9mkr87TlsNIv.jpg,407,808,416,477,607.5,446.5,401,61
j65CY3wtf59qjm=W1SiIn=U6UncmkO.jpg,383,1007,478,581,695.0,529.5,624,103
j6FiQjRdEW7s2rIxx9Lth8LZ16O4eqty.jpg,272,799,458,534,535.5,496.0,527,76
J6K2wxhYNGou2md_lKLOYkYhBV8i3.jpg,338,751,422,488,544.5,455.0,413,66
j6p7BtDFIsE5Pp5eTGcV1C47d4MyHJa.jpg,441,854,414,498,647.5,456.0,413,84
J6YnPwxqu3qesYn32k46eUjiJnFuEhT.jpg,477,780,447,503,628.5,475.0,303,56
J7gUvpR1nIuMWTN8ccGIJ46dTh6E7.jpg,357,653,442,497,505.0,469.5,296,55
j7IMg21xFlLG5rI94tc86pfiYRelQ4L.jpg,388,819,454,520,603.5,487.0,431,66
j7UOj4X8YQ6ecnQjRtD=sqm9U6RosyTS.jpg,461,784,473,535,622.5,504.0,323,62
j88i3ZYanga9KOC_32oauOeVlgTelgH.jpg,457,955,474,564,706.0,519.0,498,90
j8nu4Rl1gFOn__4ZkWkOr9JJTniI=F.jpg,321,767,434,502,544.0,468.0,446,68
J9iL_zYBF2SwlVIPIv487GorCwr7Y4.jpg,199,840,537,630,519.5,583.5,641,93
j9jMQBEd7xsuLHLFE1vSJ2NgRLTMS3.jpg,426,856,452,524,641.0,488.0,430,72
j9ouBYoQDqLtjqRJf=cb_fqVLYEQI_x.jpg,410,842,430,502,626.0,466.0,432,72
J=2aJbGpaEJiH4FUy4UB_rSY4GHwgj3.jpg,486,802,450,508,644.0,479.0,316,58
ja16FmaZYZOrygsOsUxuuHCw2ZE7ba.jpg,412,792,486,554,602.0,520.0,380,68
JaELxDF6BZLFIaiIYc9nOX97vRkfTcD.jpg,1,1231,716,876,616.0,796.0,1230,160
japGoZH8_jTu=2iBEMr=SpbdWRWJQHVF.jpg,388,881,485,563,634.5,524.0,493,78
jaw=WJV2SXqXlt5zCoc3NzjziECmtmT.jpg,435,836,418,481,635.5,449.5,401,63
JaXmEbN8jG1aDfTVSYCFZQ5peiM5Trir.jpg,440,859,460,522,649.5,491.0,419,62
jaZ5dJDyopCINvM2FHPCSgEt1byQscr.jpg,371,822,421,487,596.5,454.0,451,66
JbK2RCoE8ONHBVhaXwuoQ4ndyUxPCW.jpg,340,747,423,486,543.5,454.5,407,63
JbsaS42fO1Ed9UKmFH=hcU_thfik2I8.jpg,425,858,426,493,641.5,459.5,433,67
JBT2XZl_kKT8nV2Wqpc3iJErUCPygXb.jpg,451,879,450,518,665.0,484.0,428,68
jbzS9wxZPq9JFmJ2DojwWwxU9kllCZO.jpg,426,709,431,483,567.5,457.0,283,52
JCGUi9Qi1upho4nR3J_cmgMSOt=6aQr.jpg,328,909,522,606,618.5,564.0,581,84
JcgvaH9IXyrB3Yq3NE4pvPc3engKIUC.jpg,333,857,452,537,595.0,494.5,524,85
JCmarla4DGFiDJFfCblxMfcs4jSz3QwV.jpg,556,840,439,498,698.0,468.5,284,59
jCUIrDJzNZoJ_2NoNMN354nioaOXbvUZ.jpg,391,821,424,489,606.0,456.5,430,65
JcW3yJHiQVJYSoO=y3jwg2uiDmkKM5.jpg,370,666,443,498,518.0,470.5,296,55
JD41sfvNOwXFVD=dp3QJMSm=NwHjY7S.jpg,530,812,420,476,671.0,448.0,282,56
jD8O27TSDrzGJWL4HRMBg7yUiZCMj9uU.jpg,466,807,454,518,636.5,486.0,341,64
jdjINh_LucNqLKGl=cELkDvIasz=qR3W.jpg,371,834,418,504,602.5,461.0,463,86
jDK66numeDHmkhXFlt9MbZUgqWN2V1z.jpg,323,775,439,508,549.0,473.5,452,69
JDKfQi9KcpeGQSMzjIg_2wkJeavhgF3T.jpg,337,853,450,531,595.0,490.5,516,81
jdnJ2o9xlj79zNrYa8qhPLBqxsvkJlr.jpg,466,935,441,517,700.5,479.0,469,76
jdoGb4yrhmvORTvLJStyPSoOshIBh7c.jpg,420,748,471,536,584.0,503.5,328,65
JDr_9hMY3H9ccO4YZijlQI15odNq1.jpg,427,922,486,559,674.5,522.5,495,73
JdZ4Yru2Q2q5azrnn8JPMVcbtM_uWZ.jpg,441,822,512,582,631.5,547.0,381,70
jE6lZpWWHhE8a5jB2RCMDmUrbg9ofs.jpg,317,763,436,503,540.0,469.5,446,67
jF1TQO9CXtUPrChjWwaf92oT7CHRplV.jpg,490,798,441,501,644.0,471.0,308,60
jfBsqJmDHdRjQltWy7VIJLs=s=5kaQmZ.jpg,273,858,473,565,565.5,519.0,585,92
jfD2cJgVjFe_CLeMhGUU6rZgRcwc6Re.jpg,474,755,445,500,614.5,472.5,281,55
JfJhqOVznytfo1lr=7gWw52982exdW.jpg,388,761,478,542,574.5,510.0,373,64
JFNPdjYLnafB8bu_KnNWR_UxWjunt=Sn.jpg,380,833,423,492,606.5,457.5,453,69
jfOMFMBURWY=nF2UU6T6_PP_FupNB.jpg,270,969,553,653,619.5,603.0,699,100
JFQikjTedsIbsqy=Bb8zv2Gzfj77P.jpg,279,889,471,557,584.0,514.0,610,86
JFt6i2xuZ6LCt1a3IcQke3UqZleT8vfz.jpg,420,871,428,501,645.5,464.5,451,73
jFweImSlgDDEwF5ZiZCRYBskJtw8d.jpg,271,829,479,557,550.0,518.0,558,78
jfX7DHO8Uvsrg82kswsbmgqMfM4aW.jpg,404,925,476,551,664.5,513.5,521,75
jGBB6s4qyFFb4RX=7yhvWSbe2UpVIiaQ.jpg,351,834,427,500,592.5,463.5,483,73
JGK7EPWMguPSk5VDKYUGQlCZoQMm4T.jpg,413,822,421,484,617.5,452.5,409,63
JGXQMCmC6uVGEWHuGyPYfiPvYdntKw.jpg,276,801,441,520,538.5,480.5,525,79
jhlsnthQqgrkFebL=rwxC2RGBlJ67bQ.jpg,449,885,414,491,667.0,452.5,436,77
jhmOzBIeigpHna5VRTT3GrnWmOQIO7.jpg,343,899,461,544,621.0,502.5,556,83
JhqwvxHXKgx31iq_CQxKDYLtNkYcxkge.jpg,482,775,450,507,628.5,478.5,293,57
JHT1xpy2SlOLU__pFQBSaYbV2Fubwrq.jpg,318,890,476,559,604.0,517.5,572,83
jhtwwPW8jeD2pNDowSOSIlJpoXul6.jpg,428,729,460,518,578.5,489.0,301,58
JICHHjwPm5_P1RTibDonTBcry43=efT.jpg,358,1053,508,609,705.5,558.5,695,101
JIdH_RUBYpe3967otQ4n3jRiXC2Ujj5.jpg,398,1179,550,675,788.5,612.5,781,125
JiglKU_MBsoKPwJy39xgR9vFjd1O3KW.jpg,304,744,428,519,524.0,473.5,440,91
JiJ1w79io4PuVdUei_jr9cwB2WGxIOmH.jpg,288,762,428,501,525.0,464.5,474,73
JIkO8lDch4BGrQtKzaQYTW4p6rh8RnVl.jpg,486,796,428,485,641.0,456.5,310,57
jiR9cVswDqPJ=W3VXgViNM=184bdft.jpg,401,918,493,571,659.5,532.0,517,78
JISMtn7xn_T=k6elSNZXzbg7s=hhX2.jpg,414,737,431,494,575.5,462.5,323,63
jiXMeN1_U9L=xSs7pi3Chy_aVoOMYcPJ.jpg,311,772,431,504,541.5,467.5,461,73
Jj1eKBznd44rksUciygUE1YpWEvMUq8.jpg,253,802,465,550,527.5,507.5,549,85
Jj6Ytu3MnBNn66TzHoNBMf4xpmxdisl.jpg,380,765,411,473,572.5,442.0,385,62
jjaka6FnHPIydUL813FErOb7eS1P=G9.jpg,423,863,453,526,643.0,489.5,440,73
jJhU=Vl4Xbb2RmPeG171xUJnh3_FImaR.jpg,432,819,508,583,625.5,545.5,387,75
JJqduLb_cXOV9UF=KxmJDqUe2DQVrjcC.jpg,234,782,456,571,508.0,513.5,548,115
JjuNubONG6FPwFrigBGb5FCcxiNGwESb.jpg,377,807,421,484,592.0,452.5,430,63
JK4v1611ruYbHP33heWLBpmt1=taTT74.jpg,436,870,422,495,653.0,458.5,434,73
JKflktjTIWN1sf5Ljlvu2RPyimV83Ph.jpg,157,968,482,606,562.5,544.0,811,124
JKfN88dLKizViGJRR54bKTYin4FwHg.jpg,397,918,448,534,657.5,491.0,521,86
jkFUj3hwl279wDGbm5OS_q6kqEzp51i.jpg,316,753,430,500,534.5,465.0,437,70
jkgcJWFnemtg8iB1Ttbh6hmPhkP8BD.jpg,423,759,455,514,591.0,484.5,336,59
JKHxXwwGSzap4qNWRNdeTrkWtu=Kjzv.jpg,454,811,498,563,632.5,530.5,357,65
JKj58h3TjDCLaCqImETIYqf1qpmKKX.jpg,403,892,474,549,647.5,511.5,489,75
JlIH6lPpdk2fRSKRKl5T7pDKt1ZUV7_.jpg,454,775,435,500,614.5,467.5,321,65
jLnfBX6LNC1G2gYFqrI87BmkxxzmnwJh.jpg,340,681,458,520,510.5,489.0,341,62
jLNXeS4zHjTtNvfvpOju=YhrMzb9H8gC.jpg,150,820,506,599,485.0,552.5,670,93
jlsJyKQj=aNw3aSabXyhG49S5tFv=qDf.jpg,293,685,489,562,489.0,525.5,392,73
JLuTCkis543VjhYwloqFF__oqeR9__ZB.jpg,443,751,465,522,597.0,493.5,308,57
jlYqBYzX4ONDSP=XcBe1S8ss3dR_bG.jpg,101,845,588,698,473.0,643.0,744,110
jL_aTBZGZjrHbbnbx6bFZ1FaEhciq5.jpg,421,754,465,527,587.5,496.0,333,62
jmEdTk4pfWr8IXcOTvRQxBivGD7q2NN.jpg,355,747,417,480,551.0,448.5,392,63
jMHHz_n8HfWKi5U2FHueemCrHo7ftcF.jpg,352,711,481,542,531.5,511.5,359,61
JmlWdCMKM7KQCK_zocVrfBsbCRgrn.jpg,332,801,448,515,566.5,481.5,469,67
jmpezfbj3qpO7UUG_jr5E_rOVOoIFq_y.jpg,347,838,434,507,592.5,470.5,491,73
jmyZr=Nhewuc2oK7sOPukuM8TSpveDI.jpg,229,785,467,550,507.0,508.5,556,83
JM_2xNMsfDxIH=E6s3qSHoj2PGB=9Pze.jpg,387,735,454,520,561.0,487.0,348,66
jnixu4C3f28jHW7Jwo3GcFk69758_K.jpg,472,761,447,503,616.5,475.0,289,56
jNqzmNBhBvDxy6JqM=e3U=twLS2BNH1.jpg,349,878,503,584,613.5,543.5,529,81
JnRmtlBwcUx2O68pWJyiONP78s1a_M.jpg,345,1231,612,747,788.0,679.5,886,135
JNyFRjTPpaoVUuLJIczdQV8D2yBrN6vf.jpg,382,973,530,611,677.5,570.5,591,81
jo4utxVfGQVlG=T8IiLig3bclJFSoeo3.jpg,296,830,457,545,563.0,501.0,534,88
JOgvE4eiaquB9reiMpFFJlUfuhfxiwhb.jpg,452,782,478,540,617.0,509.0,330,62
jOISeOGJYSBj=ObvzYehpQ95WUdtE9LF.jpg,411,841,415,503,626.0,459.0,430,88
JOKMfFBlQI_K1r4M2UFQXYDC=iDoTyHI.jpg,414,711,456,514,562.5,485.0,297,58
joOtiW3XVkpyOxoZGG5=dvtRa=yGOfBO.jpg,450,789,455,517,619.5,486.0,339,62
joS5Jhv5fLR4NLkXnVTM58MGTN4r_a5.jpg,421,850,423,493,635.5,458.0,429,70
JoZVYZwp6ERcJQk=HcUeW9RWtf=alwu.jpg,318,838,488,570,578.0,529.0,520,82
JpGBCVgisrsDbiUKpVNGCqEDUdZBcTl.jpg,449,762,435,494,605.5,464.5,313,59
jPhqxORiKEfHByGZ76S5Cdj55DHPE.jpg,331,764,432,500,547.5,466.0,433,68
jPOVtf9aL=OTh3b35_z9ynOoF8UHRUdj.jpg,435,826,439,502,630.5,470.5,391,63
jpqjBMJLrTlgiHi7Y=E2YVIRTupIJuQ.jpg,506,958,460,534,732.0,497.0,452,74
JPTCcbJlgyUCJ_6gBCLoF_2aChXdMRbk.jpg,398,837,431,496,617.5,463.5,439,65
JpZgSP5kTCyEZtViFB_yzwnRrYBDo6bh.jpg,367,868,444,527,617.5,485.5,501,83
jQiCSksi7BpbEpkovmrmhbuPoE9prps6.jpg,243,799,470,547,521.0,508.5,556,77
jQsnXOyeJxPxolBjKEBgffXUpCmSeXz.jpg,296,862,512,598,579.0,555.0,566,86
jQzt6PYYsOWZsxpyKuB8iTHW2wWR5HQJ.jpg,315,851,461,538,583.0,499.5,536,77
jrf=p_z3DFHlZPW9CBUeHCznSfDrl2vL.jpg,237,807,471,553,522.0,512.0,570,82
jRPzPIkt6PU7DuL5Hxkh9PE4ivrvZ=.jpg,248,817,469,553,532.5,511.0,569,84
JRyZ_FQEGbmd953qhMTW2k=G14FHjq.jpg,464,889,422,488,676.5,455.0,425,66
JScjEshcepqPuj2rWWLGvQFlIyM4Vcbk.jpg,389,816,419,496,602.5,457.5,427,77
jsenwlsETwF61mV5sMg=mVLNEWm4Mxp.jpg,346,946,491,583,646.0,537.0,600,92
JsnRvavlVZN45CIEPdrqu_rk2geXyYCR.jpg,400,903,487,562,651.5,524.5,503,75
jstk6xrp3EIGj2Yiede1addsoJLYSVJu.jpg,417,736,470,532,576.5,501.0,319,62
jswsczqesPeprxzReDJZwbPu2vHSv_V.jpg,415,802,413,478,608.5,445.5,387,65
jT8r678RN2xZb3IPVsS1MYG4oLweYS8i.jpg,284,653,501,575,468.5,538.0,369,74
jtaxypyG_pGJbxMBynn5=T5TffYfxvR.jpg,289,1031,566,679,660.0,622.5,742,113
jTeg_CldIKay1TqxDjThV99jdj_=3k.jpg,343,809,424,495,576.0,459.5,466,71
JTF2ivedIuK2SW9PtdX8O5N3G24dfjQR.jpg,446,926,432,507,686.0,469.5,480,75
jTidYuwoIbTNVJrSgqywtpxuSK8E6=NI.jpg,318,908,526,605,613.0,565.5,590,79
JtKjFuH8f2Q7YGR3ZYLjtJIiZrEBXMVu.jpg,410,949,497,577,679.5,537.0,539,80
jU2Q6lp2SoXPec_3uN9Imretx2hXrX.jpg,293,821,460,541,557.0,500.5,528,81
JUhTT957kJdzpQtIfHFwRsToBtk7w2z.jpg,344,654,468,527,499.0,497.5,310,59
jUP8G6PLsQCtzoKgi5X3IQS=s6dRu.jpg,407,764,452,515,585.5,483.5,357,63
JUs4hw5BycVijt=zyTHBThyObeUiSjWZ.jpg,284,645,456,523,464.5,489.5,361,67
jV=46ukva=i8nYV83WnuZcnXCWQCCIPH.jpg,285,836,580,683,560.5,631.5,551,103
JVKOFB=WYN8SbY3LJXm_2=kuph4o8Oru.jpg,394,738,484,555,566.0,519.5,344,71
jvMTUclflhC4cSKL2eE1KHYCreFP1UC.jpg,456,895,456,525,675.5,490.5,439,69
jvPiDh9jQwtRvl3xCYT6ruQBGSRuns.jpg,415,748,458,517,581.5,487.5,333,59
JvZhF_wzGNLRx5FJMTOujQX3uDkpOB.jpg,358,760,415,478,559.0,446.5,402,63
Jw4DUnTm9e5nRyyiwhhNyafatCB2QbMN.jpg,419,780,487,554,599.5,520.5,361,67
jw9F6bLfF1gdtPJFx8qwsYyNwkO6ZuX.jpg,335,925,457,544,630.0,500.5,590,87
jwfynPbq5GxnnlyiLkhF8YVxUOZS=lR.jpg,451,893,465,534,672.0,499.5,442,69
JwHeE6sBEEPZ2ljphy1ryJa7uRJehX5H.jpg,383,867,454,530,625.0,492.0,484,76
Jwkv_XdzbQLdpVDs1dhxvnLSjOv9d8z.jpg,424,742,461,522,583.0,491.5,318,61
jwMYmddY_8MbU=3eKdYeLP_iLU7fJp.jpg,366,875,450,526,620.5,488.0,509,76
jWN2lMJRM3J=1m_aab5YhXLwfc3PmL.jpg,296,763,439,516,529.5,477.5,467,77
JwOaC_RozfuD4FEl773KRH3Sw4Wh=zaX.jpg,466,792,477,539,629.0,508.0,326,62
jwQvZI_XPLTzyZIbO=MMKnBFPrS6O5rm.jpg,460,919,443,515,689.5,479.0,459,72
JwXoSNfiaL9ma3inHNJuXhB7TfEG_Q3h.jpg,400,835,420,483,617.5,451.5,435,63
JWZLDYhuvQ2FcCOrpP_UYW=kUqiyra.jpg,523,892,469,541,707.5,505.0,369,72
Jxay4h5e8DULq2I1I5UPeWtWF75ejtvf.jpg,365,857,474,547,611.0,510.5,492,73
JxGqUKdr3SdxlQa_VT_vV_rw_DGLK2B.jpg,482,924,421,493,703.0,457.0,442,72
JXs8qvJ5PTZqCDk38SZwQhv4IT=i1x.jpg,347,908,509,594,627.5,551.5,561,85
jxSWyPM1RuF1YdJ_izdDpJUfRRG=SRc.jpg,406,856,433,504,631.0,468.5,450,71
JXU4ugPJ6iGlkQj9SuOVfDb9I7K9uvoP.jpg,488,823,472,534,655.5,503.0,335,62
JXYT=ZgWsMqr155sibEJk=OLz=1XmZO.jpg,361,803,427,496,582.0,461.5,442,69
jy7Ch=4R2PL1eoLgeRriPIZF1lUS5Gh.jpg,454,915,436,513,684.5,474.5,461,77
jYce_3Bj5BwG7bVIX5hI2FNd1ZEhi4Nq.jpg,354,874,435,509,614.0,472.0,520,74
jyCVkGCjB4VNBPttYOBSeUPaPsuBqgew.jpg,392,979,517,607,685.5,562.0,587,90
JYt_zRYTIEMmOsqpUSmtmOL9y_XePo.jpg,309,910,490,575,609.5,532.5,601,85
JyXR3R8xLTcHchOOcheiGq2S9ExD3.jpg,326,754,425,492,540.0,458.5,428,67
jYYGZSwkvdCcDWHp5=k11etfPj3vr=Q.jpg,443,785,485,547,614.0,516.0,342,62
JZ9kTqSM3Ra7Y9s2eNbQeH4Oj28C7lX.jpg,435,870,454,523,652.5,488.5,435,69
jzbdTbquiI9t2jt31k=VboyjVCBtDw=.jpg,495,822,451,510,658.5,480.5,327,59
jzCnYS6Q_bm8d9l7OODBOllkbadP=jY.jpg,437,680,427,483,558.5,455.0,243,56
JzfJ9zeQ_f7bgfJH=NTnZHzQXrVkfL6.jpg,503,921,446,517,712.0,481.5,418,71
jzoK16kbYQPNxSEH4y_8OBtlGwSieo2.jpg,436,824,408,485,630.0,446.5,388,77
jzVS2axVDt4raRNCZmIpHCfJKlRaq93k.jpg,248,1011,528,660,629.5,594.0,763,132
j_WR9OrSFW1dkY1y3qfGlbPElEQzYRlG.jpg,352,815,447,514,583.5,480.5,463,67
k19vyzwv9hkFk8LaEcgLGdIUbdimVaIQ.jpg,374,814,426,496,594.0,461.0,440,70
K1aldN=RbSkNJUrTO9u8Q=pyJ2N7Ce8.jpg,442,788,483,545,615.0,514.0,346,62
K1oUOf8zeEV4ZDm6R3hDIZTVopPFsx.jpg,382,924,500,586,653.0,543.0,542,86
k1TMoh1RFHKzQp1suGNXWIhw2Z5ZWl=H.jpg,169,822,503,594,495.5,548.5,653,91
k1ZEg2e4_T2P6PICWvoQme2hR1lP2Ng.jpg,329,638,475,534,483.5,504.5,309,59
k3EcKNfQxfc9QUJp8DnggTBf_BVotdTF.jpg,436,848,448,511,642.0,479.5,412,63
K3pzmPt5nbLMNoDun7Dithh5ljb8tqC6.jpg,456,744,451,509,600.0,480.0,288,58
K47tEENFHzF4NLc1jmaBdRgUl5Fqk.jpg,421,717,453,511,569.0,482.0,296,58
K4r6pd36J_D2RljTMIPlcyikcGSXp1x.jpg,463,898,465,533,680.5,499.0,435,68
K4w3a9Ld9FHRDKNUZ6vYqeN8j_4j8xN.jpg,399,928,495,573,663.5,534.0,529,78
K5P_dRT4K8mVGZI=6I4tqQNVrCcYzN.jpg,433,734,434,493,583.5,463.5,301,59
k5VMEYR4vdKZULp1PwCjWmPwtRGiWZZ.jpg,360,898,454,536,629.0,495.0,538,82
k5_9nhV86FwCOk9aOMxgUvOXBYYniOq.jpg,349,770,418,483,559.5,450.5,421,65
K6BnFOGByJi=gWWQt22mmV_GEbUo75F.jpg,302,739,469,541,520.5,505.0,437,72
K6fGnNOyIbyGoXUmWuKBUS4jqObluQc.jpg,344,907,517,596,625.5,556.5,563,79
K7c7xoc8EoraMQDMDLoMgaJN5unaEXe4.jpg,391,867,441,512,629.0,476.5,476,71
k7dRfUpq8Nm8Up3cfPihKBD1IbUl7TQ.jpg,397,879,474,553,638.0,513.5,482,79
K7ms=1bxv_6gGgccQExHIy3eTVm4c.jpg,449,891,411,501,670.0,456.0,442,90
k7ngTVphYPb9L3nzh=ds26UX2UYpHsW_.jpg,293,794,451,525,543.5,488.0,501,74
K7QaIDQsSOrLhGp_xOFTWgfBMbDfXTP.jpg,144,981,549,664,562.5,606.5,837,115
k7X9L=hgFbRwFzlrue2pnGvvVZdYSPB.jpg,410,943,441,521,676.5,481.0,533,80
K7_h716p81_vUoCBweO89XdjxGZEDKt.jpg,475,763,452,508,619.0,480.0,288,56
K8=I5Nk5FH1sYSBkHGk1wMaJ8D=y6c.jpg,423,889,476,544,656.0,510.0,466,68
K8ip=QOtnSrtXV66frOT94Udz3_TXn.jpg,325,797,447,513,561.0,480.0,472,66
k8Nz6Po8iC3PW7KqqB==RPrjRrdKd_i.jpg,380,889,454,527,634.5,490.5,509,73
k9BrMoWnH5b3=qxzPZ_EtWESaaEKa2R.jpg,428,846,458,521,637.0,489.5,418,63
k9k9X4LYKN4CDj9ooPtbiKEzfKQTIING.jpg,216,797,461,543,506.5,502.0,581,82
K9pm67UbC69965bd7_u3SnIqpRrPcE.jpg,411,836,451,520,623.5,485.5,425,69
k=HruQ74Nz8nle4kJzBVYLYFhYo4Z_5N.jpg,354,772,442,504,563.0,473.0,418,62
KabxDsEm96eufaog=iJFFM7vLeDLHHOy.jpg,429,823,414,479,626.0,446.5,394,65
kafnPB7CgwX=4MkHKYR7XcQBKYjBPe6u.jpg,390,918,503,580,654.0,541.5,528,77
KaK6NNXIjTO6MSm=MRRBFYYr1TBvzrL5.jpg,360,660,421,485,510.0,453.0,300,64
KarZGaCNMbNOoVZ6vSx2oSqSwUEuTFER.jpg,471,834,474,539,652.5,506.5,363,65
kaWQUgt_BHbn=9iuypPPUbo1y5EfmvK7.jpg,433,815,437,502,624.0,469.5,382,65
kazuCrJQgGXidY=yCdgTVB8z_NCKPxq.jpg,441,1002,463,550,721.5,506.5,561,87
Ka_djj5_ON=jqFL3j=X3MgGmZNfcr3VV.jpg,354,667,442,501,510.5,471.5,313,59
Kb2SCY4rLjJZxoEpRJcVWmqmXfZGbe.jpg,161,1134,598,736,647.5,667.0,973,138
kB5KBYtBssPydN_v7Oi97d_8TQuLcI4R.jpg,447,807,484,551,627.0,517.5,360,67
KbFg7foT7nvOxKD=c89gRQfHCDFgVC.jpg,368,1062,562,663,715.0,612.5,694,101
kBji_oLPRlpFhIH5dX=6FRDyD5yOhgH.jpg,480,863,509,577,671.5,543.0,383,68
KBpF32cBJP2_rD2=x7eGeGkCT7B91ff.jpg,517,1071,499,591,794.0,545.0,554,92
KbPf4ysdYsZp4f63m6=X42KCZmZn.jpg,298,832,467,545,565.0,506.0,534,78
kBPMZxI8YS17Hy=T1IxRIhTn4KRhbFK.jpg,311,854,419,512,582.5,465.5,543,93
Kc2NjvkbzeKM1F1jc8twrJvGcFpWKxeM.jpg,240,841,469,550,540.5,509.5,601,81
Kc4sxrDIyoD3jnJ_ogbVyu6ib67gUl.jpg,262,744,453,524,503.0,488.5,482,71
KC6_CsmnIo6shqqV4q6jT=wgSrigzV.jpg,226,1075,568,698,650.5,633.0,849,130
kcafqL=92ExtNfEpE5CHWNTtXgxhrGLG.jpg,446,790,489,553,618.0,521.0,344,64
KcckQdfPBPw3WJlQMCB8JsR_kJi83f3q.jpg,457,817,498,564,637.0,531.0,360,66
KcFl9LpzY6hFF5YTJxx9l8l3pccOvbB.jpg,422,936,457,532,679.0,494.5,514,75
kcFylmXEJBiLmOpkoaaBs7nnNag3Ig.jpg,454,756,459,517,605.0,488.0,302,58
kch=z5HMOwfOIKMoNBGe7t2o3WmV6G.jpg,400,840,464,534,620.0,499.0,440,70
kclPI2YbbOV4LqFDOEWb_3hFLShn5U2.jpg,403,836,425,495,619.5,460.0,433,70
kCVeEJB8NUa5UauuHHf8NmB8fIgOm4.jpg,461,931,475,548,696.0,511.5,470,73
kd=mgc3y59Zt6cD4jdI_SBs9dhR2q.jpg,276,773,453,527,524.5,490.0,497,74
kdfEfyFCbyCKshEKIaHl2Ow=eRX4kuh.jpg,409,988,524,612,698.5,568.0,579,88
kdOIu3fcK6_Z5GdwvQlYtXkE8MGPRnYu.jpg,304,865,468,550,584.5,509.0,561,82
KDOmPumjzoHLl8F41d_6DzxMFwLBv6_.jpg,373,671,427,484,522.0,455.5,298,57
KDoN4mp1OBgschXOEzrqgD4MZJrPrQH.jpg,351,879,495,577,615.0,536.0,528,82
KDpjayeTgTbYT8=4N_RljvYyBXiwdXX.jpg,414,863,432,504,638.5,468.0,449,72
KdQ86fCF54y59SUDxrCzaQUTJiTMNEN.jpg,324,857,463,541,590.5,502.0,533,78
kdTYDYComKymMv8iuqLeQqQ5iFlkyJGo.jpg,466,804,456,520,635.0,488.0,338,64
KdXRTQ4SJ_E=ndSb_xDI2Z85IQfPxHL.jpg,364,868,461,534,616.0,497.5,504,73
ke7soFKd6Cjpm7_we5cO37ptS3uur.jpg,453,768,472,531,610.5,501.5,315,59
KebTpIedBcmvS9GnMpWij6JNyYpBw.jpg,406,841,447,512,623.5,479.5,435,65
Kecx6xyL_ue3n1t2zupcYZwnPPcCglE.jpg,474,807,438,499,640.5,468.5,333,61
KErXS=I7_qvD2JG48PgBinjEYFKhuQw.jpg,478,838,496,564,658.0,530.0,360,68
KF6rJm9Jp43MTtLMRpH7FocPjKzwOJZ.jpg,508,886,484,551,697.0,517.5,378,67
KFbojBlZCbqrrXDOVRl6ZngINDOJSR.jpg,381,813,428,493,597.0,460.5,432,65
kfgRRFEV2HRpk7prpQdcVsUrSZQOMo.jpg,287,785,451,526,536.0,488.5,498,75
KfO7gc6tMqDPaKFw5zVfbSExzj2GkS.jpg,414,764,492,556,589.0,524.0,350,64
kfYjkvav6enIOMVvVISB6DZjTq9wL3vx.jpg,480,770,435,492,625.0,463.5,290,57
KGbutJkF74xwF2mB2zlcSu5JZ297TTFg.jpg,380,831,434,506,605.5,470.0,451,72
KGCrNBhUPYbuShJukSqzubva_8bzWYra.jpg,431,868,460,528,649.5,494.0,437,68
kggTQNLe9_DFn7YKHaJy6TcwKZ3Z5zdB.jpg,357,750,419,479,553.5,449.0,393,60
KgL8CQqM7EJRC9exrUd2DMXIPU7ViibF.jpg,458,955,488,564,706.5,526.0,497,76
KgXvWChYDIMifwj6QcptnHr6RRcGr6v.jpg,479,790,461,519,634.5,490.0,311,58
kH1citKmgzuuNM2pOc2L4OY3lNi1t4c.jpg,430,849,421,486,639.5,453.5,419,65
KH4sNM2Cp7W3Y7GzVJcmKSS5VPc=N2xM.jpg,412,827,421,484,619.5,452.5,415,63
kh56TJx2RJPzCVHgBQqdrQlhl2IXFy3B.jpg,389,831,452,519,610.0,485.5,442,67
KHEJ7dSIQJq97PT9d=i7j1aLscY=IU.jpg,432,955,489,569,693.5,529.0,523,80
KHeKYRQWhEm_Za4aNrx8o2aq5fFm_r.jpg,440,969,504,585,704.5,544.5,529,81
KHFc7WWyrcy5ThKoBgmF7rzob3m=3_d.jpg,377,896,495,578,636.5,536.5,519,83
Khq=Sm_P4cThR1CSNQp5IziaddPc9Xz.jpg,360,846,480,557,603.0,518.5,486,77
KHWWy9hZxrdsZO7vWEuVnFm5J2CSzH.jpg,177,757,492,579,467.0,535.5,580,87
Kilg=yKp=Jtb2irVrWsf94PyDcwlhmHH.jpg,325,883,465,548,604.0,506.5,558,83
kILnhlB3c=bUKGLC2YcqvjFpVc9QgYe.jpg,423,755,445,509,589.0,477.0,332,64
KiSL7Mt4U7=e71qSkHBX6lTIPt6u8EMl.jpg,454,821,497,568,637.5,532.5,367,71
KizpIz_YXDy5JeKdf_PDdxiTHJMTub.jpg,432,885,424,493,658.5,458.5,453,69
kJ2q9eh2yjzGlr2h7gqtz_z3R9YWK.jpg,437,887,469,536,662.0,502.5,450,67
KjEDekngeKY_F=reSKJ6uKRfMtqfgah6.jpg,292,697,440,506,494.5,473.0,405,66
kJIxXro=zQQfj16HM_t7Mizi_PeRNLyd.jpg,342,728,459,527,535.0,493.0,386,68
kjL96bdyXuwJ9l3VhXGUdqv8NG=DR2Vl.jpg,182,787,431,519,484.5,475.0,605,88
kjoV9BqcG8WpNtvrrydd2cFf7z_ahcaG.jpg,469,782,471,530,625.5,500.5,313,59
kjRsU7bo827zsecMF9qP_sKyV_zXB=D.jpg,392,681,429,488,536.5,458.5,289,59
KjVFes7MrWT2K93QUN8YPDi7k=kdrfv1.jpg,436,833,417,481,634.5,449.0,397,64
KjWLHmGRTIBRlc_fZ_eGfTefBYPVFNYU.jpg,327,874,511,589,600.5,550.0,547,78
kjWyiqE1p_Dt1nJlHdU4Wlf4m=fj6N.jpg,297,755,427,496,526.0,461.5,458,69
kkbd_CaI_cKkj5YkFrVGT8PsoCjmobwL.jpg,392,820,423,494,606.0,458.5,428,71
KKGhr7TaSKDpMre9mjWT856HOUjxGyeK.jpg,437,770,479,543,603.5,511.0,333,64
KkI3LKG7LWFle5g1rRcc1WCDqeFjKCr.jpg,454,761,461,520,607.5,490.5,307,59
KkMm8FOEHMwZzXNukbGTMCcrDI6dyF.jpg,346,832,445,527,589.0,486.0,486,82
KkrtjMHw9vQCRG4yDDiJWbOU5KvyvaP1.jpg,387,679,427,486,533.0,456.5,292,59
KKsGp48QuUG54xIxHGNhbzQ32Wrgv.jpg,376,801,416,501,588.5,458.5,425,85
kkwjnpw4NeaipX5=6ZHXopbNt8ooSC.jpg,294,924,497,589,609.0,543.0,630,92
kKWvvck7I4EB9pJKYYM5tBdEMdYkt2D.jpg,428,892,430,499,660.0,464.5,464,69
KlB4mI_wMKvaVP6VVEQF63G9KH_EZmi.jpg,365,891,445,524,628.0,484.5,526,79
KlBGpdO3=6p_xLma=use_1=EFyLqKm.jpg,418,873,430,501,645.5,465.5,455,71
klc33Wu8zlIZmrEkPaumGl3I=ypu2n.jpg,404,848,423,490,626.0,456.5,444,67
kllZTK=xQfcHvLxZRxVnBNCfkrj17b4h.jpg,464,870,453,515,667.0,484.0,406,62
KLsYxWPZ8P4tSKEeREuPTrNEWtSewLZ5.jpg,388,926,465,544,657.0,504.5,538,79
KMh2PSggfkikwn8SdirLkhS84ndkZUey.jpg,458,844,485,551,651.0,518.0,386,66
KMH9rLOcSCqRukQVEU2bVz9KtUguJHNC.jpg,322,864,448,528,593.0,488.0,542,80
KMXxJxwSrnlca36EvVY9fqTbajnIuWVF.jpg,461,943,420,518,702.0,469.0,482,98
KMy=rYND3nBncVmJVcfHawmuuSZTbYGE.jpg,165,827,520,610,496.0,565.0,662,90
KN4=6HSJorkr2FvljU3dqJRpWfNimyKE.jpg,368,777,426,489,572.5,457.5,409,63
KN5w1iwmz5gyUWRlKG6kuMOc7JkkCd=.jpg,342,889,476,554,615.5,515.0,547,78
knhHMeoLin7TcfMyGfjUuIty1tUV6J5z.jpg,320,858,456,538,589.0,497.0,538,82
knjBi2Le3qLEL2J7vTzrXc57oFVJX.jpg,248,818,473,556,533.0,514.5,570,83
kNk5lou4do9P4Wvw=cezcNh2veLQKYE.jpg,366,845,433,504,605.5,468.5,479,71
KNkY4wIVs_Nq=6mHkRyFORP5QQvIEm.jpg,469,916,425,504,692.5,464.5,447,79
kO57T6Fvivpv6FVUP_wLctaMnY2oCf.jpg,118,1021,587,718,569.5,652.5,903,131
Ko7HCbVVRQV3bB93nyN2NRmcXQlrcV.jpg,421,778,491,556,599.5,523.5,357,65
KoPIO_zikgSPtgzvXlUBZQbI7HgSkEH.jpg,412,793,453,527,602.5,490.0,381,74
koPqnfJqbNkWNTYfq9aIBW32MseHPNGk.jpg,474,958,476,560,716.0,518.0,484,84
KowlJPy3f31rw=KScNbHlpWDIg1FfFi.jpg,379,689,461,521,534.0,491.0,310,60
koWSpMu2Oq=123tq=M=QoZ=fXSa7Ndn.jpg,259,719,537,615,489.0,576.0,460,78
kOYyd3Vp5cBDLfgDyHxk8clEDQPRRfF.jpg,448,1045,519,614,746.5,566.5,597,95
kp6u3GmzwibH5UW9X8bzvNgL5t_pqL7.jpg,331,857,456,535,594.0,495.5,526,79
Kp8vk1dhajz2lkZGkVpohgcOYKMzqIV.jpg,198,952,573,693,575.0,633.0,754,120
kpBB4mj4t9z95imlBExJvkh7XUDPt6md.jpg,344,754,426,488,549.0,457.0,410,62
kPiRFadXmcKkzGjjXTndl_DmTWHFeGV.jpg,247,713,465,538,480.0,501.5,466,73
kpPNDzDyZWzzTqX5XN3KCa6Vosa7Bw.jpg,433,956,492,574,694.5,533.0,523,82
kpvJN1sUli5fyg_UEmaYMKYSfkMJoOn5.jpg,505,820,460,519,662.5,489.5,315,59
KQ89dO6R=SzT9py_c_2UzI1KbRhDvBbm.jpg,351,699,492,556,525.0,524.0,348,64
KQDcqmknEagsJ2czcyL74OwFq_oEkS.jpg,345,875,461,537,610.0,499.0,530,76
kqmilQk1LaEh5URo=4qm_Ndp28qyw22.jpg,358,906,459,542,632.0,500.5,548,83
kQqWY=59gQxav_rfclvbf3bSKyb4EpN.jpg,317,818,442,518,567.5,480.0,501,76
KR42jRNUYQlDLKV8uHmiSmL3Djrwnt6.jpg,444,816,503,568,630.0,535.5,372,65
krBaX8_unNkKYl2igdPtE1ah6IMhbiT.jpg,482,837,483,545,659.5,514.0,355,62
kRpsZSVLf43GLc_wwfxbU42z8hbpo9d.jpg,363,880,484,558,621.5,521.0,517,74
KSbYFBY3mCys2_uUb_KLjijORZju3P3p.jpg,350,908,512,596,629.0,554.0,558,84
KsCD3ysqqx6KGphFsQMONXpNBnmWbe.jpg,402,707,442,497,554.5,469.5,305,55
kSD5EE3MPHo2wlnVD25an5ou2hKU_BNe.jpg,291,788,447,519,539.5,483.0,497,72
KsFp=m=iXOKlcU99VVgcVea9ebatObcD.jpg,434,941,444,522,687.5,483.0,507,78
ksggSh7KxQczInGox_yexFV2ckCRJQT.jpg,276,1231,0,960,753.5,480.0,955,960
KsIhBcGJna85JgXJcUxTKrvkaklEXsni.jpg,423,821,417,494,622.0,455.5,398,77
Ksl5wFzq8PCzKGcfgj=aUmOSptaiXpxO.jpg,322,803,440,517,562.5,478.5,481,77
ksLXJpIxFXicCwgJfuCNdHMclkzl1cc.jpg,438,816,459,528,627.0,493.5,378,69
KSNT25MPkEW6wxDNqYEEyj_gwwGqOu.jpg,285,891,481,569,588.0,525.0,606,88
KSPcN=vqw_Un62zwuDkfIJqaqlph_FQ.jpg,363,1018,500,604,690.5,552.0,655,104
KsU=4HbYY1q6FgkGpuM6H2dzxO5kHMg.jpg,296,728,448,517,512.0,482.5,432,69
kT1nEwoNevNbiG_5TxDi5_yas2ssE1Q.jpg,392,850,431,499,621.0,465.0,458,68
kt1TU=bTejBBz9msdpCe8ms2y7DGLoMb.jpg,410,905,486,563,657.5,524.5,495,77
KU=lIDNCpQ29KZrdhFtk4rQfXQN2iay.jpg,318,751,424,497,534.5,460.5,433,73
kUjs_8ex36ShgvlXprRwfKqErp3LlLE.jpg,254,786,461,542,520.0,501.5,532,81
KUK6t12rfLULfCNZKmc_idnNyY8J3O.jpg,240,782,450,530,511.0,490.0,542,80
kuqXvDdNObPktca6EHL_sGKI=DQIzMu.jpg,349,689,489,549,519.0,519.0,340,60
KusDcV=5jwqJgaGno18x24WFKhEYpgE.jpg,415,952,465,547,683.5,506.0,537,82
kuvx5o2m5g41WjSd7eJZEiS1SH_BqozD.jpg,288,860,513,602,574.0,557.5,572,89
kUxaTmC9vkiYTYQVc=3Ij=pB9GT12.jpg,369,938,517,602,653.5,559.5,569,85
Kv3=rkuIr1nF7=SwXpbn868nl_gxN=.jpg,408,740,444,506,574.0,475.0,332,62
kVBz71JL8g4j54irXlNwjvpY6iBXMk.jpg,339,643,429,486,491.0,457.5,304,57
kVi3vpD7RL6k9ch86NQl=guRCpMuEdW.jpg,297,772,435,510,534.5,472.5,475,75
kVqbBSkKLjwjdLcbomdp3RMT=MgZDn.jpg,378,688,444,504,533.0,474.0,310,60
kVQo8jrB3eiI9QfWX3lY7cFUe3TYOi7.jpg,254,824,518,603,539.0,560.5,570,85
kVsCxyYzh8rLCCNdrItHnvZxud7behc.jpg,413,877,435,506,645.0,470.5,464,71
KvTi64hub69c1BcpGGCfHTWE1PkFeOB5.jpg,328,777,434,502,552.5,468.0,449,68
kvtyEImYGD_F4usgkSux45VrvV_eyI9.jpg,279,983,514,616,631.0,565.0,704,102
KVvdKqSsTkGpjG_RBd3LUE6B=kj8zRk.jpg,461,929,473,545,695.0,509.0,468,72
kVXcrBsoMIshKOZ5J4i8aqGGzHE7Gk7.jpg,434,733,455,511,583.5,483.0,299,56
kw66OrHnncORgSZzVF46D6VscP=DJk.jpg,439,706,419,473,572.5,446.0,267,54
kwctcUpzSYNeWzY1zIJGsmIMzgzgLNW.jpg,252,772,455,536,512.0,495.5,520,81
KwG=aLVLpzDkBaXQOXyqYMpL88UQ3xJ.jpg,431,854,422,492,642.5,457.0,423,70
KWjlDqE=5Lf2hq==nXKi8MdrEeTDtsJL.jpg,264,820,463,548,542.0,505.5,556,85
KwuEcMtW9o5GidLcUQyqacztJgccyc.jpg,369,679,444,499,524.0,471.5,310,55
kX2VQYmSVRIqLdgaawiLuhp=BYVMYSs.jpg,302,1099,553,672,700.5,612.5,797,119
KX51op1swpLn5qWGCIldEKzFBIlMkcTg.jpg,484,789,450,506,636.5,478.0,305,56
KX=QqSfGYITXx8P6bnqQyRy8VapqDv.jpg,369,848,431,514,608.5,472.5,479,83
KxFQCi_H1NuPLE3zKWsdxf6MXmBm.jpg,441,761,429,489,601.0,459.0,320,60
kxLuMQlTc9bB_fKDESF9mmYqR4dszv64.jpg,381,681,441,498,531.0,469.5,300,57
kxvoxGhrZ1bD2dmWpruUrlGaTtNS5852.jpg,374,931,460,545,652.5,502.5,557,85
kxVWV=xzhTis7suvKUP1MJhUiEtO.jpg,454,761,469,528,607.5,498.5,307,59
KXYML=HQ=XpJyE8nxQl2wy91ebVHsOp3.jpg,372,857,430,503,614.5,466.5,485,73
kYbZHJNZqjr1Ll8BexBpqSLPc84EliBG.jpg,371,891,439,538,631.0,488.5,520,99
kyhTf1eBs1IJqak8Fn2Uet92V8trJ.jpg,381,924,459,543,652.5,501.0,543,84
kYlFKp496xUcP=n1Mk9FxP4aWgRCYW.jpg,360,784,420,502,572.0,461.0,424,82
kyMDatR1syF6ji9O=dDfNR8X59JnDyB.jpg,429,797,436,503,613.0,469.5,368,67
kYSen58HKwVmlGdnuW_s2jUnxfxmm=2.jpg,266,770,441,516,518.0,478.5,504,75
KyUYPUzVnXsVD3YEF8oF1sOI=erFIa7.jpg,441,885,426,496,663.0,461.0,444,70
kYXf1MiBbRTY42ubazkO3F96_kLSeqBd.jpg,362,893,493,578,627.5,535.5,531,85
KYZbopvssXTSqYK5x=MO8be7uIBFPEKu.jpg,296,776,446,516,536.0,481.0,480,70
KYzPUQLTdjk7yLXxcjPdsxkSl4IW3gt.jpg,315,776,443,514,545.5,478.5,461,71
kZ98vCHDl9sqHjJ5hgWRdxuMHCtQRRR.jpg,449,858,417,490,653.5,453.5,409,73
kZdxXHq3i_PHVescOIUm4jinB=C1EFsL.jpg,355,765,420,485,560.0,452.5,410,65
kzjKUlUbZnwrRVFF1pc75eFDcQUL8mq.jpg,312,1063,532,637,687.5,584.5,751,105
kzy7j46u5POM_LTitSHdl5ULRmJm2297.jpg,405,932,501,577,668.5,539.0,527,76
l1BxEtsR=i6413tsvuG=3VYSne1TtW.jpg,320,766,431,503,543.0,467.0,446,72
L1ggE6cky2Rq46JxUPSqFoQPtNQGmnt.jpg,248,765,532,624,506.5,578.0,517,92
L26rnKQhwZnRxKl3_93XseoXDLHEUK.jpg,426,793,477,539,609.5,508.0,367,62
l2=KM9RDB7GuXuFdg54MhdREZrv_BQu.jpg,448,951,455,528,699.5,491.5,503,73
l2CiqNhsGIKc=CvHNRRVL53Fulxtq66.jpg,421,776,471,533,598.5,502.0,355,62
L2rNg2r6j82QFJpoKzRX9PifBz5woi6I.jpg,335,806,472,541,570.5,506.5,471,69
l38GkifmKSvRbMHaW_YuazYJqUPF11a.jpg,443,883,426,498,663.0,462.0,440,72
l47w9WJd8reYlsGMwYVYZRrzfUPaU_.jpg,388,858,472,544,623.0,508.0,470,72
L4JOf_SI1veeUw9hJTNFKXQkrETRGVI.jpg,471,800,470,530,635.5,500.0,329,60
l4syXZTTfVvawu87dofrLcgTIiZ=M.jpg,497,895,438,508,696.0,473.0,398,70
L4WkRLSM_kWWDVtxDwV8Pr8PRIOkCT6.jpg,387,808,416,479,597.5,447.5,421,63
L57=W1uk9BKOZ53ShQFVmomqb7seoe4c.jpg,345,921,517,602,633.0,559.5,576,85
l5Q7sEdIVcjuCV4bYMn9gPe2wq5iwWU.jpg,391,805,423,494,598.0,458.5,414,71
L6BorVHDpBWk4EZN=hVVQZlfS3dYHxV.jpg,353,778,424,496,565.5,460.0,425,72
l6ieYDfBzUL9_eyodmZP4orik4ta8NF.jpg,459,901,467,534,680.0,500.5,442,67
L6wZQJbSQy4jC3sIdQ2Fo2qyceXuH2J.jpg,401,714,465,525,557.5,495.0,313,60
L6ZSnkjqKsk27J_UCNcIyM5nvN_lLU6Q.jpg,431,783,484,549,607.0,516.5,352,65
l7cKDQIBnHyf2XhF9=dwp97GOFTm39R.jpg,459,788,450,517,623.5,483.5,329,67
L7O8dIRJzzE15BFGV3PMVZBWpmM6UGe.jpg,377,830,425,491,603.5,458.0,453,66
l7yYCXxtK_ViKtN6jbq1Ez6eXHDv16fv.jpg,414,879,469,539,646.5,504.0,465,70
l81GqiTx4CQEKvYqX3qqPvhd6bimKRMR.jpg,367,821,421,493,594.0,457.0,454,72
l8dDkKYZbCZqt1J9i3n=xiS4MXjxbQZ.jpg,345,787,420,486,566.0,453.0,442,66
L8qPivl3xSzKOwEUhKiGLpGJlO5yhr.jpg,452,871,457,519,661.5,488.0,419,62
l9juKKj9MLFpeq8BCClIaw96UPmSyI9.jpg,423,913,568,655,668.0,611.5,490,87
L=8_t4uuiPmCVgtgrnmIYCJfYkyuFmyg.jpg,309,862,463,546,585.5,504.5,553,83
l=hgLNmrBntSCCx_2Up6uZ6OFf3ILW.jpg,424,928,489,566,676.0,527.5,504,77
l=hpMwqaDpld4oQl=hsFrS4qpWHHVQTR.jpg,145,892,532,634,518.5,583.0,747,102
l=udmOIoUDxfF4frOpNn4PBBI1xp_Tkc.jpg,479,781,454,511,630.0,482.5,302,57
L=urycvLb862wuTz9qQgl7PvxEEoc6o9.jpg,418,865,428,501,641.5,464.5,447,73
L=viKyhtb1H5tBC_PBuIgSN63qQ2ohUn.jpg,312,785,466,541,548.5,503.5,473,75
la9JvvJxqrVWv1MTSzBNdtt2rr_aH9.jpg,420,828,518,597,624.0,557.5,408,79
LaHFabqnRxK5QZp72Rg94UN3OU5YH_.jpg,464,874,428,495,669.0,461.5,410,67
LaRfGqH2VSdW9K1sh95tUzHQ_gOUCv4_.jpg,392,930,452,548,661.0,500.0,538,96
LayvIK7ZeNBp99YL5RRpcoHrKrF=xgnL.jpg,486,795,440,502,640.5,471.0,309,62
Lb4qfXtm9qR2CcatywfhM=mFq9F8Sj3B.jpg,337,829,451,524,583.0,487.5,492,73
LbEuOmvoMMNlnYCowX48G8Boy5o=.jpg,298,886,464,545,592.0,504.5,588,81
Lbfg5G8mfGc8GE3ImvRgEr7uZbnPJPjD.jpg,318,908,474,562,613.0,518.0,590,88
LBhl4cWxyYWdHkr9RaxMpHlNVPc9jx2.jpg,419,852,460,526,635.5,493.0,433,66
LbhntTj2wH9_UTOzZRM9RTuEIuSDBu.jpg,432,871,456,533,651.5,494.5,439,77
lBjp_XF7js9T3IIyNzqhD9cC35LmuHm.jpg,463,799,449,512,631.0,480.5,336,63
lbsvff9whykExiNYxinzzFK=PKYeM96E.jpg,374,736,502,567,555.0,534.5,362,65
LBV3J56YfvnZBSaDw2mbSbwxU2igw.jpg,458,743,433,488,600.5,460.5,285,55
LbzEj=eM1UOsiDLLj5LSEKODOLzvvT.jpg,382,675,435,489,528.5,462.0,293,54
LBzhtY9mkicxLqBLHWyIqXbZq_QIcRia.jpg,417,846,421,492,631.5,456.5,429,71
lbzN4NSgyUlRsC8vllpRSjlw3uhDDsr8.jpg,469,773,461,518,621.0,489.5,304,57
LC2=OjMYialc5LKxjp4MoK1IWEq5NLu.jpg,473,948,447,525,710.5,486.0,475,78
lC9LVkBqmHWOW6q3xDFky6R6bQkiIcLe.jpg,363,876,485,568,619.5,526.5,513,83
lCsuwZwHQ9jOBT3YjbIXSjJMgIOR6y.jpg,489,834,486,548,661.5,517.0,345,62
LcSUXphV6_ldru5Kowcc5weZoOB9wSa.jpg,369,937,507,595,653.0,551.0,568,88
lcswUNPwS76cMyOLDlhlXFHvmUNZZ5G4.jpg,474,801,474,534,637.5,504.0,327,60
lCteECrWIhpcwQGo7oiYnR=lspWvvVFZ.jpg,395,846,433,506,620.5,469.5,451,73
LCVRe1Ia4hh_a1zCmZHbuIb2fyzbOxQ.jpg,301,750,434,510,525.5,472.0,449,76
lc_jmG_xywjTCuUvd_tjHCkT2JrcDU.jpg,353,847,437,511,600.0,474.0,494,74
lD53JaxWBoLYgpZGonrIENJ8LyN_2CG.jpg,404,727,429,490,565.5,459.5,323,61
LdaPkux1qqjow3J8v32RtBsCzvTl=lL.jpg,335,761,422,489,548.0,455.5,426,67
ldDDakfxD92h8tFgT=TCkxVwNtupuvB.jpg,452,912,475,549,682.0,512.0,460,74
LDJ3ljEY=qBKFX_yeZ2ak87c6KiclKL.jpg,286,838,464,549,562.0,506.5,552,85
lDJs32Fb36Vt74gCxuDBQbZq3ru=YVPf.jpg,329,906,462,546,617.5,504.0,577,84
ldmrynIPjxtRKRx4gDBnoPbPfl2bE.jpg,295,1010,521,631,652.5,576.0,715,110
LDMYNYXQXGyEcZw69Y17NqTn6abhnC3T.jpg,463,923,473,547,693.0,510.0,460,74
lDXXc5Ds15b=Qg44277hIMLYkPrLaH.jpg,361,795,428,498,578.0,463.0,434,70
lDzd9gtnzjsqueQkqF93cClHBjCD_Qx.jpg,411,811,411,474,611.0,442.5,400,63
le7dOrqR93nLUC5L2ynW6L=cUbdn5iQB.jpg,393,725,452,514,559.0,483.0,332,62
lEGVW5lqQ3VOtYiTkT944y8BiFjvJP85.jpg,371,887,450,526,629.0,488.0,516,76
lf8ZfOujEIzM832okELUDxxT4dfkMnyP.jpg,434,933,485,564,683.5,524.5,499,79
lF=SmyUUw1=8TpQEDq8VY7WvMb7djh.jpg,323,880,476,557,601.5,516.5,557,81
lFMSnnmQtLnHDjykjOViEoY55lKYf8_c.jpg,440,759,448,507,599.5,477.5,319,59
LfpRHrqJFL22BtNQHiD9qi7g8WLhrPfF.jpg,426,793,496,566,609.5,531.0,367,70
LfqQIcPMCw6Ra7MG4moTc__Spofc.jpg,421,915,490,565,668.0,527.5,494,75
lFQ_5yLjpW8HYEQJm9VqUwbCZqGv77n.jpg,434,831,427,491,632.5,459.0,397,64
LFXxk3OGCanlk35xtPKSXrCPlZ.jpg,384,861,437,512,622.5,474.5,477,75
LG2Go_nYTbifUL=85sOk5xUdvPnnNX3.jpg,349,792,435,502,570.5,468.5,443,67
lgbWIChUbe5S2W_qakp5JMmi9_lL6ho.jpg,457,814,492,558,635.5,525.0,357,66
lgEmdeW4Ie6T5dMeOyk_TXVJMcNqvv.jpg,360,655,422,480,507.5,451.0,295,58
lGtkDIZHa9D5P_Ur5KTnzm4M4u1VqN.jpg,301,793,437,543,547.0,490.0,492,106
LGxxWguPukgCel7IttvRvWtdtrmI1qc.jpg,368,674,447,504,521.0,475.5,306,57
lh58umQFRcBm5uC3qrk7JlFVNRF7MiY.jpg,104,1108,628,761,606.0,694.5,1004,133
lh5LtofuJxFadoY89i4rKDMPI6I8FhB.jpg,511,791,425,480,651.0,452.5,280,55
LhGdBpR2kI24TjaZci6tBITDslLwB_.jpg,100,709,477,572,404.5,524.5,609,95
lhO4FEb4_fwU7BNbmFfQ=lQOpoo59Io5.jpg,461,872,421,489,666.5,455.0,411,68
lhRwOil=9dqO5WF=LKeGz7pkWdNSra.jpg,270,842,469,556,556.0,512.5,572,87
LHs98HBIm4gPVe88fFmd792lasWzmD5m.jpg,390,872,485,556,631.0,520.5,482,71
LHzeLWum=OElGhfp4WlMsmSu_Gxl1a.jpg,437,723,444,499,580.0,471.5,286,55
LI4hM5zaIXwW7c=IQuDXp_RqYMQaZuwO.jpg,319,817,443,521,568.0,482.0,498,78
licgokMWMxo64lFgCYuXneEvsjW3Si.jpg,532,857,472,535,694.5,503.5,325,63
Lis1asmm2VidVEU9OdKjKi_noBK3t6T.jpg,309,750,465,534,529.5,499.5,441,69
LiU2Ob6wWPW1OXnWRZVbcfTgNQUMd2.jpg,393,853,429,503,623.0,466.0,460,74
lJ3FVsTp_CJbIZLwRh6DUdgzlS3XKCc7.jpg,265,957,464,570,611.0,517.0,692,106
lJc9J=P7xoS27bTPsrJv6O6QazS=gGl.jpg,375,884,496,570,629.5,533.0,509,74
lJg253p=QbU_F6cM_K9f1YYvNyLaHzGM.jpg,457,779,467,528,618.0,497.5,322,61
LJmhZo_6YRNy5zvaq785Pqc8=vQWzPVj.jpg,430,741,464,521,585.5,492.5,311,57
LJOb_VwK_q1XEinpvNaVSBZqCCs=yl=.jpg,389,848,466,538,618.5,502.0,459,72
lJZd6Mna9Vb3PVhha=bdUDNr4mzXVmLM.jpg,300,854,486,564,577.0,525.0,554,78
lK58SlWnon7mEutgYUrb5bI16Vjby2RM.jpg,285,826,467,543,555.5,505.0,541,76
LKBtBp3NK_rFISuaW_Pi7YpDpWN5.jpg,367,806,447,515,586.5,481.0,439,68
LkFlHXQ_2pnVjSvBpqrg9_gorsU5z7d.jpg,456,774,470,531,615.0,500.5,318,61
LkG3oirVWvL=2NiEQ43ZyhIZXn8EqgEt.jpg,280,764,446,523,522.0,484.5,484,77
LkhPjijVTSBc57HoDIVnbJqI83aUUh.jpg,487,877,510,583,682.0,546.5,390,73
lkKVuQp5h2LniIWMv2TUWMetSnfvKr.jpg,387,676,432,486,531.5,459.0,289,54
lKqUdrBHQZTGufalefVXSx2wOzkVNrLt.jpg,381,943,508,592,662.0,550.0,562,84
lkuDY=bur4jLsOLimdO17=hgSEJqFZ.jpg,295,651,462,526,473.0,494.0,356,64
LkxfF7hKojcWjdVwT1IqFTOLBhwk6m.jpg,374,823,421,487,598.5,454.0,449,66
LL1PY1NxLrhN5SDwqVhOEJeSjt48z.jpg,428,804,469,538,616.0,503.5,376,69
ll3BisPXwlvE6qYH2K1ZtKYDN_1yWYc.jpg,434,849,423,500,641.5,461.5,415,77
llj8krfc_eC7Z6V7c4Ve7NHF87TRBeI6.jpg,340,1190,599,727,765.0,663.0,850,128
LlK3rCLLrgzp9EfapsYO_kodTzjgWGH.jpg,285,876,532,613,580.5,572.5,591,81
lLO27XnLkiPsPXM9HEZZovQsQhuYGR7.jpg,386,811,424,495,598.5,459.5,425,71
llusa1GRwO2kvnDknBXOs3mttpjQnmV.jpg,391,796,459,535,593.5,497.0,405,76
LLXCehVXii7fd_gHPFkEp7a2RrUoCa8.jpg,326,961,479,578,643.5,528.5,635,99
LlxmZexbwMkeMcTl2pN7OS38B9oke=v.jpg,454,795,488,550,624.5,519.0,341,62
lMlC8edT9F=kZgnfxbN8ixYazfdb8jcp.jpg,305,873,471,555,589.0,513.0,568,84
lmmMB1zyx1LtLoROsJeUlWEkLZPMMVnT.jpg,363,824,463,534,593.5,498.5,461,71
LMN7h61=QOzJXn8ctaMRZ6JIpt9s7fS.jpg,403,950,498,584,676.5,541.0,547,86
LmqjbIkheXNghUsWzSPaayvwE76iHWK.jpg,207,853,519,603,530.0,561.0,646,84
LmsQe9x8mRMG=sCSaoU2kKBqBQ3DKGtF.jpg,468,820,500,564,644.0,532.0,352,64
lN3ZNQQRcZYumNsXS3iZt5ePUiwBw5m.jpg,243,893,496,596,568.0,546.0,650,100
ln5OoZuF_27uFvFX=hooGzQazaCMMnP.jpg,434,837,444,507,635.5,475.5,403,63
lNhONrDDgFGbxnWLc=xVPbCrretJGsO.jpg,450,727,444,499,588.5,471.5,277,55
lNkNtG_CcuuBF_GVvGh34zPp4aVbBP.jpg,425,756,476,540,590.5,508.0,331,64
LnNZIB92suGDeIB7clszRKtNf43urxv.jpg,271,785,455,532,528.0,493.5,514,77
LnS8CafkMPtyuq6BWpFZ4rLjCzB399fS.jpg,403,738,430,499,570.5,464.5,335,69
LO81poPbcLQXQiogHsYnrOdU=DvZq.jpg,399,957,477,559,678.0,518.0,558,82
LOb1gxEvNJngz44aBWd43IeCKx2KEiQ.jpg,393,908,492,566,650.5,529.0,515,74
LoF1n8Dg5vELmqa4SwnJuUlUQwPwduZ.jpg,370,866,448,527,618.0,487.5,496,79
LOt7c56NqFlVdFoTR=6c4d2WW3UXrsz.jpg,319,680,475,538,499.5,506.5,361,63
lOuvf6rKPgmm7494ec=NYPoVc3stgJdL.jpg,283,771,430,505,527.0,467.5,488,75
lp7tL4I=RVx1iWpVxX=ILnfUP19ww3M.jpg,310,759,439,508,534.5,473.5,449,69
LPOgTzRJIVSrZU=uDtjwY8nd_BnE24.jpg,444,744,438,496,594.0,467.0,300,58
LPXedpCmWYpegdVBkf8PyPWnLd1Wp7q.jpg,157,930,605,729,543.5,667.0,773,124
Lq4E27RSYMiOuleYWRfgFF=gaxg6PWy.jpg,336,744,422,487,540.0,454.5,408,65
LQ59lNRxHzYG9hGSi83Kpa2LByqgEU.jpg,378,889,450,532,633.5,491.0,511,82
lQ6sQFvnYv9aRqEEnOnaXzb6xzpfQ.jpg,376,668,432,489,522.0,460.5,292,57
LqH7T18=pvnbETPLqOvFwCqi1RJv=t3.jpg,425,1231,616,731,828.0,673.5,806,115
LqkYhQB9Djk9mZYLFSVjQRHMjJ7Y7J2W.jpg,345,791,427,499,568.0,463.0,446,72
LqPzxdy376J4ouYnFMOneVyaSCTwYHu9.jpg,344,731,413,476,537.5,444.5,387,63
LqW7jeFjkHRH64X9FzGdhcEvv15PkoQZ.jpg,335,865,505,583,600.0,544.0,530,78
lqXNK5M1aC6OtN_tRI39P3g1Cu6dxH6.jpg,374,1231,622,747,802.5,684.5,857,125
LRdqZSoYcJm3Ca6JiD6Pjpt7OXl7OX.jpg,482,755,442,496,618.5,469.0,273,54
lRHZpKPxMsQQUCQCXk7jr54OfP4Jru.jpg,487,913,417,493,700.0,455.0,426,76
LrrmV=7gRdTqTOp8Gg5l7iJzuSUazl.jpg,399,840,429,495,619.5,462.0,441,66
lseB4z6Js_PXqJW6Qq3S11gh3C335_j.jpg,405,781,507,575,593.0,541.0,376,68
LSoL9daECFm1kBED6DJoKwLipmYkVeJ.jpg,419,824,416,492,621.5,454.0,405,76
LSRiNGQqxMReN_fqP53i7pZ8sw4vwxuH.jpg,338,757,423,492,547.5,457.5,419,69
lStLWJguEbFnHEY51_ytwJTNrT_51EK.jpg,426,928,486,560,677.0,523.0,502,74
Lt3sPHuIjjluDDZYVetKOP32TerBC5.jpg,336,848,440,517,592.0,478.5,512,77
lT5M79=zMR88iSQCk6V2NF3iDHYR4X.jpg,338,760,451,523,549.0,487.0,422,72
lt5OjGX6jbbR8EkewOZw7JiBaRrXRVuC.jpg,419,794,499,570,606.5,534.5,375,71
LT=bXwSxTeuPX=Kry6EOJi5BsYoM1bm.jpg,322,767,456,521,544.5,488.5,445,65
lTDUV_D=ylLWgLs8N31I6DkT4TFqZV.jpg,302,770,435,509,536.0,472.0,468,74
LtE3xVv=Ww7uEpV1Iujz_oCpX3zGoL3.jpg,107,843,520,638,475.0,579.0,736,118
LTiNIELPfpcWjBwqN2JknDSdSZZvM1b.jpg,275,839,474,557,557.0,515.5,564,83
LtmG_ltfFRQ7j2LanGdc5_PUpPWTZ4.jpg,453,967,495,569,710.0,532.0,514,74
lTQVI8BmbNf_7zGfD=PMTu=rprSeiGvH.jpg,447,1020,510,601,733.5,555.5,573,91
ltrpIeD57fPRggKWT4ujl8PjTsV=P6U.jpg,404,809,414,478,606.5,446.0,405,64
LtSzrN_s7S39JfGffp191lB5zlkPMWCY.jpg,413,890,476,549,651.5,512.5,477,73
lTt9EXa2RgLDt8hz59ZoFjzIqENbaPh.jpg,260,805,458,544,532.5,501.0,545,86
lTwISUk=um1UvKfSXGmG6JGWw4_imgp.jpg,456,888,456,524,672.0,490.0,432,68
LtwSo3pqZ1XOVdGzW_1papZPTqPDsKu.jpg,340,864,460,536,602.0,498.0,524,76
lTXvjcgslTUIPZKVspEspTzKTpczyCu.jpg,431,845,453,514,638.0,483.5,414,61
luBbHgLwCnQsnho6UxjcJENFj4Oh2D5.jpg,351,804,436,501,577.5,468.5,453,65
LuGxnqy=Lg1dF5_=DrWaoo7KEsXB_fU=.jpg,326,848,458,536,587.0,497.0,522,78
lUmkTmD5m1zH3pEJHpHyd9GEt1N7o2.jpg,434,826,410,474,630.0,442.0,392,64
LusewJpVnHpsCj9PRpLbkHeXdSQh5.jpg,410,728,447,505,569.0,476.0,318,58
LuXodZcWCade7ULcb=SrE952h4i=ew5O.jpg,441,921,441,517,681.0,479.0,480,76
LuZoLLkmEvOby8XbIqzfJCgoXYcCQNCj.jpg,247,778,450,530,512.5,490.0,531,80
Lu_X7V4d_slT8oO9zZ4=vgCNVmmv6b.jpg,437,897,464,536,667.0,500.0,460,72
lv7iY_dIva3J=wlJ7YHMjpuok1glW1.jpg,222,807,477,565,514.5,521.0,585,88
lVBC92zYzPLsoVfzSFE2ixdS_MDmvLom.jpg,210,848,565,673,529.0,619.0,638,108
lvCFLEs9HitwwUm84q84eT9Cz_9=w5H.jpg,413,879,438,508,646.0,473.0,466,70
LVDurGbPRctI48f=fN=szHdDVXvEKgk.jpg,456,788,454,517,622.0,485.5,332,63
LvpryeTXXkH6kQWcHW=phpji5TjyV97=.jpg,379,807,417,482,593.0,449.5,428,65
lvrVkK6GHdVkPoftM_ZlxaMZaKcpCn.jpg,385,891,476,549,638.0,512.5,506,73
LVU9wkWeB_TBfKPnGxTf7=GYwrvqlrpT.jpg,454,817,489,556,635.5,522.5,363,67
Lvz8R=3JR8c_aDr1w4jImkrUgwzq53.jpg,453,750,424,482,601.5,453.0,297,58
LW2oyese3sWi9zUbt16nrBiLJPsffc4p.jpg,447,907,426,498,677.0,462.0,460,72
LW4TGGwe=Y2KCpxuTJouV2Sn16h8fsol.jpg,381,758,506,575,569.5,540.5,377,69
lw7q17mg2iIka4x74yNkvmfFLv9ivXkI.jpg,432,879,462,531,655.5,496.5,447,69
lWcu1EaGt_BQjf3NYDIXhgNy_BXZ_1.jpg,268,778,450,526,523.0,488.0,510,76
Lwf9Ou5wDgbVYcItTS5RDdHCs3o7x3.jpg,430,819,413,478,624.5,445.5,389,65
lwwnsoILGFz9gjQIuiizCSUj97lmu1M.jpg,471,896,431,500,683.5,465.5,425,69
lwZ8=JctGLBn_IDcd2wPQv1_fbDIEmMx.jpg,386,939,457,543,662.5,500.0,553,86
LX=6yUrc6SkMYFubzU79EMaBxig8o.jpg,313,692,471,538,502.5,504.5,379,67
lXcbGZS6tvSZDm1OFJeDZZsujytBoEjk.jpg,340,872,449,529,606.0,489.0,532,80
lXcZLIviUQ=IreDS_5P56XF39Cr1G.jpg,281,1022,486,610,651.5,548.0,741,124
LxlWF2fSBahVHTeMrSQ3=_KbQGGboTUZ.jpg,304,800,442,520,552.0,481.0,496,78
lXN_dvjlrSnwDa9LE6_LHHuhXUGIkZU.jpg,249,791,464,543,520.0,503.5,542,79
LxoVtijmrwwaEJMtTNS56x7uVXKPox.jpg,382,893,442,520,637.5,481.0,511,78
lXqjJjpJWUx6NIkt4ms3LsmaiaIGMs.jpg,277,765,451,532,521.0,491.5,488,81
LxTgPGZq39yqdR8TcY=CXhis_UfsnYv.jpg,519,904,503,575,711.5,539.0,385,72
lxwBSQy9Wm6QnRsBCSL2LBgPrTKpqIu.jpg,462,875,482,554,668.5,518.0,413,72
lY4vvflW7F2IQi3X_Tnx1kVbghGC8iay.jpg,500,866,484,549,683.0,516.5,366,65
lY=8iU6__mRNSbByn1fkZRcFOMTGS5lk.jpg,288,907,481,577,597.5,529.0,619,96
lYcNdOD_eMKQ1qycdCF6oQ2wd_oCc.jpg,451,885,422,493,668.0,457.5,434,71
lyDKIS3oYF7JCj1RCjJvN2S=p5l2l.jpg,420,862,442,507,641.0,474.5,442,65
lYFfLVNvrFmepu4E_vp96cEPF4vL5hu.jpg,341,921,470,552,631.0,511.0,580,82
LYOPep5FzLXmfisjMzO7zsvadItG1F1.jpg,368,858,488,559,613.0,523.5,490,71
lysq5f3X5NjQYbO5ejWkX6GNCW4Tno.jpg,459,878,420,488,668.5,454.0,419,68
LyxFnfiyhv2kCQqHd3oKDKM7_vcgU4Vi.jpg,369,776,423,483,572.5,453.0,407,60
LZ5xQM3_dokKVU6YZPV=EQFmrbpBBOL.jpg,367,672,443,499,519.5,471.0,305,56
LZ8hR_=hXseG2XJph9Up2tYbONR=aLu.jpg,440,853,454,519,646.5,486.5,413,65
LZCpxiro3tH7sNF6V17UhbDsylhUzM7b.jpg,379,906,468,543,642.5,505.5,527,75
lzE2D_ItB4d6lN8SGKIS_fsRuYGtH4iF.jpg,387,684,440,497,535.5,468.5,297,57
lZENdFardT=DDtRaFtbcPqHHEEmhIs.jpg,355,811,429,502,583.0,465.5,456,73
lzgeOlTNd9DWkKrIXDmQs6uv829JTMc.jpg,339,866,455,537,602.5,496.0,527,82
lziSKSV_NsFaNZ=vSIz9YR_H5jO4xyuz.jpg,531,830,442,500,680.5,471.0,299,58
lzZG57bIsQreuoXZMH3lVmE1j3Ht6rD.jpg,382,942,467,550,662.0,508.5,560,83
lZ_5QfVNKxogm2chCuNvb_Tyv3rVU.jpg,452,795,458,522,623.5,490.0,343,64
L_8Q5en1lW4PiPEcXbsZlQd1kgvErbG=.jpg,391,865,483,552,628.0,517.5,474,69
L_ylNeFV=Ql7o29K75tol4LCG5kd2pP.jpg,369,729,492,555,549.0,523.5,360,63
M1bBLhUYs1qPvk_IquZZ27sFXKZRJM=s.jpg,380,719,445,511,549.5,478.0,339,66
M2YKdRmjerbm5t4O3O78x7chyOI9Hs.jpg,322,941,485,582,631.5,533.5,619,97
M2yl5t1O21W5XYC86Z7DjmkDN=yOy8ad.jpg,478,777,456,512,627.5,484.0,299,56
M3bx6at=3hoQI5Dlm46eIzqew=jhp.jpg,430,872,430,499,651.0,464.5,442,69
M3t6uRf9eK_c4SBIVWzqBaZ7MIgLpxMu.jpg,360,788,463,526,574.0,494.5,428,63
M4eVPWnLS9qJIjQTCTOasgtamSUIuu.jpg,325,1042,561,666,683.5,613.5,717,105
M4jraGSnd3m5FtZ2unFS3Iv1_FCH5adY.jpg,388,819,423,491,603.5,457.0,431,68
m4q1ox5BXDEMJC5O_8knVDBt6Saujx88.jpg,343,745,417,483,544.0,450.0,402,66
M4wCBvvLsMTX7k=ZcUle8=Ljjcqec.jpg,409,702,438,494,555.5,466.0,293,56
M4XGw4Q4bXtw1E7DLiytkQZWZqyu83=.jpg,220,872,514,604,546.0,559.0,652,90
m52iTwh5Rk=lYZ3KVZ2jwUazKazm491.jpg,363,863,441,517,613.0,479.0,500,76
m586VoeLjfNgnR1=Z=S95E7SjIQqR8l.jpg,335,855,454,534,595.0,494.0,520,80
M6RRqTw76oaTrgw6KN1VJfScbGRn.jpg,396,671,433,486,533.5,459.5,275,53
m7rRV1Bn82ScjuJSwBZn_EpMUil4kIfv.jpg,400,794,415,478,597.0,446.5,394,63
M83=fYLqnBMGER_TMsJoN1bd1YYfY7p.jpg,421,725,434,493,573.0,463.5,304,59
M8HsFotWSX2W=Uo3eMXK33TeVc=xuvJg.jpg,452,803,459,524,627.5,491.5,351,65
m8i6hpujwJWxKrVNkUX9GFquGXOTgDKF.jpg,380,911,460,538,645.5,499.0,531,78
m8M2d=uW_Nh_u3ooQKCwb6_KCxpER9y.jpg,514,840,472,534,677.0,503.0,326,62
M8xvVa4tPO=WFYhuOjvXtq2g7HeCHu.jpg,400,827,460,532,613.5,496.0,427,72
m9dihxy5yvSiWd=RyYjDwf9rlcdi6.jpg,129,833,524,612,481.0,568.0,704,88
M9fMQcsiqyZSsQppN1xcmN=1qKcefTJ.jpg,372,886,494,570,629.0,532.0,514,76
M9owjVlpvuT18YN47ubBmbsQnYXdz1Uy.jpg,397,805,414,476,601.0,445.0,408,62
m=2GCSsBpuPrCHI=ItfEaUxq8qldCk_.jpg,292,937,548,643,614.5,595.5,645,95
M=i9aaqqoP7cu6MfDMM9YxVtWS2Ki6Nv.jpg,367,670,441,498,518.5,469.5,303,57
M=IO==EfZjzBDmcD_mB8dvm1mdFq2U.jpg,269,775,447,524,522.0,485.5,506,77
m=jYyU1gZVMocqUTjfIf15WLT7kxkvsa.jpg,366,852,429,500,609.0,464.5,486,71
M=MxKJfjkyMs_EbrGHgUqo7tRrpk5Hjs.jpg,400,819,423,490,609.5,456.5,419,67
m=RjXYuuN2H4kxKKvx=u2OrwG7w9rX.jpg,465,880,413,480,672.5,446.5,415,67
M=RpW9xbxbcrKWUndPPoEFXo8WOxfR.jpg,339,764,424,501,551.5,462.5,425,77
M=vC98UuSTwPPBezhPPK8uE_VHI=VwD.jpg,451,781,453,514,616.0,483.5,330,61
m=_Jj4We7M8Oulpk9bXezXqB5wTNh.jpg,404,809,419,485,606.5,452.0,405,66
MaG25rp_8GoO2xgGSLqZ7phQ7MRgs5Km.jpg,388,879,431,508,633.5,469.5,491,77
MakvTh_rR_KtIQdCUho6r7kGqQgYXSTY.jpg,344,651,433,489,497.5,461.0,307,56
MaxfvExWNMsywbcJH1v1gi1imdKj29M.jpg,350,845,447,521,597.5,484.0,495,74
mB2p4QeqKv2MFo7k7NcnHEtijLqTENy_.jpg,406,853,419,485,629.5,452.0,447,66
Mb4cYSPIVSh5YqVoefuaoaBm2qF5vVz2.jpg,415,872,442,510,643.5,476.0,457,68
Mb4FcvmS4B3jSrSr_jrk4NnqSuKL3PZR.jpg,414,874,440,514,644.0,477.0,460,74
mBgBvPB=E7WMTgaZPX64tjzdyU=K4R.jpg,453,796,439,508,624.5,473.5,343,69
mbJ_Z1SsoZvZGIRy_WkFM5L5IK=z4w8.jpg,409,992,522,609,700.5,565.5,583,87
mBMYpwL8Jz8DiwvslGVr2UbinkLWYnM.jpg,345,873,492,573,609.0,532.5,528,81
mBr8fXYnT=9eGjaz8iDgtaDJ2Qs2rcn.jpg,335,940,512,604,637.5,558.0,605,92
mbvl5vnblS1zfsUFPO3=xN8HCN3I3pi.jpg,311,776,442,513,543.5,477.5,465,71
MBXHKXB3e2UJoGx_MqkJph7hmoNYU4yv.jpg,427,704,425,479,565.5,452.0,277,54
mCBcDXXFJUwyRoQys5tmkuPE5tNi2is.jpg,420,864,430,499,642.0,464.5,444,69
mCCrWldhPqnMDqyxmw6LJxy151GzZJv.jpg,381,792,446,510,586.5,478.0,411,64
McGyqzLuGjawqnWm5IKyyHhfWToZkb.jpg,390,811,415,479,600.5,447.0,421,64
McUUUZc7nsIsN9GlGnK4IydQYzc6Z4X.jpg,444,964,453,533,704.0,493.0,520,80
mD1B=_dRupuSnSPvTn=Nok3IiMRUDqw=.jpg,363,671,444,501,517.0,472.5,308,57
md7PgXDn5Cixu7LRR9usZKvwkZi1RO.jpg,427,770,466,528,598.5,497.0,343,62
Mdbvsfc2qq1_MnB2kLqjBy21N1RM7n2j.jpg,416,818,471,539,617.0,505.0,402,68
MdFNeuijc_knLswG5w5RJVpymJrbr1K.jpg,457,785,465,530,621.0,497.5,328,65
MdFSLySXnqYilXa5OM_fKu6t_MK5xrU.jpg,289,783,453,527,536.0,490.0,494,74
MDpLKReJciPhFhURzeMkQ4febODN8laQ.jpg,260,769,446,538,514.5,492.0,509,92
mDZQbHzueeUqehUBFuNVhyyI1kJu7L.jpg,394,837,493,568,615.5,530.5,443,75
me28Mjj3mr8zZkHqa15DfEj6OOct=fT.jpg,405,858,430,500,631.5,465.0,453,70
mE5ebdeDo=p=ErRWraoz6KXtMjxUL1.jpg,313,993,503,613,653.0,558.0,680,110
MEfs37oYBZte6BDass9=StTlDDGv6.jpg,402,915,434,510,658.5,472.0,513,76
Mei=xOQqwQL6M7ykzmaw1jYTQ2e13jC.jpg,340,898,460,540,619.0,500.0,558,80
MEklqfWd6jIchdJoUBIgeMVqz_eRQqkD.jpg,389,969,517,602,679.0,559.5,580,85
memNp49ElanSaZQipIRLiHHP4385lte.jpg,403,997,513,604,700.0,558.5,594,91
meodZL=hwcE4NynIErzizqzOUy5gz.jpg,315,655,485,548,485.0,516.5,340,63
mEQvuE4iDqbBZIhzdQMUHIilIT1JuC.jpg,306,848,463,545,577.0,504.0,542,82
MeRsdyGnc_y7SRymkbhlJcbWMhyF=t8.jpg,372,840,467,546,606.0,506.5,468,79
mExCcfaBhL9BP_nG3KUCQsJ5hqGHJB7K.jpg,424,882,474,547,653.0,510.5,458,73
MFGaJJr2WySnnUlPBahO9IXlKhf38iK.jpg,430,880,434,503,655.0,468.5,450,69
mFOuwO45pQ6jys5qFgCHjXdo61B2HL4k.jpg,395,911,484,562,653.0,523.0,516,78
MFUfiMo1fxJSzc_8SxQmkTiJvfVyEX38.jpg,447,769,444,505,608.0,474.5,322,61
MfzzC62yDu1EonpDpRVpSl98tP5Rj2.jpg,435,863,422,490,649.0,456.0,428,68
MG8OMhu9gb4LXVcJZfZpom8zY7quSIpH.jpg,475,863,436,503,669.0,469.5,388,67
MGcC1a=eJlTvB1QrJuPYnzUElh9iMT.jpg,287,764,443,518,525.5,480.5,477,75
mgglgMtyCFDGnpbjx7vM5lGNmfE99wY.jpg,406,947,506,587,676.5,546.5,541,81
MglPZmJKNv3buDVdKbNaOYy2zVOBPKX.jpg,402,820,429,491,611.0,460.0,418,62
MGnVN9lEte4JtNJErPsD5=vb3e1N.jpg,460,932,433,506,696.0,469.5,472,73
MgXf2BIEma_IOLvUlJfsPwiepFCs8R.jpg,337,747,420,486,542.0,453.0,410,66
MH9Puopv4nDsdRMsTUSfTCU4ePr6KEe.jpg,392,852,432,520,622.0,476.0,460,88
MHmJu7NuF2uO5BMNWBbayK7Kd8jj1Cx.jpg,212,1063,543,669,637.5,606.0,851,126
MhOHqrzmYlqDdGhrPswuiFMyL18Zge.jpg,365,827,424,493,596.0,458.5,462,69
MHTSocfuuShOnjbWj5Xmj_ujNKIOJ3F7.jpg,390,870,441,513,630.0,477.0,480,72
mhU62OPQST_Qcf8=x9QXWMaj2pFE.jpg,420,953,463,542,686.5,502.5,533,79
mh_bMTj9nLSmxsxOzgbF4nwrHWWpNDSS.jpg,357,715,476,539,536.0,507.5,358,63
MIHdT52jJSi36Kp5cGSv_p5G8Yb=a.jpg,414,869,464,536,641.5,500.0,455,72
MiR=6RsGC9fH1fG8MJDsMhr6lf3md46r.jpg,483,800,460,518,641.5,489.0,317,58
MIVTteWNWqPEH9eYyOhHubmSQvaFk4.jpg,315,1197,661,783,756.0,722.0,882,122
mjGISub36uVOuYvvs79yi83jXE1=Eb7m.jpg,261,801,463,541,531.0,502.0,540,78
MJP8X3HNNlqTex8T=IrdKNDCs5mCe.jpg,375,955,526,611,665.0,568.5,580,85
MJQnNxGQ8YFgzBX3KQHMdUsw3lo1iVJ1.jpg,446,740,434,493,593.0,463.5,294,59
mJSrfjmcdZS=WUiPKXO=2VtoO2zb1OS.jpg,418,850,430,498,634.0,464.0,432,68
mjTouOIlbn35r7E_hKFDBepPSDNzaT8s.jpg,301,811,484,556,556.0,520.0,510,72
mJWMLMdgPFpCWaGRiQwKXia6zj6t9cu.jpg,351,705,438,509,528.0,473.5,354,71
mk59wzc7ogk=z1yb6r_VEaf4Set_oMVX.jpg,332,774,426,497,553.0,461.5,442,71
MK=9xgjHWFxuqdflUZTM2KKYHi4JL763.jpg,471,822,455,521,646.5,488.0,351,66
mkI7t49xhLpl2InHsqWNl7FqfN4L7B.jpg,444,880,460,526,662.0,493.0,436,66
MKivtwkDauMoLuMkjgpwxRJKxK8_a=PN.jpg,483,812,471,532,647.5,501.5,329,61
mkrvQvpUT3slx5dfMdTbkivNjmpyMMi.jpg,338,1216,616,746,777.0,681.0,878,130
MkTsgNBzk6_wuxTic6tEqj_K8uqkKn.jpg,478,748,441,495,613.0,468.0,270,54
ml6UlRgCNllQryqlGaJJeo9Td7_MvtbP.jpg,260,824,534,636,542.0,585.0,564,102
ml9vrtTGW4NPuDB_rickxqnfBoB9MT7b.jpg,377,956,475,564,666.5,519.5,579,89
mLLbG_y1h24OXkpFRQUf_bsGXSHrKXd.jpg,514,786,439,493,650.0,466.0,272,54
MllFhpsBo9uJffQ747JYBk5K5fFOh31.jpg,444,900,468,543,672.0,505.5,456,75
MLnOjnRles79uLoyUfxmzeT9sB6keDBw.jpg,387,664,425,478,525.5,451.5,277,53
mlPhGM7hUDhNpyjgF65VGMpOcdu8.jpg,364,972,465,553,668.0,509.0,608,88
mLQ4qYk34QpF=nDWsWq2gXbwr3fgj.jpg,405,988,518,607,696.5,562.5,583,89
MLX94O7U3yhhOT3PDzWQQLzubZgFyRrP.jpg,316,897,489,575,606.5,532.0,581,86
ML_HuFISEbOyll1uWGiqGTagau_kQ.jpg,429,839,417,492,634.0,454.5,410,75
Mm2jqI_C4zSNmXUbTUJk8wlOFs3nFF.jpg,428,848,416,485,638.0,450.5,420,69
Mm=ulEblmG1zeqFBbRYuSy_H7qp66JY9.jpg,399,905,489,566,652.0,527.5,506,77
mmaBPju8UfbPsWHGIwPpmbDJBaQovLiC.jpg,455,807,489,552,631.0,520.5,352,63
MmECGG55vbI2XfWSjcJgy45t3bBKfra.jpg,437,943,481,558,690.0,519.5,506,77
MmvsGJyecph=muaGa4h3uiR2bdyU=eQ.jpg,291,843,468,551,567.0,509.5,552,83
MMvViNmUWs6ZwuvFuHrYz6ICo4PnDB.jpg,508,821,446,505,664.5,475.5,313,59
MMZ38aonps5TbSadmRx1K_9sDV3peN3.jpg,378,684,438,498,531.0,468.0,306,60
mMzvKLSQctPDKdxdH5ND272r3tcf_H.jpg,430,842,449,514,636.0,481.5,412,65
Mn18xSQ6jdU26g_EwDVQ2xM8okvIz8B7.jpg,444,933,437,517,688.5,477.0,489,80
mnBbTrGlsCFVR5ZJCIGUYBNYw6lIsaPs.jpg,401,843,436,503,622.0,469.5,442,67
mNdLNi8yIiS3BBCTRGtqU2CnwhdUtZDZ.jpg,320,762,435,502,541.0,468.5,442,67
mNGTidS8hZsWjaOo_p9MVXpBp7JFfxNt.jpg,432,860,420,485,646.0,452.5,428,65
MNJIgpr_8vuDd1bFn8aaMMvptdmOQcU9.jpg,268,773,448,527,520.5,487.5,505,79
mNZXTtcxsZnOtSZP2SYxkk9FpR8c5WR.jpg,366,651,419,476,508.5,447.5,285,57
mofzQ2aH8136jxFOMkco93OWhLnZxd.jpg,349,862,454,529,605.5,491.5,513,75
mOherZsl3s4QjtVlnCXfXP8YtQ3r4cZ2.jpg,312,1011,520,626,661.5,573.0,699,106
moqd95uvv8pp8MtCGGGtBGbExqnvCHd.jpg,398,891,480,554,644.5,517.0,493,74
MOVfPFyEukDM73PHkmXtxTRvIbhCHHyY.jpg,413,704,453,507,558.5,480.0,291,54
mOwPi=4oc5cUSJqeZfs_Q8W=g4y_zjb.jpg,386,820,424,502,603.0,463.0,434,78
moWwmvGwZw68xOd_NYJMjVN8JfLQQf3P.jpg,395,668,425,477,531.5,451.0,273,52
MP5imvtRJLOHjwVo_NbejngjyaCg8Qqi.jpg,469,794,473,533,631.5,503.0,325,60
MP=yktMpvH=redl=buF44tebt1W3CdD3.jpg,440,1033,523,615,736.5,569.0,593,92
MPBZsnwwNBMCSk5O74gDshyZzhiN_Dz.jpg,390,799,411,472,594.5,441.5,409,61
mpC=pE=sbZ6JFrzWmtOJ_zKMsKVINExH.jpg,391,807,422,488,599.0,455.0,416,66
mPgIVZ=sL4hy=LqucdHfQnGyitxSokQ.jpg,305,840,502,580,572.5,541.0,535,78
MPglni=SB1X7E_BWtreHae5Zn7h3DiE.jpg,430,767,484,546,598.5,515.0,337,62
mpgtM2pwt1EIsblXLTVbMtUCx_KceGB.jpg,429,969,504,585,699.0,544.5,540,81
MPK4qbgqQiCDOG6bELvHm3Cd7KfFOrUp.jpg,367,659,434,492,513.0,463.0,292,58
MPWpcJtloMSYDNBgYT4YfBj15j=Kz.jpg,372,669,441,496,520.5,468.5,297,55
mq7jL3dJ=vaVrrbc9lCQkc71V==9VVsJ.jpg,444,933,486,563,688.5,524.5,489,77
MQaUof=tjD_R5CutPgjt8wDvBvsbWo_.jpg,376,790,428,498,583.0,463.0,414,70
MQC=vKs8smsNV=9eQ3DbJ5wnEJ9qx9iV.jpg,472,794,466,529,633.0,497.5,322,63
mqfJCPWGDO99VGC_9lbh8SlUTEvvEIM.jpg,411,718,462,523,564.5,492.5,307,61
mqFP68ltUO1VYi2qRqnfsVcqVNBvKs.jpg,355,873,484,562,614.0,523.0,518,78
MqG3hVTVYT3uE3nT9tyMHuyacPCmNK_z.jpg,383,849,454,525,616.0,489.5,466,71
MqIaROtFn4N8VfJGwvCy2KLCmcW2Ki4.jpg,418,740,464,527,579.0,495.5,322,63
mqnJMrMpgrq4hNfMdL9vIDmXKq78WK2.jpg,441,878,429,499,659.5,464.0,437,70
Mqrt25Tvlj3FbWqabnmGYIKq9sBnLoXV.jpg,404,840,462,529,622.0,495.5,436,67
MqYb4BDanhCKmfe9=uxvjLTH5B2XyV.jpg,355,917,515,596,636.0,555.5,562,81
MQZS9nEsBaNYSIkgLIxa72ioKP4PeJ.jpg,297,773,446,522,535.0,484.0,476,76
mr9e4l7E2aZBo7nFvNBK5Km=qBBG.jpg,363,728,479,547,545.5,513.0,365,68
MrJZ4ZBzMBqct32jvkO7lO1f7=Lzpwct.jpg,403,907,475,548,655.0,511.5,504,73
mRKHdsHRwxD12tvudDFVOzlz86BahQ9g.jpg,389,917,495,579,653.0,537.0,528,84
mrkQxbEYHwfPMb3HKTNvhchCiPFMTqE.jpg,433,753,470,529,593.0,499.5,320,59
MRqRCpSd1CsBhsjNT5XR7qhQY3CVf.jpg,395,1015,534,627,705.0,580.5,620,93
mrwI2EEMgLvbuTo5yLCcEn2GZjzUKWh2.jpg,300,790,467,542,545.0,504.5,490,75
mrzf1QeMU2ZjRgzpEe8hcTkQC6nx8Y6.jpg,366,787,424,491,576.5,457.5,421,67
Ms3gkpZYn=mlyrHbC7PVNhjWHkwY_p.jpg,331,800,426,497,565.5,461.5,469,71
MS4YHXBWtdknbYae9488uP7Qo6D3cqdh.jpg,363,864,449,526,613.5,487.5,501,77
MsHG_Kc3iIJOyTZEMsGzx5NyVtg_=azM.jpg,122,933,469,607,527.5,538.0,811,138
mSI9rK8Ppb1xtb45PbBp4M_HbcJijtU.jpg,310,745,430,498,527.5,464.0,435,68
mSiOuz5y8taHFCKV6vW4q_H_HF1LXgRC.jpg,396,748,490,555,572.0,522.5,352,65
mSJNUg8EIvize1bGFCGE_PF2eJT6=7d.jpg,496,868,501,573,682.0,537.0,372,72
MsKNTcTrDYUXb1dgHlKV3T_8CvgdgWT.jpg,377,718,482,544,547.5,513.0,341,62
mSycpY3_jBCWvM6VN12dtTpqWYtLITr.jpg,285,779,452,526,532.0,489.0,494,74
Mt62qKLubZnvMmuJPKu3NNE6T2QWejU.jpg,424,885,419,491,654.5,455.0,461,72
Mt86NwmrDq5xI1=BRu5w8ugpH6mpIaYy.jpg,344,772,426,494,558.0,460.0,428,68
mT9fcLVKjaLfvypEkX59j_LJjwnMh.jpg,393,705,446,504,549.0,475.0,312,58
MtFSDBbmFfK897UOrYKq1ZFquaeWDO.jpg,429,783,451,519,606.0,485.0,354,68
MtP3ZcmjoK5lxlJwx=4HsSUiX27EJ=.jpg,378,663,430,484,520.5,457.0,285,54
mTWr43GCyJRzyvTK_1j_PME=UuGJu5J.jpg,364,857,445,516,610.5,480.5,493,71
mUDT_4bZ9T3Zetb6GJmZNz4SXv_DRwO9.jpg,303,890,483,566,596.5,524.5,587,83
MugaGjmjmim_b6wZJlDE_KvqIkjqTnh.jpg,369,949,514,606,659.0,560.0,580,92
MUheLBx_cgOiQC==garxsOufxRc4IU.jpg,437,714,422,478,575.5,450.0,277,56
MUlVs3mQ6HNPNE_UU=yh8LFFJrURdhMh.jpg,338,847,455,534,592.5,494.5,509,79
MUTYYxs8=h1aXRqzorVZs6TCm44W.jpg,368,671,437,493,519.5,465.0,303,56
MuVh8lw=E9=3QgRK1eLXFNhOqo2DTo.jpg,378,880,456,530,629.0,493.0,502,74
mUWz9yjpvaumIBIMI4kk=43ZPFtOY.jpg,446,761,433,494,603.5,463.5,315,61
mvF2ONeTnRz2Is=CMiXd7_SifVxU8MBN.jpg,370,938,478,560,654.0,519.0,568,82
MvpMlaU7d8begau5whH4lOm9sE12nv.jpg,359,680,453,511,519.5,482.0,321,58
MvqB4OK1iDNHv_rOuU_9FL1mxvrTtBPK.jpg,323,747,422,491,535.0,456.5,424,69
mVqItkfceM=GoRkeDIfcsf1qdaZRGpPH.jpg,301,961,501,607,631.0,554.0,660,106
MVsjX9SF1Ut8wsnPId=Wft_b6swXmSP5.jpg,333,646,441,503,489.5,472.0,313,62
mVVUziOXIWqFLD84vddqynG2IgPvvvco.jpg,398,851,433,504,624.5,468.5,453,71
MWdn7robT73o8mguOx29VW_t4IP2d7pL.jpg,341,927,552,652,634.0,602.0,586,100
mWECCBf3mWmlvp7nySFKlQOV_YjtaU9.jpg,456,882,459,525,669.0,492.0,426,66
mWQFo_d8zyRIQ9DW=3Gf2dvjVIREEY8J.jpg,498,811,462,523,654.5,492.5,313,61
mWRRCZxphEmdveCiojSfIDtb2Lh=I4Y.jpg,216,752,494,572,484.0,533.0,536,78
MX3=OlLnqq1tPuqGyKDMCwjbzdmUmil.jpg,425,901,435,513,663.0,474.0,476,78
mXaIJwaPKJBXsplEGYLIdg3Q_sG2HH.jpg,240,815,509,598,527.5,553.5,575,89
MxBeH4uqbp2rMdXxwJ31RGdJT9MIuJ.jpg,462,803,446,508,632.5,477.0,341,62
MXFCXXqK1GSk2sNW5kSOXiigywqta8es.jpg,371,920,460,546,645.5,503.0,549,86
mxst_lOaPp7knX6SeEx3hXlPi4Mn7.jpg,488,832,459,523,660.0,491.0,344,64
MYaoGYsXhmM_37cQXpyhulufY3FEjt.jpg,425,887,442,514,656.0,478.0,462,72
MYbwZTya1fJjjGbI4osHsssOMl7dDl.jpg,333,764,425,492,548.5,458.5,431,67
MYD6zl5zxiNVLo1GYXbz9QnNO=hKMnW9.jpg,357,907,509,590,632.0,549.5,550,81
MYdZzI5QPpvQPCJ7mHq4vRPF1vyrG4.jpg,445,759,468,526,602.0,497.0,314,58
MYLUClWaUSIuJ8vR1CjilOEotC3Yb.jpg,310,758,435,507,534.0,471.0,448,72
MYnKIulXNvi6rRgTYnGzfGugwKo5WO.jpg,306,787,441,514,546.5,477.5,481,73
myORkS7kGH2JTzwI6piBbS_4D8y1Tf.jpg,378,940,462,551,659.0,506.5,562,89
mz9giUVeSU=MkOd9JZ9PQ1if23I4mOr.jpg,423,815,441,505,619.0,473.0,392,64
MZhE6IjoaLy7eWBp1Wtq3YVuZqqUKV6.jpg,410,739,444,505,574.5,474.5,329,61
MZnbnID_iMSLvF9iKOzUNQ4qnEoN9RqK.jpg,433,953,485,562,693.0,523.5,520,77
mZNMQ4tJPK1DQYccCoVdCfk5Tly7NFG5.jpg,505,804,459,516,654.5,487.5,299,57
MzRiIeRUqXqrJxU7q48WonhN83CN9=Yy.jpg,436,871,428,495,653.5,461.5,435,67
Mzs2hOikD51Xh4Goh_DRhIbOSEpDHviX.jpg,367,935,514,595,651.0,554.5,568,81
MZSyQzngd7kpIBH=KJXjPOJuFEuEVSUK.jpg,390,856,440,508,623.0,474.0,466,68
mZU8VbRiWSvFSqjsLr_OUk49jDoKrmW.jpg,334,898,472,556,616.0,514.0,564,84
m_F3gIRoUwIJ1lxFjOu9WhlH9_eJYv.jpg,422,976,506,591,699.0,548.5,554,85
m_XZOE9MKVdtXPIa9YmzXqypnjZ7oMa.jpg,348,763,444,518,555.5,481.0,415,74
N16mO3DH71Ru5NDp4aR73w1JNNJT4zr.jpg,356,650,427,486,503.0,456.5,294,59
n1cuIcE_SEK2vQZcUCfKFQl_pIny7Je.jpg,464,886,418,485,675.0,451.5,422,67
N1jG6ZWrvSFLRFqYCPtNfx2ixZu=C.jpg,393,910,494,569,651.5,531.5,517,75
N2a8BoOdQI4l5LcjguPiQgUFqNxgHLW.jpg,425,832,417,497,628.5,457.0,407,80
n2bzqo5=5mlzhTBPTdYnjGUHfekefknv.jpg,486,757,422,473,621.5,447.5,271,51
N2cBRkQ7u_WznIymVQo6rzglgVqmtGj6.jpg,251,801,468,546,526.0,507.0,550,78
N2cjQJTGUobHpgQ6jCPrHRmUlvIRokt.jpg,413,830,441,502,621.5,471.5,417,61
N2gC_QMWb4RjgbUTWOaByZYeEpMj.jpg,452,907,426,499,679.5,462.5,455,73
N2hYncuWSerwugw62Wx5hBcVn=yf2WF.jpg,402,732,471,532,567.0,501.5,330,61
N2I5QbmH=2mvwBjhS2Llia4ikUmT7ej_.jpg,342,810,473,546,576.0,509.5,468,73
n2MFov26y7_DW13QHd=_N4Fz2nBOaYD.jpg,399,737,478,541,568.0,509.5,338,63
N2vocwEN7gzynXK7f=g9nOawp9Qd_b.jpg,467,1062,523,618,764.5,570.5,595,95
n3OpjHw3SUDqEg_5vqBaSXaEdfX_Il6.jpg,390,874,439,534,632.0,486.5,484,95
N3vlKq8t2yr8X_fr23e5JnI9aRaeCjC.jpg,456,849,415,478,652.5,446.5,393,63
n4J_PgU4gu7bxErob7GxzhaJKdvHvu45.jpg,452,819,475,545,635.5,510.0,367,70
n4V54rHQLmINoO3sP_HTT3Il9L514Bu.jpg,403,731,450,511,567.0,480.5,328,61
N56B=xXRIcUCpYDud=yszN_HKEUWvrS.jpg,317,749,422,491,533.0,456.5,432,69
N5a=RSyoukinGn8Sd9lPLk7466wMoV.jpg,463,792,459,524,627.5,491.5,329,65
N5TFLXlOrPQcix4Y8Q9YncEd3e9kw7n.jpg,380,667,433,488,523.5,460.5,287,55
N6j4eGd3olrJRTHOOqsMOEQp_JZHTs.jpg,424,872,429,502,648.0,465.5,448,73
N6LaU_ew2HWvFUoLoRWE1jnXCBFkjwkQ.jpg,441,918,439,513,679.5,476.0,477,74
n6lbwwsT6mMTEqOcT7STf=_3iUZ.jpg,311,757,416,506,534.0,461.0,446,90
n6z4XqjqaraoV_qc5X6SRhzlLZVOTjhe.jpg,396,861,430,502,628.5,466.0,465,72
N6zi7CfclKaf35ZJnh87BdFZV5sEtn.jpg,415,781,488,559,598.0,523.5,366,71
n7fsPBjYmYvGDscHyT9eg8U6vnl23FbE.jpg,389,805,449,515,597.0,482.0,416,66
n7Kauc4ODJc43lRZzYuvPtIaVc48xjYK.jpg,381,882,474,549,631.5,511.5,501,75
n7s7To_Voaa4m=HfrhneUshTm1jBWCQ.jpg,365,666,424,486,515.5,455.0,301,62
n7Zym1kCwCxstDJF2DpBmHUgMcKmCbZ.jpg,408,810,417,481,609.0,449.0,402,64
N8=pHjCS44ZQoVdF_hCaz38swe5xE9D.jpg,411,756,435,503,583.5,469.0,345,68
n8vQbwrECy6kT7p6HvnNqWBQWpghYQ.jpg,398,682,430,484,540.0,457.0,284,54
N8_q_sW2DXdRDHWCHuZ1lIcvGhBcfrOj.jpg,291,811,453,536,551.0,494.5,520,83
n9=7fRedE86IPVSQcKmqgxi1ZbP9SnuK.jpg,502,841,453,518,671.5,485.5,339,65
N9JGeBSGjmdF4j2LzCPPzqUqnOw4uW.jpg,454,845,466,534,649.5,500.0,391,68
N=gYfQ9SWndjtR1Cx8tUx9QGKOc1sYC.jpg,475,769,431,488,622.0,459.5,294,57
n=loWCGqH63Rnfq768wdmH3yGpZC_.jpg,410,868,466,536,639.0,501.0,458,70
n=MY8=P24FHKsZbOVTEBXlfd93nd7M3.jpg,305,793,449,521,549.0,485.0,488,72
N=WJ3t=d6xLit4bZLM2uee=aXaBT6X_.jpg,422,901,479,552,661.5,515.5,479,73
naEWag=w3jQXuOFiSoBlypGWw1FQqLHQ.jpg,483,908,421,489,695.5,455.0,425,68
na_hWzf6ghVv3Kd7JcXwYvXfRBNTIemS.jpg,481,854,408,470,667.5,439.0,373,62
Nb1RufCwws4J2tySfV78gCBjTFzgLgCi.jpg,408,828,422,488,618.0,455.0,420,66
Nb4ZJCmjFXk4FGE8Hu_=7vX7GDcnIR2q.jpg,425,993,513,603,709.0,558.0,568,90
nB6_tHjhMZjOpY=yiOzpqwEBuTxWbdL.jpg,274,762,437,515,518.0,476.0,488,78
NB9or__uTf95po=D5g1_UvYt4ihia=HP.jpg,361,817,430,504,589.0,467.0,456,74
NbbiUV4OE5Z9Bo1ywFcw3QehcW=jc7eN.jpg,465,869,413,493,667.0,453.0,404,80
NBX8q3BaP_kolgTeOwPdMRouRmgTEl.jpg,423,918,439,544,670.5,491.5,495,105
NByeLOP5riPBgPy7WBPnVk3F85cSZJ.jpg,372,674,438,494,523.0,466.0,302,56
NbyMQ8uUcegpZHE6o1zJ2kwYmozS1JS.jpg,440,775,480,542,607.5,511.0,335,62
NByX7Se=1uPwPXIOW4hrt5RSHTsgtgys.jpg,449,750,455,512,599.5,483.5,301,57
ncBnH2DGMxE8WpbIfpW_a28roqk.jpg,324,879,470,556,601.5,513.0,555,86
nccoRf4lO2ncz4zmDJC1dPfVOPR54wkL.jpg,299,816,449,547,557.5,498.0,517,98
ncpZUpElebY2h7fi5R9uNn5GSvDb45LE.jpg,442,866,421,488,654.0,454.5,424,67
NcqVxxrzJmjg_j3bGPcTMcwE5esl.jpg,402,897,480,556,649.5,518.0,495,76
NCXqcxqvbOVacoaa1TcD4mFNM5UgplXG.jpg,446,889,432,497,667.5,464.5,443,65
nD9aoGhRbEoNEi_sUnK2CMfovTiLR_.jpg,461,907,463,529,684.0,496.0,446,66
ndemxb=hntyLV841vJBG3DQXci61azu.jpg,434,817,483,551,625.5,517.0,383,68
ndNfbdVDQ1rJ6iI6BvEvX5hVuY7=nR8y.jpg,436,786,480,545,611.0,512.5,350,65
NDs8jwzSNmK_IiGIIHbqPXChoqO3GxVB.jpg,409,906,489,562,657.5,525.5,497,73
NDV56np_dEXNXbDmqbJOBpnwgSc2xaux.jpg,424,734,459,517,579.0,488.0,310,58
NDV74dSDPWylD52XC8siLT651j7bTYI.jpg,449,744,457,513,596.5,485.0,295,56
nDz3_hRW7gD_QEdmDH2BZpee1EL=OZrK.jpg,432,955,498,577,693.5,537.5,523,79
nd_JyigtfOtYm8J51PRCeHI8f5dqNyMB.jpg,355,650,426,482,502.5,454.0,295,56
nEBb2SB3ygtoQ_SCujqN6BgB=3qjuVZ.jpg,364,841,427,498,602.5,462.5,477,71
nEHiWxTXGvvkMr4C7FSMnqJ1MqpWogTv.jpg,349,1060,564,668,704.5,616.0,711,104
NemUrRYGfvU5wytRSzUxouaM=hbixECO.jpg,420,819,412,492,619.5,452.0,399,80
nEQcssz5eOD6NMRkQ1UuHTgJiQXWg4M.jpg,363,763,448,510,563.0,479.0,400,62
nf98ULcZEVYBFCd8udRyJ=3mLE1VZJOM.jpg,343,696,445,512,519.5,478.5,353,67
NFegiqOSgFe63dB6biTaHNSEldRaFe=.jpg,409,807,415,487,608.0,451.0,398,72
nFMt6ta3ot2Gf1N8CRbyC=hj7lQdd7v.jpg,367,651,422,476,509.0,449.0,284,54
NFoJ_yh_2XcRuKvkresqRcthRMu9gOE.jpg,373,901,456,531,637.0,493.5,528,75
NfRsH7RQCRkBWuz88_7rjPYep1aQNYVJ.jpg,410,857,464,533,633.5,498.5,447,69
NFUj9F4R3rZ_TaQW7YqJiZgwO=WbVF.jpg,339,750,428,490,544.5,459.0,411,62
nfVy_TdV7klpIR=3N87Xw1PFWCnzx.jpg,408,817,446,511,612.5,478.5,409,65
NfXVT5wynNrZiSkURWVy3KMSCQlbww5D.jpg,368,656,435,489,512.0,462.0,288,54
ng3pIBF16UBfjuc84F664K4rc2yata6.jpg,401,972,515,597,686.5,556.0,571,82
NgEJHk7OBkw89rqNwjobHlV97N83Q8j=.jpg,328,662,473,537,495.0,505.0,334,64
ngJrlhkVfWYWqeZLylTdjqzcMaiyvJi.jpg,390,766,484,548,578.0,516.0,376,64
NGkGjtODhFw3c2TosHWxEic6FXqHKRG3.jpg,455,944,443,515,699.5,479.0,489,72
nGOjCl8_zq=e5JgjvkOtWBnxCUtGuB6U.jpg,347,735,413,479,541.0,446.0,388,66
ngV4wOPNI9av9qtK8p3O=JNknitWHo.jpg,235,751,454,532,493.0,493.0,516,78
NGWEqbvfgpZZ1GFdSksLYGBLz3eg19j.jpg,517,817,421,480,667.0,450.5,300,59
ngWxqgi8uh7z2pSmxf2tLGNpl7xS8Nmk.jpg,457,767,449,505,612.0,477.0,310,56
nHac8=lYC7cw4QBnebb4LPKZU1Ysv.jpg,290,784,446,518,537.0,482.0,494,72
nhB9_npGoXwwtziJPMcseT3aRMKIcC.jpg,338,780,418,484,559.0,451.0,442,66
nHBJq_U6UDrt6UNds9WgfFfnGIGsLPJ.jpg,255,752,479,550,503.5,514.5,497,71
NhtK3_O1qIE=ZuFgjZmfU6JYie6mQ13.jpg,329,756,430,496,542.5,463.0,427,66
NHyrvKUPzuaEyJlji44e2aY6NML3h6e.jpg,459,909,467,538,684.0,502.5,450,71
Ni2lrWliwFjdvElyx3vnv2Z_m3qHPwxl.jpg,216,800,478,565,508.0,521.5,584,87
ninL7U5PCqnrPueaNO6lLIu7vw4Ep=rn.jpg,414,843,422,490,628.5,456.0,429,68
niRyUKdqtVJNYo=rFyUxx7y1WYomtUe3.jpg,291,766,468,537,528.5,502.5,475,69
Niuno=hTxiP7hkKzzZ_NGrsCqjVHgd.jpg,377,874,455,527,625.5,491.0,497,72
NIUvTziPqjuvRL74es=euaPisUrVQ.jpg,379,795,456,534,587.0,495.0,416,78
nIXYzCyZl5oFiyo2WbyKWHF2IrMmlxjy.jpg,366,727,439,508,546.5,473.5,361,69
NJise3wcpYcBrs_SfzUB9mS4FCNe7_Jw.jpg,301,765,440,513,533.0,476.5,464,73
NJuhZHScG1=LzbQ=hJlpis5DUnTpKL5H.jpg,420,833,450,515,626.5,482.5,413,65
NJYJ63w5GsLN425HSt5PYJNS1PVN.jpg,504,840,476,541,672.0,508.5,336,65
nKgsgOlpEm34of=KwihkfTd2FxacYDcs.jpg,345,910,475,557,627.5,516.0,565,82
nKNVFyrQcndCNvbyFdWC6wZ4hEVkOP.jpg,342,914,473,564,628.0,518.5,572,91
NkydOrNXaddbhwVPWSjrjP_H538hxT.jpg,432,856,424,493,644.0,458.5,424,69
NkzQcM6cR4ef979Ub79k3X15j=8Ev8w.jpg,420,895,436,513,657.5,474.5,475,77
Nlbw2MkkLw4DpPKY8cuGUvmJWPVXupYG.jpg,467,853,465,538,660.0,501.5,386,73
Nld2j2N78aHJwpLUNFUKT8BOzJfnDno.jpg,436,912,463,553,674.0,508.0,476,90
NlDN7Ykz4ZfyL723TI9_D3KgJ_FnFdwR.jpg,335,756,424,490,545.5,457.0,421,66
NlGOck2MNac3B8xsFsffDT8h6Z=pmxag.jpg,439,754,454,510,596.5,482.0,315,56
Nlna8tyVllZuKvw4WC8zXdRkaOSeXqzU.jpg,353,796,459,530,574.5,494.5,443,71
NLnIsRnpWDfSUxzRV9g9hOKRLTgY=jO9.jpg,401,784,512,582,592.5,547.0,383,70
NLNPVujcQX2s5HFy=1=2NX_9weU5cC7.jpg,328,953,484,584,640.5,534.0,625,100
NL_l3fxye=9ZjMtcZLfaSU4mCIXakPh.jpg,436,730,436,492,583.0,464.0,294,56
NMcO_jHERvxKK6TpZgOCk8k5UmDG65T.jpg,256,787,459,540,521.5,499.5,531,81
NmEnNCfsryy8op9OjdgOFavtGo4ol.jpg,389,804,418,481,596.5,449.5,415,63
nMJ97ri5oNcEO3E8cqwXXdwEg9JhGVy.jpg,419,878,473,540,648.5,506.5,459,67
nMRMU8ggN5V2PNf3KEBoOlFDpKnX==.jpg,462,929,436,508,695.5,472.0,467,72
NMst4NIkgB5bJVw1lMvw=4G3atlcah6B.jpg,414,839,423,493,626.5,458.0,425,70
nMuBZggueulMROx4tqv=EvjPzZ1PiBk.jpg,469,945,434,512,707.0,473.0,476,78
NN6fms1aohU8Y_HteOgz4=gWlKO=QIR.jpg,406,955,508,590,680.5,549.0,549,82
nn87yYszlDzOngteuch4eDV57zXyJrw.jpg,409,805,419,483,607.0,451.0,396,64
nn=9_TP14hDOj9TMhkaPgJhDn=BLm.jpg,433,724,432,490,578.5,461.0,291,58
nNKKWrmiUC5qD7xZZBnQJKTeUljo8Y.jpg,371,946,482,569,658.5,525.5,575,87
NNRjwOMVJCru5yvMPysS6ZpGII6tpCX.jpg,339,818,481,553,578.5,517.0,479,72
nNt4tB_x5gw4CCWeTeuxzVtWdIQe6.jpg,429,870,429,500,649.5,464.5,441,71
nNth77ETm6bKaLHjqMRzGiZxmoP8V4Qg.jpg,406,915,433,512,660.5,472.5,509,79
NNWY6yrJg9XYzs26VNHdSEh5w6OxBM_.jpg,444,892,430,498,668.0,464.0,448,68
nO1r2KJaNt_B6WCtqcQR_rPGycJQ3_8i.jpg,423,767,462,525,595.0,493.5,344,63
nO1_InvVk1jma2Y7nfRNE67wUsrXxwg.jpg,450,844,491,568,647.0,529.5,394,77
NoeZ7yKMsIwZ89PpOKCx3ypS82qnGv.jpg,424,886,432,520,655.0,476.0,462,88
NOIrXihPCxc13zaFNJ9yW5MFrxOm11O.jpg,346,878,501,578,612.0,539.5,532,77
nOkcQr52eq3eg2gWytm8YTdM75HJfIlK.jpg,403,925,494,570,664.0,532.0,522,76
NOlIPRX_9QiV81beq2iuJyiZweHnwb.jpg,381,963,524,607,672.0,565.5,582,83
nOuq52pTr2hySu3=i6GmqXjTbdyIySvH.jpg,436,864,460,525,650.0,492.5,428,65
Np=lziwM2_GkBDskV6_8nRgWjvpLwNlm.jpg,492,1005,583,673,748.5,628.0,513,90
nPamrJaHDXq4mXav1siMF2QfShLGyv.jpg,362,863,479,556,612.5,517.5,501,77
NPcamXsft6gij3S4PvEeX8p8xyariDM.jpg,370,906,450,532,638.0,491.0,536,82
npJdmHEKV=qUmzZTs1hDsBf79FHX3t4.jpg,323,858,441,519,590.5,480.0,535,78
nPMmu7H5CHyh8VspV2Y8vnkedynW3Me.jpg,409,833,424,496,621.0,460.0,424,72
NpmOWjhpz3YLMha2TDHc_STIY1KrtHL.jpg,396,899,450,542,647.5,496.0,503,92
NpQ5KeP58kBq_=SSjFm6aSqH_r_H21.jpg,450,766,466,526,608.0,496.0,316,60
NQ7M4OX6ZD9xC76XUbeNf==XWeSxwk.jpg,398,926,498,577,662.0,537.5,528,79
Nq9JWxpsOlTQm=jVczqJdeto=fLdx__x.jpg,397,830,424,500,613.5,462.0,433,76
nQEtZdQoEy6=V_fOjv56RCaOIhzYV.jpg,332,794,431,508,563.0,469.5,462,77
nqmVvZFoJSVcM9XEoRiZ7gyEdCr4BLg.jpg,314,779,436,508,546.5,472.0,465,72
nqN72lBeap41BnlBOpW7BQd5wt23pVLi.jpg,279,771,440,517,525.0,478.5,492,77
nqnC6r=PgqJ=UuHfE8qY=igmiKr2UpxI.jpg,465,751,435,487,608.0,461.0,286,52
NqxSxkTM=4MvlL_jz7NCYjtNfZDiXI.jpg,273,725,442,513,499.0,477.5,452,71
NR2jGO5g=K_yPIxIeiSzSY5TiJuUsR.jpg,316,838,449,529,577.0,489.0,522,80
NR9hjZXlCkXUyb_o2tx15MqJc187scR.jpg,387,716,453,514,551.5,483.5,329,61
nRF2G1bSc6McXvW_LPGOHbllwdPClms.jpg,436,891,468,539,663.5,503.5,455,71
NRg9EX2lMZNSqzPkqtRShDLD_lSPNPTx.jpg,333,901,470,552,617.0,511.0,568,82
nrIVh7yGfv7iiz8qwOmKoBWhtU_RQEf.jpg,340,782,452,518,561.0,485.0,442,66
nROedXsfl2HwYJEu6R=GfvXu=WKxL8X.jpg,387,789,420,481,588.0,450.5,402,61
nRrlkFQXKISVu1tCfihKqKF8s1FX3B2p.jpg,390,911,489,568,650.5,528.5,521,79
Ns5mT4IZRilnPt=jgbcs7U5sSc1J77.jpg,293,883,472,558,588.0,515.0,590,86
nS=9ZVzkkfbp4N=JsrIf1kyXsuM7tKYg.jpg,407,854,424,497,630.5,460.5,447,73
NSkdwueElmKRF75lSou_ruCmP45Whu.jpg,326,751,453,518,538.5,485.5,425,65
NsS_578Uz=TFLoie2FecOd4hxw8kW47.jpg,388,838,467,536,613.0,501.5,450,69
NSUK=OyoWEmSHs2GYNK=msFyJHVkZjkU.jpg,423,703,424,476,563.0,450.0,280,52
nsV=GofIQCEmjujG9Th=FvbPcEY1SP.jpg,436,1033,515,605,734.5,560.0,597,90
NToBfqseg5EDR2naZJTgHF=ZdafvuW3.jpg,465,899,462,529,682.0,495.5,434,67
Ntr15c_PwufBuT96YCQcEimw8Dh7f3kb.jpg,437,933,486,560,685.0,523.0,496,74
NTYssK4FhkCUuX5f7p5pEQ9K2anuf_.jpg,350,723,474,541,536.5,507.5,373,67
NUKXcyKJLMyT3zRw=4LPtm5cuQ8LF5ji.jpg,297,668,501,569,482.5,535.0,371,68
nuNq7oXV7lGpkde=iCunaoTzyxX9r7o.jpg,441,1055,534,630,748.0,582.0,614,96
nUxJGLS87SqejdrzaOOsu795QuyUsLRq.jpg,333,826,471,567,579.5,519.0,493,96
nv4La=tYQ7jxehrUyRlCEs8p7Zdkx3aY.jpg,456,733,422,476,594.5,449.0,277,54
NVL5gqmESfsBYyacTa1O5_8uD8quCWnI.jpg,362,907,457,534,634.5,495.5,545,77
nVmvRrW1_TTCMwK3i_rFbI4TZ5PPaPG.jpg,334,685,433,500,509.5,466.5,351,67
nvnwedJIhu2BJ5Tl45IeqgkG47k2qHa.jpg,422,779,491,555,600.5,523.0,357,64
nvpEVfy9XVHhs8_246cowkUUXjZbYmT.jpg,324,880,452,535,602.0,493.5,556,83
nvS2VahFzTpxZEwkcPK8j1BPo8PQ85.jpg,442,765,479,539,603.5,509.0,323,60
NVWJvWjNzUKXS=TmlyrzVf7f3qf7N6T6.jpg,175,813,498,600,494.0,549.0,638,102
NvxjaPKUSsasDMLLaIJWUpr4LgQHKNO.jpg,429,817,440,502,623.0,471.0,388,62
NvXjgn7gYgE8hCc1qcCtP32f8iH9FKZ_.jpg,357,846,434,520,601.5,477.0,489,86
NWaLUUybmk1hiCCTDfNFpCs2kCPkcfQ.jpg,175,724,509,591,449.5,550.0,549,82
nWaw5JfIZSc3f1XCBqR4SzcSfUpQvVzB.jpg,221,841,531,623,531.0,577.0,620,92
nWmJ8JDxQNEbKlTt85U3JS7yl2Zx6Bu.jpg,292,758,433,501,525.0,467.0,466,68
Nwux1s5NUHW_bFDSqGhbyMWBbpQQMJ.jpg,398,893,484,559,645.5,521.5,495,75
nwvj3y_bLfd8mLf86_KsX=1_9WkqZfVQ.jpg,402,714,441,499,558.0,470.0,312,58
NX5swliaM46qubBrNznuycS28Rpdx.jpg,471,787,472,531,629.0,501.5,316,59
NXdOTJKV66eey3i2C8JHeqK2luRKEML.jpg,256,955,502,604,605.5,553.0,699,102
NxK5kpXNWaJtz51KXLccBUheuGnijQ.jpg,421,772,452,516,596.5,484.0,351,64
NXMjXcqhQOWD9EkLtPdC9BlNIVleOmV.jpg,419,773,466,529,596.0,497.5,354,63
nXQnjxhV3gZMUPMK3PwE9PboeZk1IyK8.jpg,388,861,430,505,624.5,467.5,473,75
nxyizHk7346CxT16KRYCpMtO6FZVIUR.jpg,373,829,456,526,601.0,491.0,456,70
nYEcwEFloxSZz3OR3fhMwouRCeusiYLn.jpg,348,715,475,543,531.5,509.0,367,68
nym9rXZfr9laglzk_88xdPgL7gL5prc5.jpg,413,930,457,540,671.5,498.5,517,83
NYncqagYZpj6dndV63B1Eovpiwcmdbx_.jpg,269,784,454,533,526.5,493.5,515,79
nz1Q=iV8SesvsHcjZjfi3yQsQds1jEj.jpg,426,899,433,522,662.5,477.5,473,89
nzB4EDtbW7l95ydPYl_xxeT7y6fbUXBD.jpg,382,950,507,594,666.0,550.5,568,87
nZGlaf=4Znn353tY4BtBwc4HkORGq8D.jpg,412,869,470,539,640.5,504.5,457,69
nzi7yxBmPLW8NyDNJegbZyUpb3zdhZ.jpg,472,766,459,515,619.0,487.0,294,56
NZJFuqJTLT9GVJIy2SjBgnVaQZcZp2r_.jpg,348,991,626,737,669.5,681.5,643,111
NzMEE8eflt5TYFqhLMfrErexCM1gYe.jpg,437,871,423,504,654.0,463.5,434,81
nZmWly=nLJGodmHXbJyMsUWFRxaIL6.jpg,440,930,486,559,685.0,522.5,490,73
NZOhrERzuK59c5XOkuI688Xea8JVHoJv.jpg,559,833,418,473,696.0,445.5,274,55
Nzq5=d6V8ek=oizYWyVk6epscyf4ZO.jpg,320,852,458,537,586.0,497.5,532,79
NZrsHs=FrkqEr_XdZjNewWz6eNOsYH5.jpg,492,776,420,478,634.0,449.0,284,58
n_cfbg41z58juTigM2IhWVEV5qMWp4tv.jpg,424,945,498,573,684.5,535.5,521,75
N_GotoUnC3WjxlFrFqTqHdLXhzywq.jpg,379,943,467,553,661.0,510.0,564,86
N_jPupCP8hxHIIE7dGmKWPCeWZztOpWZ.jpg,407,905,482,561,656.0,521.5,498,79
o1EC3PDsZW_Z1En5n6ELNiaNVPXWVGB.jpg,435,756,469,528,595.5,498.5,321,59
O1_4kGKsODGUo7DMGbBDrq3D9kOLUd.jpg,420,913,468,541,666.5,504.5,493,73
O2el_WEWgQsn_4LLf5H_CcQs9TfMipUK.jpg,482,985,486,563,733.5,524.5,503,77
O2kWKEzG=UlZ=QeEwmM4iTG4INmz8RGw.jpg,430,786,485,551,608.0,518.0,356,66
o2W=9hacRqHHU75cP7qwae7iSCRg.jpg,349,856,435,513,602.5,474.0,507,78
o3gGp7a_M3XYtFkNdyzH2KbMeNuOY_t.jpg,373,755,508,577,564.0,542.5,382,69
o3jJGZc2UOWvVBE5G8xMPOlblVqLzNx.jpg,445,729,430,485,587.0,457.5,284,55
o3QVpYsf2cYyBZ5iNj6ZDwZt=1x5tN.jpg,407,1007,527,615,707.0,571.0,600,88
O3uXn1sF6xNis9e=HHiOe6sM=gGUlSyW.jpg,284,925,532,629,604.5,580.5,641,97
o3YXGoXNjTtHHea_S4gDHjmxnN_zv.jpg,429,936,449,526,682.5,487.5,507,77
o49yoi_mnoomQhdmaJMjP1L=I6JpfhIH.jpg,456,756,439,495,606.0,467.0,300,56
o4bPv_Ocx64vnqcpD84vUQP3Ju2L6o.jpg,410,901,449,528,655.5,488.5,491,79
o4bRJXOLPmbQ_aL88j44wxIiUf9C=TL.jpg,399,674,426,478,536.5,452.0,275,52
O4xH=SxnLud6oJvD4qpTcaLg_4vMe9z=.jpg,311,1080,577,690,695.5,633.5,769,113
O5DVQBalaMlGecNHqnTFuOzNNgFiYbi7.jpg,385,719,456,520,552.0,488.0,334,64
O5IqZUyEnTIuLI2TPyargqRJ3t2E_Zty.jpg,385,873,438,516,629.0,477.0,488,78
o5QYqoF3ZLTNIU5kb5ubkyMZTj2wNPb8.jpg,401,723,441,502,562.0,471.5,322,61
O5r5hYd_scPP9aF_XHGplyiVYRV4hyL.jpg,419,896,482,552,657.5,517.0,477,70
o6cKpuaiSCUwQt4dsiaPlL672jHxZkGV.jpg,282,809,466,543,545.5,504.5,527,77
O6cwdSBiyXfG_mLnfja5dnIMwz4pmt5.jpg,441,788,429,497,614.5,463.0,347,68
o6LDfyG8EYm_rKj2FwmjD5VtDsdhnv=.jpg,444,792,436,501,618.0,468.5,348,65
O6q6wVr67Wj8MttUlQ=jJQpGh44B8O.jpg,304,965,447,545,634.5,496.0,661,98
o6XBPrLavEPXTK8vHF78LMkekgP1E.jpg,409,891,481,551,650.0,516.0,482,70
O7gDgZuemG81uOaLc2iI8BELo5xrquaP.jpg,329,759,425,493,544.0,459.0,430,68
o7Lbdilllvhwe2WRXcryjerfGiTwdkDE.jpg,400,1002,464,555,701.0,509.5,602,91
O7mBfK8cNk9T9c1_rOVhH36gSDwuDBl=.jpg,439,708,416,469,573.5,442.5,269,53
O8iVKXd9FVLZOktNqs8EKSKqecELCd.jpg,280,902,489,583,591.0,536.0,622,94
O8oQRcjnt4eDK88FoJsNDk64UjaFMl=.jpg,326,875,465,548,600.5,506.5,549,83
O9594boBM5zK=z92Ri2L=Ip=YY_cMkQ.jpg,360,965,484,575,662.5,529.5,605,91
o96kBV2aWFTWkpG=qqyBz2MhpQkDy.jpg,359,661,444,499,510.0,471.5,302,55
o9ZjywLFbuDUMw3FUxPn9zjnHk7Q7t8E.jpg,297,775,441,520,536.0,480.5,478,79
oaMSypWEtYrtGL4FaMF=rMTIyoTTDv.jpg,408,862,421,505,635.0,463.0,454,84
oaqVyl3_ZHCXjsl6QKHGKruP_lOv79.jpg,356,1118,583,701,737.0,642.0,762,118
oatt6z=iccCDvnQW9Wm_aMDHXOHBSU1t.jpg,385,875,530,627,630.0,578.5,490,97
OaUKpvV919UkqvSlISt7JZG=82_EenK.jpg,297,795,481,563,546.0,522.0,498,82
oaVR7e5QppDRpmjVa7HviQskH6il9yf.jpg,369,836,434,518,602.5,476.0,467,84
oB=USbmiErK615I5EywxJgS=hPoNwIT.jpg,349,957,466,555,653.0,510.5,608,89
obcKQ5h7fuSqRYXfqIcUu8stLtsCm17j.jpg,351,857,483,560,604.0,521.5,506,77
oBIWOtMNX=dEnnskeR6riMNwfhkNN2_I.jpg,383,829,419,486,606.0,452.5,446,67
ObKHv_97w6CcbD49MP6=egTsBs77F1gB.jpg,483,821,458,518,652.0,488.0,338,60
OBn4SSgvhIY3VPIvCh3QY=Olz2Ny6.jpg,315,854,454,536,584.5,495.0,539,82
OBvt5sRUQwCjPgD42ahOjadvPBsR9JN3.jpg,374,817,434,506,595.5,470.0,443,72
OcBZKD_ve4KcVLDQQiEZG8YO9dyLu3Tl.jpg,387,878,442,518,632.5,480.0,491,76
Ocr_CZrNBTyQd_n2UfyGDC2lOJU8EC.jpg,218,963,513,632,590.5,572.5,745,119
OcuPTxDd4olIj31wZ_LOK1l7pE4IEV.jpg,335,792,458,525,563.5,491.5,457,67
oD4JVY3k4yzclSZ5uNS7uUE3875hJfL.jpg,514,826,456,519,670.0,487.5,312,63
odG37t__rrp7r3rrR7onPMrts6kzOW.jpg,409,854,428,504,631.5,466.0,445,76
oDvy7zzyu=nmVYfjOLpV8hb=lZm7WPl.jpg,416,934,496,573,675.0,534.5,518,77
OdytFx6ENyP_aoa7JrlCc5MoOKTmbnDR.jpg,387,940,464,549,663.5,506.5,553,85
oe1Jj8_y6JyE5aVePR7cI4UtuQ9v=zO5.jpg,455,773,439,500,614.0,469.5,318,61
Oe8fdk_s53F9s1pkufKhcd_nl_dXa_GD.jpg,461,777,451,510,619.0,480.5,316,59
oecq9i56WoLnqKBx9vD3xlQb5fN9Cqy9.jpg,458,727,423,475,592.5,449.0,269,52
oEIKlgponhMOyNFLhqSlQdas=EvT1e=.jpg,465,867,434,505,666.0,469.5,402,71
OeitiGjbZ=sBPUmqE6aUnOTGPCzH4F.jpg,401,852,425,496,626.5,460.5,451,71
oem=5Lx=ZrmjFD6Yd_E=NlaZxjoWt7i.jpg,408,798,411,480,603.0,445.5,390,69
oeNfrtYLaSmnUhgs9h2=9fSn8Sor4oO.jpg,396,857,427,502,626.5,464.5,461,75
OetPY4I8Xr83cQttTgmiB5TFNKENLM.jpg,421,907,478,551,664.0,514.5,486,73
OF58w9BHW9ILXzOlU32U_vOmeI4_2VnX.jpg,322,804,441,507,563.0,474.0,482,66
oF7g6DMNJabqPVgOUTwmVRRfh3JhHnEF.jpg,306,781,466,537,543.5,501.5,475,71
Ofcys8_pMnncqSmUF_9MwGQxUrxfkF.jpg,196,845,510,605,520.5,557.5,649,95
OFFLJYn9JBY2bgbnClf4qJ8_jJjVwhO.jpg,449,912,431,519,680.5,475.0,463,88
OFhkW3O=vkjRXF_owaIoiZWcoYpkOxQR.jpg,430,818,413,478,624.0,445.5,388,65
ofJFhUPvTWqoK9gz=sHxlW4ZjBkmHVR.jpg,488,795,429,486,641.5,457.5,307,57
ofkeaOlvE4dhlvLgXgolT7hdEJ6Tz.jpg,419,895,472,547,657.0,509.5,476,75
oFOQ1W148neGxY52Tun=YR55deiVJFZa.jpg,359,873,453,529,616.0,491.0,514,76
ofSaBfvS_8odIOCpOTcLvQi4oZWleHVI.jpg,458,867,452,515,662.5,483.5,409,63
OfWTCPZ4qxeSmui3PThYayNidCXn6P.jpg,430,925,571,659,677.5,615.0,495,88
OFXUIuNzhpy3sxnykaUCufa64IY1=tIe.jpg,408,682,441,494,545.0,467.5,274,53
oG3F_=ZpEyl5nr_zLN57UJXee6zjrGY1.jpg,354,883,493,571,618.5,532.0,529,78
OG7LRPU2dTLvNtmnXHUrPLBIFpIR9_uB.jpg,386,867,427,506,626.5,466.5,481,79
OG8noHfjKPFdui7KpdPsg6KhI_ns14.jpg,479,773,435,492,626.0,463.5,294,57
oGBcgM3lOCvpdt9tcBzihHZ5JyTEw=O.jpg,456,970,569,663,713.0,616.0,514,94
Ogfi7mz3KyqULbMGS9JmwvqrLmI=.jpg,487,781,453,510,634.0,481.5,294,57
Ogh_qlfz2DmGLQ6wkPkBhDEZIpdXNTV.jpg,381,832,430,502,606.5,466.0,451,72
OGJt8nXXjbgi27dyz4UasSgu1eH_Mz.jpg,263,659,522,599,461.0,560.5,396,77
oGpdQwsx5xvLOjiR1kv3haf_ssK=c_Q=.jpg,354,861,483,560,607.5,521.5,507,77
ogVZRxPPtpvR3NnZMajwqmx9DWqRZN1.jpg,486,921,425,498,703.5,461.5,435,73
oh3ParOoZLFbD6OdoyI8oJ2gP3wylwt=.jpg,412,827,418,486,619.5,452.0,415,68
oh=iH8R4a4PlMvMmtF=PqD3SI=m_IOmN.jpg,354,890,457,537,622.0,497.0,536,80
Oh=P91uwM64=aBXelqTJL9sFwHBd8_B.jpg,303,1052,526,637,677.5,581.5,749,111
oHegQgc6njvZdSPIsGpH_Q=NEwKdky.jpg,433,720,433,488,576.5,460.5,287,55
OhlwC7ykbuBwRiVYKmiCVyBXvhHPz.jpg,478,801,472,530,639.5,501.0,323,58
oHsttgRcebbX=WHX_yrf=cQToJ5Km.jpg,348,871,500,576,609.5,538.0,523,76
OHUKkFiLZ4W84YfCKoVw3YQEdoVygK4.jpg,457,731,425,476,594.0,450.5,274,51
OI82Oa_Euj35sIE7ZrjDtr4ivvY8CWJz.jpg,419,791,480,546,605.0,513.0,372,66
oicgkkyrNKB19YBOSFGN5orpydIION.jpg,428,787,490,559,607.5,524.5,359,69
oidxK_7jIJF5vl8uGPnR73heok4esfxR.jpg,363,812,429,506,587.5,467.5,449,77
OiIby4cdHxpYmvZ6OsQtpRu83ukNtvU.jpg,380,859,460,532,619.5,496.0,479,72
OiM5wR4fNShrV4=WRuO8eXnBv3qVqn.jpg,358,1155,594,719,756.5,656.5,797,125
oIUyOrv6GIEwpUKwLqt=856PY6Q7vw.jpg,352,879,458,537,615.5,497.5,527,79
OJ7SMV8G5Sc23G6OUWNkvLIFVDHQtsT5.jpg,499,774,423,478,636.5,450.5,275,55
OJFePajG6XR9iL1uCQBknBs3kZgqRyB8.jpg,299,773,444,515,536.0,479.5,474,71
oJPCpxLR7kRgpiJUXjhXN3UHzC=6dZ=W.jpg,210,819,466,552,514.5,509.0,609,86
OJpCWUvcjY3SCVlbGotD3bm2l6dHQ.jpg,295,865,475,558,580.0,516.5,570,83
oJWGGM5CPi3QbvbCVJme_tknGUiVbL.jpg,430,778,468,533,604.0,500.5,348,65
oJYxklbi1OS3kws6E7YHd71JVIZGMNwx.jpg,332,740,410,475,536.0,442.5,408,65
Ok8oCfqm5Q68IDhQG3kfRMZQPYH9BFC.jpg,471,786,435,493,628.5,464.0,315,58
oKDaC9JkzvJhc5GdMUC378J=GOfnTohH.jpg,403,679,442,497,541.0,469.5,276,55
oKFw81xewRJD=DXoTttKaG1tOZvsDdC.jpg,373,696,459,518,534.5,488.5,323,59
oKhv9MQU9c3HicjyjcSn8sKbnD=yI5.jpg,289,764,426,500,526.5,463.0,475,74
OkL=D82ywZVV14aofBJKMPM=9jvgC.jpg,442,903,468,542,672.5,505.0,461,74
okUCbxbDlmTZDIeLRpzKZHWEWXN5_6.jpg,371,1036,500,608,703.5,554.0,665,108
oKVmYOPm_TdjYECXIuT5d_hzavvOjT.jpg,432,742,429,492,587.0,460.5,310,63
oKydx7asgkxTaf5=Gs7k1FsXhinJar1O.jpg,456,763,455,516,609.5,485.5,307,61
oL3Vz8Pto93cYVtNDw8sak48InRmTGin.jpg,355,896,512,590,625.5,551.0,541,78
ol8zGa_L7bQEEZrzBfIoz6Nj1G9gbSJ.jpg,458,932,436,509,695.0,472.5,474,73
OlebLglO_g6lV6dw69E3f2veQImI51.jpg,417,900,478,554,658.5,516.0,483,76
OlFeGqN_pcQa1LnYX_3bytYeoEr.jpg,375,870,446,522,622.5,484.0,495,76
olNwr2KjwkZyEreZka4SknXs8wuIcQ.jpg,562,781,359,431,671.5,395.0,219,72
olS3wTUYg8CaRcuzujUwU74G5Q7QQdUO.jpg,340,836,443,518,588.0,480.5,496,75
OLTIhWftdGCn1g5EO=TnkvwD_JZB1BgR.jpg,474,741,436,489,607.5,462.5,267,53
olvKnqtPaO6YvQNTu2MLUDSQmloE6acB.jpg,369,958,521,604,663.5,562.5,589,83
OMNLWDR9RBWBS7HzI3bod=EqdsgcV8en.jpg,452,756,462,520,604.0,491.0,304,58
ONGQyQWE2jHYyFTzFTaBBem_kf=Vzala.jpg,364,877,490,564,620.5,527.0,513,74
onO2xriw4Esy1WkyQiEtXXB7tZzFjVG.jpg,405,961,510,591,683.0,550.5,556,81
onUximmR2f1vt58xIDgdMGNV52SIuUG.jpg,365,699,475,540,532.0,507.5,334,65
ONYFmBx8WJ1RF_DYaKcuqDUXIDwpZNhx.jpg,419,802,442,515,610.5,478.5,383,73
oO3fEB32hRxZsDt87Quwnu_8yyh4Uas.jpg,351,863,452,527,607.0,489.5,512,75
oOEl5zJn8__LN6SqD4zOBUR99JNSVC2.jpg,317,833,449,526,575.0,487.5,516,77
oOR94yHmIhdR44LcRghjHud46Mux2M.jpg,465,863,415,481,664.0,448.0,398,66
ooSyC5tPjSurVkoq_6qlbjYayrQqwfq1.jpg,467,859,506,576,663.0,541.0,392,70
OP=4zMjq23rnQluhfYYXnwVdi4SFcwG8.jpg,427,812,518,595,619.5,556.5,385,77
ope4YGOwRaXWsJbImhTOcLcp4pGZDV.jpg,373,681,447,505,527.0,476.0,308,58
opkMToWQDGu8Iuw94GIaVcHlVI2NM.jpg,357,862,481,559,609.5,520.0,505,78
OPkMvEtbroQD8wv=u64aQK5N1oxOuQ.jpg,195,731,502,581,463.0,541.5,536,79
OpLGYsst5UaBOBmPIGHZ6NK=MiNKMRt.jpg,313,941,478,573,627.0,525.5,628,95
OplUWucRabESzdNU132jqb5jXwY4XfsB.jpg,391,845,462,537,618.0,499.5,454,75
opqO9nKcFDizsJkk_3M8o6gLOXRT7C.jpg,383,679,459,514,531.0,486.5,296,55
opqUHyFKmyzzr2uCUggE4OU_vb4_xXD.jpg,370,656,417,474,513.0,445.5,286,57
Oq9mrszaM1Trd=hDkSuL5Ouq7tCf=Ie.jpg,405,837,419,492,621.0,455.5,432,73
oqEolWfIlFmMQgO=uNc44yO3=5V3.jpg,379,687,431,487,533.0,459.0,308,56
Oqh2JrCRne__pbxSQClvahM4j5izdqa.jpg,478,826,491,553,652.0,522.0,348,62
OQHLMS_jz9H54=Fj31m1GBDylH2B=Sd.jpg,151,829,524,616,490.0,570.0,678,92
Oqhlwte_68trdVDRTZM1NQOQlOFbPmwP.jpg,341,848,453,529,594.5,491.0,507,76
oqKZKy95Byoa5bRWBxazL_oUtSMNwnG.jpg,363,831,432,506,597.0,469.0,468,74
OqVwsuJ=9s_jFO4=xBGlEaxKW5wcDp.jpg,442,855,418,499,648.5,458.5,413,81
Orb66Q4eHxn_XKCzRd7CuesMrJUXPToh.jpg,462,772,453,511,617.0,482.0,310,58
orfnutX2HDhsLzRyBGhMhlWpajrPM9.jpg,404,716,465,524,560.0,494.5,312,59
ORgSgYIhxBuXNxnCdB7vbuIsWvFe3h.jpg,210,789,474,560,499.5,517.0,579,86
oRgxoOwxiNFmpNHw9MVRheBu98d2B.jpg,346,965,491,579,655.5,535.0,619,88
ORPdH==PT863zy3KE9=EdpKJCwKl.jpg,304,829,502,578,566.5,540.0,525,76
ort2OGBTUBjHyjxs_pvJTdtY_iTc=YU=.jpg,477,790,466,527,633.5,496.5,313,61
oRUiZve8IwqliJsSvYiktuuSUD=Oj2wP.jpg,426,938,436,511,682.0,473.5,512,75
Os4PC8Z_nnrlbFLfhQybouZWBY64NMs.jpg,389,886,490,562,637.5,526.0,497,72
osgrKywhBVSkTw5Ps=vCaf4BEOF2pd.jpg,415,700,430,485,557.5,457.5,285,55
OsigpQCRjjisi2Fz_4Y=UmNlwzTMNx2t.jpg,339,734,413,488,536.5,450.5,395,75
Osnt_mll2x5PbMWrg=IoS4mV97p_fPVf.jpg,410,876,441,510,643.0,475.5,466,69
OSnwdOgRYeHchcrV7lYIPtd8j=Ps75P.jpg,446,930,438,515,688.0,476.5,484,77
OSnWtfx1Ol3GQwM2NS_ZIEICcKNpU_.jpg,328,852,449,527,590.0,488.0,524,78
OsVhPTSHKIy8tf5rLoy4kHMa7EFXNZ8.jpg,270,769,442,538,519.5,490.0,499,96
oSwX78pJRMiHsLVwvU38EyeLQIm9zBC.jpg,404,950,498,578,677.0,538.0,546,80
ot8yiTQIi6e3YuDR1qiDxL_=W18XIhc.jpg,462,924,456,531,693.0,493.5,462,75
otD=Vpo2NHiLNN=8aUn_BeRyelDgfso.jpg,426,708,427,484,567.0,455.5,282,57
oTJTGJpsDa=3vpZDLkslxQBcWRhnOf.jpg,496,833,451,514,664.5,482.5,337,63
OtmGu6z2HnYlXbbRbRyQuB3hDq1_3w.jpg,405,912,491,569,658.5,530.0,507,78
otPMOFnaajxCQnYZzdD5bjv8sqx=B.jpg,349,1105,580,694,727.0,637.0,756,114
otXhfy=sjiPtGGNbvDoRWNnlYugKKQfW.jpg,252,1068,560,691,660.0,625.5,816,131
OtXpep3JwEBzUUbJ7MMVdM=_r_=QMp.jpg,393,761,441,512,577.0,476.5,368,71
otYvNCKGubJLvakvbYZIyhDM48QjRO.jpg,338,686,473,535,512.0,504.0,348,62
OU7aICVPg5ko4Rz=xq9imrOkhbSiXtY.jpg,471,801,475,536,636.0,505.5,330,61
oU7FRI3M87Qn8bk6CTGsSWf9rDZgpKCz.jpg,485,888,414,480,686.5,447.0,403,66
Ou8uT=yBXcXMMXSOskJI2fhtETN1yNV.jpg,468,765,459,515,616.5,487.0,297,56
OugUdsgwHDPEMVZlUO6hh49po2RFPIX.jpg,405,924,490,571,664.5,530.5,519,81
OUpw2m3br1719Nl4FCJWbfbVpIp=KDx.jpg,391,835,424,510,613.0,467.0,444,86
OuvVmVrFUXS1Z2CroaPhVyyIwKjEu.jpg,474,917,466,535,695.5,500.5,443,69
ovs1m_cgBGNjgvenIa41b6YIIlDuWF_.jpg,387,902,487,561,644.5,524.0,515,74
oVt2QF9EOauc9OSGrshGwUc6PSfLie.jpg,248,932,495,616,590.0,555.5,684,121
OVwfpPPZK4BP9rRdiWrE_8Pg46y2K.jpg,399,892,431,506,645.5,468.5,493,75
ow9Cp3iJ71nBX1Io6Hg_nvGa9poSBZ.jpg,296,881,460,544,588.5,502.0,585,84
Ow=v145krV4wCwZyph8W8eBzIQfN3x.jpg,360,920,453,540,640.0,496.5,560,87
oWELxpfV2J23XOCcksghWNZsDvr8JNfk.jpg,281,782,451,528,531.5,489.5,501,77
owpjkSEdkqhHfvFutXUsDDPKMcvvWq.jpg,385,822,463,532,603.5,497.5,437,69
owTxL3UyvdDQ=bbvcXVHNTcv1HwtUv.jpg,242,797,461,546,519.5,503.5,555,85
OwVUreqrWGS8gHp2iDeHT5Ck8WFC2h1.jpg,277,657,459,522,467.0,490.5,380,63
OwXLXLSKvkQe38K6f7ip8r2=Bh=rbvl.jpg,385,784,465,538,584.5,501.5,399,73
OwxOwF=FsjYBt2mFiJb4bL1wy3vObde.jpg,309,755,420,514,532.0,467.0,446,94
OX6zFaoaoU6YYLb_DLf1uVecGxar1Cr.jpg,331,880,502,585,605.5,543.5,549,83
oxb119PigBYPltvhhkUfksJQQ=fPqi_.jpg,317,767,434,507,542.0,470.5,450,73
OxD1g7mOCO3G49wdGau2JPwX7gMDJYh.jpg,309,649,432,497,479.0,464.5,340,65
oxFk26Ov=OUN9YLQn99qNwwzZXF4oRR.jpg,413,722,463,521,567.5,492.0,309,58
Oxg8_H=Ud2F8I3=wfSe5lkdXIxo6Cso.jpg,406,732,472,533,569.0,502.5,326,61
oXnCeEcCKPpvRU5UMerM43H4KcjP7T7H.jpg,444,925,440,519,684.5,479.5,481,79
OxuLtQaVUPXKCxNw4Z9XhE4mnmUSUa.jpg,305,724,444,506,514.5,475.0,419,62
oxzfKmlwQwhM6FVFaiF6RLkjQ8COPbl.jpg,423,914,488,559,668.5,523.5,491,71
OxzQ4L7KoTagW5gfRWObqpDOivW1eQ.jpg,317,876,464,549,596.5,506.5,559,85
OyEZu6FzrNElclIoWF4KCRa5waqVtDf.jpg,423,770,457,519,596.5,488.0,347,62
OYG6pGGu3Zptn3wV7YtF5vmyUEzdUors.jpg,425,837,416,482,631.0,449.0,412,66
OyHJVvEZZcCcQ8FqctCfUug6bUq3da.jpg,338,748,423,488,543.0,455.5,410,65
oyqInP9MWwWv3ZjjU8qcd4LxQiz9fJo.jpg,520,824,451,508,672.0,479.5,304,57
oYqVB2lr1lfjbXxPvsiXt458QQHPYfJ.jpg,489,949,429,513,719.0,471.0,460,84
OYWJGj3i2rhsPJ869CO8cofuwU2xxKN.jpg,414,866,431,503,640.0,467.0,452,72
oz19dsDhqLq983BuWY3=yJp4_Fmo.jpg,447,796,489,552,621.5,520.5,349,63
Oz32JqKPs2y9mjRstNYfCJY768roDXb.jpg,332,794,433,505,563.0,469.0,462,72
oz8PXZFyo_K8zsTjbC=2d5stPwrLkfbv.jpg,365,859,443,519,612.0,481.0,494,76
OzDBoGuc5gquJtH3XOQjysqsQetaOn.jpg,291,763,430,500,527.0,465.0,472,70
OZjNtF4bYwtovu6cx8IL5mWK1nNSXG2.jpg,300,775,445,517,537.5,481.0,475,72
oZUfSzTuuZcW98v7Y_I3jhwDbZu8My.jpg,440,780,489,552,610.0,520.5,340,63
O_8_3EsamXvwuTYqEEBjunltP5Ivz.jpg,514,844,467,529,679.0,498.0,330,62
o_D9huXIxgxpiZNxs7k3wev2pyWKU_.jpg,547,841,431,489,694.0,460.0,294,58
o_Dkix6GiI7o=jhx=IhWY5PjOOacHyy.jpg,452,807,496,559,629.5,527.5,355,63
O_iWQj7mzBH6jxZ1qo9In19t=XGWom4.jpg,445,883,417,486,664.0,451.5,438,69
o_MxZ8fqfetUXzP7KJt886_gKFpgbtN.jpg,303,766,438,509,534.5,473.5,463,71
o_Pj=IzVUOt7gOzKWZEvhS88idnEaNeh.jpg,192,1222,644,786,707.0,715.0,1030,142
o_UgEeV9p97tZNn=nhJ1n756WmE_Ez.jpg,393,741,466,528,567.0,497.0,348,62
O_xgDRoGb7sXbPrDhEevShFwimeCs.jpg,131,906,542,653,518.5,597.5,775,111
p18Buzn2g=lVBiC=umNlYrbmEVG9uFc.jpg,325,889,460,543,607.0,501.5,564,83
p1t6wnjDPYRhtZaIyUSELv2t1ByTGwyj.jpg,387,913,457,537,650.0,497.0,526,80
p24R4FlutxqGKad4iyr4beh4erwNh6.jpg,443,922,442,517,682.5,479.5,479,75
p2=W72CF3qFy4UHw=T_jdFlspcOWeL.jpg,383,705,451,512,544.0,481.5,322,61
p2bpbsv6Uk5mTa4QISYgiQf6cee8ThLx.jpg,421,879,440,508,650.0,474.0,458,68
P2i=BpGo_n2Mwv89EobBJ3SEqqDpiFb.jpg,455,952,487,564,703.5,525.5,497,77
P2r6bYuPc4QGBVzPhDdkMvb6=mfWj5n.jpg,349,876,506,582,612.5,544.0,527,76
P3=GwUiTfe3MTqmyRejen_eDr1kyosyR.jpg,386,821,419,483,603.5,451.0,435,64
P4EakS9h8LNjcykuQkzQySpT=csiht.jpg,461,903,463,529,682.0,496.0,442,66
p4uG9hcxzEUnQH6rJpaign3tK1Fs_ey.jpg,316,791,428,503,553.5,465.5,475,75
P4xgKHeiyEuX2rK_Mmt5vgva19P=wy.jpg,389,939,504,586,664.0,545.0,550,82
p5=ooTkie8tPNmLjm4j5I3OTOJXqUS55.jpg,197,810,468,597,503.5,532.5,613,129
P5IKqEI3UKoVBcZx4W86gCs4pofjJ.jpg,447,943,491,563,695.0,527.0,496,72
p5JQsC55WNKQyzrJYh_UK7J3N316WyDC.jpg,322,911,464,549,616.5,506.5,589,85
P5zYHM_oGSVEx5xTHbDVnRd2yN6sNd.jpg,315,857,456,539,586.0,497.5,542,83
p7amelEnjd7b4tuiky97_yC52MzliL.jpg,471,917,431,500,694.0,465.5,446,69
P7mUWJjJFssZ77tBT_l7fhlH1iJYI35.jpg,472,785,466,525,628.5,495.5,313,59
p8UqtrlnoOYD6d35DfuBcI8KPVcct9.jpg,294,665,456,529,479.5,492.5,371,73
p8YkQLLDe6SSSxW376Kc_IhgVGO93.jpg,368,865,487,561,616.5,524.0,497,74
P9=JN3cRZlINXSaS3ZSmNfuLuTv8j2zD.jpg,381,853,426,496,617.0,461.0,472,70
P9XOtlx5K4Cs9U15C2dsWPpNshVXIzh.jpg,414,880,445,516,647.0,480.5,466,71
paBb79fhSErsWwZwFGJ9T8wr_YL=EJJV.jpg,329,786,455,521,557.5,488.0,457,66
PaqCOliGcScMrpYMzU=X6qtE6NiGzZY.jpg,373,807,423,492,590.0,457.5,434,69
PCbQ3g4Z_yGoNrm854d=lbW4bmU9nsuV.jpg,458,931,558,644,694.5,601.0,473,86
PCCJxXKOPegQxMaQ7Jh=yRmXu11gmsx8.jpg,277,812,458,539,544.5,498.5,535,81
PCCQmGfbGF8Vo=OvUZFTpZ9vCzOgOPbI.jpg,354,876,452,532,615.0,492.0,522,80
pCMiscPtxVZjaCuztuPsL8TGiU3nak.jpg,332,870,472,551,601.0,511.5,538,79
PcxzD4t2X3wK_jHzsuv5ldwODEjzxxe2.jpg,426,999,464,552,712.5,508.0,573,88
pCzo9BW6J7yTgYnXEo66Rt7fqSmhZ81j.jpg,345,916,508,594,630.5,551.0,571,86
pD3DpTKU6g_p=GNpQ9UTHg9FzI=VE.jpg,422,899,471,545,660.5,508.0,477,74
Pd8mpQPEolci9yQpyIuvn_gVcwdTPu8.jpg,146,740,513,608,443.0,560.5,594,95
PdjmrkBD1VeybZa1XajpVGVfoaq3F2ED.jpg,461,748,431,486,604.5,458.5,287,55
PDKCV3=6nh8IglNQcT5qxi6iiPn7LoHy.jpg,197,1231,702,838,714.0,770.0,1034,136
pDKHpip1y95LaYR9y3fzrQ1gaYVCPMc8.jpg,323,883,471,550,603.0,510.5,560,79
pdllU3zRnOVIR6OaJpFZnH_9S9z8jUCs.jpg,395,916,497,576,655.5,536.5,521,79
pdNslJyKt5munYoEC9aIVd4EbscxX3.jpg,368,905,453,535,636.5,494.0,537,82
PEJDRMMoFbBB=JL5UKd4lonblkQ5QBZ.jpg,210,847,498,589,528.5,543.5,637,91
pf7C54QbNmulei8mT2BgzBqgpuqhRp2d.jpg,315,823,453,528,569.0,490.5,508,75
PFpHcwDnIMqiNLY7_TJyQ63jkOGjK=8.jpg,463,808,475,549,635.5,512.0,345,74
PFZ8WPHmPGT56nwDe3q18dVsRNllZ81.jpg,395,818,419,499,606.5,459.0,423,80
pgaO_MflWb91SvpNnHUdi1MfHVFm9=X.jpg,462,879,452,519,670.5,485.5,417,67
pgkfpFLhDbJMZlezCdoaEsm3dUTGf2w.jpg,518,828,458,518,673.0,488.0,310,60
PGNGKeaq7zg1GYXfbSHqj2_oyXG8KS8.jpg,381,672,446,503,526.5,474.5,291,57
Ph3h7c=kfDfrqCkIno6gg5ysFUXkVK9Y.jpg,355,854,466,544,604.5,505.0,499,78
PHIaa88mEmxCjyz4JUIX5F9UURTtqN.jpg,370,649,418,474,509.5,446.0,279,56
PHvodrZZJlHlItcBGMinFLGufPCvEpb_.jpg,363,857,480,551,610.0,515.5,494,71
pHVv9Wg6lqn9eDXsmbdLxKf_OysyMoY.jpg,386,900,456,534,643.0,495.0,514,78
PHwaJh8fozB7Ypf5Sau8lk6LSH72E.jpg,278,768,435,510,523.0,472.5,490,75
PIDcTpFUYzCfaXZ76V4xG_MsqCopFwPI.jpg,356,946,519,604,651.0,561.5,590,85
PIKWPm94jRO6NcPm5KGehnRNw1UBcILM.jpg,438,836,412,473,637.0,442.5,398,61
pIO6qOfjEPsHBEa=u_lyrlB2ISqDJchv.jpg,376,667,437,494,521.5,465.5,291,57
Pj32aZNoEfclEpF7ncvBn6cEWVDZ3SNj.jpg,369,655,431,487,512.0,459.0,286,56
pJ4HvIOSJ8jp4vBJeCOncZmRmRKKKVcp.jpg,502,904,447,514,703.0,480.5,402,67
PjDEvjoU93w2DuYUvbL=LnNCevzDJfCe.jpg,231,1032,543,664,631.5,603.5,801,121
pjgv94LY_Zro_dh35MBvP8W8jZsXH74l.jpg,364,878,461,542,621.0,501.5,514,81
pjhcJudoR__y8LGzyvgVpVu_Xtwkj7d.jpg,484,801,463,523,642.5,493.0,317,60
pJr1OwzI1E7PTjSK_nJnC5kUVlH1tXFo.jpg,428,706,426,479,567.0,452.5,278,53
pjsGvirMxn8wkzdJOtT23EuqMIWNKpra.jpg,255,796,464,542,525.5,503.0,541,78
PJVLsRU8yLDMaolFaMmlMu3P6n25oJ_.jpg,395,861,460,535,628.0,497.5,466,75
pK86bSG8j7MY5L9qN98ueP6fUE=2gLI5.jpg,362,831,434,508,596.5,471.0,469,74
PKFQNYs1dDaKdMIjHIneSK=kBNWw1To.jpg,466,768,446,501,617.0,473.5,302,55
pkgWlpXGjIZWhIvqVf1LyYSHrIGOHid.jpg,353,669,439,499,511.0,469.0,316,60
pKGzb3WQ86tl6fS8Mquk6FTZlk_CqLGl.jpg,418,911,488,564,664.5,526.0,493,76
PKiioH_BCap=Do7Uv22rmXvX8qli7llE.jpg,282,839,505,587,560.5,546.0,557,82
pKNRhWMHWB=2KmCDvkJusZ6i_4sdYPi.jpg,455,876,457,520,665.5,488.5,421,63
pKqzbpGoHvBgjCCBo=oyChn4uGjU8plp.jpg,456,789,443,506,622.5,474.5,333,63
PKwvVpEJXlIPFi8VphhNMvPkHJKiymI.jpg,380,674,441,497,527.0,469.0,294,56
PLBHe62Yeet7LtL9y9GFZcyoj6gYWcxc.jpg,428,784,495,561,606.0,528.0,356,66
pLGiBmWDjH69PlCDI_SkY5gsBPYcV3pR.jpg,357,813,424,512,585.0,468.0,456,88
plgSbMqhlvWU_8=6krVobaeYlqfN.jpg,418,715,439,495,566.5,467.0,297,56
PlHVjPVQcigaWhbvKsCMDMi6YmeT.jpg,427,835,419,483,631.0,451.0,408,64
plP963MFob1Zkasqn_86=DT95NrBWMw.jpg,432,816,439,501,624.0,470.0,384,62
pLPHfI6DGe3l2qmEfWGyMHls2kNBORz.jpg,419,880,467,539,649.5,503.0,461,72
PLwXrijrXRcwfDkF_spJudLtNlcS6l6.jpg,458,851,485,556,654.5,520.5,393,71
PLYd6QHirBeXxMGvquoG77F_Ef=4e17w.jpg,399,975,480,572,687.0,526.0,576,92
PlyRcezBLu_jvkFmCgLkSit89sUHRTn.jpg,409,914,491,567,661.5,529.0,505,76
pLyVKSm4LIB3c8QMyYQ3Q4bD7f8JuFnE.jpg,518,822,464,533,670.0,498.5,304,69
PMk7RZvas1j43cKXQmUxprYxNWcYuv7a.jpg,486,953,431,512,719.5,471.5,467,81
pMlNnc8Nj_PVNvO4M79veQ3w1ZjYCYup.jpg,256,772,447,527,514.0,487.0,516,80
pmUn2EXk5LGYlhvEfFXFL1mDJYGUj.jpg,358,851,442,523,604.5,482.5,493,81
PMvO4sJCJDQIMHheVk4N5JVweL2qGQ.jpg,414,881,429,507,647.5,468.0,467,78
pMXojC8xmESnUGTKuUaUxo=Ctmuz6atI.jpg,374,908,455,533,641.0,494.0,534,78
pn4on5n23xNqZdihMifO3K8uurWlDDF.jpg,314,834,459,534,574.0,496.5,520,75
pn9ZyUNpMuEHkLrhPW4IIJG2MGKZhblp.jpg,339,871,462,546,605.0,504.0,532,84
PND8t8bgzBBojRRakgVD=O_GgN1XSN.jpg,329,849,454,535,589.0,494.5,520,81
PnJGzEbVQvd4Omn=W9xM=__Cj5gOq.jpg,322,830,454,532,576.0,493.0,508,78
PNJh=Na6FRLJYnBEVhzhRLQyRUgNBj.jpg,508,823,443,504,665.5,473.5,315,61
PNLGV2bTXpfaQkBkx4mc9TOpi7a2jj==.jpg,411,809,417,488,610.0,452.5,398,71
pNOg7nmLr3L6nkNHxDCqbPeKFo48gN8.jpg,364,684,444,505,524.0,474.5,320,61
PNSNDlsZo4GYK4zi2cMbxrhsclayl58.jpg,416,704,420,477,560.0,448.5,288,57
PnUxvx8m1Icx25fk5kRfMErXk91w7p8s.jpg,447,868,449,518,657.5,483.5,421,69
Pn_zC_pZyPYnS5=R9Rzrq1ZziEb639i.jpg,307,998,553,657,652.5,605.0,691,104
pO3UMmpFY7vLfMo1pMQYduXjqePE2K.jpg,349,802,429,504,575.5,466.5,453,75
Po4XdS6jHJk_CBdysXrmMfY7ScSOh8Uh.jpg,366,962,467,559,664.0,513.0,596,92
PoDalznFSx4UMJmx5QaBoXUv_KXNBRU.jpg,421,864,424,494,642.5,459.0,443,70
pOMh5juW1=WdnCQmnRTS82NDpHhNLaE6.jpg,306,750,424,513,528.0,468.5,444,89
PonVW=k6hdpK7l8Ex3KqFcHZlsIhwgtN.jpg,494,791,436,491,642.5,463.5,297,55
POoS3ckOmJn4jjPUF_IKqqk1agfi7.jpg,313,761,427,498,537.0,462.5,448,71
powkVkm6jg4pmvLC7XbzIuQFURO4wZqU.jpg,359,667,438,496,513.0,467.0,308,58
pPBUWe8hZwMabIB8c9Ttgj172637RNN.jpg,355,907,461,541,631.0,501.0,552,80
PPmKxn3Mm7ZEMdS6ntKcR_aRFg_EJsX.jpg,427,857,425,493,642.0,459.0,430,68
PpqvF7eM5yX1NCuKj35NSUrx=hD9Z4h.jpg,436,874,464,530,655.0,497.0,438,66
PPsfWTFtnCLjtUNVtYY=hyoaWy12RX.jpg,461,884,454,522,672.5,488.0,423,68
PPZvCPjWZuqGoTlbmsPxvayw6ofbUvi.jpg,448,873,424,493,660.5,458.5,425,69
Pq=LxeCBndzk2LjN9V7o1lhbGu5WyctL.jpg,397,786,517,590,591.5,553.5,389,73
pqafXCj5b=WG8HzWGUJNd3oOwESXs.jpg,409,961,509,594,685.0,551.5,552,85
PQhTfsTyPMTIVVZdbQ9p_EfUtaEI9du.jpg,436,887,469,537,661.5,503.0,451,68
PQLem8DjgrS6sm=d8HBRUQTKtv=ajzx.jpg,352,1231,577,714,791.5,645.5,879,137
pQPRNWawVeBli2wmespWiirr4cp2bFz.jpg,286,887,464,554,586.5,509.0,601,90
pQUpSlnTNzdWBKNyPgZqcDKvEqYdjyM.jpg,497,897,444,511,697.0,477.5,400,67
PrE=Z79mf9ia_InRiKSihgkS4Q9FC.jpg,365,664,445,501,514.5,473.0,299,56
PRf=kDGJWCzPa1yWEitFYUbHzfQfN.jpg,427,966,491,575,696.5,533.0,539,84
prm4=vWBnkxaa8mRLUmXyoSTtO4aWsZR.jpg,287,775,445,519,531.0,482.0,488,74
PrmDFQg9qaEOVUnk_WHIHvUNcREuudU.jpg,311,860,466,547,585.5,506.5,549,81
pRnWKQvDEyZkGDdKQY_R3imNvzrw1pmR.jpg,224,820,485,571,522.0,528.0,596,86
pRRNj93eCQItiwzT694D2Cc1wS9ITPE.jpg,508,813,451,511,660.5,481.0,305,60
PRYaPYm9KT3n5mgtijfGRfKal88JHHGU.jpg,422,900,432,510,661.0,471.0,478,78
ps25Nt=dvySQDhg4NTEbDt1IoB4Y28NB.jpg,319,745,422,487,532.0,454.5,426,65
pS7RSRRzyt7hcDF4krLORxpc4T_Ez8.jpg,333,795,472,541,564.0,506.5,462,69
PsMkJiwe6N5LNS_Oksq2V3jsbqzp5Xt.jpg,404,684,441,495,544.0,468.0,280,54
PSMmNJl7Rol3RPGrEMSReytV=BBvv1vb.jpg,360,864,447,521,612.0,484.0,504,74
pSNoC1b6S_mC9p2WS4kBauu2XeVSkrp.jpg,354,778,421,487,566.0,454.0,424,66
PsPMLX6f8SkQqKwQNMCO4W7=QNEuvQqv.jpg,449,792,475,542,620.5,508.5,343,67
psYyh2xO4PyiBZni5wZNd73JdLvRp6d.jpg,475,836,496,561,655.5,528.5,361,65
pT1=fJE=CtqjKdkeV=qyLe5Z85v5gw1N.jpg,404,896,490,566,650.0,528.0,492,76
pt3wIQ5cUnQFiTlpB9OwL8oP7M8_ThH.jpg,338,885,507,586,611.5,546.5,547,79
Pt84rBp4RqVCGqnaJsZdLvSHJt4a3Px.jpg,352,876,471,546,614.0,508.5,524,75
pTaLLO1Xr3E=2STPWVtdS6hY=v8jFsp.jpg,393,803,421,493,598.0,457.0,410,72
pTDc7Mb54VdZbsOLSfIyQUO7ZRwFU6i.jpg,378,887,491,568,632.5,529.5,509,77
pTe=Ta6vkxFbwCfXJPkCwEb5LbZxy85.jpg,378,931,507,589,654.5,548.0,553,82
PtFLHK25EGJrBn141UxiLInv_r=FTtx.jpg,462,915,466,537,688.5,501.5,453,71
PtinssCxgOnwk_CLHkk7tbTXlbTgqlFQ.jpg,383,876,445,528,629.5,486.5,493,83
Ptk7prBUl_4=zS2O6VGdIgtDBaJund.jpg,277,904,532,619,590.5,575.5,627,87
Ptw6Ec6JLyt_=jlBZWa5L9GMmDTKKoR.jpg,450,972,494,566,711.0,530.0,522,72
PTYSW5X6RbH9aQIgPTEDpzwZFFYwZw6.jpg,451,874,456,524,662.5,490.0,423,68
PtZFNEqIpTnH6QEDQTqgYu9HWLL9j2e1.jpg,418,828,416,487,623.0,451.5,410,71
pU=O7MJqnnaMdB2jZMbYhLOhQBfqkIL.jpg,385,659,421,475,522.0,448.0,274,54
pucW5RmenE6TZXKbDXnX9MNMJH5LI.jpg,465,821,495,560,643.0,527.5,356,65
PujoWNsO2BLseREMMa7jimmw6HxPrfa9.jpg,347,701,474,535,524.0,504.5,354,61
pUkVh5zxD=RSiVTa2ZHg8KrG6WscKXQz.jpg,362,673,431,493,517.5,462.0,311,62
puQqeqGi1xl3KYEIQMu4fLJnG5zzVO.jpg,478,824,481,549,651.0,515.0,346,68
PuZHSEL7PFaduYzF7z2sJwO1NVP8KOaa.jpg,339,657,435,493,498.0,464.0,318,58
pV=FxunO3zHl4lnmhJuGizXlYv5RIvm.jpg,467,1000,500,584,733.5,542.0,533,84
PvdWd5wHTCj_ca88WLjL_JEZnk_9SaCG.jpg,395,898,446,548,646.5,497.0,503,102
PvGx_USYE2bcc4hs2jUwshLZfWo3LNI.jpg,389,907,491,566,648.0,528.5,518,75
pVulapbmi6Dymo5aNmrZGi6S5LLn=u.jpg,367,697,478,540,532.0,509.0,330,62
PVv1G7HPgtBKGrk7BZg2JDPkQCNoK71.jpg,337,803,437,505,570.0,471.0,466,68
pVYaxxjkKtlQNshVja9EizrCYVwG2aTl.jpg,337,930,514,601,633.5,557.5,593,87
pw=wg2e8cXi47QJDlp=v4RoMdnMkeL4.jpg,337,642,432,490,489.5,461.0,305,58
pwidRo3b2bplfPhdSxciNL3KDPG6UGS.jpg,341,945,483,568,643.0,525.5,604,85
pWtLipNHVSgKs5PPdhid5qG=I3EzqZe.jpg,302,879,465,561,590.5,513.0,577,96
pwTQHfJYqTfS3=UoeMf2B2gXBt6ULi.jpg,381,850,434,504,615.5,469.0,469,70
PWvG=cKxNqjKpDw=ihm_jntxpQ1H5o.jpg,322,756,419,515,539.0,467.0,434,96
pwXW6qzvqDioHN3YzD=COBhb=_rk4Oo.jpg,393,942,508,590,667.5,549.0,549,82
pWXZU=gS5g=ppYNzF68yLM1TWr4aPY.jpg,369,936,513,595,652.5,554.0,567,82
pWytzk5FWDtlNurTq2NrvzWdvmcwR.jpg,220,1041,496,636,630.5,566.0,821,140
pwz95gJ1aQlo8JJiIrniOepT=Xjc5IOe.jpg,504,830,473,535,667.0,504.0,326,62
pX3KpQ9KTHOZkavfMxjXaKnj=zdRHGw.jpg,501,812,463,521,656.5,492.0,311,58
pX94RRZKDbCr6kVwUHoWmFrzW7QCTWjY.jpg,379,933,504,584,656.0,544.0,554,80
PxaWSYtlQJ3NIDt2_fITsUGae=3Wqct.jpg,476,748,444,496,612.0,470.0,272,52
pXbsn1cCWCnkh7PFeNPmVICvdJdGfor.jpg,325,690,484,548,507.5,516.0,365,64
PXCmHgRQWflWRMIzHn2Lb9MlBJgBGqr.jpg,428,925,485,560,676.5,522.5,497,75
pxfaclt5S=aRsj1Qb6JGufoqsWPBn4C.jpg,295,909,474,590,602.0,532.0,614,116
PXO2buKbXfPCHpNEKfRedcSHDaehfaLM.jpg,398,808,419,491,603.0,455.0,410,72
PxqhedlhDc2wRRHTZv2PhZ49c3zNctd.jpg,355,963,537,623,659.0,580.0,608,86
pXudpJtVQ3XVhHCIfCZWSrnubgfsm5.jpg,368,656,426,483,512.0,454.5,288,57
PXyGrFhSkaV3c1uj3Lf4MMgpvDTxgezb.jpg,387,833,433,505,610.0,469.0,446,72
py=6rnjPnOEoPwMDeCG98PFC3zqquaX.jpg,314,887,473,555,600.5,514.0,573,82
pYGVf1d4IfMBYD5YfkS_xej1gHdV6z.jpg,321,850,454,534,585.5,494.0,529,80
PyHga=csSVNK=ZfFcYTvdosliWeqlLW.jpg,426,890,430,504,658.0,467.0,464,74
PyKeMLtuabO_eOh31MBLjaCyX6oLB4.jpg,388,956,517,599,672.0,558.0,568,82
pyktgJbwJVsgiEOe1NMoaeVtpI1dN1KJ.jpg,387,840,420,493,613.5,456.5,453,73
pYmMLVIvw4y5RM8QanG8Q_lQnsoty3Hy.jpg,246,1188,598,737,717.0,667.5,942,139
PYPT6B5oQcnxv58rtDtPRK8lHZc3C9D.jpg,356,858,443,519,607.0,481.0,502,76
Pyxf9sHDnV_nztHT4absUBRB6oS_wb6.jpg,300,818,456,533,559.0,494.5,518,77
pz7CJEWO9254ofuLdQVh8s1iWFkCxIL.jpg,387,919,499,580,653.0,539.5,532,81
pZ8TtOmo5oJqaRjQysUFYoLSL9mdQJk.jpg,374,777,446,513,575.5,479.5,403,67
PzCFqqF4XC7Z9xjVgcr=NLgE6dlQhECp.jpg,377,817,428,495,597.0,461.5,440,67
PZemYlK75htqZ8Ylod3gH1wYjzK8afv6.jpg,458,881,418,494,669.5,456.0,423,76
pzwfr1sqICxUU9hj62tI1U3t4juI6QT.jpg,448,719,424,477,583.5,450.5,271,53
pzz3Xa722H4En1f6uKPzzMNmZS7lGLJZ.jpg,239,778,466,546,508.5,506.0,539,80
p_gseWgCVWFMnrILsMsQVROVWq4hTYSh.jpg,334,859,449,544,596.5,496.5,525,95
P_Q4cYPLBlYEhb_KFavo7ULinLcuM8hL.jpg,411,937,487,568,674.0,527.5,526,81
q1cPViCCY5y1SBCEnXepICNfqcS32.jpg,388,835,438,506,611.5,472.0,447,68
q2NbsFBbGGHV1mS4Ue7uh__WcRMKceH.jpg,266,819,499,587,542.5,543.0,553,88
Q36Hyi7lyRS7DUMindqBG2BuNG7_UIhP.jpg,129,831,522,610,480.0,566.0,702,88
q3PHg=GkLxu1HG_MSIT7dg7YwRuxzs.jpg,464,812,487,550,638.0,518.5,348,63
Q3Vln2ciabh_iXbYaG=T3HY8NaNHxf.jpg,365,831,427,495,598.0,461.0,466,68
Q3WXIzOdkHZbIjPgla5xsZrQGKVuWNom.jpg,492,818,450,510,655.0,480.0,326,60
q3XNRNkyL3bZTYxXTNBJZMxs4gOEq5Te.jpg,403,797,484,560,600.0,522.0,394,76
Q47YedI3fqLx4_7fF7Rhnv1tr5iaxFR.jpg,482,756,413,467,619.0,440.0,274,54
Q4EgB5RsodJb4NlaKxLHaOBe=jjK9_.jpg,302,1146,572,703,724.0,637.5,844,131
Q4gbcopx9iEvaFvn2udjqdVq2n6Mhmc.jpg,401,734,450,511,567.5,480.5,333,61
q4NqKa2LsT1xEZLLi4KrptwFcKfyi.jpg,453,795,463,528,624.0,495.5,342,65
Q4sqKkrg3Vr3itwqOBWaFetMasp7ei.jpg,253,686,459,535,469.5,497.0,433,76
Q58QkntdKgFom5rnbKud1ZGkjaWM2zOp.jpg,448,755,443,499,601.5,471.0,307,56
q5g3rdTCq2BvS31km4nFzC6JY8Yxjy3.jpg,406,842,427,495,624.0,461.0,436,68
q5MSw2c3L72Zfvfyvtv_YtHOwwjSRe.jpg,356,840,443,515,598.0,479.0,484,72
Q61yKbxNh5nTJ9psU2Fph3doQga3xHF.jpg,425,780,492,557,602.5,524.5,355,65
Q63qvvydouM4gCCwGb9_2qiGXKuNTcT1.jpg,392,814,418,480,603.0,449.0,422,62
q6735cpENg6KhpolNIPYSd8YlyNzkX.jpg,333,722,487,555,527.5,521.0,389,68
q67gww18yvtcJrG35dMcSelbuk8ZLTYh.jpg,431,787,443,508,609.0,475.5,356,65
Q6MIDPFq9hYjUvqSJLNNwFmIrTx6czIK.jpg,340,788,455,529,564.0,492.0,448,74
Q6N=ywVRufmkuGOimE=tTE7kTtEN9c.jpg,384,847,431,515,615.5,473.0,463,84
q6xQvOHguOr8wHqun4TO9uQ7EMJQiE.jpg,290,760,428,500,525.0,464.0,470,72
q7=1HiokffKQwGzw6smaGWUZweKeE.jpg,502,1016,490,577,759.0,533.5,514,87
q7fY_jENtvstVyLW1XEiqwsn66Zy.jpg,366,856,486,558,611.0,522.0,490,72
Q7jfxD_ffehgRQyzgfwgkaBl4TPiyyu.jpg,451,796,489,552,623.5,520.5,345,63
q7py6P1djtnsXYJl4oFWWZ4cyIsOqXmJ.jpg,379,924,452,530,651.5,491.0,545,78
Q8ijsmmql6GThBy_glfirbP9BKNftb.jpg,364,848,427,503,606.0,465.0,484,76
q8ja9Lq4uyrk335qaCqHdyoKCZhqJ=M=.jpg,381,837,433,503,609.0,468.0,456,70
Q8yRsqR2sQcupdgTtcxohN4Dv1j6jeNv.jpg,404,920,491,566,662.0,528.5,516,75
Q9CM7OyCsknHtiF3r2bn=pi5BxND4Va9.jpg,414,836,421,489,625.0,455.0,422,68
q9I6Cb=vXql4ajqR3SnyBmyzrN_gkNH.jpg,421,724,431,488,572.5,459.5,303,57
Q9liMxVinx=b2y4FDIfjHfjmNQMZv_lI.jpg,372,941,464,561,656.5,512.5,569,97
q=9diwszmQ1dPTMBK2lUQ1VRFn5QdPr3.jpg,416,989,515,599,702.5,557.0,573,84
q=iVipBiFb2wcfLOj6_ibaNjh61WCINg.jpg,366,742,466,537,554.0,501.5,376,71
q=qb25cnS4z6ide4=zcgsq4DinJz2Te.jpg,319,853,462,542,586.0,502.0,534,80
qa6odD7PzfcIrTSBQPISVOSVbaUU6ure.jpg,164,865,517,617,514.5,567.0,701,100
QamwHrH8wn946kZ5=5ITmuGgELHxaR8.jpg,330,879,455,535,604.5,495.0,549,80
QBcwOriEIDpIZsemzetUwnc4Bfvpta.jpg,236,818,483,567,527.0,525.0,582,84
qBPku7NJKqZNvXnsXIcE_TPG3zdEeasa.jpg,330,868,442,521,599.0,481.5,538,79
QBqUgWCwZuYK8lUdpJYFWQa5jRFZKrnQ.jpg,41,1231,759,915,636.0,837.0,1190,156
QbqwYEeKkNbTKy5Fn67wx7kiP3Ktfc.jpg,436,908,440,515,672.0,477.5,472,75
qbY3pUiSoPyff6v_oG219oxiSoSzDq5.jpg,401,942,500,582,671.5,541.0,541,82
QbYo_CHqgcnVgjLXj8GQ6T1y=i1zjZ.jpg,322,760,431,498,541.0,464.5,438,67
qCctPN9aR=4j1EY6DKx6cTs2iR2xXe.jpg,370,934,513,593,652.0,553.0,564,80
qCHpyQCeZfTOslqtKlyScYVxsHQmUR6W.jpg,361,910,454,534,635.5,494.0,549,80
QCpCK1I7HRLOjRG8WWrFlDeORacz_Emp.jpg,420,744,467,529,582.0,498.0,324,62
QcTghZLhveophrjEaYKWrfpEdgJkttmN.jpg,385,838,434,502,611.5,468.0,453,68
qcxyoL5kalk1pp4zeKbBBf9JYXpncB3G.jpg,440,716,422,479,578.0,450.5,276,57
QD8clkJXFGjakYvCngoMKaqGCZptpRJ.jpg,381,852,444,518,616.5,481.0,471,74
QdBWnVW1ZOY4IgLxNBdrhJuPeWtIBBj.jpg,381,737,439,511,559.0,475.0,356,72
QdGEa4YwulykPtbisDxUvWnU7Wi7ztI.jpg,473,777,457,515,625.0,486.0,304,58
qdNQNR6rpsvOP7SRVKB3WWJMf=EjBMf.jpg,472,979,482,559,725.5,520.5,507,77
QdqXU4XYn8Iosrgf88odtCwTpBmkoYR2.jpg,463,890,457,522,676.5,489.5,427,65
qdypbG1ZlKMz9Q77r2RMedzv8V_jniY4.jpg,319,779,459,527,549.0,493.0,460,68
qdzaEU9a=jQGB=e4GbyjIQ1q=dlqT.jpg,481,840,449,516,660.5,482.5,359,67
qE8z77mtkdeKPY4UoOwnUtIVIeek7zvq.jpg,344,771,426,495,557.5,460.5,427,69
Qebcof1aT6RDam5NmUuVjne4tDvjsoJ.jpg,300,1029,508,650,664.5,579.0,729,142
QEFup3PFG1_GWiTIPlXvDFKfurDK6HR.jpg,504,846,473,540,675.0,506.5,342,67
QEh=gIPy_zPoEM_yBQi86i6K2dFWJJB.jpg,412,853,460,527,632.5,493.5,441,67
qeKwtzUSTeOvxOh92lyOwIc5JXyPL.jpg,503,770,418,474,636.5,446.0,267,56
QeycB8xC=bt8UVMhFB82RWbgxaHUSWb.jpg,413,901,441,525,657.0,483.0,488,84
qF4WHMiD9KVehl5BDSedDNmnQR9BLVO.jpg,366,667,426,485,516.5,455.5,301,59
qF5NFO6mKMoNxbXBIUrdCnRrURGE6Jux.jpg,455,869,454,517,662.0,485.5,414,63
qf7QczYhblPG1ybJEwwrROC_f4hyD.jpg,359,791,426,495,575.0,460.5,432,69
qf8kVS8pOLMnePMPGyNYWNJa9x65n.jpg,273,776,448,527,524.5,487.5,503,79
qfJwQIKqEuUavE2wjB=HYhiyQb5slNJq.jpg,440,840,413,478,640.0,445.5,400,65
QFk2Gich1kGgm2JpI_umhaKFiqghTSO7.jpg,466,756,426,482,611.0,454.0,290,56
QFOSxqMxv7wuWRJSwxly2IL=4Da1nU.jpg,434,909,479,551,671.5,515.0,475,72
qfTg3RJyH_dx9dhsFOSr1LzJz7nZRnV.jpg,425,870,463,535,647.5,499.0,445,72
qFveQhmBJyXBk8Fx526oo=KmlnVPG.jpg,435,738,456,512,586.5,484.0,303,56
qG2BduuCaCwaqY=I4MyM3MsVPF1B.jpg,508,802,430,485,655.0,457.5,294,55
QG9L3CgXhXIvxcm=B8v3bcTEfQlw5Zou.jpg,507,876,498,564,691.5,531.0,369,66
QgaNWzRo=WRt=95un2uZfOR5G6UgoIv.jpg,430,882,423,504,656.0,463.5,452,81
QGapLhWEEPPRLWNwwMhb=L8cmsOJynV.jpg,440,856,445,513,648.0,479.0,416,68
qGav56ymJqFhr3Cz6L=hoDoQKi9E4j.jpg,363,947,478,578,655.0,528.0,584,100
QGix14yQjY4yO65OoUQZaT3z4orlLU2c.jpg,392,819,418,481,605.5,449.5,427,63
QgMEqcGq6Pz_fhbaDkChuI_4dUvdlMX.jpg,323,762,426,495,542.5,460.5,439,69
QGStaDJ7KKdi9Qy7XvUtLgchlEvC8WNW.jpg,327,814,438,518,570.5,478.0,487,80
qgtYT4LVzN6biNPG1PHfyUf1tnYWgmv.jpg,346,773,425,504,559.5,464.5,427,79
QgYIG=tHCjssEIqZK7kYFdai_2nmtFvo.jpg,380,911,459,536,645.5,497.5,531,77
qHcXw6cKRW75TiHzhhEYtoI7ghjOTS_.jpg,426,894,434,506,660.0,470.0,468,72
QHfh1VoFJOXhBqYaESoWHoqSTPT3aZZ.jpg,352,934,522,608,643.0,565.0,582,86
QHGxrFzXktgs_WhZwlVNgm5qvQ4F.jpg,436,989,456,544,712.5,500.0,553,88
QHODhz1g2hLlSiqeFudFvucL2iJknfO.jpg,370,882,493,570,626.0,531.5,512,77
QHvnYCVkoqEMcexL5gwitevh=J7v=J2.jpg,379,713,476,539,546.0,507.5,334,63
QIazSSbODjz8Boop3YKmNcYzXYgmaCB.jpg,433,870,424,495,651.5,459.5,437,71
qiFCpW91OukZpWgDzN9GvfInSKHc=Eo7.jpg,346,750,417,480,548.0,448.5,404,63
QifE7XJ8Uw4ohqStNh7g_X1IDE1Z6a.jpg,447,721,421,476,584.0,448.5,274,55
QiGblNMw_JOeiJQBtSYlF_=HSsxnftY_.jpg,414,747,459,520,580.5,489.5,333,61
QiHJIqMI3ch3i=te1CpJfivenCd4ibok.jpg,392,849,424,494,620.5,459.0,457,70
qiJ4vIqKPsBhF7sd=pNG32dt=jYjntbJ.jpg,407,774,497,564,590.5,530.5,367,67
qiJxf1Uh2jebszDxRGYBfqqHwkuhpy.jpg,404,809,420,486,606.5,453.0,405,66
QIM5McSHy6u4zSJwEnSJwuFNDj=QBF8a.jpg,341,871,493,575,606.0,534.0,530,82
QIoD2nPWhnpKeBLnF43vJUDBvlg7SeIV.jpg,353,821,434,525,587.0,479.5,468,91
QivQUTH1kpm8SxfrtmyZcJBlOCv_tWTg.jpg,394,889,467,542,641.5,504.5,495,75
qiZXMs51m5bZlPcUjYs4EaPeqwVyNOB.jpg,367,878,438,516,622.5,477.0,511,78
Qi_DHj1tIoV29v6ugDW5ny5C42oH8H.jpg,298,773,442,513,535.5,477.5,475,71
qJa1J=j2NQjCBno2MK59V=Pz2oli7Yzo.jpg,323,849,456,534,586.0,495.0,526,78
QjDCXiFT1pBhE9dDFSMSd8qpanBPJj.jpg,485,992,482,564,738.5,523.0,507,82
QjH4FicbPtFfZ11oiWdXEa4972SN14.jpg,335,828,478,552,581.5,515.0,493,74
QJMdGW8W_InZ2alLUw4gWcQQ8FUl9Ov.jpg,367,940,467,554,653.5,510.5,573,87
QJzdassJfFazDdynQWywWbykVBlHsit.jpg,472,816,482,546,644.0,514.0,344,64
qk4_1F2ZOpQmSKPvifd62Nb_dr149Mzs.jpg,305,651,452,516,478.0,484.0,346,64
qk8DNs7mBuvbKNY4uCobwTjQ81pItQGo.jpg,237,813,473,555,525.0,514.0,576,82
qK=MXMIKgiGnkzg61nnuLOq3NYrsnmsU.jpg,272,764,532,618,518.0,575.0,492,86
QKBRd7QMO5xXMdxwQ=NPdgaPPeVobCW.jpg,418,965,506,588,691.5,547.0,547,82
qKfhdHSF8gr7niFUzRkC4=v1zkI65N.jpg,359,653,456,515,506.0,485.5,294,59
QkgsuLXaTk9WasrbxEnwTd1RVGERmLeS.jpg,422,845,423,492,633.5,457.5,423,69
QKorzT4xX9_wuGUu25SJ9yddKRyqmSpi.jpg,402,719,468,526,560.5,497.0,317,58
qKpBpnW5VKQ4X5NYRfLlBdVkOtHh=Il.jpg,413,942,504,582,677.5,543.0,529,78
qKTqW4Eda2iz1y7QvK1rKBnrExNvyTtX.jpg,467,721,416,469,594.0,442.5,254,53
QktWlTGmo72DLp_UpQzYJ3cVOc=3R.jpg,285,779,457,528,532.0,492.5,494,71
qKy2Bo4ro2orBsu2GmRLP6jmwcfU.jpg,126,855,517,621,490.5,569.0,729,104
Ql1WXMnfVCKL5Tyh4nc4lB5eUg7GhLt.jpg,336,741,421,487,538.5,454.0,405,66
QLaabTyw9m3NCU5flpybVK2pX7VxF1.jpg,310,755,429,498,532.5,463.5,445,69
QlCjlsZGvcIoNxh8m1=T9V7=ttd=GV.jpg,263,897,447,549,580.0,498.0,634,102
QlEzxM3tPM_TNInp6mPzYMxeQpNRuE.jpg,322,878,479,556,600.0,517.5,556,77
qLHTODOl65zDDc8Zbeuznd5K7Xixtm_.jpg,445,934,486,560,689.5,523.0,489,74
QLhxoG3q4FsxLU9RLZ6eystxFjDHe=.jpg,295,765,473,547,530.0,510.0,470,74
qlIq=xpyGc7TJzikCtNr1dRE2qg1Lli.jpg,392,861,551,635,626.5,593.0,469,84
QluDWh4qCHezQoIc=Su8zdGz8bqcs1K.jpg,379,860,426,502,619.5,464.0,481,76
qLW8XLcFEKovDoXRVvY_hZybFG8b857.jpg,406,909,437,512,657.5,474.5,503,75
qMKg1=QBU77gs8RyazDHz4CtjMrXWQZ.jpg,432,826,410,475,629.0,442.5,394,65
qMsfj6PwOKyI4v9PlSck3Syb3jRpZN4.jpg,398,847,424,492,622.5,458.0,449,68
QMVifuB75NtSwulF8DovmsE2q7N7p3T.jpg,274,776,456,529,525.0,492.5,502,73
Qn7=gI8Y8S4tBhN8F54MoXSNJjeiEdg9.jpg,376,835,429,500,605.5,464.5,459,71
QNF_UfIiGsVsIGrxIijSMhtq4ahahe.jpg,350,656,449,506,503.0,477.5,306,57
qnJR_3vwCwrXFxHYeWQERTF3W_bOROb.jpg,457,870,420,489,663.5,454.5,413,69
qNl7YMLBeltXwvQMxL3=roPfhnj7BJ.jpg,337,751,422,484,544.0,453.0,414,62
QNxGEfh7BlDC1XMh3z4=dEotmCuhBhs.jpg,423,888,463,536,655.5,499.5,465,73
QNXvYL9f=5lQ_RP4Cs2vECVKySueCM.jpg,324,809,455,532,566.5,493.5,485,77
qO4mNS4SZHjqfTlIY4YCTrLrali1I.jpg,515,829,443,503,672.0,473.0,314,60
QOhx1yHS1kStz9Z9e428kt8N9yZqm4DH.jpg,408,810,440,506,609.0,473.0,402,66
qoovnw4=IqGTulGhTjuCchu=iVBSrcgw.jpg,522,788,419,472,655.0,445.5,266,53
QoPbdZSMOs36QyYFUDjVP5zyH3tmLnX.jpg,421,859,418,482,640.0,450.0,438,64
qOrfxNQT3xt9Fo_Eu1o4f_KbzOl=JO.jpg,292,764,431,525,528.0,478.0,472,94
qOTHQQtXpetZj5i38IdpzwLe3CNtltDX.jpg,426,773,443,506,599.5,474.5,347,63
QP5YLx9wx=9Qib8mdFNazRGkc5NhavR.jpg,462,785,466,529,623.5,497.5,323,63
Qp6=MwPTtqDrFNSEDMbsGFsjFpOPRFB.jpg,172,845,509,610,508.5,559.5,673,101
qP9KRILC5HXyJYZZ9jRzChGLsJDq3Xp.jpg,404,918,484,561,661.0,522.5,514,77
QPBndlFxdX_ByYGDNE6q6sXUyh1gH8y.jpg,225,798,477,559,511.5,518.0,573,82
qPdfOQt=F5lGxMNFhzlD4fubh2BIjl.jpg,442,866,411,489,654.0,450.0,424,78
QPhqV6kDrvpFCnF3Ce3lBdmFn5cRW.jpg,199,720,493,569,459.5,531.0,521,76
QpntVUpim78TgSjgaK8DNh9J2vk==l2t.jpg,514,912,468,542,713.0,505.0,398,74
qpZofTMLgYl3qjnm5RV_kVYFm6LdP.jpg,444,792,491,553,618.0,522.0,348,62
qp_B7DNhQkigMqjNd8oPGU8QNqtOOsk.jpg,400,677,426,478,538.5,452.0,277,52
QQ5pBpL95yng1=ITQErZuHpNsmfRYL.jpg,444,954,450,527,699.0,488.5,510,77
qq6KwqX_QE77UfEJlfGeRJxJTIylEX_.jpg,375,959,459,546,667.0,502.5,584,87
qQ7P1cj4=Ez28j7rzzz35VR5SYSJD3.jpg,535,821,419,477,678.0,448.0,286,58
Qq=nNORZoorREDRsOj3xmaBH5uTiMTiR.jpg,426,888,466,539,657.0,502.5,462,73
qqhGpSHTQkZ9EDSi2_5k8cySRZ9k6Ma.jpg,358,819,440,509,588.5,474.5,461,69
qQQo7PrfvfqCLuZKadrigKjd9hi4d.jpg,293,853,451,536,573.0,493.5,560,85
QqVCTllp2ma_u2aXhvQfIpfhykbesYMk.jpg,365,1010,542,635,687.5,588.5,645,93
qQzFFLg3UMl=C8lD1i4hQt11=gI3kn.jpg,400,987,537,633,693.5,585.0,587,96
qR7jkiBaH8XUSyEfqMZPreMDub=d4u.jpg,461,960,490,566,710.5,528.0,499,76
qrhWXnJuyhEWaiD8yo3PR5xnEHRjt2.jpg,383,775,516,585,579.0,550.5,392,69
qRmbgser7mlb=jPCFpoXcpY_7m2kvKkN.jpg,137,844,523,619,490.5,571.0,707,96
QrMp1n2MBIPmiJy=cksbnBONb68mgItB.jpg,393,692,439,495,542.5,467.0,299,56
qroChQstuzpTNeEL=zOa5clO=_kwul.jpg,321,762,432,499,541.5,465.5,441,67
qrQOi1SNa=3b45pJNCfGTl4FKSOqFbtW.jpg,159,908,471,568,533.5,519.5,749,97
QrUYKrmJeU9rWHfpUXK2EHKkoaEbx.jpg,447,722,415,472,584.5,443.5,275,57
QRxpx97t_ZEBfXQ8CWOHKGFm64B1KHw2.jpg,412,775,503,572,593.5,537.5,363,69
Qs=ZNpmnGu25Efco_4a5VZmGti8IE5Q.jpg,410,969,504,587,689.5,545.5,559,83
QsBKxKbhWFI=UNoRcxhjWVP5nOqBi1Mx.jpg,268,831,474,558,549.5,516.0,563,84
Qsh9zwDN1Hi7_IIfgpPgejD3RoGdot.jpg,417,971,469,550,694.0,509.5,554,81
QSHo8XQIIFk1guJ7LZrPdI_IgVQzwq4U.jpg,345,893,505,586,619.0,545.5,548,81
qSlOusXkdGnmUEKiUFB_hc7hea9BJ.jpg,422,936,459,536,679.0,497.5,514,77
qsQ73zfJXLWFzKv1V=Qn1N7JzEzTBiH.jpg,445,915,482,553,680.0,517.5,470,71
QsQFZQdTUbdRdTv4scRaH2FrKaC_baKZ.jpg,368,650,411,467,509.0,439.0,282,56
QSVT8LFhimuLJsnptx8M1k1nGKDj5xa.jpg,359,947,487,571,653.0,529.0,588,84
qSw1fG4KTZ6oflYeD7KPvsQg=YPPCgbu.jpg,436,852,455,517,644.0,486.0,416,62
qsxGgoK2Fqa4jLGw1GjUcZ7nMiiv45Hp.jpg,362,858,449,533,610.0,491.0,496,84
Qt4Mbl7Ej2jTneu6NSzdKlG9o=YLv6ib.jpg,364,781,430,499,572.5,464.5,417,69
QtHlyUVWRxtHac4GuH=XnxJqgp_IxOt.jpg,292,768,445,517,530.0,481.0,476,72
QTKKYRDK6H8EXXiuwGt69_YaHcPZTXEc.jpg,400,797,419,483,598.5,451.0,397,64
QTM7g77ZVXVXZMbL=gbDySNM9mbBGqi.jpg,429,722,426,483,575.5,454.5,293,57
QusKMit9=Uf6HL6gQKm94Rbw76jNM3.jpg,379,892,450,530,635.5,490.0,513,80
qUUd4C1V1E4CHQlKdyWGTCihBQQqFT.jpg,270,927,506,609,598.5,557.5,657,103
QUXFXr8usEfhL2MEvySkbpZdOqK2HHV.jpg,374,840,436,503,607.0,469.5,466,67
qV3DH=aYtRTqGw9IvEQq7kMzT_M1fb44.jpg,446,797,467,531,621.5,499.0,351,64
QvfTqe2GmpVxIZF1EPQP18OCTRGzt.jpg,420,773,453,519,596.5,486.0,353,66
qvIuN5VliWzr_wN5JMmG25Qb_osvW7j.jpg,396,817,413,475,606.5,444.0,421,62
Qvjb9M3z5atFsVsxf6fqoV7v3mRNdK7E.jpg,338,762,426,492,550.0,459.0,424,66
QvqW9wEwJtDYETnCNiYGwzaGILJJjk.jpg,321,957,540,636,639.0,588.0,636,96
qVUse_YMBBBYYWtvbOB4XDTrwac7TZNF.jpg,327,752,432,494,539.5,463.0,425,62
QVyHQcphXTGqnJjaRwLMabxn5=FYlWXW.jpg,414,732,471,530,573.0,500.5,318,59
qVZXnkz6Xlh=1ygpEU2qG6usxZwC7tG.jpg,239,804,481,561,521.5,521.0,565,80
Qw4nZWI3RDl_ToOVhMPMo=Pff5di.jpg,330,766,429,497,548.0,463.0,436,68
Qw6iVi4n3rUsWfT3t6nJ9yBNm8bY1z.jpg,565,797,340,420,681.0,380.0,232,80
Qw6NdKpKgY3FkKbtgRpHlXGyVKYy5p.jpg,385,927,501,587,656.0,544.0,542,86
QWOP8qa38gNjTwDjBciYVblEqCoyvq=.jpg,368,892,460,536,630.0,498.0,524,76
qxcmvIxjFp2T7DzGbp1TOP3TBiuSlaXu.jpg,469,812,482,544,640.5,513.0,343,62
QYD9S53azpZcyLfggGH7E39j9R3Ss7.jpg,403,782,440,501,592.5,470.5,379,61
qyFI5fhoEj3L=l27L_vRpx5l5XdS_YQJ.jpg,490,907,420,489,698.5,454.5,417,69
QYLoT5hvgmb1HEv76_HT29vZ5n_amjbE.jpg,451,723,415,470,587.0,442.5,272,55
QYlUiyZYgKwbIzGRxPuwbP=hwi2Wqg.jpg,268,698,453,520,483.0,486.5,430,67
QyMgS3PLcu9kvT3FdQUOJ6T6IUVOI.jpg,289,834,463,539,561.5,501.0,545,76
QyQQildSpeJOCkhms=mWPb9CEjF3jw=t.jpg,338,807,445,517,572.5,481.0,469,72
Qy_fDmRtcdCnSdRC55Gc_IsT8P23fV.jpg,337,840,439,513,588.5,476.0,503,74
qZ8eUYExjsDWdBlNliveO=pW7JFFH.jpg,444,888,425,496,666.0,460.5,444,71
QzDlYyH79GHjtk3a=xfyB4tDqgW47l5d.jpg,507,845,453,522,676.0,487.5,338,69
qZleTgRZxn2EjZ=fwnSJFlq5z=GQ2Lhg.jpg,382,752,469,538,567.0,503.5,370,69
qZNodJ8wrZCPc4e8r5Yh6MtstixZ.jpg,378,683,438,499,530.5,468.5,305,61
qzNpRcuGqmsBhmapfPrHmV4ElQxMIjK.jpg,185,919,506,598,552.0,552.0,734,92
qZUB6rQM1Ttaoy3au2tNknXktFD5_i.jpg,371,925,452,541,648.0,496.5,554,89
QZyUkuLX=TfIUT7ReT31sSScWGFNLKc.jpg,341,844,452,528,592.5,490.0,503,76
Q_4CrMUxCe7UGb=3vvTZENWoVOEdHl=.jpg,499,846,482,544,672.5,513.0,347,62
q_=ZS7ldeHwqwYmIqrndB_lopF2N9PY.jpg,441,732,455,511,586.5,483.0,291,56
Q_bQ74yMPLlueuOOBusGr2qr_BjymGN.jpg,446,893,463,533,669.5,498.0,447,70
r1=ksUlIFibdBaU56MDThx5k9Tmx7K.jpg,219,1031,538,652,625.0,595.0,812,114
r1DrEYgZhzmgMKFhIv6UvppnVer.jpg,442,894,420,489,668.0,454.5,452,69
r1ZDg_OWOse=LCIhpIZ=Crvb6QPYbypX.jpg,459,812,491,555,635.5,523.0,353,64
r2hklbFIz2c_nmsqKv3_bnGlT9NBXiw.jpg,416,984,475,560,700.0,517.5,568,85
r2nusm9PnppfPwh7ovgGKQV1MnOQ7opr.jpg,318,776,458,533,547.0,495.5,458,75
R3oOpe5cOFrPzRP=suv_Wi86viwhJ=wK.jpg,384,767,452,520,575.5,486.0,383,68
r3zDvI4yylW5fMIE=axki_6CzwDsIRn.jpg,274,917,487,586,595.5,536.5,643,99
R4BRt51SMqZUVyBJXW2OSoRw2_u_NPW1.jpg,175,814,485,577,494.5,531.0,639,92
R4hd6kyUGH=6C3zWUMJlYP2=CG8E2_N.jpg,409,917,490,569,663.0,529.5,508,79
R4onUMXkh8YCU4w3r5gzt=YLoKBZ5YqH.jpg,375,719,490,554,547.0,522.0,344,64
r57ek5DVmGMYUXfJOFlvOdKN=6UMgP1.jpg,471,917,429,504,694.0,466.5,446,75
R588LmC2cpuHpO=zrYkT4O1Oa7Yqbh.jpg,371,840,438,512,605.5,475.0,469,74
r5edU=oeU3DSPIga47=dpQHLjMipg6.jpg,420,883,425,509,651.5,467.0,463,84
R5hfiqvO2QMjlSKd6RkyphDmd_MqnJm.jpg,422,758,462,521,590.0,491.5,336,59
r5OcHo2DVWPidg8IueKk_BDdKUTbCRt.jpg,373,698,456,516,535.5,486.0,325,60
R5RWmk9DzelytQwRtQw9XwRTOvLqFw.jpg,369,870,563,654,619.5,608.5,501,91
r6qGYp6cyoJXqu6aucYZSYHWb8rJhu.jpg,448,881,467,533,664.5,500.0,433,66
R71KDzxfWBOSj8gMNykpBQLprdvcecv.jpg,427,738,443,501,582.5,472.0,311,58
r71uBSQY51k_esUYCfjs=E5Y1hQj54.jpg,268,801,454,533,534.5,493.5,533,79
r89ruGfVcupL2pcqEcHSwJMNjtGSpnz.jpg,76,907,546,654,491.5,600.0,831,108
r8F1uQ1dMwUaELJcYPBeJlr8116O_Br6.jpg,322,835,494,571,578.5,532.5,513,77
R8GE9Izogj9_VlLSyEvWz7qTd_3alaCj.jpg,367,779,419,482,573.0,450.5,412,63
r8zYhYx9FeWO=PfYdPo8gQs=uv4aNn2.jpg,389,853,420,515,621.0,467.5,464,95
R9KtuDPb7gEtRKu_68Fp1fvtCNxKGZ=.jpg,315,691,474,538,503.0,506.0,376,64
R9MFZwkV9Xqab2htu=S2RsiYOwe2fG.jpg,390,891,581,676,640.5,628.5,501,95
r9wIWLwS7hGCbJlKdtrITOJUVPp89n.jpg,357,832,426,497,594.5,461.5,475,71
r=bSMyQ7UOT8MyIohITK9oxRZqp_g8.jpg,385,752,445,517,568.5,481.0,367,72
r=EhjdNXPdHTnrWGTQZmnlFG3ySI7CUT.jpg,437,792,495,560,614.5,527.5,355,65
R=H_if8zJPny4p3EVIfKYIFxfSh6ZgD.jpg,455,742,448,507,598.5,477.5,287,59
R=wBos9dI7Xxb49bOb85VYPySazfsok.jpg,463,928,440,516,695.5,478.0,465,76
rag=YNgJYpPkYTCIvVINRSFFVpM5.jpg,289,757,436,513,523.0,474.5,468,77
rb2F5nXcUQDLbqnEQdBz9jZYzZVgV2Jl.jpg,345,763,422,488,554.0,455.0,418,66
rbpb46_uxcbbpkWIaz1NBj6EoYgDwG.jpg,398,904,486,559,651.0,522.5,506,73
RbrPiUhQPBDYwwa2p93VnPjrloCXpunl.jpg,375,704,446,505,539.5,475.5,329,59
RBUKcSIoZ9bxEOncnDuBLzxhcEgL5qSr.jpg,326,764,449,515,545.0,482.0,438,66
rBXDkaEdsO1CZ4DXP=SfTm23eRpGsKsz.jpg,376,833,430,505,604.5,467.5,457,75
rByhc9aW258f2VwKJ6Y_t1uw=kITind.jpg,389,783,464,533,586.0,498.5,394,69
RbyRcErol=aqYBdMdOokRI6o8Y8BRQWg.jpg,354,789,423,493,571.5,458.0,435,70
rC4fpOwOKgHPgZigZaihmONeltkV9pQ.jpg,387,904,453,531,645.5,492.0,517,78
RCEeh2SRLnUUUds1bsPIKHGmxI__7d.jpg,366,848,457,529,607.0,493.0,482,72
RcMJzp=Jr9MaBR3VHCoIR46SFlTN2K.jpg,427,791,463,532,609.0,497.5,364,69
rCn5PPc1ZKep2tapjk8CINWDHYeTV.jpg,413,715,456,516,564.0,486.0,302,60
RCsTzUwfs=lP=GgrrpgpH5mGCj6c2c.jpg,355,905,507,586,630.0,546.5,550,79
RcUGeRYZEMun_RnUDiiERdDKLsmaHOmC.jpg,424,726,463,520,575.0,491.5,302,57
Rcvrc3CwqHkH3V5Ph5oJK5Ww2z_e5v2p.jpg,193,822,450,559,507.5,504.5,629,109
rd7fOl3rNKhiH1ZjrJZleoshD8Bn7Vk.jpg,410,806,418,481,608.0,449.5,396,63
rDaulzvyUcb8TVEBv=ttKS_H_SoLYUCP.jpg,108,658,480,569,383.0,524.5,550,89
rdB9Xo5XCgcOW5KVJEHm5CN2PQaFRp7j.jpg,357,839,441,514,598.0,477.5,482,73
rDBBI59XTY_bHLMEDKsuJf7SLvH12oMK.jpg,364,829,426,497,596.5,461.5,465,71
rdE9qVVGHO3h6vxDxgKcO2mXq6napFd.jpg,408,952,497,583,680.0,540.0,544,86
rdi8KfsExWekhjzWsl_j=NEeUx5gZg7N.jpg,346,699,468,530,522.5,499.0,353,62
RdOzE_xMGSqhFhL_33Onp11a9Y6JYzF.jpg,374,1055,508,611,714.5,559.5,681,103
RDs2pd5RsTBPOGjoZ_gCc4v1CQ8SFYa.jpg,483,891,415,481,687.0,448.0,408,66
RdTj4O1y6IV9iFtUbX2y4onNhBZrhRD.jpg,377,666,446,503,521.5,474.5,289,57
RdVNlhRlqE311SvXPy1tEUZ5gdLf1auF.jpg,327,851,453,530,589.0,491.5,524,77
rDzLDXPBesQdgf3ulUDQb4BgFgpOtBJq.jpg,438,890,425,499,664.0,462.0,452,74
rEaSpoFU8STEZ3rxhJ9=IOw95FcNuoE2.jpg,271,722,459,523,496.5,491.0,451,64
reCkyMI5GYui9B5BqghJWhsYuykIK7m.jpg,407,1028,538,633,717.5,585.5,621,95
rEJn5VR4N5VrUnuZPqK5p2PqCUxDLMeG.jpg,474,826,456,522,650.0,489.0,352,66
REt_81QmCgmBNBlLME5ndpVQHROgDKPm.jpg,454,886,411,475,670.0,443.0,432,64
rf1H89LUkalq4NuwtfgWcbTPDQcWwM5.jpg,302,1096,634,758,699.0,696.0,794,124
rFGoxE8UtaSma3Sj3vRJE7wEPITNhz.jpg,254,796,472,548,525.0,510.0,542,76
RFk_IcXjJmpdOBDIud3cF2WrNkzXJB_S.jpg,367,750,503,572,558.5,537.5,383,69
RFmeHNv9L9UQ9lY35X7KK1P4JI=xtn3.jpg,331,819,440,516,575.0,478.0,488,76
rfmLfKhSiOqBVIeyhOF6KW=bLRoPhqLr.jpg,415,703,448,506,559.0,477.0,288,58
RFQi1PTFMu49Ek95yq17l6ZyjT1QMPlb.jpg,348,1170,597,726,759.0,661.5,822,129
rfSnet424MmOEiOdm4lPm_OrjagFh.jpg,409,1028,488,576,718.5,532.0,619,88
Rfvs9ebTGnnh2L2qBC2YaC2mFdXBo.jpg,384,883,431,510,633.5,470.5,499,79
rfYStemwYVCy9yMqQyxB7pU8JcoymUw.jpg,427,897,438,511,662.0,474.5,470,73
RFZksfoRVVze8VsEeLEaL7_CHhCkPhf.jpg,358,869,491,568,613.5,529.5,511,77
RGa3nljCw3zi_8k57yE4xc4xcC65h6.jpg,432,891,444,512,661.5,478.0,459,68
rGFgPglv6jJ2dXv678w5ZCZvPIGvFlV.jpg,336,852,450,538,594.0,494.0,516,88
rgml=tZblZl4FF3TNR_Gx9nt7lU8th.jpg,391,743,470,531,567.0,500.5,352,61
rGtVrngT9EKmBCBB8f7J7qEFq9KDIZng.jpg,413,862,417,481,637.5,449.0,449,64
RGuFCeDJFu79Kg3aqHGvrX_Ht=1uKeo.jpg,452,889,467,532,670.5,499.5,437,65
rGvVglFm6GJdk=RTqg5JpUgYFZixXO.jpg,381,852,475,547,616.5,511.0,471,72
RgWHahoUtNSFpkCR4viJjuOTdpI_7GGZ.jpg,324,806,447,518,565.0,482.5,482,71
rGXxoI6ENZolngPwEhZSgW1fkmWe4GRF.jpg,414,847,428,496,630.5,462.0,433,68
rH8NWW5UaJEwY4WD_8UYWoetNfuxxl.jpg,389,801,421,489,595.0,455.0,412,68
RhhRI7J8yYEHZb_4OpWqLJC9hT84RrX.jpg,423,755,478,540,589.0,509.0,332,62
RhP=fTBSQ6mjSOotS6v388nyDx4OU9b.jpg,431,752,472,531,591.5,501.5,321,59
rI7ge=WVjXZDNrZ9PYMvu6dbUyD3t.jpg,400,678,429,482,539.0,455.5,278,53
ri7Ym3M1Kys5SDByWkbUYW2sXWYKco9.jpg,360,867,495,570,613.5,532.5,507,75
rife36z714tKgEZYDmnYuaxDlBrjycp.jpg,432,871,459,531,651.5,495.0,439,72
RIMf9ioh_wmK_ZKPxixDd4mPPr9ax2.jpg,396,836,432,500,616.0,466.0,440,68
riNcSyIg9KJj38PqUSO=XzENbZN6QBH.jpg,357,661,426,485,509.0,455.5,304,59
riOHumXHuzxSOmRHCqnOto2TSmpD79x.jpg,363,793,429,495,578.0,462.0,430,66
RiOI=nQlFCn5BTZ=y3OWH_3bNL99wyM.jpg,408,744,482,544,576.0,513.0,336,62
rI_=Tp4DmcpNPrfTmweBhIpt8u7g167.jpg,384,862,434,520,623.0,477.0,478,86
rj89iB4VsBhweCgHrm_xm8RCiOirOadT.jpg,396,808,417,500,602.0,458.5,412,83
rJ8xm9ez6Nmu2G=UcSCHuSBxDWzQa2K.jpg,405,928,495,572,666.5,533.5,523,77
RjJ5=a8ZfFVfGxztqEVk8OCVf1eZF7No.jpg,433,896,463,536,664.5,499.5,463,73
rjkbPyeVacgCew=YyMbGNNQfEou2v.jpg,326,794,436,521,560.0,478.5,468,85
RJQrLuBOuvMtueyyXTxbvafSD3nGPk5F.jpg,392,862,435,508,627.0,471.5,470,73
RJtHUfPzHlrvEvyPiTUP6RTUr9xVxK.jpg,416,857,431,499,636.5,465.0,441,68
rju4hiUM1p=D_YlEqcflQgLccddyXI3C.jpg,432,726,458,512,579.0,485.0,294,54
RJV9UbvhL6jUEXZKBRvEwKVCLbIhFmRP.jpg,406,832,420,501,619.0,460.5,426,81
RJyKvVxIGw4dEHd9Z6J1fbWswd7_u_.jpg,358,867,419,499,612.5,459.0,509,80
RK1bD7xY1TWrLaOcZ6mVGeH88JBepIz.jpg,446,1009,467,553,727.5,510.0,563,86
Rk8e1D1vP2eDdUCOYXsGbEJSlTx64MTV.jpg,426,821,415,486,623.5,450.5,395,71
RKbh4blY6lqyulq_ePvIyvzjt1=qcbTG.jpg,422,1225,578,702,823.5,640.0,803,124
rkheVHyQk_WmdtBcFhqsY318gQCsHlt.jpg,314,767,430,502,540.5,466.0,453,72
rKQLcjkk45CwKswY=b43YbNi8S5nJJhS.jpg,396,999,517,605,697.5,561.0,603,88
RkRYNFjoDgS7y8FhtO19rL=MYT8B1Gnt.jpg,333,858,454,532,595.5,493.0,525,78
RkUUqSs8b5jxIiUY8jzkGs5GRvks7bWV.jpg,452,777,458,519,614.5,488.5,325,61
RkVeyhSqTGMiUiI1ou7vK439MH3N8q.jpg,385,872,482,554,628.5,518.0,487,72
RKvjy1pfhaURTj1zzIxbDU4O73ltmYM.jpg,469,905,449,521,687.0,485.0,436,72
rLdlu6V195CTdD3arqfGtQ1xHX8ZPcL.jpg,485,914,419,490,699.5,454.5,429,71
RLG4LrRgjQxay5GZZvpLRuQ8OTsaS8d.jpg,376,863,437,516,619.5,476.5,487,79
rLJep34g=sJcLbxt3VWuMUbqZFaYBW7.jpg,416,693,432,483,554.5,457.5,277,51
RlJIwqaWHpbDrCIo=F5mVNVMSBcouw.jpg,336,885,473,549,610.5,511.0,549,76
rll_mZHirXyXQIFgFMcWKdbu1tEKTXm1.jpg,303,678,492,558,490.5,525.0,375,66
RLnuNyYTufyMf8h86qTJaJqmzYoJomz.jpg,444,898,425,514,671.0,469.5,454,89
RLOuMVpon=hvw4ScGWRTYHNy=zUs=EqG.jpg,436,856,415,479,646.0,447.0,420,64
RlqP5tI6Ef4yJmwwnPdTGSaDqFjO1RQh.jpg,372,827,438,508,599.5,473.0,455,70
rlT=YPCtE2pmD=b6ChpUFgDv9pfVgmF.jpg,382,734,436,501,558.0,468.5,352,65
rLuNEbGfsZ3BbVGTBndFrmfkoFYOuaD.jpg,420,940,490,569,680.0,529.5,520,79
RlwO1PbW1ko1tVlJJFuLBs8HTOLKtopK.jpg,294,764,427,499,529.0,463.0,470,72
rl_sbeopuqi8bi8G6sHvwylPnnv2DSr.jpg,396,819,538,620,607.5,579.0,423,82
Rm2kmp25ngRjkVHi2RsoHuMSHiRwKQTm.jpg,206,896,515,619,551.0,567.0,690,104
rm4T8xXmmBdWb76GFmjfNSXTZiXLMVh.jpg,416,934,490,565,675.0,527.5,518,75
rM=aR5e1rkLKoLhj891o=kiIDgsw8F.jpg,293,763,427,500,528.0,463.5,470,73
RmexNScjuYx_i2gH5HI=ulLUZpYEGkd.jpg,398,852,428,498,625.0,463.0,454,70
rMFxy4wgD_c85CkSFXHyEkSsKB9_MM.jpg,358,666,446,503,512.0,474.5,308,57
RmNPgXkcs4kGYEcqdIcYXcQXj96jvFXt.jpg,329,723,518,593,526.0,555.5,394,75
RmY58zuOGM74lrKOEHHpu1HmxJC2N_LK.jpg,359,1156,596,721,757.5,658.5,797,125
RNbGij1y4FNHbGdIVZu6WtpTdVx6dgFQ.jpg,408,855,428,498,631.5,463.0,447,70
rnbGIXNjsCyKoB8fFvsOgDYyQ422EUi.jpg,512,1061,467,553,786.5,510.0,549,86
rNNQOGeG6pNc5rh3hE9Em9QcM3yvPJ7.jpg,389,902,468,556,645.5,512.0,513,88
rnrQxozmQm2enB16dhtffSxyxGiKc8.jpg,138,816,510,605,477.0,557.5,678,95
rnswR6=zO6m7XwpKrjlN7WgMdkSRr.jpg,340,860,441,517,600.0,479.0,520,76
RnUmEno_L7kNoyBqJ7FxC2GGiXas9HYl.jpg,449,866,419,488,657.5,453.5,417,69
RnVgJRrhzqwt1_Yu9O5s61q996LYPSEC.jpg,432,1231,585,709,831.5,647.0,799,124
rNWx_Mep2td9GLDiCw8=QsnLvUq=kLn.jpg,247,815,473,557,531.0,515.0,568,84
rNwyuKOToEGoGBLb2IVrqMBdcvPXUGr.jpg,473,958,433,527,715.5,480.0,485,94
rNyrQUk3pVFq2RJV_hGpWixO6bKFdO6.jpg,232,817,472,558,524.5,515.0,585,86
RnZiHnV4xuwzWTh_Bzh4csnHyXvCE.jpg,478,797,467,527,637.5,497.0,319,60
ro5MU7YiI7ynou5hu5HgTtCP3PwCc.jpg,447,935,474,551,691.0,512.5,488,77
rOBsy4thGH_pVZ3dLbfaOxFQzyb3.jpg,267,701,459,527,484.0,493.0,434,68
rObvGtbM=ODnWbyI4iQQq6FL8cDT.jpg,392,931,448,530,661.5,489.0,539,82
rocK4kWLtB4htTGl9rF4zVOC29xWTEk.jpg,311,870,464,547,590.5,505.5,559,83
rOkeeE2ChE4dPSRMjgllXh5QbkM6Jinh.jpg,394,993,463,551,693.5,507.0,599,88
rOtpehFEK66IqDRGbEeaK5dD54Oszg4W.jpg,345,766,423,489,555.5,456.0,421,66
rP3t_rUrp_t5GTx7P_7eeHMrU9Rp9LL.jpg,465,804,488,551,634.5,519.5,339,63
RpaUXhTrYMsa4knZd3Y4WWdC5Vbdfs6.jpg,344,756,424,486,550.0,455.0,412,62
rpjGbXrsH5Q_h6Gaapt7poHotBLB9Z8.jpg,381,660,425,478,520.5,451.5,279,53
rplPtU_F3tkDdI9_D4vbYCin1s=F4aID.jpg,440,960,482,567,700.0,524.5,520,85
rpTYUkBfSfG3I_RVQMa=UbB4MrqFIfO_.jpg,298,817,454,533,557.5,493.5,519,79
Rq44eP3I95aKkZIK3WhzRTysMe4kMgP.jpg,421,869,459,529,645.0,494.0,448,70
rq5kBdP6=6glNa5St4oy_Jl9QU8jXWM1.jpg,274,782,446,521,528.0,483.5,508,75
Rq8QiZWJkHW5jm3ez_4mT_lMUv8dIKgn.jpg,316,760,422,488,538.0,455.0,444,66
Rq9EYIcv7fW2m6ER4BBSaIpmMGXyf8.jpg,383,688,461,518,535.5,489.5,305,57
RQ==_C5aNb6wZioizoRCyudC7xzcBt.jpg,536,899,491,557,717.5,524.0,363,66
RQjeUptaHdRq9mLChK1YYiMUG=2c3VF.jpg,491,901,444,511,696.0,477.5,410,67
rQMO4QXyLf4Ua2n96iR1DK8V4sEc7u.jpg,278,756,446,518,517.0,482.0,478,72
RqmZTDPcw4f1lyNJGkwCl_T2rEiXabL.jpg,413,727,467,528,570.0,497.5,314,61
RqpySce=U_lasEv2BCK=nJoQmW8OQfDZ.jpg,276,786,459,532,531.0,495.5,510,73
rqQtjjrTduo8L1bhyFEnmubaYDTkN6_.jpg,449,1018,515,604,733.5,559.5,569,89
rrlYJJYmk=t3OjPzvvGrgu6eWwqSuVm.jpg,374,845,471,538,609.5,504.5,471,67
RRVr4hfNP8EwK33E2CuhST1OHbDYmyX.jpg,295,860,473,556,577.5,514.5,565,83
rsiHkyMwIm_guk7CIpiB7mMs4rNoU2iX.jpg,420,845,422,490,632.5,456.0,425,68
RsM35o6hnKrKPh3Ty774xqwEkMP8q.jpg,311,913,529,613,612.0,571.0,602,84
RSNVgwein3uHiVMI5qG2QX65VGtjh6.jpg,437,990,513,599,713.5,556.0,553,86
rSWfOxjL1R1FGNCq=af1vn5kHJlbXNr8.jpg,339,670,473,535,504.5,504.0,331,62
rsyJsFljXt5SGnYRtIQOlrcPCzr=PWu7.jpg,497,777,424,478,637.0,451.0,280,54
rt8QLVNaI7toI14ySUqaE3ymsZ=omqfU.jpg,328,672,436,506,500.0,471.0,344,70
rtf3PVsc7sHO5Iy4Ei7mk8QctQ8apkmk.jpg,330,780,435,503,555.0,469.0,450,68
rtrwlaKKcm5nMRtlQoZ_d5LaZoqa1np.jpg,408,897,454,525,652.5,489.5,489,71
rtrzwnt5wM3oVRoi5VR7iukKXlvO7Fw.jpg,238,930,519,618,584.0,568.5,692,99
rtt7rOJlZeemeoQ1bxU3rCrLoKTky4.jpg,385,773,514,583,579.0,548.5,388,69
RU2WWIdnoq5s7fzvYpa=WgR3rV2Cc8V.jpg,344,848,457,530,596.0,493.5,504,73
rudNlqirIvZ9mgEnGB8OYlMGqrvbHkd.jpg,360,656,441,496,508.0,468.5,296,55
rUNxYhmMaRTmsYZcU1ZBDboqI4CTxks.jpg,266,1141,580,723,703.5,651.5,875,143
RUTKiVDyEYka9ZZiNFcD6pxFxpJuTBJd.jpg,505,794,450,508,649.5,479.0,289,58
rUtyf4iEtGXhR2=acSG_okjCmyv6kQ=.jpg,295,906,489,583,600.5,536.0,611,94
RUUsER1r8vUj5r1XkXVQX=V6BLn2_dP.jpg,469,827,496,563,648.0,529.5,358,67
rV=JiSwfa7M_Tev_HSMEY26PQwMC5FE.jpg,317,1205,598,734,761.0,666.0,888,136
RVlOU24bmO_h8kQ6vvfhteGVq9r8FRoy.jpg,39,1231,739,908,635.0,823.5,1192,169
RVUQ49CUBualyJUHs4vbp5dibf_YErW.jpg,462,861,417,480,661.5,448.5,399,63
RVUSgIX2Rdlqcj5kHBxxJfcx7IzH2=t.jpg,314,789,444,515,551.5,479.5,475,71
Rw44S7vQNWViPvdrwWWEnDTxxiwYza.jpg,306,924,498,589,615.0,543.5,618,91
Rw7nfVqMO_meItxNdOCiryCqiRxmb3R.jpg,374,711,433,498,542.5,465.5,337,65
RWeVbTdwzRV6_OKwtZyvoIykeJu7ke.jpg,414,945,497,577,679.5,537.0,531,80
rwFFzcOUZGzOB2_Lqkm14qwFueYKlMc.jpg,424,710,430,485,567.0,457.5,286,55
rwFh23dcWm==nmi25dg_SNC25NtZ8F.jpg,427,952,491,573,689.5,532.0,525,82
rwgpKlg2zMVyZgsvqMdDsvqB5SYBoqTR.jpg,382,916,502,584,649.0,543.0,534,82
Rwmc3ZzKEql224FxwyhrvMnqKo95vSD.jpg,348,747,419,480,547.5,449.5,399,61
rWnRyH5EpxaVlNkud1URt7UH5ZCtPyM.jpg,402,702,429,488,552.0,458.5,300,59
RWSnaiz8gEaVVKDhi3WQpYcelK2t6_c5.jpg,433,769,455,519,601.0,487.0,336,64
RxKCsphicdNuQJYeMtDSj6kxgHPwnyJ.jpg,378,835,439,511,606.5,475.0,457,72
rxoebHnscnmpwyXn_6unpObOUGjo56H8.jpg,609,977,451,520,793.0,485.5,368,69
rXOosH6JGSiPsGYJUFJQEw4tDsqlI5.jpg,433,870,424,492,651.5,458.0,437,68
rxrQ21J1uEv7LZauJvIusXM9R5cwSh.jpg,475,723,420,471,599.0,445.5,248,51
rXsYlHbi88JjHorwX5P65Bze9ck=Hgyf.jpg,366,822,436,507,594.0,471.5,456,71
rYH73WVshMWq_5iYYwvntNkUNoN3bP.jpg,400,793,486,557,596.5,521.5,393,71
ryKp5F9rT9jFopifhrNabhwwfStWET.jpg,192,1014,564,682,603.0,623.0,822,118
rynuIdQtrv=rmVLrDeBICgqHM56dnouw.jpg,289,801,447,520,545.0,483.5,512,73
RYpBasP5_s3npdSZVkH2uT9723PWMut6.jpg,423,775,469,531,599.0,500.0,352,62
ryr8f9xK7ivvP1FvsljHfnihuryae_9.jpg,429,857,429,494,643.0,461.5,428,65
rYRHrg5MFoTslqdTx648FtyyceedzGk.jpg,314,758,435,502,536.0,468.5,444,67
RYSqJabIlIzkWJtUwzW5Ro9tGYOg9U.jpg,354,931,486,571,642.5,528.5,577,85
rYt_zgRvDBB3aH1qSd38IOvdXeuczn.jpg,115,850,521,622,482.5,571.5,735,101
Rz7sFY2XF1jc6UG9aLGw2zzcoV64pOb.jpg,437,972,462,545,704.5,503.5,535,83
rZFzH_aMRIQJJe7o2_Z_3G82KcDX6ZD.jpg,376,665,431,486,520.5,458.5,289,55
rzGX=5nd7zWVaMpBw2WLSs_hgWgovIE.jpg,359,754,425,489,556.5,457.0,395,64
rZptaN2fvywDZXd6kWjqKdkB4TjyYkvl.jpg,395,672,438,491,533.5,464.5,277,53
rzqwm6JX_z9T9q4peCjrQ_GStquIo.jpg,385,683,441,498,534.0,469.5,298,57
r_=pG76fy8GklbIh=6DTJ8qIjwU8Jvg.jpg,370,810,420,487,590.0,453.5,440,67
R_KHRTBioEeSEOp_n=GEsb5v8BOaj5P.jpg,456,850,419,481,653.0,450.0,394,62
R_qZqFE47nvDrKoCF3W1QE_n85GhnS.jpg,353,719,505,569,536.0,537.0,366,64
r_SrUGTnRmSTpjnvk9kGPP4Cb7YKP7u.jpg,395,883,468,547,639.0,507.5,488,79
R_ylMck=4uOit3qTbXm1O59adhJYUUZ.jpg,320,861,503,579,590.5,541.0,541,76
s1e1Z=IopJoNkhGOos_l7ksDsDhYGZ.jpg,440,919,449,522,679.5,485.5,479,73
S1kmsNeeU8IIyBIpQF4f2hnbxPXunE1_.jpg,450,793,449,517,621.5,483.0,343,68
s1NOroYuKHCfbbl1PnaQGllfoGUgZEwF.jpg,353,760,452,516,556.5,484.0,407,64
S1OJvFbO1kuM6Hzta7ezyp1oGj3TlzB.jpg,467,801,479,542,634.0,510.5,334,63
S1rmCfpoL3aMF9XxJqeDVU3pTXQ56bN5.jpg,437,901,473,543,669.0,508.0,464,70
S1WaXZbxSOqtDbc9ehlidccLm8VDt=Fl.jpg,355,757,419,480,556.0,449.5,402,61
s1Y3Cad5eUBOxiypkYqt42kcW6QRX57.jpg,334,651,444,504,492.5,474.0,317,60
S26X4TWh78pJy4=VTt8=9JcUe81XmucQ.jpg,388,951,474,557,669.5,515.5,563,83
s2EIK=8qhq4R9UtNZqnl8up3SxjwgD81.jpg,412,751,448,510,581.5,479.0,339,62
S2hNqBDdh88mH1RNNCwRvKLJSMOtS4o.jpg,252,816,473,554,534.0,513.5,564,81
S2Nc5Gho9pPm8wM5NSKw6jmQl6fdrLcW.jpg,385,941,510,594,663.0,552.0,556,84
s2QSwOpIhhzva2Llowe1PkB5dGWimqVN.jpg,449,786,478,539,617.5,508.5,337,61
s36LCuaKlKLSlHf=sZQa1QjEerDVrXHj.jpg,409,852,465,532,630.5,498.5,443,67
s3jthPBFSxLYnKBh2dL_OEl=Y9ezebRp.jpg,274,785,452,528,529.5,490.0,511,76
s4hYkvCbtvoeMWTekzl6PJcmV=7_c.jpg,414,945,497,579,679.5,538.0,531,82
s4K7GKqj5jjLRFdWYVTRIrMT1t4zqLU7.jpg,347,752,422,484,549.5,453.0,405,62
s4UGL9=Ey7FIbSYNaf5aKHZHrZHF3B.jpg,424,899,443,515,661.5,479.0,475,72
S4vDaObXwRwflxfRRrZHVVY8O8XIFEoB.jpg,276,768,447,525,522.0,486.0,492,78
s4VGO2nYYNB1oSMYF7dR6mwR7RLhZUHa.jpg,455,897,432,500,676.0,466.0,442,68
s5nB6i7YPW_ZuFzc8HQamHvCkaiQGk.jpg,340,895,501,584,617.5,542.5,555,83
s5slIZ1CPCSTJ4Mgq4mGBOU8yRB9j6.jpg,465,797,457,517,631.0,487.0,332,60
S5uK4fqt19GtRTg2ZiKj4pWk=I8uoLCa.jpg,438,839,411,485,638.5,448.0,401,74
s69nRnmSTP8Wuzy95bJJvihEtru5IPe.jpg,288,716,451,519,502.0,485.0,428,68
s6BCxFSwDxrM__dpdhsGPRCuSu2JkOuT.jpg,449,932,435,511,690.5,473.0,483,76
S6fG2=kXcXK3XhVEQEBOx29t5h1TU.jpg,454,929,468,545,691.5,506.5,475,77
S6M=9JD7CY69BImqhdaUYt3mE3Xv6.jpg,372,648,415,470,510.0,442.5,276,55
S6vYOcVP78pt7B5iNtFKhh5YXviigtT.jpg,433,932,483,559,682.5,521.0,499,76
s6VYtKoFoTygwrxk4eUvOG2an.jpg,291,701,452,516,496.0,484.0,410,64
s78w79Ekc1KalvwdwNBq3BZSCTaarlw.jpg,347,883,457,537,615.0,497.0,536,80
S7iOokhHO_P2Wt5dYUFqxwb9rRYD8.jpg,333,862,460,537,597.5,498.5,529,77
s7LYC1GSfW8l2YmK94qKkiEzhqgQyrdd.jpg,382,813,428,496,597.5,462.0,431,68
S7m1P2mre2UYbl8cXTMgq=pX63r9Ypx.jpg,344,814,471,545,579.0,508.0,470,74
S7qXB2N7xerySOwTB45pQwqNE6zmKK9.jpg,260,1009,537,646,634.5,591.5,749,109
s99TSeYp8r_Xi6CxPJo2bXzHpgOwNH.jpg,245,794,458,543,519.5,500.5,549,85
S9DV9K_=l8nvYua5Gpf3t3eFruz8rwMv.jpg,217,976,538,645,596.5,591.5,759,107
s9gHJ=dal4RK3iq6R3_judQTIauhnjl7.jpg,456,748,426,482,602.0,454.0,292,56
S9wd=Zp9iYLJmtRmtpNR8eZz_SYT9y.jpg,454,754,426,485,604.0,455.5,300,59
S9_SSRgdq2I_m2_yCxy3ECbOYr=xGtm.jpg,320,668,466,532,494.0,499.0,348,66
s=OabhWLfp9FrkiffIV3cDw3FybZ_.jpg,412,757,431,498,584.5,464.5,345,67
S=pJ5PVotzkWZlVNP9Y9=bE4ztrRs.jpg,473,820,448,514,646.5,481.0,347,66
s=ZqIsg4atFGqU62B49sU8vF8vnDXCY.jpg,369,910,508,588,639.5,548.0,541,80
sa28ZdGklkPg4LnsH4KLdThiTtJbIp.jpg,361,852,437,512,606.5,474.5,491,75
saOxX=LK_vIaSGvQwsQ1FIgV3GEIdMe.jpg,367,861,453,527,614.0,490.0,494,74
sapK5YLWuuvJpjdYFZbHvRqi99uoF.jpg,339,654,431,491,496.5,461.0,315,60
sawwnOopUcO288XxgTo=Kz_yYVFQ=V_.jpg,401,933,488,575,667.0,531.5,532,87
saXPTQquRgioosd6CCI18NZZWFdEdC.jpg,454,851,412,477,652.5,444.5,397,65
SB15U9ugBdkVjpg36GevyB3rjTlyqg.jpg,375,928,468,555,651.5,511.5,553,87
SB2eHI6nLFVulWdeI8oT34ElT9po2Qz.jpg,261,815,472,556,538.0,514.0,554,84
sbDE1jrgYtESFXQoCiinX6YTjg2eTUv.jpg,395,783,514,584,589.0,549.0,388,70
sb_hSNZ2uRUTaQLF7XJjKCdMVvvHx5c.jpg,482,821,478,540,651.5,509.0,339,62
ScB9BbbvKbufyXuj3z6ShorPKC5k5f6k.jpg,483,817,482,545,650.0,513.5,334,63
scGwYMld1c7PZM84YCPNeZiYmG3V93NU.jpg,303,790,472,542,546.5,507.0,487,70
sChN5SHYXkQqnOP6MlHC2uaqxzk6H4vC.jpg,442,791,487,549,616.5,518.0,349,62
Scm7H2DFiMa_CcMwfMLQwkGXQopY6K.jpg,409,746,483,545,577.5,514.0,337,62
Scmt_8cOopZ3MDZji8WmWU2vu1tRs7.jpg,452,885,458,527,668.5,492.5,433,69
sCyxfnMPo2hyOOIklf3YtO2d2fDC.jpg,364,840,457,535,602.0,496.0,476,78
SDbM6SZ2upUr6Za5u3_mHdd_pHjtkH.jpg,345,837,481,558,591.0,519.5,492,77
sDfCkOMGijliK5sjDPyjqH3CKZs6Cac.jpg,338,730,455,527,534.0,491.0,392,72
SdQKHOhK3uFtQNjZW7Y6kpfmsfeOyLk.jpg,447,858,418,485,652.5,451.5,411,67
sDuV29TaLztCCGho1FsQTvRhXnGskwek.jpg,373,1039,482,582,706.0,532.0,666,100
SDWbH77p9RWlS=l=OnwadWQb18OgGK.jpg,361,855,486,558,608.0,522.0,494,72
SdYGd6xTk2J5ozfiRRRrMMhvTvsOvF7V.jpg,473,806,457,518,639.5,487.5,333,61
sE5kGpU2vnqT76N3QtL_YPsybJj6b24P.jpg,468,891,412,476,679.5,444.0,423,64
Se77SC7izquiChUCP2BghPcnTBO6g8z2.jpg,446,737,457,513,591.5,485.0,291,56
SEg5=sRE9reBlI=y9NVPSYjNvQ7ObQF.jpg,414,782,459,533,598.0,496.0,368,74
SeG5vMMzDZ=74ByRv28qz3xdYdkLoWI.jpg,380,936,512,595,658.0,553.5,556,83
sEm_SssqUrY15jZTZ_qNptb4sRHLtC.jpg,306,658,463,527,482.0,495.0,352,64
SEXPEcXzJu9lfLzqqCyRECB4sm9jWo.jpg,449,892,467,536,670.5,501.5,443,69
sFmfmXwu7q=iUxMp7SVLYpqbMVW=StD8.jpg,358,897,444,523,627.5,483.5,539,79
SFqEiabZnOz2_jJxgX15GnfQndd8fU9T.jpg,371,818,416,501,594.5,458.5,447,85
Sfrt25NCpStrPh2DfCmFhdrM3iKCH6E.jpg,422,1001,513,601,711.5,557.0,579,88
sFtRXvF=grdcxcH2SfpRYsYvogccNcHj.jpg,416,928,480,562,672.0,521.0,512,82
SfWb6SBn9u5saoVIbJkylifWEIzk=d.jpg,306,808,476,551,557.0,513.5,502,75
sfWs7vseFXgO78PeBHSctsxkv55iMo4.jpg,411,849,418,482,630.0,450.0,438,64
SFYUvusb7aGnjqRXpoWxomH3P8ktaZi.jpg,402,827,422,490,614.5,456.0,425,68
sg3zpZMJ6sbtftNr_g6bBgpB253ZRJ3.jpg,401,892,488,561,646.5,524.5,491,73
SgbxZp6jGnyNllkmPawn9X21J1XRo.jpg,450,779,442,501,614.5,471.5,329,59
sGHPKtnzipKefrzRdfoEeGWarIXGZGI.jpg,201,829,503,587,515.0,545.0,628,84
SGIjvPaK9gj92rDb3=2sjRUIKOdeItsP.jpg,447,825,477,543,636.0,510.0,378,66
sgMrdFOa=inGUvW12Krg1rSHz4fyz7NC.jpg,366,864,446,521,615.0,483.5,498,75
Sgodrai=nSE5mpeVTRU1G7GvF9gKH.jpg,267,793,455,532,530.0,493.5,526,77
SGqwIOXvmV6XE5FRSnZFBjd7KuxtnynR.jpg,411,830,421,490,620.5,455.5,419,69
sGTaxXYJnGZoIUPUtZaEUS6KqICYm.jpg,256,787,446,524,521.5,485.0,531,78
SGtGXZPUjq9eFwCv_ymg1_Qj5E55WJlg.jpg,269,774,454,533,521.5,493.5,505,79
SgZphJ4BptBXqLuE1nvxwZqQSQidymK.jpg,422,910,441,519,666.0,480.0,488,78
Sh89c1VrrE3VSJrEX23lBZlHIzh8SYLa.jpg,406,776,473,536,591.0,504.5,370,63
ShiCY7esPwbo4Qfy3PeizrLBefclGh25.jpg,512,1034,477,561,773.0,519.0,522,84
shiXNxHd2bzf6uU3VI_Bgxbe7=bSa.jpg,98,849,529,627,473.5,578.0,751,98
sHjIhkhzdH4C8QYdxGKqP4ya4nnajFN.jpg,331,884,455,539,607.5,497.0,553,84
ShKkRBgxbijqYCB7bDrGez_k1NBxMPY.jpg,284,782,459,530,533.0,494.5,498,71
sHV4H1ZR6im_JzRPT1eeYFBNP=54rNB.jpg,328,746,424,494,537.0,459.0,418,70
SHV=dZt5LOhYyqaYDoXtIXBrEgGpuML.jpg,385,882,481,561,633.5,521.0,497,80
Shv=QTEQrPc7OxFM9b_BOjx3P2rIa3pG.jpg,486,782,423,480,634.0,451.5,296,57
sHVNpBkWZ_gNVd8ZYdWwZWJxesHL4f.jpg,352,652,431,486,502.0,458.5,300,55
SHZE7YrdWqm=LL1N1IWZX5fBxRQej6g.jpg,444,805,494,563,624.5,528.5,361,69
si2wjqEMpOopGMKMOxsrI8n2fT3iR3c.jpg,405,985,521,605,695.0,563.0,580,84
SI4KqlczHyfVTttGWhYTqhy4jc_rDK.jpg,342,876,453,530,609.0,491.5,534,77
Si5qe1O9FhlUZ_X15aKNDYdbyULDhLm6.jpg,406,890,447,518,648.0,482.5,484,71
si882d5Y6zjex=foQ42=brBX7a2Q4.jpg,382,834,438,510,608.0,474.0,452,72
sIfuQD6Nkd5DIgpQCBSOumg7HJYHP2tg.jpg,455,917,437,506,686.0,471.5,462,69
SijVU86KSGvZRGYhSdOTZxWQCQMq1U9f.jpg,470,870,405,488,670.0,446.5,400,83
Simbs8I2Nde=ISuWMYEXFRVTH5GM5Q6I.jpg,422,758,474,540,590.0,507.0,336,66
sIUZEegeQuUIrZ6RtpwuHHkGna4ZCuJV.jpg,360,707,465,527,533.5,496.0,347,62
SIYfJ9LbNZk7_JhOG1mrhTWa1isOgtiQ.jpg,397,702,456,515,549.5,485.5,305,59
SjcIDdUoCHRfLwGlQqBMTPV5ooE4YvCe.jpg,112,1073,654,785,592.5,719.5,961,131
sJhviUz_p6N=z=2U2UH4RrL4VV7TUBOD.jpg,408,893,483,557,650.5,520.0,485,74
SJM3V1W1EbNwl=HUkhtwVZViig1DaL.jpg,336,809,444,518,572.5,481.0,473,74
sjn2VJGFRRTzzyrh1nfX1UbOxnbDhRO.jpg,357,677,439,496,517.0,467.5,320,57
SJRu7z6oiNFOEJfFUU22KsaE2lC7qsr.jpg,387,743,490,557,565.0,523.5,356,67
SjWRN4EDpkzosb_RjNOZgWQ=EcOnSK.jpg,463,833,482,547,648.0,514.5,370,65
SjWy=HleR2LvQ2Ys2VsBsB32jvE3ViHg.jpg,369,821,430,504,595.0,467.0,452,74
SKk686lh_PLPjq4y_ZGkrWyn3zkbWO.jpg,382,955,513,600,668.5,556.5,573,87
SkuMCsydmssdq9H6GmcjRmBg91CMb1zQ.jpg,499,885,482,549,692.0,515.5,386,67
sKxOnxsVauFIlbonV2ZtF4qJy1y9B1a.jpg,460,793,469,533,626.5,501.0,333,64
skz=pZWzplFYfNPXnqV_=xZrR=V=u__b.jpg,378,875,446,517,626.5,481.5,497,71
sL22L6_cc1uhUDmcOsZFTkyB8eKExm.jpg,460,785,467,529,622.5,498.0,325,62
slCZIN=I_JRS327n431JMB8vwO9PM.jpg,330,843,489,566,586.5,527.5,513,77
sldocIG9UbYliMUL_kznd_dp1eHoRFZ.jpg,398,895,445,520,646.5,482.5,497,75
sliYt61_6wsJp57v16UP7gpOiMwZ3gpz.jpg,406,818,423,487,612.0,455.0,412,64
sLPwlCSsVBCrj1jZwsOIlxQkfQLRcuS.jpg,394,738,440,503,566.0,471.5,344,63
sm6NbB5xQmIfSg8_TWFfvBidBOVRzcYi.jpg,462,895,455,524,678.5,489.5,433,69
sM=F4WC_swayqf7h7tlEZHFlwF3TaU.jpg,399,963,454,540,681.0,497.0,564,86
SmEuGMBONVL4=p_jcGS46piV1t7YyTfY.jpg,312,764,429,499,538.0,464.0,452,70
SME_XdGgRNT6KdHRDg1eXdnhQdM_.jpg,476,752,427,481,614.0,454.0,276,54
SmG4zpkYX4zWN45t3vtUuezgUWt8TW.jpg,335,848,444,519,591.5,481.5,513,75
smhV6ny4dCebokmbRiY_nS9PxVFogjh1.jpg,408,851,531,611,629.5,571.0,443,80
smiaJWWl1QYFlvOOxu5UgD2yl2Kxs5.jpg,289,791,478,550,540.0,514.0,502,72
SMOYku9xcKm7c3TXkvj2vnlCrVKaIUCR.jpg,459,768,466,522,613.5,494.0,309,56
sNQioU8MLedUuuyTE6QboLVDfdwLHCVx.jpg,384,836,434,517,610.0,475.5,452,83
sOkTJKN=ibs5_d8eREv56PwyInVxmtli.jpg,457,760,423,481,608.5,452.0,303,58
SOtUnZN5gUXHKP1IVu7n5YPJY3ed_wki.jpg,390,758,448,518,574.0,483.0,368,70
SOvtcrZXoFH1WIQnEwz3pZ7xYQZmkzS4.jpg,408,893,423,499,650.5,461.0,485,76
sOXiOTlbPhKsJxfDyzCTjzMeT4FptE38.jpg,377,822,430,499,599.5,464.5,445,69
sp5rEyfPejl5wEWvfLLwrj_4C5nfqE8.jpg,318,769,423,490,543.5,456.5,451,67
spC15SKrFDa2u2Rimmoce2MhfVnWnyxv.jpg,375,796,421,491,585.5,456.0,421,70
sPeaGvJLVeQYNxDxXGXsBKcUQbdO=x5K.jpg,384,947,508,594,665.5,551.0,563,86
sPfkddP6tt5sY4NtlIQWGstpR47kpMw.jpg,377,690,441,502,533.5,471.5,313,61
SPI1J7QKG8XMKhpw642IN_x33ZwG48c.jpg,352,837,443,517,594.5,480.0,485,74
SpVhaGIizHtvyjFLc5vPYE_kxN3P4yC.jpg,417,847,428,493,632.0,460.5,430,65
SPy_aNxt2aV2uOXUNNXVMMCsHlbI5t_D.jpg,502,960,460,534,731.0,497.0,458,74
sQmOyFF89p9OEX16rz5CIOHgwTDLf9NG.jpg,409,875,433,508,642.0,470.5,466,75
sqMu2OZ3q=ZIwis=PzeDYR9a7siICOC.jpg,438,871,419,492,654.5,455.5,433,73
sQUytXtyKBQGr83fM4jnUnQu_5TdX1Lv.jpg,411,932,450,533,671.5,491.5,521,83
sRgL699GX=HRaVs=GYB_43UiUBd7yL6.jpg,380,807,455,517,593.5,486.0,427,62
srKl9gUMmlD6S2yi8wRIC=aTyTjDesTi.jpg,393,739,440,508,566.0,474.0,346,68
ss1zaFu_siGwdJrL5mnW5TV5YN5tv=Fn.jpg,311,858,468,549,584.5,508.5,547,81
SsGSKRDm6W6viRGEgIRbPjtV5xrPv.jpg,106,917,541,654,511.5,597.5,811,113
SsGXDntpDZbIWtul_IV_x7xB8Qgjt9h1.jpg,409,881,435,511,645.0,473.0,472,76
ssLP3H=vJXposIyuVPehkp5njDKX1s.jpg,336,816,442,517,576.0,479.5,480,75
SsMfv4OM5cuRlRmVSNwBgKEkGsueid.jpg,392,1025,452,545,708.5,498.5,633,93
sSnbacgDpKZzhEEnDezJOmSzlBwmLZl.jpg,444,791,478,543,617.5,510.5,347,65
SSP=rD9c37UtrxNTxYsOtYWBtyF61R.jpg,387,865,482,550,626.0,516.0,478,68
SSUj_33G7U_MQu_Hu6B37VMg2Jn8Tng.jpg,439,774,458,520,606.5,489.0,335,62
ST=W9b=fz=97v3g7VUdonXEh6T9JrMS.jpg,336,854,458,535,595.0,496.5,518,77
sTCkmZW9y_jkKE1uhp86ElOvcMTgyssw.jpg,373,729,476,540,551.0,508.0,356,64
sTEIHc6CLhWd4idg3vbCxZWHxEY6xQck.jpg,452,851,408,497,651.5,452.5,399,89
StiUn6E89zZGcNFw3a7ZSg5O3HBU9F=r.jpg,339,752,422,485,545.5,453.5,413,63
sTLQafnFB3rkDM7i7bvUJWW3R5wcFoY=.jpg,363,792,426,489,577.5,457.5,429,63
sTRrRsVXlqxdN87JShpHDfH4ENWtB6i.jpg,421,799,463,529,610.0,496.0,378,66
sUCnPM8CZedtVQ1ampTxKGqCaGWok.jpg,399,685,426,479,542.0,452.5,286,53
sUEnlVScoUUmm9WmL=HXItPfhV5To73b.jpg,434,1004,514,601,719.0,557.5,570,87
SUHBtFtf1cM9zNVX8leWij7RGzxEF97E.jpg,405,851,429,498,628.0,463.5,446,69
sujWgfRegr5xLzaw4QvQYc_yRJ=Py8qv.jpg,326,854,459,541,590.0,500.0,528,82
SUOwDtMMXdseR6DRS_MgckzaC_IOOOOG.jpg,285,739,461,530,512.0,495.5,454,69
sUp=u_yFED35IqwcvDtYChZHY4T8F=N.jpg,405,918,484,562,661.5,523.0,513,78
SuSpDsM95SvR8eQeTEUvrMKwrXS1P5fS.jpg,361,688,477,537,524.5,507.0,327,60
SuUZ5eCgK8KHZIuYUzGuCNQ4M1CSGX.jpg,418,1003,453,543,710.5,498.0,585,90
Suw_2SpL=Nv=11YOMf5mLc=R5O_LVt.jpg,425,876,439,511,650.5,475.0,451,72
suxTBVS1l_Bw4IZLntWiCV3BaFOx9hok.jpg,476,1036,485,570,756.0,527.5,560,85
sv2ndDcyz2gfcIJnWL7=KqORu1KvPLH.jpg,445,775,474,538,610.0,506.0,330,64
sv4ixqseJuEJw=K1Nh2w_UR6Uxn75T.jpg,374,804,438,501,589.0,469.5,430,63
Sv6yauhcObdmtPsWzoUg_8rGQb2OTyER.jpg,284,930,508,604,607.0,556.0,646,96
sv9hyBQyHsHUXOJ3EqXppjbLvX1kIHx.jpg,402,752,488,552,577.0,520.0,350,64
sV=pq3SRS7=wF6TCJjesVqLzpRvSIl8.jpg,267,785,495,572,526.0,533.5,518,77
SVNNKKo6QiCVyCf1QsCDXGscDerx=Q.jpg,266,840,428,518,553.0,473.0,574,90
SVP8FfuNOR66NL6ECSnJujkDRfL8Qim.jpg,358,792,431,497,575.0,464.0,434,66
SVTMF1fQSx1QfsgdSn9rF7DqTGIvd.jpg,409,930,502,578,669.5,540.0,521,76
sW1f4M4rYRV4jiNXN3apPac8k8WvZi.jpg,331,779,422,489,555.0,455.5,448,67
Sw1s4iyeVRStsNz3Qav7gmFwDl76rhKH.jpg,518,757,428,479,637.5,453.5,239,51
Sw9XtouTnLycdeU2DB_gyDM9SbaRPsJ.jpg,375,905,501,581,640.0,541.0,530,80
sWa=stm5n_rl1ghxQ5yvbqfS6z3YxrTP.jpg,413,940,490,570,676.5,530.0,527,80
SwEOqP6yh16gbITcP6TNE6P=_SrUE6=T.jpg,454,776,477,537,615.0,507.0,322,60
swFQSVogES941_wkQnMZ14quMntG3N.jpg,464,885,446,510,674.5,478.0,421,64
swhVH=Mdfi7H5GkRNDW49WRSb449Vyh.jpg,253,934,510,611,593.5,560.5,681,101
SwNrICF_EEEodP1Ze5m514ncLx_pwo9.jpg,484,770,421,478,627.0,449.5,286,57
SWO4B2ycNa3VkUK8222R6Setx81fWY9N.jpg,490,795,454,511,642.5,482.5,305,57
swOHm4NZx1xMq1qYgkxomK7UYvzwdYs.jpg,420,757,476,539,588.5,507.5,337,63
sW_quHBqNZkWMYv4C7aDxlZ87ysvinBJ.jpg,388,918,494,578,653.0,536.0,530,84
sx4T256V65lLTR377QrT1cpVYgBONe.jpg,374,833,442,514,603.5,478.0,459,72
sXbr8Oan_OoLDF=wGPnpBv2Zg9RSJp_O.jpg,422,918,482,559,670.0,520.5,496,77
SxHFo2q7f9Tc86JaDoYFrLy4U8T3TCc3.jpg,353,875,451,532,614.0,491.5,522,81
SXnNUBchkJx1gVmjeHoc1ltE43MlgPYW.jpg,310,767,424,493,538.5,458.5,457,69
SXrlUV85x9JDfvIRuRTtXh21ukvT_iQS.jpg,445,831,437,504,638.0,470.5,386,67
SXUqLzSa2OgwB5dxsh1VCRvhEVaoko3Z.jpg,276,776,445,522,526.0,483.5,500,77
SXwk3pJHXGdjBmOn64OXXmpQnhZrNrPW.jpg,327,796,434,510,561.5,472.0,469,76
sxyh1xCsa8pVPwsPXFXZfBgLyp1OE_8.jpg,252,801,495,581,526.5,538.0,549,86
Sx_nxdmOoDcvWRS3XZgwndr8cSfRcZsq.jpg,344,821,476,548,582.5,512.0,477,72
sy1bzNgFFG4fpWq3k2M7ghPqv3BcP9.jpg,425,723,430,489,574.0,459.5,298,59
Syh46oBJhXWRYlNLvb=xbuoi7t5p=t.jpg,240,785,455,535,512.5,495.0,545,80
SyHPX9MaNLcmn9K6sIGEUB7L=1u8r59z.jpg,268,778,488,565,523.0,526.5,510,77
sYi_GIDyfmCgFvdTLwo1CjNOSCF_PHI.jpg,384,946,456,558,665.0,507.0,562,102
sYjQPI9gliJEYw7D1PmbWsykyjEcnHL.jpg,361,790,425,493,575.5,459.0,429,68
sYjW3BWvofSmF4psb1TSP4=17V=4mdT.jpg,370,879,493,569,624.5,531.0,509,76
sYLsMoHofUf5Pj2gjzvLXHr_XrKwMo=.jpg,281,1004,519,636,642.5,577.5,723,117
sySs_rCXkrEDDMM91BtezvH83c9CEJ23.jpg,457,907,471,537,682.0,504.0,450,66
SYuS1oZ5vbWqlRKN3uN9e61MnjaePl.jpg,441,864,417,488,652.5,452.5,423,71
SYZocrj_mWakYBY8ZHOf7xQLuVLMmrv.jpg,335,1129,627,749,732.0,688.0,794,122
sz3sUydJjO9S2YIx4XNkoCubDXts3.jpg,572,987,452,530,779.5,491.0,415,78
sZ7ED4RD8tlHIBTvIlTVyUp1SkHISr9.jpg,358,743,444,518,550.5,481.0,385,74
Szd1Dnhk3PyGW8254Z2QeQZVqT=m9T.jpg,151,704,484,565,427.5,524.5,553,81
szey59OX3D5BX4wVIejjnXpXjRxVp.jpg,473,854,496,567,663.5,531.5,381,71
SzWEzeKGeHw5aP4Mo5JEFeEw5ur9EMgg.jpg,372,946,521,603,659.0,562.0,574,82
sz_XS6U3FU99_QM1GWdI=rqQyoYms.jpg,287,755,436,511,521.0,473.5,468,75
S_FM_RCwQ7s6uNqD3izIX_7t7BItBoO.jpg,307,652,455,518,479.5,486.5,345,63
T1fQdkb4pmgCebCv8J9qE1npj39MCFgm.jpg,480,780,454,512,630.0,483.0,300,58
T2946rSQOBcFs92t57b3vmlLGzg2qi.jpg,341,789,460,527,565.0,493.5,448,67
T2kjEXVcPzFOmZO=sLi5PniHo85vb6Ou.jpg,269,995,517,624,632.0,570.5,726,107
T3guMRD8ZgZJPJJgWBoun7EMyqYc9aC.jpg,399,875,428,502,637.0,465.0,476,74
T3OhU2=mPqvHTNETexqOqjjBnoYN9Zl.jpg,319,840,497,571,579.5,534.0,521,74
t453ofIIaZtJzdbY9=jjUdcXsfDwH2.jpg,341,771,428,495,556.0,461.5,430,67
T4fD3BLH2DtNmgLYkcCkKPR57TXS62h.jpg,283,699,442,510,491.0,476.0,416,68
T4h8Z87G83yt65V1kUaj1sL_hCNJ7aWz.jpg,308,767,445,513,537.5,479.0,459,68
t4i5Z_R1VMZXQCuRxPWlh3pjzSrYmoK.jpg,398,945,508,588,671.5,548.0,547,80
t53hxRDlmlNS1t_bHdOCGnG2_WohiN.jpg,381,899,493,569,640.0,531.0,518,76
t53KpkxI6BzGJPf1CJYO9167ocVFZ.jpg,419,845,425,491,632.0,458.0,426,66
t5PcUKpHMwaeN91KDIFCpVQdSSrLdS=Z.jpg,407,951,462,546,679.0,504.0,544,84
T5VvGzSVkJrQja6r1rheH5NZMWkbmmkZ.jpg,424,725,455,515,574.5,485.0,301,60
T6VZCQKXKNmjpsNR8MZVIj6GLQp_6=V.jpg,511,808,437,495,659.5,466.0,297,58
t7N=juKGqjwNFKcocR3ufHSwGpzvzS=.jpg,207,714,548,636,460.5,592.0,507,88
t7pMHQbFw=p_18hucq1CtF3jm2UPY1U.jpg,504,832,475,536,668.0,505.5,328,61
t7wpxMwd7MRJpRFim2X7De2CXmKYb38z.jpg,397,815,412,488,606.0,450.0,418,76
T815feqIhKB3xB9HQ_Cng38jYd537oB.jpg,445,885,426,495,665.0,460.5,440,69
T82UlLOaK5Uy3mRETZfR_979oU6u8u2R.jpg,374,668,437,493,521.0,465.0,294,56
T8fa59JoDJSaVKIdPbojirCuFVpI3rl.jpg,430,709,426,481,569.5,453.5,279,55
t8GYQUTq6lifrcimeqvab1CjQlq5jlLQ.jpg,294,814,455,533,554.0,494.0,520,78
t8jzL8yjFWEDtSc4HvqS9ruV5PmiC.jpg,360,669,447,507,514.5,477.0,309,60
T997vpFzkM_4XMwiwsLd62F1_edcQ9P.jpg,404,696,456,512,550.0,484.0,292,56
t9qHM4BtzZsRY2CeKEns2rzTBz4Glj.jpg,425,841,422,484,633.0,453.0,416,62
t=boqLlsWUPs1LRbxeWH5d=OGHsJkLw.jpg,309,893,479,563,601.0,521.0,584,84
T=gJ6EdzwKySn6kCTJXchu2Dri2rrI1X.jpg,267,783,457,532,525.0,494.5,516,75
T=V4ov6aGV3=xxk68CfE3VDUqd_M=8W.jpg,377,816,420,484,596.5,452.0,439,64
t=_9JUQYG_iuBe=daJXXQIPxxDfFM=z.jpg,373,820,427,499,596.5,463.0,447,72
Ta2donpGxW4fr7Y=Wl1yOMUyj_Iqi.jpg,382,866,479,553,624.0,516.0,484,74
tacPCUlb5KLGmYxGSYj2skpfCgaTSs.jpg,405,801,446,524,603.0,485.0,396,78
Taek4FLcnYgaV_sIP1n9TQ55JQjvi_H.jpg,365,936,522,603,650.5,562.5,571,81
taHSMfXfhXIkyQyFXMaK3bOVP1u=RWG.jpg,405,856,431,498,630.5,464.5,451,67
tauVCV7RdY7KZ4figY2Lp5loI8cTE__k.jpg,382,764,414,478,573.0,446.0,382,64
Ta_jx1dQ9tNDE1C8RPUrr=ns=PH1c.jpg,412,848,425,507,630.0,466.0,436,82
tB8NqH6i75bTUtnBnVd_Vk7sFsprTJ8.jpg,401,832,418,508,616.5,463.0,431,90
TB9FwEKFJSPLma13qDplavICuNOa1mOQ.jpg,399,866,443,515,632.5,479.0,467,72
tbvMTZkV5cjE4gXQTrrhPvVyxuMiKntf.jpg,438,858,425,488,648.0,456.5,420,63
tc6ZEB43ghU9yNLsd6zGMEH1KTq97.jpg,377,924,449,532,650.5,490.5,547,83
TCD_eiZPeNGGlvBEP_Y3ML=3Fc_cOPp.jpg,415,786,468,534,600.5,501.0,371,66
tCGbj8DuEcKp2v1d21P1RijBfHP3Vm.jpg,377,705,479,539,541.0,509.0,328,60
Tcj1j5x6SYvzV4eKb54rnfTO4jidJuV6.jpg,389,791,508,580,590.0,544.0,402,72
tCJRGNkfG5Tt75bKRWNVdN16x44DmT.jpg,225,870,535,624,547.5,579.5,645,89
TCLWgXZPf_nkfiRmfQ_fv9OhzuhrYl.jpg,352,812,429,500,582.0,464.5,460,71
TcM77T_adf8IerYPevWICjMG8OQF=B6L.jpg,442,843,418,483,642.5,450.5,401,65
TCSNtz2EMjMJO3WXnbOgB7YjPIYbzUC6.jpg,282,764,445,521,523.0,483.0,482,76
TCyKGXLWJ=JORQIvI1akDF3dBf5rM1m.jpg,387,709,452,511,548.0,481.5,322,59
TCYp6M1=QGPESK86zknglgwsPXonYwH.jpg,297,834,508,587,565.5,547.5,537,79
tD74bZTbLc4rMlaC7FhdOubHsk7G7HRK.jpg,288,772,443,517,530.0,480.0,484,74
tDIyalxnGQR76oS_6GZITHFsicIorNZ.jpg,441,813,466,533,627.0,499.5,372,67
TdPoTTjV_sMcVZxCdGRY_EbpNGLH1OX.jpg,463,903,462,531,683.0,496.5,440,69
tdRX4uyoFfDMklHFooBNTvILMODUo4s.jpg,388,930,491,576,659.0,533.5,542,85
tDVXvR71R5SKkaeDDGtC94zc433srBw.jpg,392,827,456,526,609.5,491.0,435,70
TDyoUEltYDIEzEVovmizjW_y4rV2kulp.jpg,220,792,475,558,506.0,516.5,572,83
te2ZgTm3H497ticnFLUXzOxtX1JsCL.jpg,269,970,556,654,619.5,605.0,701,98
TE8p6xbXMPUD3iQMxCKX2r_u2DXQJkeF.jpg,458,860,413,479,659.0,446.0,402,66
Te=j=9Q9di=LXMwqBwSRUidXsEWy=Mth.jpg,377,966,514,605,671.5,559.5,589,91
TEFdug6MaXrXIkhfCD9IsPLgJCxI=aD.jpg,464,909,463,532,686.5,497.5,445,69
TemYVcBQdx=9LLPgYfQRaIxi7kw8ll_.jpg,463,781,430,494,622.0,462.0,318,64
TETSjZafnGSfyGTmX3hmqmtet1eCXhQ.jpg,265,771,441,518,518.0,479.5,506,77
tEugWfcQxzso=8xxlykOVP4EKLlCs.jpg,365,677,449,511,521.0,480.0,312,62
TeYZVeqd5_nMW93v2I=VN2bQ4wTrXeJ.jpg,501,796,451,511,648.5,481.0,295,60
Tf1fBcd3fQxM_DY_PnVRSDdOmmqS9u97.jpg,368,868,491,563,618.0,527.0,500,72
tf4IvGrgne7FyeJvYI1ybnSBXF48ruz.jpg,405,949,512,591,677.0,551.5,544,79
TFGS91VT1OJDz2uE26mljsdUMVNPl6.jpg,328,755,428,495,541.5,461.5,427,67
TfhEp2y2X_yDt4wEm5_vpXCTlctNIDpn.jpg,396,894,452,529,645.0,490.5,498,77
Tg3iaJMVY82fhJRjw2QLuxoLOpNvyf.jpg,348,843,487,559,595.5,523.0,495,72
tg4uO_9pOo7I57wnkia=J_dXrKjKpsEu.jpg,437,901,479,543,669.0,511.0,464,64
tg8Y66G6RyEvyI9SiLvEljZVYpPXMExw.jpg,495,775,427,481,635.0,454.0,280,54
tgFnj4vZlnao5tnihntziOK9k1zn6V4.jpg,355,966,533,625,660.5,579.0,611,92
TgrKI2BntSEQiwPyrI81W1Tom73qxE6Z.jpg,420,994,520,603,707.0,561.5,574,83
TgVyQCS6M7zLQJjO8EIcYFsa3Kja9o.jpg,268,807,467,544,537.5,505.5,539,77
THb222xKPUEa=iGcvxKqrg5s13E6YpYJ.jpg,284,781,452,526,532.5,489.0,497,74
tHDOfbT=PLziEGg7_2a3zH3I86j8=xx.jpg,453,835,501,567,644.0,534.0,382,66
tHnyH=oqon55b75oXEBmZJicMdS7jc.jpg,377,814,422,488,595.5,455.0,437,66
Thw_qPNt812HWOEX=E2ZDNxHgsIl38V.jpg,427,837,416,482,632.0,449.0,410,66
tHxOZpIS1RTJWX6Wnd_rZWY3gUcJRGOC.jpg,342,755,426,488,548.5,457.0,413,62
TiaNlmndP2IGkhzxuyoeduPib_3YO3g.jpg,454,889,423,493,671.5,458.0,435,70
tiB1hC=2Rbtpl7ofT=x2TUlhmUPKsuIb.jpg,343,842,446,520,592.5,483.0,499,74
TID8N3R=pgNSI1odMwgJNXH4zzI9e_Jh.jpg,286,857,461,545,571.5,503.0,571,84
TidOic44q9GiXQXoeRjgZFfkfmYlNz.jpg,296,751,417,483,523.5,450.0,455,66
Tig5whDvGTVQTV5teO68FkCVpql4jjd.jpg,457,861,416,482,659.0,449.0,404,66
TisQt1hkaFCiypZmTBanKXrd5MZ7lI4n.jpg,450,871,454,519,660.5,486.5,421,65
tIy_BSitFSzCUQY=4H7SxGyXLDxwk6I.jpg,407,908,487,558,657.5,522.5,501,71
tiZbX3VKOWDnGS3QmIOsL5nytvem9.jpg,284,775,440,517,529.5,478.5,491,77
tJ2gug57BTtRp1somD1aLoQs7BwwcRLk.jpg,426,908,446,519,667.0,482.5,482,73
Tj64xvuRcgsURzeXvCLvuJyd3Zs9xg.jpg,485,1022,487,570,753.5,528.5,537,83
TjF42MsZCajbc2oMZvHBygrHl3H_sgF8.jpg,451,734,440,496,592.5,468.0,283,56
TjgGEPQ2f1gIVa3E7mWU=d5==4EHMyv.jpg,331,753,457,524,542.0,490.5,422,67
tJhWOTaisnR6cWgc67PMLIlaQa7r1nvo.jpg,415,847,426,498,631.0,462.0,432,72
tjK6dpmbKNMYuUVptDhrSdushUvIldk.jpg,374,675,440,497,524.5,468.5,301,57
tJVLlSx2s4ROn5lS6t4fDc4ziLua9VY.jpg,396,836,423,492,616.0,457.5,440,69
TJWSKXhQiaZTsJOE5rgb2M7ESv4fV3nU.jpg,527,905,450,523,716.0,486.5,378,73
TjX3t3eEJPiY43av_9ldtvl1xxe1Jhid.jpg,383,720,459,522,551.5,490.5,337,63
Tk4QWWdq4_q9f7z35BZNk1xONZXHM4G.jpg,319,727,428,494,523.0,461.0,408,66
tka9RsracOOMMYcniIuacKmrwkhnnwt.jpg,323,755,428,498,539.0,463.0,432,70
TKj2=UKGZi_mmuODrer_ze9gGJPDRHWE.jpg,327,762,429,496,544.5,462.5,435,67
tKjb2umaZDko2fby6n2TZidQgqUMPN4.jpg,407,823,417,487,615.0,452.0,416,70
TkKSXLQzp8TQfRgWOdMKild1mFjpx6IX.jpg,371,683,439,497,527.0,468.0,312,58
TkUqizObICHDSE=KNFEvUjndX1s1lNb7.jpg,393,772,458,529,582.5,493.5,379,71
Tlw6znZBZFvCGmUYJ5qBQEUJS9Kn.jpg,394,921,493,575,657.5,534.0,527,82
TM8IWVFp5Ufn2Os4s76unr2iJpRPC.jpg,439,879,420,488,659.0,454.0,440,68
tMKhwDei=x=hBS7FBLUkiHCnB=R6XNs.jpg,417,845,459,526,631.0,492.5,428,67
TmmPcVC_lkN6w1x6RjQIRxNOM2HYPDu.jpg,454,762,464,523,608.0,493.5,308,59
TmtOYFuD4zt_T7t=JcI9UFUT6mxMiY4S.jpg,370,857,483,556,613.5,519.5,487,73
TMyOdsYURN_Hqshd2YmjmUXZRgpWJ3fk.jpg,435,858,460,525,646.5,492.5,423,65
tmZgoIDugp1CUV4SSKYUG_I2FJ_r_zI.jpg,334,756,427,493,545.0,460.0,422,66
Tn1FS88_nf7ErmKv3Wagg9yOwMbPN.jpg,486,792,454,514,639.0,484.0,306,60
TNeZxdnXDnbIDL2T7KoY=K6YUepvlY.jpg,459,905,458,530,682.0,494.0,446,72
tnpuiu3XSful3ZTKMB7LutWUsbSK2f.jpg,341,913,513,596,627.0,554.5,572,83
TNPxpbmDLDUifHKBjUvQkGoyyD6HX.jpg,468,885,430,497,676.5,463.5,417,67
tNweLtt3kHYtTZBhSiTJEEzdXCgprOoI.jpg,432,930,448,526,681.0,487.0,498,78
tnyBj7SZ7Ps6UXaFONWZFiyhw3kJR9OH.jpg,318,668,459,523,493.0,491.0,350,64
to2L5RFDwp4t2dCCY1bve=j8ji2In18.jpg,267,768,450,528,517.5,489.0,501,78
To31lwl86x8uzjpdo3Tg_1japE82uvh=.jpg,417,863,427,496,640.0,461.5,446,69
TOaEPmV=LUwzeG_TViu=kV8CaLL7BIB.jpg,398,706,445,504,552.0,474.5,308,59
ToddGbPbTq85TfQM_SU46xX7VRQgLtj.jpg,464,825,491,556,644.5,523.5,361,65
TOux_vydWtmx1XNMQiFcC5fDKbdsZnq1.jpg,433,753,469,529,593.0,499.0,320,60
toxSIeLSXSkdg9xuhdh6ex4VsIFUpLPH.jpg,241,935,495,597,588.0,546.0,694,102
tpaqkqK6I7I7RGgDd1ZsnzX4jf2r.jpg,408,915,449,524,661.5,486.5,507,75
TpSJZVHftWTR4PVZfni3n7oRLQ1M3g.jpg,282,781,486,560,531.5,523.0,499,74
TPZ=iJv6OitHPexgsuTKDVYYP1EiZdS7.jpg,405,754,465,528,579.5,496.5,349,63
TqBfnec1fXd2j9_UIM7ETSh=4hR7nJdO.jpg,390,939,506,590,664.5,548.0,549,84
tqh7FWQ8Y6DstcLK73tWyz_mcxqQwOH8.jpg,419,721,452,513,570.0,482.5,302,61
TQJdKfTUlHw4jMDGsaiBcV2iWcXx1QF.jpg,376,689,451,510,532.5,480.5,313,59
tQVx4F5TGtIm9HMHVJ8YBQxOh58X=f.jpg,361,686,461,521,523.5,491.0,325,60
TqxgKybrtQx9FKykU9ePtm2PxQf7.jpg,399,857,431,507,628.0,469.0,458,76
tR5qQHGgd8P=BhG3CI9RFQb6iYqmZGI8.jpg,506,906,412,479,706.0,445.5,400,67
tr8OFkDJ2khGl7zpYDcRC4mf95xw56V.jpg,377,843,441,515,610.0,478.0,466,74
TRBNMSDIqqvzYu11tjV6u2ztNE_G2b.jpg,336,679,438,503,507.5,470.5,343,65
Trbu7ChPW7beOB49HUtozJG_o2UxkR.jpg,526,851,457,524,688.5,490.5,325,67
tRir7RWiiwTYUbg8YQ_gm1gcjaSjo4E7.jpg,54,1034,585,712,544.0,648.5,980,127
trOYdT85Y3gH5N_CO4CFKcO3qkN7.jpg,388,699,438,497,543.5,467.5,311,59
trQnUFkWkdN3omgzkjBT2n9WOGH_Vs.jpg,324,795,446,517,559.5,481.5,471,71
tRwFgcJqrXPXBq5LlFKVdj9zcEeXaXH4.jpg,368,653,416,474,510.5,445.0,285,58
tRwliuQ3rW=ywgJTiDG8fiXaRWMYWMDQ.jpg,398,738,457,522,568.0,489.5,340,65
tSmlJ=G8yRrgloeEBLcl3CzQUe7g7Ud.jpg,445,711,419,473,578.0,446.0,266,54
tSpSiTXIIkQojiNPbI4bghf86R5Qna7.jpg,344,647,437,493,495.5,465.0,303,56
Tt9uOoxhj4LPDd7yE3xphWyJspUIjNKx.jpg,322,746,420,486,534.0,453.0,424,66
tTa=bPxCLlxaaslRIavXzTTwqLX8KgP.jpg,419,946,496,577,682.5,536.5,527,81
tts1VmGg_rusRjgqLR4IZ_28PPEJzFvD.jpg,346,756,461,532,551.0,496.5,410,71
tTSsP8M4O5upSEusVdfG4nv3G5KUBsd.jpg,303,759,431,522,531.0,476.5,456,91
tTtU2_P=uV8WCeQ4NKFUL3xRb_wxBly.jpg,461,784,436,496,622.5,466.0,323,60
TTZDsptT_DWb6FEbaBgwByKWsGTfIMT1.jpg,452,966,483,566,709.0,524.5,514,83
TU5gbL8TtohqVNT6PSUapBHg=biMd=.jpg,305,809,477,555,557.0,516.0,504,78
TU6eNwu91ddN=2HyUqVVOuXPqdFKCkZi.jpg,441,911,465,540,676.0,502.5,470,75
tU9QoFac1qcSQm9X6=jQv5Woq21yjp.jpg,268,715,460,531,491.5,495.5,447,71
tU=sS7QirsWy6MzY_OnfjYNeRInVv.jpg,445,925,476,549,685.0,512.5,480,73
TUeB8vf5DD54apH_imwVXU5WUCTblt.jpg,301,776,470,538,538.5,504.0,475,68
TuITXwORmH6pbkfB6PvsgmUlLCbgE.jpg,414,907,441,518,660.5,479.5,493,77
TupPamBYZoSvKqE7P_uTZVI1DiT6iiiB.jpg,449,943,452,527,696.0,489.5,494,75
TUTDf9f6r9rzE7JaY97CfgCE4d98tQt.jpg,355,912,472,547,633.5,509.5,557,75
TUw8SdHafDGFPVkiutDmaqF19f36_5q.jpg,380,879,448,526,629.5,487.0,499,78
TUzZquQBnMZ35JW24p7DJMzd1ZeZSR.jpg,432,723,434,489,577.5,461.5,291,55
Tu_pP71fGftncCfy3e7Eg2P9na7S6wp.jpg,447,838,475,543,642.5,509.0,391,68
TV3Lfy3WtvzsJtCh2y4MmwM7GagEJSNu.jpg,368,659,439,494,513.5,466.5,291,55
tvBCEhPNiZQW7VzjawNZELS2dSb6r4c.jpg,315,780,437,511,547.5,474.0,465,74
TVP9mfoMCd2d2xXXWGgwTJe6xibsrINQ.jpg,449,770,440,499,609.5,469.5,321,59
tvrSMdWsmpu9MtubmGs7fxc_z7hfJtss.jpg,369,949,480,568,659.0,524.0,580,88
TvSFMf3to2rotvvexdw9kyF3KqoH4h1.jpg,409,850,426,502,629.5,464.0,441,76
TVt19G7bCoCrlhvuLmgGdz4I4tQiesN.jpg,301,851,461,542,576.0,501.5,550,81
TVWPiwd7QIo=zBVjZW1BGJCDzOyHRf.jpg,385,890,486,564,637.5,525.0,505,78
tvZVjG9Vi==eO1CVBHeB7P2Uz1zqlOiX.jpg,414,874,432,506,644.0,469.0,460,74
TW46DO6Wf4hcvSYKIvvWgrYxfLcDhmv.jpg,402,731,451,515,566.5,483.0,329,64
tW=W8yRVmOsCxuqb7hEIQVQN8gP2WyT.jpg,441,895,468,537,668.0,502.5,454,69
twFxCIWm4QN39kPhekTN15mfE_q5bzs.jpg,374,845,438,515,609.5,476.5,471,77
tWidYkfn3HdLtq=Me8QEBa9TfeY5iwUD.jpg,499,907,449,514,703.0,481.5,408,65
TwuxfOtTj4KXvJD7478n3Wz7MXDnBu.jpg,210,875,514,626,542.5,570.0,665,112
twY1E3zgMzPiEpvOjpeoVn2exldXSIk.jpg,338,906,470,549,622.0,509.5,568,79
TwydRMvLGx4nwEoTa5lwQK2tZZ2padF.jpg,322,801,445,516,561.5,480.5,479,71
tX=8OaGZJ8dHGm8EFK2udVQboUNKg7j2.jpg,330,841,448,525,585.5,486.5,511,77
tXDH9q5tOlqhFJRP8vyqvzG9HrXwQlhP.jpg,308,908,465,555,608.0,510.0,600,90
txETV35nLb3ihDTyLF9laCjmlJSdNyyl.jpg,377,814,419,500,595.5,459.5,437,81
tXfgIGtrVNBg=vDK_9jBhm2M76BsNgUV.jpg,354,913,504,590,633.5,547.0,559,86
TXgbWipslpj4rkfqGB_==h_SHdJTh1c.jpg,408,985,574,667,696.5,620.5,577,93
TXJpitnTceXVIrSujNXBQOZOj=x7yjJ.jpg,250,785,457,540,517.5,498.5,535,83
tYhI2mMDhsEMhQ1VlLeSLVdht2=hdIa.jpg,353,830,446,516,591.5,481.0,477,70
tyHKnnwLNQEj6pCE8LCpZzdcSCDWBBTT.jpg,529,808,441,498,668.5,469.5,279,57
TYR6JbNSrDqXvzPZM1TT4Kfo5FrVi=xt.jpg,318,764,421,488,541.0,454.5,446,67
tyYVnVcWDgLKVYNTbZnGDnXotfXJz3M.jpg,458,872,417,489,665.0,453.0,414,72
tZCYp1QiPwD1K=o4MS_3UKMx8YyvZY6.jpg,155,720,570,668,437.5,619.0,565,98
tzFLREpp7hNqekyeHNXtmLlai4lL1G.jpg,363,826,421,497,594.5,459.0,463,76
Tzg1j138MMFyX1QtwJSYaMvCv=BynJ8a.jpg,402,725,474,535,563.5,504.5,323,61
tzH9ZFTPaumImRYIeU6YBJ7zOqgKb.jpg,416,922,483,563,669.0,523.0,506,80
tzmBfq7Q5CbqkxCI5VTpglaFaXeiKw.jpg,440,752,469,526,596.0,497.5,312,57
tZYSJnOdxNTGLkyjoLlp=z5TgW=c8=Gt.jpg,353,792,425,494,572.5,459.5,439,69
T_2yfoI1pv8tmDOcJMf4LBHU6NJHWYM.jpg,469,748,425,479,608.5,452.0,279,54
T_lUcDcepRlvJryZlrGDGQrCTDCuleq.jpg,438,814,462,530,626.0,496.0,376,68
T_xvndgx6vlePU1bvFLIoGRJuiCMffzV.jpg,386,908,493,572,647.0,532.5,522,79
T_zz6wMnp9uqMsBscuyPjLxItQBs27.jpg,411,866,434,504,638.5,469.0,455,70
U15Ypv4kQUEQBUZLBH83hooHcV=F875.jpg,356,661,449,506,508.5,477.5,305,57
u1=YZqaTnLfWHSkzLa3kPi2xCwha3w8.jpg,414,704,434,490,559.0,462.0,290,56
U1l9gyJGslgUgppNfrWcJ9wIqMHjn=n.jpg,412,691,431,484,551.5,457.5,279,53
U2RdqQL7K_H6jvxMvlSRVYWTRFiFqJ.jpg,349,765,422,493,557.0,457.5,416,71
U2XP7iLTiF2gGRO2ROEsP_oR1vIKcdO.jpg,334,745,422,487,539.5,454.5,411,65
u2zy_xn65bXfk7Mmv9ViY9cyFrnq5Et.jpg,320,663,484,547,491.5,515.5,343,63
U3RoG4DPfIQS7t5yHq1uGDy=_hN9kE2.jpg,304,892,517,605,598.0,561.0,588,88
u3xP7wrvlPPBEzcvOJlB62R2md6ei2t.jpg,378,895,462,537,636.5,499.5,517,75
u3y29CxuuzMwtuZm7iDCyteDhm2Gzmz6.jpg,473,795,472,532,634.0,502.0,322,60
U4eUKVlu3y=kgNt7Nokw2OyHUb6Pqe.jpg,420,787,490,557,603.5,523.5,367,67
U4og6C3Qkyxz9JOkidPfZEIp1sRTGzF.jpg,376,731,436,505,553.5,470.5,355,69
U4Pg59rqte7I532XlrLZJ5yV=1_DuB.jpg,404,705,434,494,554.5,464.0,301,60
u51xGLEtNlCt87raG21636j9DHUjFq.jpg,370,856,484,560,613.0,522.0,486,76
U5=Jgh5CmUgNmLSY2DS5u7v_gVLTcW28.jpg,345,742,482,550,543.5,516.0,397,68
u5ylNE7_weH=7bfravMshIFnDI1QjN.jpg,316,805,448,520,560.5,484.0,489,72
U6QgMjFry6Ckk7dWoiNv6vmmUCXJKW43.jpg,333,879,508,586,606.0,547.0,546,78
u7c13cDbxBHViJjGVfDDguDibT3jEV_.jpg,296,1010,520,623,653.0,571.5,714,103
U7dWi7SwdrPvxEincla2I82LoqQZcMN9.jpg,394,846,468,537,620.0,502.5,452,69
u7o=8HvdKcXQ_tc8tBeJ=WTvhS=WaD.jpg,430,839,421,483,634.5,452.0,409,62
U8FnjpV_IklpwIuPiNcZGsnCsM6uDl.jpg,409,943,499,580,676.0,539.5,534,81
U92cXHRwWW7h21XedWXTwYTzk4CSq4HE.jpg,264,642,474,545,453.0,509.5,378,71
U99bt2zRU_BvVaurQEQYoWRyiLaqPEd.jpg,348,786,444,509,567.0,476.5,438,65
U9GGaXfB17=PFWSrpp1XVl1d75dfXYOO.jpg,413,850,418,504,631.5,461.0,437,86
U=8QFrVE_scfQqekmzG5Kszh_fboNrm.jpg,219,822,494,577,520.5,535.5,603,83
u=ZKaXwrP9tehpzlBwwx5SmOTDzUj3T.jpg,381,840,432,502,610.5,467.0,459,70
ua24yYPl9IhyHi6iFunEdZR=t5Qwxkd3.jpg,385,800,424,491,592.5,457.5,415,67
uaWH5j3YNT2zagMswDeWwEnzJoSr4rVR.jpg,494,800,439,497,647.0,468.0,306,58
ub1lqu2Cvq3zu8JEQycfykWVNmGUfwo.jpg,441,806,496,565,623.5,530.5,365,69
ubih9StpndmdNjYt7rJd4S285Y3_Xk1B.jpg,263,818,510,589,540.5,549.5,555,79
uBK8HDy1ZoqsV77UTHj8j4I51_buvT7.jpg,439,860,457,520,649.5,488.5,421,63
ubonJSai4yxxpUac13VJD3ZZGxLU5w.jpg,256,851,521,612,553.5,566.5,595,91
uC=yqE==YjkCgEtHTIpz=DxcGRu6JIEO.jpg,464,762,453,511,613.0,482.0,298,58
UCajJ7k7GssOr1rOBCHrJLEPvRt6I4Q.jpg,345,1068,575,682,706.5,628.5,723,107
UCk5Fn766u_YqrBFZQCXHfLrXEWKt.jpg,418,902,436,508,660.0,472.0,484,72
UcYCkTvv9Q38vsErQ5vBFDoXz1UXO79.jpg,390,681,453,510,535.5,481.5,291,57
uD9VE1sgNKF3o2MBOM4YpsbXlrJDjL_.jpg,456,833,511,580,644.5,545.5,377,69
UDjKQGn9zU4TOKuzkMhcTLOZPQYY7D.jpg,411,837,425,500,624.0,462.5,426,75
UDKl7dQlOFa7t5UiraV=v=HgMDUHSz8.jpg,379,915,496,580,647.0,538.0,536,84
UDpuYNI_pdJsKLYq2kSFoeTdd5BHNNWZ.jpg,304,645,456,519,474.5,487.5,341,63
udqx5tBYHwjO6xD4dWKzf35DUTihtQpE.jpg,437,919,471,548,678.0,509.5,482,77
UdwGB5MhzFjwV_zxllNBP_fLyvfxddKT.jpg,323,846,501,577,584.5,539.0,523,76
Uelomd8IcPL=RrU99mzDN_UEkgbB7emh.jpg,374,927,505,590,650.5,547.5,553,85
uEsL9WH=TJRRnow3wZXEMIn=94KoYP.jpg,399,960,518,599,679.5,558.5,561,81
UexKY2HJ5TsWjbxxe7d8rHBqpK3hadIo.jpg,309,922,471,571,615.5,521.0,613,100
uF1awUbhgl_ZUwHG=uWa5v8XlEB2_I.jpg,304,837,455,542,570.5,498.5,533,87
uFb9X51_1mBR7m279oFWmciQk_o73vU.jpg,354,889,463,539,621.5,501.0,535,76
UfQsjCdcD1O1hTdjeVY=Dgcn2=xFbez.jpg,385,981,477,567,683.0,522.0,596,90
uFWaRgRei7szZRsLwRBNwsaNp3Omrd.jpg,380,695,445,503,537.5,474.0,315,58
UFwcPpFDmZogYv9dqvgxQydHgM4OIh4H.jpg,388,737,471,532,562.5,501.5,349,61
UFWfyKX1Sfl9b1I3YgSVVIuL3W277hO6.jpg,403,780,497,569,591.5,533.0,377,72
UfxQqJzohP83r8g5L=CqO4FFRCI6jttk.jpg,104,986,538,652,545.0,595.0,882,114
uFyFoDvvktBH2LYyw2Xa7x8o4UtCvup.jpg,425,892,437,509,658.5,473.0,467,72
Ug18lKJz8HHh9GPS4e29oCWo3p88X8Q.jpg,313,842,420,502,577.5,461.0,529,82
ug6m7oOHQIIGqLkNCJ=tfueZN2D_xmCo.jpg,370,847,446,532,608.5,489.0,477,86
ugKDm_enIiUdzflxO8dxzzrWhu68FbP.jpg,389,905,494,568,647.0,531.0,516,74
uGt7himekXSRIJdXuSzZ7MnENbGqxE.jpg,411,852,431,498,631.5,464.5,441,67
UgyqnZUlVHJbnPJDG9mgYuFHbJgalcJb.jpg,456,954,483,560,705.0,521.5,498,77
UH3mctrS4NGr=lB7om9UmLbpv8buoL.jpg,382,790,418,481,586.0,449.5,408,63
UH9zblwJQuTlaLhbFntL5UdsDDtBQT.jpg,289,777,446,521,533.0,483.5,488,75
UhFnNtLnnQPST=QGfwoXMLd7d3M6QUv8.jpg,397,722,473,533,559.5,503.0,325,60
uHIR=NSOFsTFrOI6Thi87_CIyf9iGlY.jpg,388,714,474,534,551.0,504.0,326,60
uhm85gLTobl8W34EY9_Ph9KPPO1qh8B.jpg,315,810,432,506,562.5,469.0,495,74
uhprf4wlVIg6Qr9aEzHwIiw9amY4B.jpg,386,836,429,500,611.0,464.5,450,71
Uh_HkLjNeiwQUFVCbqON3Z2366k4R=d.jpg,432,862,428,495,647.0,461.5,430,67
ui57druLYgI=mJqMcoRxrHkJr=3nLtff.jpg,454,890,452,522,672.0,487.0,436,70
Ui7F22icdEzi98Biezi2oNmHX7bjlJ.jpg,401,844,421,487,622.5,454.0,443,66
UIGIVtPjyJi9hOOGddoyPhfYYs4i.jpg,466,815,491,551,640.5,521.0,349,60
uigXbJpL5VSwlWVd8N2r52KuHpSFZuwx.jpg,308,650,449,516,479.0,482.5,342,67
uIlxsIly5EZup2RD1u2_o_rrQ6L6twN.jpg,482,894,437,507,688.0,472.0,412,70
uip4J1_ZLr=mhUyv6Uc5K_uvtXPHtR.jpg,450,942,448,518,696.0,483.0,492,70
uiqN1iXtTPGcwlsV7uu7=m8kxPxRNNf.jpg,409,854,464,532,631.5,498.0,445,68
UiwmdPqXM2bSLrG=maY=PtNgNah1b1.jpg,281,651,505,574,466.0,539.5,370,69
uiZ2pFQmsWUtb1XYMkRwJxf7h8SUrrJ.jpg,364,869,567,655,616.5,611.0,505,88
UjCCGH=e9746Z16bpIcYuOytQgMoLp.jpg,450,829,411,478,639.5,444.5,379,67
UjiYJFvNUDRV6f6VaTY9spEoaT=i31Y5.jpg,363,845,438,511,604.0,474.5,482,73
Ujxx72NHiVFqwGohTfKNPN_IOvgh_h.jpg,386,840,459,533,613.0,496.0,454,74
UK3dlS9N=PitQnnKumyNq=7tHXElLtgL.jpg,410,740,456,515,575.0,485.5,330,59
uK9VwQgjhZFo1V_lh8QdOQduhuamDzn.jpg,331,650,438,498,490.5,468.0,319,60
UkekdlFWoqITkpESIayQIPeHrbHm=x.jpg,385,881,438,515,633.0,476.5,496,77
Ukg6Qg2zcTvoNfh7nz=dBbdujCO3R4ZU.jpg,410,747,465,527,578.5,496.0,337,62
UKmKTnaioh58M35LlPL=SFXonFq92Qu.jpg,292,878,477,565,585.0,521.0,586,88
UkxxlLjK9Ld5ZlJlWCHhQHuNEjzSOq_.jpg,388,805,453,522,596.5,487.5,417,69
UL78WTx53n64I_wFVDcZbsjDlCfa9.jpg,412,906,444,553,659.0,498.5,494,109
uldiw87zUcMFCdc3Qonx_PmJupqS9Rjd.jpg,504,780,447,505,642.0,476.0,276,58
UleYZuywZJURpoqDdss8aTCmSOwxNvI.jpg,449,774,472,533,611.5,502.5,325,61
UlhUXpXnMtTwwxZ=usfI3fbmPpHqZ774.jpg,360,850,441,521,605.0,481.0,490,80
uLkLuZLWcy3SLnYxxTWoY3Ha7hwSBz.jpg,414,859,428,498,636.5,463.0,445,70
UlkV3RvUKZBrg7_q11q8L6UOgkQUXCdt.jpg,337,828,435,508,582.5,471.5,491,73
ulmkFrH5xXXxfo1QVJHzDLYFuKONR43i.jpg,277,763,444,518,520.0,481.0,486,74
uLovKRYDmXYKbZ=8Fkc9oLaXHrEQ_Uul.jpg,476,859,493,566,667.5,529.5,383,73
UlpGQZqVT1niQHjaXZPECiVaV5Ul5k.jpg,150,902,488,615,526.0,551.5,752,127
uM8Yy2qZNjd=jcPuZnlVvQQTXbNmcn.jpg,318,892,473,554,605.0,513.5,574,81
UMBIhrB4BorIdPd_t3Dh5jbQBU9RNSg.jpg,319,894,524,603,606.5,563.5,575,79
uMho=2UkfcZQv6MxLUDzZLqlZasijj.jpg,225,776,557,653,500.5,605.0,551,96
umJTSIC_Frr1Lj=JNzVRXHBV2jcYqh=j.jpg,394,837,434,503,615.5,468.5,443,69
umZPrTz6y98Wm5ySKd31Gc=DpGGZu896.jpg,412,716,444,501,564.0,472.5,304,57
UN2UDZbs=Fr=DoUuLWVcsO5TJmCSNRfz.jpg,425,733,462,520,579.0,491.0,308,58
unlywKuMphCz43JJfu1Seg4rveFRF6BU.jpg,473,764,443,498,618.5,470.5,291,55
UnvXxKFg96SfHxIvzl4RZsNM8gTM8e.jpg,394,770,505,574,582.0,539.5,376,69
UnysvP_ejxwS_8YI4kQgThMHV7x9k7j.jpg,363,693,447,509,528.0,478.0,330,62
uO1hTlvDfxPR6TLDnHn9PrEgEbE2ai.jpg,439,940,454,535,689.5,494.5,501,81
UO83kCItU3IDjg8umQOoBKJh_rs_w.jpg,308,754,427,498,531.0,462.5,446,71
uODvDD7dh9q__aYNmx5TlKoLW3aqP.jpg,511,838,451,512,674.5,481.5,327,61
uOdy3EMBYC4Sm3QToq5JlW74n6SeytU.jpg,343,925,474,567,634.0,520.5,582,93
uOKMamuqur6Oyban_B6XT1zVhysts2X.jpg,435,934,477,559,684.5,518.0,499,82
uOkn5MkpVPdiXqSiVLfZbgmcSh98F9oz.jpg,459,801,486,548,630.0,517.0,342,62
UoVvL9G2yifgixrb4iNUFWp32ayB.jpg,431,922,476,552,676.5,514.0,491,76
UOvZcdhs=NSha23WLS6wyoxtcf9Bcr.jpg,349,751,420,483,550.0,451.5,402,63
uP86UOhN5RKfrvFtFsKLS3MiCUmuSF.jpg,370,869,485,558,619.5,521.5,499,73
upDZ6WLBfuXRjeaSqE756Lu=qJWjC.jpg,313,754,428,497,533.5,462.5,441,69
upFsaLMrDahQ7DEejvMN9g19w7wbfW.jpg,420,833,423,489,626.5,456.0,413,66
UpqqWa6qd25eORMvwdY_Cb2E4Upyatk.jpg,460,792,481,541,626.0,511.0,332,60
UpXzOcMbZNDYnnTNbiWy4i95zolhGT.jpg,410,867,429,508,638.5,468.5,457,79
uPZCJ4bkwSPC3qKzI16pUW=P=brBF5.jpg,314,681,458,522,497.5,490.0,367,64
Uq4fzsDcSfUaoXByMoD4R5RV5oZ3SRMt.jpg,433,839,442,504,636.0,473.0,406,62
UQ5dT_boaznXHFmPKqUo3Wp7Kqp5vf.jpg,210,829,506,590,519.5,548.0,619,84
uq61UCPfVoLURsVnVb_Z6aHnFMoadYt.jpg,320,848,504,588,584.0,546.0,528,84
UQEgECZXXvo4rawJTj5ptNyhHBaXdrn.jpg,405,866,443,510,635.5,476.5,461,67
uqMhytLLK9tS2SJivHdI28oMl924N.jpg,294,772,442,515,533.0,478.5,478,73
Uqpi9ixcfUfeDWEvCekKrPTFMBCchRlg.jpg,350,753,445,507,551.5,476.0,403,62
UQwzVdga8W2rtaaOUswhglI3Eho5NzmG.jpg,411,999,520,609,705.0,564.5,588,89
uqzLU=MlFDej4HJf2HVEJ4R8NqIZWRfZ.jpg,365,853,439,512,609.0,475.5,488,73
ur7SjHSVrphd9tUJNRr6Hi6SU8R_ut.jpg,412,714,434,494,563.0,464.0,302,60
UreTeVvqRmKLd7NJhLOWiGaPa_j7DCJ.jpg,439,757,470,531,598.0,500.5,318,61
UrF8RVbBpvT6GIu87LdoptbJjoHtnp1.jpg,405,923,453,535,664.0,494.0,518,82
uROdZGdYDwrMmpMqHY2NKfncTSDJL952.jpg,268,819,459,544,543.5,501.5,551,85
UrXrDbSYUykeC_T2ofkBfZ4lKXMl_Cc.jpg,453,875,457,522,664.0,489.5,422,65
US2zPflzlbnWQfK5aNlzZakIVRFk7V2.jpg,581,940,448,517,760.5,482.5,359,69
uSO5wjPgBLb2sf3UlZE2scW17vIbjj.jpg,479,837,499,565,658.0,532.0,358,66
UT1zWU36dixmFPLoNTkzZ74PkjOnXQIH.jpg,457,771,463,523,614.0,493.0,314,60
uT4=IduEUGBGnt1QOzVB8=EGVBQl_IL.jpg,339,661,472,533,500.0,502.5,322,61
UTJDuH4zCX72y2_VWIx7OtjvHfgFQS.jpg,388,816,455,521,602.0,488.0,428,66
uU8tC=HE96idNDfJNBdo2Mij1hFB9q.jpg,365,763,438,498,564.0,468.0,398,60
uUaVJTe_iIQ1tqxDoOfnUXj8VXCkzsCK.jpg,309,807,454,527,558.0,490.5,498,73
UuM3GkV5kMmp6qT8BH2MjiLjOUBKQ7z.jpg,440,899,437,505,669.5,471.0,459,68
uUTwqWDyzOOzK=tYXmVW2naQKeWxPiBR.jpg,353,699,462,525,526.0,493.5,346,63
uV5EUD5tpZmktWJDFKFMBTiX7Rt4FaZ.jpg,390,948,454,540,669.0,497.0,558,86
uvDuZtIPx3VcsJSLRPiRv6CWflMGvs.jpg,473,914,461,531,693.5,496.0,441,70
uvlL3GrzvTpg4M_qvWgO1e5YkodJEjw.jpg,503,791,423,481,647.0,452.0,288,58
UvqWmcIZYk3J5sCdc7Xt7zXG5k9dE=m.jpg,365,710,454,517,537.5,485.5,345,63
uVWEw2PCskta3gC4OS1rNzg8xH6_26Q.jpg,419,743,448,506,581.0,477.0,324,58
Uw2o7xMERaCfF13f3dnmbVo9z6hJtXZ.jpg,364,954,508,603,659.0,555.5,590,95
uwaV=znIRSDOj74ItCVxosgvKubOnn4x.jpg,446,876,425,492,661.0,458.5,430,67
uwfmGgjfrqPUy=VTdXTidNfvVNowv.jpg,434,729,437,493,581.5,465.0,295,56
UwR=MaskkdzjFtsgMy8XqjjrdthxzDD.jpg,224,802,483,573,513.0,528.0,578,90
uwwOIr9MWErsXhitQr789RuqXQz=MRN.jpg,453,902,426,500,677.5,463.0,449,74
ux27NBcV8qaWHS9etm1GOXSpyPGlfV1.jpg,325,989,539,633,657.0,586.0,664,94
ux4YiHy11Z9TJu83yNxuacP2LPsRnjlq.jpg,418,846,457,523,632.0,490.0,428,66
uX5rWwqnY3NCsxy4y87GOgyBByftjoF.jpg,436,891,475,545,663.5,510.0,455,70
uX6oey44ssCxvGRJ2xlwzorPtW6F5fS.jpg,396,766,495,562,581.0,528.5,370,67
uXaql1Pb6cJsTEdL9tYWGucLckYB47Yt.jpg,390,715,455,514,552.5,484.5,325,59
uXb45TronRa5qg5JC1BvSwuOKS5M6vV_.jpg,373,791,419,497,582.0,458.0,418,78
uXcJfzC2ew_rdCR6wm7eC2eEg9D1Sj.jpg,385,686,443,500,535.5,471.5,301,57
uxeYgFETBLWVe4P=gSCIMbbEWpqPfq.jpg,320,869,528,626,594.5,577.0,549,98
UXHaFStwDopnrJfQ3ygbqcXxVd1Vv4j.jpg,416,755,481,543,585.5,512.0,339,62
uXlo7=ujTBpwBzhUxjcZLI6YrEPQTQC9.jpg,409,934,498,576,671.5,537.0,525,78
uXnoWDgxBN_JrMqObRULMMzMvwFQrHT.jpg,359,821,506,586,590.0,546.0,462,80
uXOCqUJp1BLByClvVXTNcOQa7_YBadWg.jpg,413,923,455,529,668.0,492.0,510,74
uxoulaO5EkhDjgIYKTri2vCvNe3Hsakf.jpg,319,757,433,500,538.0,466.5,438,67
UXzJ1YXJfoaGqOXjmT72uY8idpisOeY.jpg,466,773,430,489,619.5,459.5,307,59
uy1umNDdGDl1JfCZIDpLcdnDPhWf3vbV.jpg,442,749,440,496,595.5,468.0,307,56
UY832hNglpejpMqsd=XLIngpfL5sY=TO.jpg,445,716,424,478,580.5,451.0,271,54
uYa_uCZlNzGswVvGgHJWSfqdlel43e.jpg,292,724,439,505,508.0,472.0,432,66
UYbx3ZlU_UZBf9auuWFHL=81gXlo5hHa.jpg,388,719,461,522,553.5,491.5,331,61
uycp3UPCI7nG8uFCtUiXIuFX3IDrwpkK.jpg,439,874,430,498,656.5,464.0,435,68
UYIwhH1VCa_rG4obVOnx7m6lp8i1CQ.jpg,287,907,485,582,597.0,533.5,620,97
UYl1REUmp_WoFcWFK5eDEwK8DyGJ7vwq.jpg,359,1122,546,657,740.5,601.5,763,111
UYPSjyemsP8YLfKEiot2ie6Yfk8fdsjV.jpg,588,1066,498,580,827.0,539.0,478,82
uyq2vGTEYK=2rmtcVc7aN6c5fTfc_lhW.jpg,445,790,479,543,617.5,511.0,345,64
uYVbI8b=LE_Uz6pPaU4IIyRgemgmgP.jpg,419,829,417,484,624.0,450.5,410,67
UyVmXTbKlJsq33YRcKuDC1NzI8mT7Ly1.jpg,323,851,456,545,587.0,500.5,528,89
UywVWpDyQZc9dVtQrRvrZMseX=BDcO.jpg,424,756,471,534,590.0,502.5,332,63
UYYrQ6QIEpSvY9wSouZ9zvZcKsVdLBYn.jpg,391,975,518,602,683.0,560.0,584,84
UZa4UfQ1PJh8DYy1SKwzDfTSloyKuKsa.jpg,272,1080,544,668,676.0,606.0,808,124
uZkPzyQmBcjibvaUtXRZxpTdj3CddV1.jpg,416,872,553,633,644.0,593.0,456,80
uzmDoz1VbXPIjomHL9rvJbnzJzKpe8ky.jpg,343,787,426,496,565.0,461.0,444,70
UZyzzPbxczPppS81lifinmvF1u=edBc.jpg,486,810,440,503,648.0,471.5,324,63
U_aBMViG2_bFfImGaYsmSgMdg6vNtju.jpg,431,901,469,546,666.0,507.5,470,77
U_jj8pI4wgaOifoi=BMXEWPfoPBXC7O.jpg,175,834,504,593,504.5,548.5,659,89
V12gFpj1y1vZG3ELYhpEewp_Np=bm1.jpg,346,673,446,508,509.5,477.0,327,62
V17Gum1tGZ8lsiEDYE7yDTipma6TyH.jpg,340,759,426,490,549.5,458.0,419,64
V1gZV1P42kLeN3M69Cp7jm5lW1oxxY.jpg,353,852,478,553,602.5,515.5,499,75
V3aCwbEjxrE=bY9ujCxO4_H61R9DYlEz.jpg,461,814,455,522,637.5,488.5,353,67
v3f2E=of=Dws=LyeNo4Wk55aVUkFU5JK.jpg,456,886,428,496,671.0,462.0,430,68
v3Qlad8bSILdww9JiDbIsCpya8G_uX.jpg,365,917,444,529,641.0,486.5,552,85
v4cruvgtBLZ1Q=mB1yDtmY9PvDrC=Y.jpg,398,863,439,510,630.5,474.5,465,71
V4gV2umHF47dsHnXOyuZdSkUgw4MTc7K.jpg,386,790,418,493,588.0,455.5,404,75
v4NcZ2OaEGhS7FP_d45FcqWWdc1q9.jpg,403,933,457,542,668.0,499.5,530,85
v4V8=RpHr2EH_I36dLJwF4lxPPwJBh9.jpg,412,882,442,514,647.0,478.0,470,72
V57V8Ls87qVZQs7EQFh4WnrUiTSeOQff.jpg,397,886,430,505,641.5,467.5,489,75
V5=ElCOraTF4I9q97faQJGc16OXmPj1i.jpg,429,892,440,511,660.5,475.5,463,71
v6bUv48w2N2JrTIm7C14iz9vs5ruvzv.jpg,421,880,431,511,650.5,471.0,459,80
V6uURNisGMJKf5n8HTSapMwJUIqPYRy.jpg,254,832,522,605,543.0,563.5,578,83
v73KaHcM=UKuiSSPdMO2ohSw3RivoKc.jpg,369,891,451,531,630.0,491.0,522,80
V7F4cK9E_bVVWYS3Xs8Pqgic3rh=7Cu.jpg,329,719,447,520,524.0,483.5,390,73
v7Ggfhty3apcnur8Is_tVXVIRtQdtJd.jpg,306,873,514,593,589.5,553.5,567,79
V7JNWL4mJPWz=587dnk95wfuC3XLiS7.jpg,489,929,457,526,709.0,491.5,440,69
v7M3xPShSZoiMqoep6FEVTaOVxcIh4.jpg,480,768,437,492,624.0,464.5,288,55
V7N_TxIamknOXB54jDFfm9pOzYwqNm6.jpg,422,849,418,487,635.5,452.5,427,69
V7pIi5ZmFFwU7ce5OiRl=hfVsUplilK.jpg,365,791,453,518,578.0,485.5,426,65
v7qSzLwpOEmOr16K7FUmLHf_af1LtY11.jpg,399,818,463,528,608.5,495.5,419,65
V7zIPp6t5SK7f__2CGwKo7=4TwDXUW8_.jpg,431,839,448,513,635.0,480.5,408,65
V81Q8iOHj6aYubt15JRC8XpZDdS5v19.jpg,480,794,468,528,637.0,498.0,314,60
V8hOKylxZCJb_dJH6Oyfzw=pDUNaN1_l.jpg,278,582,462,523,430.0,492.5,304,61
V8ZhWFo6sgucBy52S5gvmE3FKH=jop.jpg,431,859,420,499,645.0,459.5,428,79
v8_tPlloHEc4WhijNQkzQW=xWNOOBdT.jpg,427,723,436,493,575.0,464.5,296,57
v9It3fGpewIQzT89hMk3IpQ59x9yVsu.jpg,375,683,452,510,529.0,481.0,308,58
V9sEoNkkeJ1lB5VOFqGTMrN11DNFjEe.jpg,384,813,424,505,598.5,464.5,429,81
v=ilV4H3fnWajMsHQXn5G7xpFMzbex.jpg,412,809,430,496,610.5,463.0,397,66
V=JsicSczjuxBx8QsFhQiVFbrxT9eX.jpg,315,752,422,487,533.5,454.5,437,65
v=NPo_x7H=4JTCpeC=3n8ZIBkPjr9wL.jpg,238,774,464,543,506.0,503.5,536,79
v=_9IcNaqIgekv3DPXlXHxfWtYe3S3QZ.jpg,325,881,460,538,603.0,499.0,556,78
vaBjyWPpCLN=oSbz1kjSejZFs4ulQ.jpg,397,888,474,550,642.5,512.0,491,76
VaKbgiLyFdK38n=URcYDzFa7y4IECt.jpg,444,894,437,504,669.0,470.5,450,67
VB97O9Opc2LOH_YQ_667oO_YHMSDxBs.jpg,384,950,472,556,667.0,514.0,566,84
VbeyUlOuBwjTdQzzWCT3zXWc92lvwC7H.jpg,346,781,422,507,563.5,464.5,435,85
vbfmQQfoCiLzGhgswu1oCidGowWnWrN.jpg,379,830,432,500,604.5,466.0,451,68
VBIGMxU3Pk9zmbL8DtN8QLOCU2PRRXMt.jpg,530,863,452,515,696.5,483.5,333,63
vBPfrHhcsKrOXU26TQf3hPjKzURQsqbG.jpg,359,668,436,493,513.5,464.5,309,57
VBWekj7PU=DnzClRqHgmmhF2OzBrm.jpg,311,762,434,503,536.5,468.5,451,69
vC9zDxeu6Iy1wncSgWD=21tYBmsNK.jpg,404,971,477,562,687.5,519.5,567,85
vc=eGIUBXJUiYiS5xJotUFsrxi1HEPdF.jpg,436,705,422,476,570.5,449.0,269,54
VcUgnVQD1T87ec=9aNwGsL3rMaPv==1.jpg,453,764,459,517,608.5,488.0,311,58
vc_eV8Fo4ZI6yQ36XC6Q7bZm_5o9x_3U.jpg,468,766,440,495,617.0,467.5,298,55
vdms9yR2thDzxuURp9p1zt2xyNvXKT1.jpg,309,776,434,506,542.5,470.0,467,72
vDpxPvwGJz6d713En2UW8bhCDjLZut3q.jpg,392,979,524,610,685.5,567.0,587,86
VDQnF8yMdG27Si9GjTOuGptVPyhqlob9.jpg,377,932,465,548,654.5,506.5,555,83
vDxHJO_jPGC=y3LGtH_YWFMTbgSqcKt.jpg,335,919,523,603,627.0,563.0,584,80
VE2zRK=3K7HzaDJC9F9OvbLarXWRmOB.jpg,320,832,478,561,576.0,519.5,512,83
VE=Xo18Yb4EZF6djus2pHkqRY31fW.jpg,344,745,424,486,544.5,455.0,401,62
VeYrnYHCuzMKZIcO_lRUhcEG_z9TGcv.jpg,281,678,488,560,479.5,524.0,397,72
VF1Udwj6eIar8VGgPOhv4eDkfEskQp.jpg,391,808,415,477,599.5,446.0,417,62
VFDQbwRrkpswgrHIJkzJGmzCapwIPf.jpg,326,818,446,521,572.0,483.5,492,75
VffJmHdxDNCGfPgoZCRYFTrpz9I1P1Ex.jpg,489,810,469,530,649.5,499.5,321,61
vFOudoKGtdnBLKv92EkYRHkD3pnuu.jpg,362,843,439,511,602.5,475.0,481,72
vFUE3UI9IesMb1yNuezLgPE1_P3ecih.jpg,310,836,455,534,573.0,494.5,526,79
VfUTE3Mo=pR1vkTwi3PNKCdGPSMk5=ky.jpg,404,935,462,541,669.5,501.5,531,79
vfzOM16O5Z3UcWlaWy9kC8zOmMBOxS.jpg,476,756,446,500,616.0,473.0,280,54
VG13Zz=CxLWHDvFd4S6a6bNyMpyZ2W.jpg,365,810,457,524,587.5,490.5,445,67
Vg6VETrbdf9r3jZnpVZ8HwxfbnDhZ.jpg,350,893,500,582,621.5,541.0,543,82
VG732ThceUGgOtqgtZm=j_Z5ze1NYUc.jpg,313,723,443,506,518.0,474.5,410,63
vGdtH8ggKk5UM=XREfnjBIrgBK8TO6.jpg,428,874,428,499,651.0,463.5,446,71
Vgepmq7rGE8VRC7nIlccaRCSbaS7p7Qg.jpg,405,844,424,506,624.5,465.0,439,82
vGiO=TNrjX74QoUyYVn4LVTBCHrrkiYL.jpg,467,810,487,549,638.5,518.0,343,62
vGVQGuYs3MeboO3yCSmkjNOye85toW.jpg,396,683,428,483,539.5,455.5,287,55
VGwDc_mTGuoEMdLPdrDPGSkMNJeHCOoT.jpg,415,762,448,511,588.5,479.5,347,63
VH2ixfuDIMM=7kcy4Bj9QGGqTzUN_F.jpg,426,799,500,571,612.5,535.5,373,71
VH2VMyr=CXZFnqoSt6wP2D1vm8ufK1r.jpg,361,880,464,543,620.5,503.5,519,79
vhbCkc5VYnJKQoKjMM9zsVBz5UYbEehX.jpg,438,817,511,582,627.5,546.5,379,71
vHC6XmwwQtWRcfrNdD=q6C9dVLZR74Hy.jpg,345,847,448,528,596.0,488.0,502,80
VhfG1_W5KWU=Ms5pTKwwpr=bv8zp.jpg,493,968,473,551,730.5,512.0,475,78
vhgj1UyO3I69zDDtxlkB9EoeOzXU9bz.jpg,428,716,450,506,572.0,478.0,288,56
vHK41qI8CvcGVJazTTBnfVoalMU5jOBI.jpg,502,770,418,472,636.0,445.0,268,54
vHlvDQ4SVPe5xKaRGzlmwyx7f_mqq=n.jpg,363,776,419,486,569.5,452.5,413,67
VHop2GGdeBpGvanBvsMIl1KYwaqSqoCr.jpg,353,925,515,597,639.0,556.0,572,82
vhQf8P1azwf74qC=qkDRMdy_a3tCZ3.jpg,454,853,441,507,653.5,474.0,399,66
vHqS3YTEL74Pb=gF4Eth=zjxpOKD.jpg,373,675,445,504,524.0,474.5,302,59
vhR4Q_iCPLpuPWK4k56NUdD1ypoCLFVm.jpg,390,933,504,586,661.5,545.0,543,82
VHW529HCJRZRrT5=6FradSYFTzvRi6uR.jpg,297,1069,541,657,683.0,599.0,772,116
VH_UiXkWsBW=QwegbyZdSUBHTC5a5p.jpg,344,686,458,521,515.0,489.5,342,63
VI1_Z=cRFSi7jS9ZM9uhgaQSxTF6L=q.jpg,339,895,508,594,617.0,551.0,556,86
VI3P13hCGtspia=ON_RF5RjEcXfc_YZP.jpg,337,837,453,529,587.0,491.0,500,76
Vicjn617scpGSGkLVKxdjkZHQFYFpSZM.jpg,467,753,452,509,610.0,480.5,286,57
viEBJp99RqKmemIyc2ddbDXIaeu6bRN.jpg,460,900,450,520,680.0,485.0,440,70
viHkHpBoOM3d5Q8OKC5EDUW9dvX5yosR.jpg,489,790,442,499,639.5,470.5,301,57
viIZlHroxIW43NchVabnLvn_oPcZL1jH.jpg,362,911,451,534,636.5,492.5,549,83
VIw_Mbb63GUkmy2Jwy9syzg7WE=XDg.jpg,340,854,493,567,597.0,530.0,514,74
vJ8ImSZlrcW8mS8ReIy4oVUVUKiJ2L5.jpg,342,867,470,545,604.5,507.5,525,75
VjSGlkIyC1wpUbTOzCaeUppGnn3_gl_n.jpg,415,844,430,508,629.5,469.0,429,78
VjxpPGTvppqJYp=qoDgK9p1FWzeQzPDP.jpg,398,940,499,585,669.0,542.0,542,86
VK4HF6ppLpZW=Uia4hnow7jQ=OxHNJ.jpg,443,752,465,523,597.5,494.0,309,58
Vk5Oky63LiOo3NtVW1pXVHwHkUhanl4.jpg,283,769,428,502,526.0,465.0,486,74
vkE2JilTjS8G86tc5_qLxhnOH=G7SB.jpg,335,800,433,511,567.5,472.0,465,78
vKi8Q5xmiyj2ulWsepXDv7rXy7VBCB5.jpg,303,769,426,497,536.0,461.5,466,71
vKJpx174sSgEqXZPt89bij7IJmDlir6.jpg,385,823,422,486,604.0,454.0,438,64
vKN1hglavfCayR7p3yNFLYQPsi6Mo.jpg,481,864,490,560,672.5,525.0,383,70
vKQ2YLPxn8p_BmFKqGlGX94KdDTIQ8W.jpg,381,823,428,496,602.0,462.0,442,68
vKRU4c959wcUgBbphDdOzBS3VMawzmT.jpg,424,871,465,533,647.5,499.0,447,68
Vkt5ghIjDyBu1v9pEw3UzPqLSoqby2c.jpg,450,749,428,487,599.5,457.5,299,59
vKXFY2QzFszBxiOZlOH3Zs7i3hHuymaG.jpg,373,848,466,560,610.5,513.0,475,94
Vl4o1Z2B8uBDWPLeZU6uEF1OieelOM5l.jpg,397,900,432,509,648.5,470.5,503,77
VLfQOd4q9l99CNfCY_7J_ngjO=NHLth.jpg,349,752,423,486,550.5,454.5,403,63
vlYFNUwUd7o_gYJ14pcZdBxYI6wl9K.jpg,276,780,453,535,528.0,494.0,504,82
VM3ieoxyh8j2Vl38q1bsPa=dpPs8bD7N.jpg,163,917,535,641,540.0,588.0,754,106
vmhz_6Lkc6O_JVSeWhgn2WDzLUPvU58e.jpg,446,843,517,588,644.5,552.5,397,71
VmtY8U4TgTwrE8DPu7gpuNZZn2lVCiUt.jpg,383,827,421,488,605.0,454.5,444,67
VN4zaFDC_WRQPHEdfTHYiBI=CW46oqx1.jpg,413,927,454,541,670.0,497.5,514,87
vnFFdZ3CKypc8SN7PPjfnTELo7Dfu_.jpg,421,780,488,557,600.5,522.5,359,69
VNrm8_3uXKdaearViWTROjQLqonbuEbE.jpg,417,948,484,571,682.5,527.5,531,87
vOFtXKNkOZ5Bdmm5_VIJJ=iqF25l=QK.jpg,391,876,442,514,633.5,478.0,485,72
VOjx1qWmn6rC4rK7wtcDYJxbz8SPjk=.jpg,312,755,421,513,533.5,467.0,443,92
VolslZUu5QdR7VSoI=4l2nIk8svb5DEB.jpg,439,793,489,552,616.0,520.5,354,63
voUjUobk5H9UwUg6HBvgyjGqu_yIXm8.jpg,416,975,505,592,695.5,548.5,559,87
Vp2gBbh1RHdo_jgchxUB64lh_wf1sd=o.jpg,403,832,460,533,617.5,496.5,429,73
Vp43zoiHd=lthvD1Nk=Rf7EZr_VthH.jpg,333,727,476,544,530.0,510.0,394,68
Vp7oRnQGr_JFZEwXrtzxjedYLgb2o57a.jpg,428,716,429,486,572.0,457.5,288,57
VPC7Xs5pyksMNdZgLPv1e7BimOFPHIot.jpg,499,918,423,488,708.5,455.5,419,65
vpebs9j6nQBsvBT5TK9t5CU1=fz_dUE.jpg,337,787,424,494,562.0,459.0,450,70
VpJOricj5iPBsNZYrvceFhTUlFQKZq_.jpg,350,838,433,504,594.0,468.5,488,71
vPygcGBnLBcL9BgnlRHjyndBYYd7bkM=.jpg,351,1165,596,721,758.0,658.5,814,125
vqKNVWBxbQTk3QcjniaYqkbi6z5Jhdd.jpg,310,840,486,571,575.0,528.5,530,85
VQkxfVv3mtp5IURH=j8RsIi2TVKqQZc.jpg,346,652,429,489,499.0,459.0,306,60
vQrV7eapK=6O7RDUD4ldCJaIgLwtr.jpg,476,1034,499,590,755.0,544.5,558,91
vQvGsgaqzGCYIaEMOkRtE3ceQaI5Vs.jpg,256,836,486,568,546.0,527.0,580,82
vQzDEOfDOHW6eonnmGlwQwBQMRQuhnya.jpg,369,979,492,580,674.0,536.0,610,88
vRp8P=Mvz3tgbthgQ4l9gFNF1nb6j.jpg,528,820,429,485,674.0,457.0,292,56
VrRoZ1mLZ4OdUzhWhPMdQrPbxCwLBh3.jpg,301,772,434,512,536.5,473.0,471,78
VRtWftybacO9aSsqgwlplqdNn=3IxdGg.jpg,406,788,410,479,597.0,444.5,382,69
VRZp7WjcwReNgRCC9=l8WFopExX1xj.jpg,378,861,429,504,619.5,466.5,483,75
VS66yUWSOMC6gI_7ZlavRWqOBNCQFaz7.jpg,330,866,458,539,598.0,498.5,536,81
VS7UOMklVDrYaxpu9FKlqGn58BjW8so.jpg,332,793,433,504,562.5,468.5,461,71
VsBOtCsgmbjfsSYn4Tlig45D=kHekudf.jpg,402,829,421,491,615.5,456.0,427,70
VSbZMUqsaPcBZZW5Z8BynY_BoaRJl87J.jpg,362,886,488,574,624.0,531.0,524,86
VSDqVL=lnCkg9R5STLhx=W5DEG_ZW5o.jpg,230,788,458,536,509.0,497.0,558,78
VsOeGYItHlw_dNENTa7ZgEIe96zcpbJ.jpg,499,870,498,565,684.5,531.5,371,67
VsS8D6sTehyKWYcZ5lfmufqJp11otr.jpg,448,775,478,539,611.5,508.5,327,61
vt4hxtcBP7WEGmiuoCpUIo552FtKR7R.jpg,467,870,416,478,668.5,447.0,403,62
vTfqLr__iQJciDR_lQURzkbr4CUg9BHv.jpg,447,880,464,530,663.5,497.0,433,66
VtKJbJEpSWuns6higqqNotaFYrIGfzG.jpg,207,761,494,581,484.0,537.5,554,87
vTNbXqa5Rzs6gVS56eisUPSTEN=ezj.jpg,322,775,456,522,548.5,489.0,453,66
vtO7eVNR3MDpONr7g8GQIKPNg7wVfeE.jpg,375,877,442,517,626.0,479.5,502,75
vtTQXjnKKBrxrbhIn_YeNEulSFrPDex.jpg,403,776,499,567,589.5,533.0,373,68
VTzm6elnlJy1NhB44EjM3YsUVc1ZtuwB.jpg,461,780,453,510,620.5,481.5,319,57
Vu1u2TmcbkRw=jDxl4NHsLBXf=mcKXu.jpg,457,887,462,527,672.0,494.5,430,65
vUaK46NKMhXrUJKZP33uZovcIUDPK4y.jpg,415,931,449,527,673.0,488.0,516,78
vueSmDoZBTQ=ksUCPllCtjLmvWyXkI.jpg,445,834,412,490,639.5,451.0,389,78
VugezeUkQgm4OsStO1C9=Ie823oLog2.jpg,454,801,454,517,627.5,485.5,347,63
VUnNz4fkBCpn6igvkwcYmVsT_Te8C_.jpg,367,1123,558,675,745.0,616.5,756,117
vUPpNxLHP2BVzs5pNfK7kExfmxicRaC.jpg,371,942,477,562,656.5,519.5,571,85
VuRGTSELXdVGRrXT=yPfkFIgbjdwTiH.jpg,282,776,446,523,529.0,484.5,494,77
vuXDZInLEMUfC4t6EQNpt2Ilvw9mmdVx.jpg,449,960,495,571,704.5,533.0,511,76
VvCSpfzjevrT4ahxBgbMHWw47UNKLc.jpg,509,799,428,488,654.0,458.0,290,60
VvKKMMZkhfwfki5nB5rbK3fkEUj5No.jpg,395,961,509,593,678.0,551.0,566,84
vvLtOPwLdu9DUpdmjWjv2ByjcvsNViFJ.jpg,376,867,446,517,621.5,481.5,491,71
Vvu46tFWZN8Wlc_Ig4ojQmby88h4x.jpg,392,915,500,581,653.5,540.5,523,81
vw=dcwXZDCZfnKCqPSPS=caF_Scunkx.jpg,378,771,414,474,574.5,444.0,393,60
VWaCmabPHUEIvwc4QaPI1x9nmHMp12.jpg,421,965,468,546,693.0,507.0,544,78
VwFs8BgCc8Iz2BsKw6DwbV37a1Q_ejkO.jpg,260,711,458,526,485.5,492.0,451,68
vwOd9x5PdcmxoZTfJW3fYg=iGNoVi3c.jpg,475,876,410,476,675.5,443.0,401,66
vWXNVCbO9NQsjR3YPqfCFaBmGMV79sQt.jpg,317,749,418,483,533.0,450.5,432,65
VWxXPutbEmppKdY47lcxIDg9ceCnghQE.jpg,407,978,512,599,692.5,555.5,571,87
vWZUYCkyG3ylzkPlhwXHLoPKiDTjKq.jpg,402,935,503,584,668.5,543.5,533,81
Vx47QOOguTY1MDRN21ZXPGdllV=WdQY.jpg,486,825,475,537,655.5,506.0,339,62
VXDXMyxO5SyOR18hl=jt1eYBlMnzSh.jpg,287,778,454,525,532.5,489.5,491,71
VXFDwWlvLGv3MeDjfmSinpdl8uRrC6k.jpg,433,922,485,556,677.5,520.5,489,71
vXghESuao_xFsCtP_pvl38Dqn1dcuS.jpg,322,858,462,542,590.0,502.0,536,80
VXIXcuzS=u4Iv_MRs4=_IgOvXn7URumL.jpg,401,756,474,538,578.5,506.0,355,64
vxZfrkO46uSm89gthZs_ZosqziE7tJv.jpg,345,846,435,509,595.5,472.0,501,74
Vy6uu6ObHfQul9l8Gimk_DbjHSD27df.jpg,487,788,462,519,637.5,490.5,301,57
VyGwo57bX3emtPsWuZOecc1bYiLxLdMq.jpg,369,949,523,617,659.0,570.0,580,94
Vyi7sRPwrba6MB7O=kp5jLps__DCjFQ.jpg,441,863,455,522,652.0,488.5,422,67
VykFmmh_bno5bShSVT=ityFivEOglQ.jpg,313,656,455,518,484.5,486.5,343,63
VyKu2bqrY3qudbhqN64nN5EZfgeNbf9G.jpg,376,663,414,471,519.5,442.5,287,57
VZB1xRO2bOOFtW94szGTiMBwqYfmKe.jpg,448,912,471,541,680.0,506.0,464,70
vZdQjT_xSkmaOsxcVV8s5x_KK8IFZj.jpg,493,809,464,523,651.0,493.5,316,59
VzGgLWDWO_aeY8WFxYpwO1nKNQHJpN.jpg,472,863,514,589,667.5,551.5,391,75
vZOaDk4xeb=oExmID7uDLEanPLn735Yp.jpg,405,810,411,491,607.5,451.0,405,80
VZoQzx9XTjcg61Oq8PcWstphfnDjO=S.jpg,305,798,496,571,551.5,533.5,493,75
vZQDK3PCEFP9tfxX=SZyyavbLeyLQMb.jpg,384,675,435,491,529.5,463.0,291,56
vZtF6X3WXRk=w4H_iCVCH5MCz4YZkFL.jpg,451,797,489,555,624.0,522.0,346,66
v_DxffMUtH6BFtg8HPGYOy7mUpn=7HTZ.jpg,390,804,530,604,597.0,567.0,414,74
W1a5PWqjbNRt6kqZYP7OpEV79F2Yul.jpg,365,1077,565,667,721.0,616.0,712,102
W1d7tpVorHlVowUPinujVRo4Rq3kzuq.jpg,399,706,464,520,552.5,492.0,307,56
w1OZVoI171W7SxxCjQJk1Uf52cGD_Hd.jpg,308,775,444,515,541.5,479.5,467,71
w1TaIut3ChGOifvIHkGQo3DP18CQ9qQ.jpg,521,872,457,526,696.5,491.5,351,69
W1wT4Qu8pvZkaZOwQUKkYKr1gp3hh17.jpg,290,653,470,535,471.5,502.5,363,65
W1XOBqiX8Hs7ivVawT_rnMTJXRo6YDv3.jpg,432,752,471,530,592.0,500.5,320,59
W26mgKoQH4ISuwbbRqKH1SqYrGxjr315.jpg,338,882,464,548,610.0,506.0,544,84
W2bfDnvQfMhiYQ2T5Suk=oz7KkLbZLm.jpg,450,835,415,477,642.5,446.0,385,62
W2H9XKQT9yxrdwoM=1My9pjYXIr9iQ6.jpg,460,911,434,502,685.5,468.0,451,68
w2KeSd8_Er5DsvnCzXbc2jPnd5KWjxS.jpg,450,874,427,494,662.0,460.5,424,67
W2t9Hq=PCF4pzHwPuaH=CD8_seGBWj9=.jpg,452,911,423,494,681.5,458.5,459,71
W37u8Ggj7kqBM1sfajHPD4qtwYhQfQbt.jpg,505,955,438,512,730.0,475.0,450,74
w3oXhx=jsf48Ej_G6MXRxjxGBianQd95.jpg,442,825,508,578,633.5,543.0,383,70
W3qoKmrEIYcCvWtSN1oeF4OPCsJLqvQ.jpg,426,957,502,584,691.5,543.0,531,82
w3rKtT72G9c1zNzuLKuvzCmpqOZjIqbW.jpg,334,869,458,537,601.5,497.5,535,79
W3_7pmJCNrZiJB_ZaTFRYLFTwcfxck7n.jpg,309,890,521,601,599.5,561.0,581,80
W487_m5_VRLV3YFWWpUjLyoHOfesf.jpg,415,958,457,542,686.5,499.5,543,85
W4DbCK4mg5M4TFeVLFBVtlFmDWUUjDc.jpg,389,991,485,571,690.0,528.0,602,86
w4xr8TjEZQgxKO86srcCitaQwf5ccIp2.jpg,378,918,505,587,648.0,546.0,540,82
W58Gg_YVbLIe3UbSaXXtGjU_gY2kOl.jpg,422,1067,538,641,744.5,589.5,645,103
W5lbGDNhLjSmEi5XSm7vhwQHozG7QRI.jpg,330,886,504,585,608.0,544.5,556,81
W5uCH3DvSpbXlfY=PVNaD_jy_NOGPR.jpg,437,881,428,503,659.0,465.5,444,75
w6DXuVWGFDjbXyzod=KL23MZQYmnxT.jpg,238,798,472,555,518.0,513.5,560,83
w6fXHSzZdrSm6n8SzV22beLY688mtU.jpg,397,836,460,529,616.5,494.5,439,69
w6R7KVnbud2jSI_qsQxNX7ueBGX3Ly.jpg,355,690,457,520,522.5,488.5,335,63
W6uJalV21ag_LvBJ46=Ge61L4doDLCi.jpg,453,918,469,543,685.5,506.0,465,74
W6uwSPkylOohBoT6lOTuhE=Yod_JHFL.jpg,286,904,534,618,595.0,576.0,618,84
w6X77zLkSsU8hoqYqkJiVEKQk6kiGw.jpg,349,788,458,526,568.5,492.0,439,68
W7Nok2v9CK5iw52v=_FiJ_1lFxQ1iTZ.jpg,387,999,532,620,693.0,576.0,612,88
w8fMhGLtJzdQGlFqpYyI9Boe8OHDjiw2.jpg,358,824,435,505,591.0,470.0,466,70
w8z7ia6kmY9Zp1waIWOTItOE1nWmd2ft.jpg,437,745,469,526,591.0,497.5,308,57
w95yEBUE6w16xWjYs9UY7=XOz95bqXNa.jpg,324,746,422,492,535.0,457.0,422,70
w9bmcC=aEBdxbk4IjPiWBtWGcM_rnVe.jpg,397,808,526,600,602.5,563.0,411,74
w9ZjZhcVMqqJSaxhqhk1ZWw9l_ugMx.jpg,370,859,485,557,614.5,521.0,489,72
w=aXIUPuCqTZGmKb6a4wbGbo4olrl4=.jpg,235,860,499,587,547.5,543.0,625,88
W=Go8P3dJEFqlIeNcTT2tqeLjjzvJH.jpg,333,748,425,489,540.5,457.0,415,64
W=K6DHErQiZtOCvVZynMDSNI=2qUmKcW.jpg,376,673,445,501,524.5,473.0,297,56
W=nnTaBF_CDy2HiePpndoZ8Q2LZ=hvoZ.jpg,410,838,430,495,624.0,462.5,428,65
W=Omhh7RGGOHm=oGYwXb5rdW9UYKHwb.jpg,370,877,487,565,623.5,526.0,507,78
wacTbWLSPf_dhbqS93wbn7dFEaJJw37.jpg,333,770,431,500,551.5,465.5,437,69
wasIsoPpsDqObxL4KWUFyfOxDNl6FdKw.jpg,428,768,484,546,598.0,515.0,340,62
wB3qZMj68sHa3xEMmh7jqaDmtb2dSjSx.jpg,418,902,473,545,660.0,509.0,484,72
WbGZWdwjT2fnEkx9mjQFS6O=lJhUtic.jpg,449,754,429,490,601.5,459.5,305,61
wBkBz55uifOvy33m1DOfVjWel=zHFFh.jpg,364,807,422,491,585.5,456.5,443,69
wBNsye9Z5qlVZEOYqQE=TaHiheBu9R1d.jpg,308,1075,529,662,691.5,595.5,767,133
WbpbihaROj8m1qBpVDVSxTgiUwdgC2NF.jpg,380,733,503,569,556.5,536.0,353,66
WBPV359L468uGaKdEGfaTuieinE=_l2d.jpg,338,729,513,580,533.5,546.5,391,67
WBwE57XL2mRPcF84P_rzXxO_l1na_hS.jpg,445,878,452,521,661.5,486.5,433,69
WcHCuUSSrZdQ9tamY55e3tnuHTfu8O.jpg,409,743,453,514,576.0,483.5,334,61
wcMEB3g_tEdh95XIdm4NkbNGiJcTg9Dm.jpg,273,738,471,545,505.5,508.0,465,74
Wcr7GHJuNuvvYPUJ7gQM=prSceSOkrQ.jpg,273,777,454,526,525.0,490.0,504,72
WCURRYSCzPeo=4nGoYB74ETGZGvzeEx9.jpg,387,951,468,554,669.0,511.0,564,86
wcvminUVDozlN6kw3zh=Ze4ElJ_OOo.jpg,347,863,450,532,605.0,491.0,516,82
WDCt4LcZwrgyoEJV68fP17T5XztFULnw.jpg,422,746,474,536,584.0,505.0,324,62
wdFyxP5s6sWDvr1PcieNdt259VZxVyqF.jpg,514,840,471,533,677.0,502.0,326,62
wDkgbqJ_vZp267h=gdIZDzYpdDVRNUgg.jpg,514,842,471,534,678.0,502.5,328,63
wDP_bUGFtl=P3V=7p4ijm6r4xazyea.jpg,479,910,422,491,694.5,456.5,431,69
WDYd44TtG18p6ISjopJEF=zN=Jgl9u6.jpg,422,954,463,543,688.0,503.0,532,80
wEmKuqd=WljJgwdPziM8fVQVsNcsPZ.jpg,405,683,419,472,544.0,445.5,278,53
WemNKFLMaXB8hCEzbLp24pdo9Hhi4ek5.jpg,448,916,442,517,682.0,479.5,468,75
WePFIt7RdeeT9F1p63WaRHzPadq6l_.jpg,465,824,482,548,644.5,515.0,359,66
WEzmD7k7lZ8aujhOf9=v1m7eNlPTnIb3.jpg,260,778,498,572,519.0,535.0,518,74
wE_WSYbCOE1WDqMvmUYrrOMWDZJojxsX.jpg,419,904,446,519,661.5,482.5,485,73
WfFbySaWiy=1q5nWitO7WfPoE8HzqEE.jpg,371,673,441,498,522.0,469.5,302,57
wFgSuJ1dub2nGOXF_GzaCEhWjSFd5Zov.jpg,38,1062,609,739,550.0,674.0,1024,130
WfJzPDWddzZ79t_Lq_ZtjT3fwJTUZb.jpg,488,797,452,511,642.5,481.5,309,59
WfrTMfNKpE8sBYPsVMxN31h4BuBZcbqJ.jpg,374,904,458,539,639.0,498.5,530,81
wFsONedYfBjM9xRKueGy46Gc4nLJTgI.jpg,267,790,451,546,528.5,498.5,523,95
wFX4lzax9VHINonRrkKHWfoswr1N=wZ.jpg,405,842,430,498,623.5,464.0,437,68
wFzQU9KVeFLqO8So_zFOugmhUTfnIesy.jpg,178,737,507,590,457.5,548.5,559,83
wg2yWSirSV2D9CGwj5t1LY8WRaMj6p2.jpg,266,820,463,549,543.0,506.0,554,86
WGeetC26OIIq4MwnFKv=3OpuFxaxmTr.jpg,446,866,422,486,656.0,454.0,420,64
WGtqsbtU_5rdQO8F1om2fxGEuP9Gglr8.jpg,419,829,408,472,624.0,440.0,410,64
wgwvrCaTOCGqEZFKdB8K7pcPMJnFHZl.jpg,461,877,454,517,669.0,485.5,416,63
wg_SgIwJq21jXlTo_mcLOv2Sifqx9h1.jpg,325,754,453,520,539.5,486.5,429,67
wHklBJR=Pe3W3OTi4cm9xYva=VK384Z.jpg,449,942,486,561,695.5,523.5,493,75
Wi2y91YFcUV7Vken9vDVNrRngQXmMbp.jpg,343,796,458,532,569.5,495.0,453,74
wi8bajvvxY1YOB9We1FL_GVkprHcheb.jpg,235,793,460,547,514.0,503.5,558,87
wilEOt=6p2FIimPSlzRaKPMad2kDu9kd.jpg,371,683,429,493,527.0,461.0,312,64
WiovDe7pEr1MUxtKBTgTCtDul_mrqxW.jpg,289,774,444,517,531.5,480.5,485,73
WIRdl1BCnxsb4EahqH2cyelr4ZUqeUK.jpg,347,837,432,505,592.0,468.5,490,73
wIyVpwoLbOe=ph4UiHNVtpCtiqOxdsQl.jpg,289,886,461,547,587.5,504.0,597,86
Wi_9ebp4WaxagxumIy_gYLaRaVKYlxG.jpg,436,875,425,493,655.5,459.0,439,68
wJ6o_R9qh2nYT8GkEtZpxPsXVZjyCy8m.jpg,345,644,433,489,494.5,461.0,299,56
wJBXpSQbHNGGkLJ_CdSKTXuratIO7n.jpg,401,946,448,532,673.5,490.0,545,84
wjccf_HG6whY=u1eDif3qpUTt4RQmwY6.jpg,280,924,535,642,602.0,588.5,644,107
WJEvOVH=dmQT6seunW5bFusmUKM6p6ql.jpg,412,817,407,470,614.5,438.5,405,63
wJHWOp=HspkeDvjPtMPKqhx_khM3gs.jpg,435,713,422,477,574.0,449.5,278,55
wJjxnO4rzdksUX95pNujya=f3bNJCVpv.jpg,494,774,448,503,634.0,475.5,280,55
wjmYR6sRRzd1XvyTrWm1oNkOwnp4CP.jpg,455,765,466,526,610.0,496.0,310,60
wjQmVwVB5mevwL4Uz3s9PTFzSlVQnkfF.jpg,387,863,475,545,625.0,510.0,476,70
WJqzjq=U8vwaXPBgIDuWbWCYaDeOLl_v.jpg,406,957,507,590,681.5,548.5,551,83
WjWa=_zMQnG4RxSODKJXOBdrks8FPBf.jpg,366,911,501,584,638.5,542.5,545,83
wk1QSjb1unaayeTlsJ_7IEQGZIZRd.jpg,358,893,449,554,625.5,501.5,535,105
wkhyacl6bjZS67PXK5d9ahBKexB9yxM.jpg,410,980,514,598,695.0,556.0,570,84
wkHZkVg8Y1lveM6PgVBwTlRvzZeDz8.jpg,403,829,424,492,616.0,458.0,426,68
wkJi5GElgfLHB5lHRtol2_jV3faCo146.jpg,214,792,474,574,503.0,524.0,578,100
Wkm=mQrfzk6ujPwYCpYdKlPxFDkVujIt.jpg,286,777,456,528,531.5,492.0,491,72
WKuqETcX5v=6MXu_QCgB7WuLFeW8TT.jpg,292,1018,529,637,655.0,583.0,726,108
Wl5deMq87ri=Xpck7OUo8e2ELeOXHUdL.jpg,363,914,451,537,638.5,494.0,551,86
Wl7NVYb7Q7BX7NN8mk62xI_4Qo86G1.jpg,416,971,511,592,693.5,551.5,555,81
wlKJYsrP42Lcid9CRiYFTOtNep5vrgHs.jpg,356,739,493,556,547.5,524.5,383,63
WLlR581XsZbIIvOozlTP9LOJy7VE_My9.jpg,386,881,472,560,633.5,516.0,495,88
wlqWUoegb4iJVO99gnr=5KU8KnWInC.jpg,369,715,466,530,542.0,498.0,346,64
WLRLE9S2m2JsKp9ZIfpgk1Kz7Eht=psl.jpg,367,770,462,537,568.5,499.5,403,75
wM1Yav5wvb7xw4_za9cP1NcHFwhEaf=P.jpg,461,741,446,501,601.0,473.5,280,55
wmb8_fqlRndR8l3J7MPqQD2lalhQLu.jpg,406,844,426,510,625.0,468.0,438,84
WmgmsMN51K6Jvr1wwLck76z9FsN25Eax.jpg,462,753,431,489,607.5,460.0,291,58
WmZ5rEB28uUJG3fcrf_dpz5uvyfIOV6.jpg,427,924,488,563,675.5,525.5,497,75
Wnaa_bEHjDx6yIBzXqs77eOhWIgM5s6f.jpg,295,790,489,562,542.5,525.5,495,73
Wnad5ToM6JYmFMMvayCn8VvL=71HNtce.jpg,374,884,491,570,629.0,530.5,510,79
WnDeSomJzNYGjT8HG3LV2Oxp7DKWT.jpg,233,946,526,623,589.5,574.5,713,97
wnKIQgHgR1MUCBVxS66QIhukpmFnps.jpg,457,781,475,536,619.0,505.5,324,61
WnnZzx2vGQ1zMFLCZa9XrdslHRWI7UBs.jpg,437,934,486,564,685.5,525.0,497,78
wNQ_ExK_DWcSfcieuJCDkJ4sPuRuli5.jpg,515,804,428,483,659.5,455.5,289,55
wNs9Dl3vXVY8PZoO6Kl7hPlzl_qRd.jpg,338,873,457,536,605.5,496.5,535,79
wNUoDCa9SuM6zWejxbuhRfPm2v4usR.jpg,377,807,427,493,592.0,460.0,430,66
wny8sIF8VYo8MdmCBMWRGHcqEGIQD3hc.jpg,384,835,436,503,609.5,469.5,451,67
wnyrbkoJvyS=tEoSNUgDRPRUozlqQ9.jpg,365,657,426,483,511.0,454.5,292,57
WNZexlWVeEOPl463n6JQSbczR7SIyD.jpg,389,823,424,490,606.0,457.0,434,66
Wo6DF4sOquvgkrWIKXVR2p9Ny7zH2X.jpg,400,732,439,503,566.0,471.0,332,64
wOomKsamdZa3FvKs5k82DwTO6dl_PM9.jpg,163,706,540,636,434.5,588.0,543,96
woORiPnc4bLVwrNCG44QqGaVdVPbsqr9.jpg,269,765,418,512,517.0,465.0,496,94
WoykSMGZZJfZibcKeChWKFz7ItQ_4jjP.jpg,365,881,567,654,623.0,610.5,516,87
WOz3MySDGbL8yXZIjxOttUhludbtD2.jpg,334,793,438,509,563.5,473.5,459,71
WoZrFBewgjRQBt2qMCzIEiFaLITFio4.jpg,383,897,488,567,640.0,527.5,514,79
wpDkiWtwBByQJhhxq6ahqVfcwIJGK27U.jpg,169,793,483,567,481.0,525.0,624,84
WPIRSmstqniUHzEbM4UNVMorr91vS=.jpg,366,891,452,534,628.5,493.0,525,82
wPKSW6_JWqLqfsqG667qsNX3hrcD_ia.jpg,461,801,454,517,631.0,485.5,340,63
wPqLe1t23YrqLYpUcD5Klez2hlRx=rY.jpg,349,926,470,557,637.5,513.5,577,87
WqeuWuzIeZH3lHIDbig55jKYpI6hruo7.jpg,490,773,447,500,631.5,473.5,283,53
WRB566=1uJct19aLYmuzqnDZxuhQgYrI.jpg,158,852,524,621,505.0,572.5,694,97
wrHhN8fon8=ccE34JSVFKbwXGZxg5Zzg.jpg,384,890,487,559,637.0,523.0,506,72
WrN==plieHppTPVnzlf7WoY6=RbxSF.jpg,69,816,510,628,442.5,569.0,747,118
wROPRWVkkD7pWPaMMzUa4xR3UqUeNETf.jpg,448,756,459,518,602.0,488.5,308,59
WrPgLmUt5wdmhve4vPrrn5gBb7LUsOn.jpg,449,910,433,511,679.5,472.0,461,78
wrSTh_x8P_YGpHt3MjipSgGGIc3mvZ.jpg,423,944,487,566,683.5,526.5,521,79
wRw_HIQEsF7dtldGS2qQzRhGWrJkhO.jpg,399,943,506,587,671.0,546.5,544,81
wsetlMmz3vaE53b8uMokrFGJBZuiVK25.jpg,339,904,465,550,621.5,507.5,565,85
wSqdYJ437LNFuOXPbvRwIxliwUw1yMWe.jpg,377,856,431,506,616.5,468.5,479,75
WsqvC=GDP_cK8_d=kO_biPY7CNyxeUc.jpg,382,902,455,533,642.0,494.0,520,78
wSUxJjPb7OUilJvEOxms6gb3GzJwk3v9.jpg,350,677,453,512,513.5,482.5,327,59
wswxSdL=pqbVzyW_Ll5FcylyuUKpo.jpg,284,968,511,614,626.0,562.5,684,103
Wu1lo7vS2wXxyLha8PuKom1txeClBV3.jpg,384,801,415,478,592.5,446.5,417,63
Wu4IalFX1jdepPrD4XcrB3uoXdd8DbX4.jpg,427,830,411,476,628.5,443.5,403,65
wu5f=KX2bu8XZwHfM8ddf_UmEMdBdfhN.jpg,330,768,422,493,549.0,457.5,438,71
wuJgY3iDlGCpwNfzHI=dM7RvWMmTEMb=.jpg,247,982,513,628,614.5,570.5,735,115
WVJdxy6CTXBJVmp1C49pIjpSsYXVI=Q.jpg,274,779,456,531,526.5,493.5,505,75
wvKnvly73roZEXhdKawFDUFOJJDwNEW.jpg,419,889,437,517,654.0,477.0,470,80
wvPcaNYLPXS2kxyTSEu4RHha3iKxjtr.jpg,464,759,437,494,611.5,465.5,295,57
WVpQ9qoOz6_N3T6yLsHzG1DuDbq15l.jpg,425,899,476,547,662.0,511.5,474,71
wvT26aMPw4bcUumoE42h5iLCQnFDjz.jpg,459,813,493,557,636.0,525.0,354,64
Wvtc3pf5xhON7g5RG5grar7bamm4klP.jpg,458,888,425,491,673.0,458.0,430,66
WVuXD_kVaXQWce3QWiWDJKXyym6MB.jpg,278,805,457,543,541.5,500.0,527,86
WVyRC2SRJrgkv35eqOSjmhwcaJXjJixE.jpg,348,956,458,551,652.0,504.5,608,93
wWKP5CYTFabwZhfid2HwnZ5j2KoJgQ2.jpg,436,954,493,571,695.0,532.0,518,78
wwmxcZZpbZtFffWOjXistCNHzJuCcNey.jpg,473,741,439,492,607.0,465.5,268,53
wwr2HXsa=lUCYncJSL6eraicimvLtlyb.jpg,324,674,464,528,499.0,496.0,350,64
WWyRZShqt9T4ZDWEBbb7DKrO=tx2XJMH.jpg,372,850,433,508,611.0,470.5,478,75
ww_2yG5MQk2Lgphjoi_E9xuHlizg96iR.jpg,279,714,496,570,496.5,533.0,435,74
WXkiykjOpI7T9qm2GYnUaZhaf4Ru4_Cx.jpg,347,895,459,542,621.0,500.5,548,83
WXRE1wnsP3ieOHKoShsi5wlhesGhejwy.jpg,257,786,465,544,521.5,504.5,529,79
WxzrMTgZpja4SdobCTCHkEgkuCi5BG.jpg,258,791,491,575,524.5,533.0,533,84
wX_YSD5Qr1LKJB9lSTO9CGB2cChP=jDO.jpg,396,838,422,489,617.0,455.5,442,67
wY2tPSlRpZqv6_8MvWJG=Fxf27xQo36k.jpg,486,970,443,518,728.0,480.5,484,75
wyBb6phrVHqcnFEs3ui8fuPjuDnqe.jpg,449,740,426,482,594.5,454.0,291,56
WYHNB9h7bRSKvx_VEtbQdwvq5rQinXu.jpg,425,810,513,586,617.5,549.5,385,73
wyPi5lSmSnt87eqtxQTWla7YwbHGxIhK.jpg,379,771,414,479,575.0,446.5,392,65
WYrdhqxpSE8WVNwIvh7mLODyPdTwfN.jpg,370,875,449,523,622.5,486.0,505,74
wYtsvSYvCG_IwcmzFqRZcqg8hCLbtWFm.jpg,233,800,471,559,516.5,515.0,567,88
wYYCOwH1g=cg9Stvu=MSmF8EOTW4LB.jpg,276,763,439,517,519.5,478.0,487,78
wz1bt39KC1hgKZrVdGYI5TOGbeViCzr.jpg,487,963,474,553,725.0,513.5,476,79
WzM=HDvIkWdQ_eQV7CgMdanoD49Flm_.jpg,436,961,453,536,698.5,494.5,525,83
WzqFoos59l97rlbi3xDNmpIHnOZzoq3.jpg,296,779,441,516,537.5,478.5,483,75
wzvGiJp1YtC3tPjF=7mv4ZKxrJysye.jpg,416,811,417,481,613.5,449.0,395,64
W_f26Tpsxf1t4Xw3mpCTa_Z297I2DV.jpg,438,874,464,529,656.0,496.5,436,65
W_fiQsEycTQsCPuZndYyXDUhNH8oRXg.jpg,328,745,453,519,536.5,486.0,417,66
w_saqYgmjFvrukzGQsMP_PPWmbZdmeG.jpg,291,913,484,576,602.0,530.0,622,92
W_ZC15L=QvHxL53gw11NGc8QfKVIWwCH.jpg,514,1023,480,565,768.5,522.5,509,85
X15Q=SFmehouDv68PBd7HkKJQeQTaKa_.jpg,392,875,479,550,633.5,514.5,483,71
x2jnEsQgdyNQZ7a1x_FWWLBgdtkGsSb.jpg,435,947,482,559,691.0,520.5,512,77
x2UxH7SyVulY139YvR6iEmsKmQgI6e_.jpg,454,847,408,485,650.5,446.5,393,77
x2YLiROqwfDIoWZFzbdPrfgwxFp7ea.jpg,329,737,421,486,533.0,453.5,408,65
X3GmQZWlrnrSXJIgmPI=M_nptsf9p=.jpg,307,774,438,506,540.5,472.0,467,68
x3U=3XFnFMzGwknEbOQMlKzX3SxUg.jpg,391,700,443,503,545.5,473.0,309,60
x44PcsFg2mCUSNyUFk=X4u51cbHRmxy.jpg,389,918,440,518,653.5,479.0,529,78
x4cI8U7xbYPbHH1VRNeoY1fSJ4WzeDl.jpg,357,684,441,502,520.5,471.5,327,61
X4dBBkROkPMb1T1Kd__ZbGSqsivQ_Sa.jpg,375,818,467,544,596.5,505.5,443,77
X4IBYKOSxdqXpd7xo77QcuwTqezUIV8i.jpg,320,831,450,532,575.5,491.0,511,82
x4qFPSe1K_6UdlLJHZDJyErx4ht2_CS.jpg,342,777,425,493,559.5,459.0,435,68
x4Sc3tpdHTOWlCGKyMkH19btWHC56IeV.jpg,358,780,423,489,569.0,456.0,422,66
X4sSFRV2CfMN4cHd4DZfi13rIKHYtnWT.jpg,409,891,439,512,650.0,475.5,482,73
X5a_XyNkcPNQRozJI3W2z_v33m6PjOM2.jpg,347,748,419,480,547.5,449.5,401,61
X5HDEYjFa5wV8TLKewPhdHNG1QRtKuPC.jpg,362,848,448,520,605.0,484.0,486,72
X5IcvkF_R4wwkI2YRffbsfppv3pO9eV.jpg,249,861,476,570,555.0,523.0,612,94
x5YdvxjJXXfNeU7Tg6yT5BPM6tCMXZwo.jpg,427,913,442,515,670.0,478.5,486,73
X6c83wVyerK22rXizRMS1==LapPxVU.jpg,291,781,447,534,536.0,490.5,490,87
X6fkpQEcyfKbaXqV5aOEKxmJyP21OiTZ.jpg,473,756,424,479,614.5,451.5,283,55
X6IzTlfIEr8jERw2NJ_nOKIfxXThvIN.jpg,343,873,458,536,608.0,497.0,530,78
X6J3FJwvFQpixuz3FzOgp3L5Je1tzx.jpg,419,736,450,510,577.5,480.0,317,60
X6zCh_nbPHepOkNoM7Y9nylKIF6sE_x.jpg,424,944,490,566,684.0,528.0,520,76
X7LSIDPLUcXJit2JSwyelkCiNRQuOMWx.jpg,389,675,418,475,532.0,446.5,286,57
X8D4cKZo1pFKwXQWU3fyHIuqp71p4HF.jpg,409,828,419,487,618.5,453.0,419,68
X8Jvh9uz262rG9kU9t13MudPfhlwZi.jpg,274,734,468,539,504.0,503.5,460,71
X8UI6j4I_X2u7Doy8teVG2VnneuXrFaF.jpg,428,795,438,509,611.5,473.5,367,71
x8xq6_E37Q56Ycub_nqhRNH5jSoWvKh.jpg,370,719,472,534,544.5,503.0,349,62
x95VxnH46uEVTefbtkjMLwYueZQ2J=P.jpg,443,872,421,487,657.5,454.0,429,66
x9POggBticTP4kj4TUft2nZ2oBSgT.jpg,401,756,462,525,578.5,493.5,355,63
x9riQWOy6nHTCSQw3pPQ1v3p=tRigMl2.jpg,398,833,419,511,615.5,465.0,435,92
x9xGOy97PeVYSXuIVJtusVxprwZuGq.jpg,376,874,477,558,625.0,517.5,498,81
X==P3EcpHctb8xbdLkEg3tvIUbnZ88b.jpg,418,1227,571,700,822.5,635.5,809,129
x=ejzRhYCFzM8rvRmDHN_TTKDe=JR6B.jpg,389,891,490,565,640.0,527.5,502,75
x=F7UXuJjuki_Z5OJRlaaEPDECSoM_RR.jpg,357,720,468,535,538.5,501.5,363,67
X=ve5hfc=egFbbUKpplxEz8JP6LXNn_m.jpg,224,819,479,568,521.5,523.5,595,89
xa7cuhpNz4nqHMefLhLIqxCfqeuNW1Cv.jpg,384,700,437,499,542.0,468.0,316,62
Xa8j63ty2OjHWSJBiFVua5XmJPzwOv4.jpg,336,769,430,496,552.5,463.0,433,66
XasGcafY8c6=1VeaKevfrzHHv1eZHR.jpg,438,714,419,475,576.0,447.0,276,56
Xb4PkDmc2shHajRLasrQvohFXXyit_5R.jpg,310,743,419,485,526.5,452.0,433,66
xB8DHpfqIJb4L7HpRavdQQzMviFvr.jpg,405,841,425,492,623.0,458.5,436,67
XBd7f_vvsilaUPFDTCZMF81sByEwzit.jpg,394,862,424,497,628.0,460.5,468,73
XbdEcOYtLnwWHiX2xxc6KX3hNe9jOT.jpg,461,749,420,478,605.0,449.0,288,58
xbdtipeIcKJhSbNrS6IojgpvieDBuih.jpg,110,731,481,565,420.5,523.0,621,84
XbVyfdBRX=vH2DNq9LbotlwiovjiS.jpg,360,804,426,502,582.0,464.0,444,76
XbXs1lT774JpFyu1yE7E3xvt1M3Nw=.jpg,428,868,418,485,648.0,451.5,440,67
XcfJ4cVa9o2LmDJFOPO73EKLZzErm=l.jpg,363,703,491,553,533.0,522.0,340,62
xCfj_NfXXNsZkVFpOPRmmQOSD2JEybDe.jpg,219,799,470,556,509.0,513.0,580,86
xCGurnhp4ps3Dj_gppHfGTudPKuRVDr.jpg,435,752,437,499,593.5,468.0,317,62
xcPSH8E_cXBbI4oVvqbMOJ1Vjqq41f7b.jpg,329,856,497,574,592.5,535.5,527,77
xcxBBLBx=G5pVozRbLuxmnJLIBrg_cjg.jpg,462,885,455,522,673.5,488.5,423,67
XdhIazauPYKptZLmuhaUqMFglefBbuWs.jpg,330,787,450,521,558.5,485.5,457,71
XDODkYtx5WXM2YGWwOORwl=5DRnkEP33.jpg,318,826,455,533,572.0,494.0,508,78
XDWeN=FHmEPVrnO8mm32dhCgVYy3rp.jpg,466,863,443,507,664.5,475.0,397,64
xD_GkO3WsP5DDJUB2bTryo3e13S5stNK.jpg,355,666,439,500,510.5,469.5,311,61
Xe2LOqtcL4jo87sxcC_ovlXUXZ9dS7.jpg,445,731,427,484,588.0,455.5,286,57
xEJJaKn6hekwD35hS8Nx2DeK3h75mo.jpg,493,863,474,538,678.0,506.0,370,64
xeMjW3W1EB8eEjnpdc=HCXZXNiPrF6I.jpg,512,789,437,495,650.5,466.0,277,58
XEzBmHEHI5BpY=2YDDcFlTNd2OfI.jpg,399,886,441,517,642.5,479.0,487,76
Xf2KyjLrg1W7tJJUQNsOZnx5Qfj1rWTQ.jpg,334,794,436,507,564.0,471.5,460,71
XFcvG5MVRgYJD6FTEfP97EFU77nGbr.jpg,350,835,434,507,592.5,470.5,485,73
xFdnMZpq4YT1K_1DNH3InoQjrDwXqCk.jpg,346,862,451,527,604.0,489.0,516,76
xFhV9T=IEXu_ZeFwMzHZYhtlnXXPCE.jpg,468,794,479,540,631.0,509.5,326,61
xfI5TEqNXHd7IOvukNsm__45_Sm5C5oh.jpg,300,828,500,579,564.0,539.5,528,79
XfWZReOy9nM6zDuKyFKuNdQTbsu5=Gs.jpg,140,655,468,549,397.5,508.5,515,81
XG1Qd4PssfBZh94y6d7IgGCTmLY3pmh.jpg,454,741,446,503,597.5,474.5,287,57
XgdtEQnSRLeeraNXQxPY9nyHlzuvyPHN.jpg,369,881,454,527,625.0,490.5,512,73
xGfE1yNocOell3JlxodMc2eORipl_av.jpg,338,993,496,594,665.5,545.0,655,98
xGfi67JBTvO8ojqG=De8BUWi8sIpbgC.jpg,439,799,473,536,619.0,504.5,360,63
xGwtEc8_aYRFcxxmOI53dWZGzahqvrDl.jpg,253,778,454,530,515.5,492.0,525,76
XH5XGD7fNMg5vwluX5EFBqibw=Dzry7T.jpg,499,950,459,531,724.5,495.0,451,72
XHe=F_58xoGq_ZtLtZI4CRYzEJjgl5W.jpg,152,852,480,601,502.0,540.5,700,121
XiGC_c5f_8VlEst7VF3LTTxDEbvyQi.jpg,452,975,495,578,713.5,536.5,523,83
xiMMcppPE5VeQwoSs_D=NgQfkKWw2M.jpg,442,930,439,518,686.0,478.5,488,79
xIN_LLl2bTtcnmNq7G7N8sGUhjSepe86.jpg,433,836,447,513,634.5,480.0,403,66
xiPjkwwIYHIKt5OeoIPofuVWVUhueNrD.jpg,341,705,505,568,523.0,536.5,364,63
XJ1GgZ8vEoB92nh4529qg9=FF8DztG.jpg,301,787,451,521,544.0,486.0,486,70
xj58GBOa79sfPH66v3YvzzCVPW32Ea3r.jpg,368,657,451,510,512.5,480.5,289,59
Xj6LGj8DprW_h1mG9Zz6GTx7wevn3e.jpg,445,724,415,473,584.5,444.0,279,58
xJ8Vg7PlV25msdT9frvCFEcDFmnuzp.jpg,414,839,430,499,626.5,464.5,425,69
xj9gGDW2gp5crQDMH9ZcwXMwqbTeLv.jpg,393,918,450,533,655.5,491.5,525,83
xjaRqTLL5OWzoCe2ys4Sry5ML93bG9.jpg,332,759,423,492,545.5,457.5,427,69
XJC9lEfwT7Zmr8mam61sii44rX_f1x.jpg,358,750,414,473,554.0,443.5,392,59
XjCY3Oz=5LTBeDfLNZ4cp4FZVr4GLGL.jpg,333,770,466,534,551.5,500.0,437,68
xJE6gQgdxVYD9DqRRGgKvBXnPohdkNy.jpg,444,864,455,518,654.0,486.5,420,63
XjfmB6KN6wy3O7h3fpv8CTp5dpS95fc4.jpg,385,810,420,485,597.5,452.5,425,65
xJGfwYzBgLJugmljkYHVbmb7RwHk96.jpg,213,793,519,603,503.0,561.0,580,84
xjGzGuoE6Kz9qxL7fveBQVk8T9lbKN.jpg,467,765,461,518,616.0,489.5,298,57
XjOo9PDMjIKPqJNjoNXyHToXnmlwERNS.jpg,376,984,528,615,680.0,571.5,608,87
Xjp5N_BQBCn=Y76rGbyT_KxgjtIb6yQh.jpg,371,812,465,531,591.5,498.0,441,66
xJV7ZVPBxz97R9jPKz8sdNpnjUmN8Tfi.jpg,482,767,447,502,624.5,474.5,285,55
XKIYDXbsJeeGSgln9ah9llhLZkuUbTx.jpg,414,797,436,499,605.5,467.5,383,63
Xkogd5aJlHq=9aaztPZKo=cXIn=gjtFb.jpg,375,779,421,482,577.0,451.5,404,61
XKrRZniaKPmEsPmZ_wkugGDWfEWkbdk.jpg,425,742,450,509,583.5,479.5,317,59
xl54LXzrknuDmF1BfJOrVJBBIIKfvdn.jpg,391,753,462,530,572.0,496.0,362,68
xLfBx8KdWFmrYgcYEYYzM4O1vF=airfr.jpg,137,1056,580,712,596.5,646.0,919,132
XLrXDgGNQvo=FyayfSMXQCSLW1_.jpg,358,768,414,477,563.0,445.5,410,63
xlUpS3zy4hZ2b9q6YGmXoLNCh1vK57co.jpg,442,873,444,507,657.5,475.5,431,63
xM4GJGV1iNICWDhgmj1erKLCYJsRHOU.jpg,379,722,458,520,550.5,489.0,343,62
XMgg4mZ26tjEOn8wGi2eCYM_IZjJb5T6.jpg,367,878,494,568,622.5,531.0,511,74
XMgIqI_nKDKEQELagiRRxsI9jl_dw.jpg,531,843,443,505,687.0,474.0,312,62
XmI3vUaWMXoaBpGN8DZw7Cn8qNxQ=xc.jpg,279,775,453,529,527.0,491.0,496,76
xmIrhF=xv7dOzFHtMp4bSYzBBRkYrK.jpg,333,754,426,490,543.5,458.0,421,64
xMJYKR7HCFGbs1l_2f9vznaYhN41Un.jpg,283,836,459,546,559.5,502.5,553,87
XMR=zTNrF4BzHGV34Cn5G8thE3QPie4.jpg,413,745,481,543,579.0,512.0,332,62
Xn5_O6=RsbYnliyMUFKC3D5DwYxL4.jpg,361,837,428,500,599.0,464.0,476,72
Xn=fknZyU3nIGKMv9J2aITi7DVV=Ea=.jpg,420,814,522,599,617.0,560.5,394,77
xnaokt8Yan8UDBRIiegsuJUb1pRZKW.jpg,424,861,420,486,642.5,453.0,437,66
XNbrEYzsG2Y7EwWkSj_n9EZgy1WFpUq.jpg,309,755,431,500,532.0,465.5,446,69
xne4mIOIGkHQKCjRZ7mv=gC_ktG3acr.jpg,464,794,441,507,629.0,474.0,330,66
xNncRHeKavKGwxbOagwSDL2SEXGjY94.jpg,461,798,438,505,629.5,471.5,337,67
xNoHMIr7aYVglLjKIOBWE53CeszlSH_l.jpg,441,847,423,487,644.0,455.0,406,64
xNSa_IdhPs3=y3D1IffbGxFCJYrVlX7f.jpg,419,947,493,573,683.0,533.0,528,80
xNSbjRZ15P7wTJJu43PEk3UK6uwhcpo.jpg,283,815,469,543,549.0,506.0,532,74
Xo3BzV1FutTLtVch1kpUBsyXpTBI1n.jpg,498,818,438,499,658.0,468.5,320,61
Xo8PccmUSVywh6=SrnM4U57=x4x6qC_.jpg,431,771,452,519,601.0,485.5,340,67
xobT5E62JfbPqO6Ygz1km5QQboE1V8.jpg,424,727,431,487,575.5,459.0,303,56
xoBwlWLYK8WGBsqgfYnELiMT7Y9oaC8.jpg,472,814,488,553,643.0,520.5,342,65
xODJPv3IVw4RD1OrQ7fOP_erONU9wkY.jpg,415,711,431,488,563.0,459.5,296,57
XOdUL3FkJr8sVQwpLUkiWdnirFhcWkZ.jpg,352,739,414,480,545.5,447.0,387,66
xORjp=cLzoyaZR1W55uX79=b1kF3ug7a.jpg,472,745,423,475,608.5,449.0,273,52
XorK=Y_k5N2BtvoKzqiVMGCEg9Op48T.jpg,424,930,489,564,677.0,526.5,506,75
XosazCGRThYjJFNlqDSZ97Z8EHF4Pr6.jpg,231,886,503,598,558.5,550.5,655,95
Xp75W1yrwY3nuqMsEnJXOKjvyi9_v1tU.jpg,287,780,486,561,533.5,523.5,493,75
xp9sF6g2xT8mCh=Scwy823WNvKgZddLS.jpg,463,776,461,522,619.5,491.5,313,61
XpaNvq=IMGVzKrWbNC_dyTDNjN33Q7Y.jpg,367,758,445,505,562.5,475.0,391,60
xPBf7FZyJXsE6aLosGP7WQevIB8plz7.jpg,399,982,522,606,690.5,564.0,583,84
XPCeCenhP9vdner7EypogMJUhphVJ.jpg,185,837,582,696,511.0,639.0,652,114
XPJK1kIrGl=lpN2HhefyWxhsKaM.jpg,427,858,424,487,642.5,455.5,431,63
xPJn1QaBYdD3RfnoJ=DSaUgXL=arBUIE.jpg,371,903,497,574,637.0,535.5,532,77
xPL=n7LD33oslpWyr3bK=Ik3tB=VOCN2.jpg,424,879,425,513,651.5,469.0,455,88
xPLfaZWW5tm3aqdGT62j=qNaaHhg5o1.jpg,422,871,434,512,646.5,473.0,449,78
XpMfSckHmsySMZ8=qJbyTyTeXTODIVO6.jpg,340,722,429,494,531.0,461.5,382,65
xpT4obg5ljvczX2l6nlasjSrUEPFQgZj.jpg,386,952,509,592,669.0,550.5,566,83
XPtrVlgBMFWZRd8PY_OftxwaULbMw.jpg,360,650,424,478,505.0,451.0,290,54
xq59vRrY_HnqNylJn_fhhO8xOhurOp.jpg,428,775,482,546,601.5,514.0,347,64
XQgi3OS3jONoEt_cxJVCQvzHPq4r_c.jpg,403,932,493,576,667.5,534.5,529,83
xqIVEd6nouxZio12_NHEjREqHcQet5Do.jpg,455,752,457,513,603.5,485.0,297,56
xQj6qZqxs_p6x6RHHCeBZflCJvLxHUB1.jpg,484,798,444,501,641.0,472.5,314,57
XQMihnb2bqPs4eqEjuaXyC2XKFbOkov.jpg,579,1057,543,626,818.0,584.5,478,83
xqOCI2JEMXPqnOa6gwtd_4I=zBXpuyl.jpg,465,799,477,540,632.0,508.5,334,63
xqTP7z3Y=m=4U5xqY7LGrvUY4EO=hVHO.jpg,405,944,495,579,674.5,537.0,539,84
xQw6jtbW1EFGHE5YKVlgC_nhjJTz7NF.jpg,439,960,458,537,699.5,497.5,521,79
Xqw7E7wptDQ8S9eSikt1tvXetQTaNDv.jpg,399,797,421,484,598.0,452.5,398,63
XR3P5HvFex5Id_4m6XXQ1MQQoPPJQva.jpg,300,841,459,544,570.5,501.5,541,85
xr5mMzG4_IRKpT2RwDWipCz3yOQxwPPi.jpg,387,724,482,541,555.5,511.5,337,59
xr=hKqMnwUZ59S391mUxstQOGVtnrD.jpg,408,828,460,524,618.0,492.0,420,64
xrceuZV_nsQuGbMrYpYBHgu5Vb4dDCW.jpg,339,746,419,483,542.5,451.0,407,64
xROCWS85UL7ND682ZLsXQvFJgjPXnmFp.jpg,445,802,472,538,623.5,505.0,357,66
XrRIO5Y6hSk73DXH6CV4pieTKJVR9FEy.jpg,498,795,457,513,646.5,485.0,297,56
xrS3WcMoMU1JIl=3wNwf8QFmTHZroe.jpg,399,725,450,511,562.0,480.5,326,61
xS4TSzcI5YI9JOsLgOCNlknZUuLNXZg.jpg,227,760,494,575,493.5,534.5,533,81
Xs6CsbWx=xUhPznZftIVpbslo_h4gPh.jpg,472,918,422,490,695.0,456.0,446,68
xsCj_Ycz4KxUNeutW3XNBXnDRjikC2W.jpg,411,727,428,486,569.0,457.0,316,58
xSDYTJy2qif7f7o1wuNxP3B9s=.jpg,355,892,445,524,623.5,484.5,537,79
xSgP9BM546hT1zx=NRvzoXJLEwfIeK.jpg,355,841,431,506,598.0,468.5,486,75
xSHSJ6yfBObsFoU6JpOLDwi1zZSDfiiX.jpg,321,765,438,506,543.0,472.0,444,68
XsjSkFs=mrusrVB7fuLuqXHducMvhFh.jpg,431,868,433,500,649.5,466.5,437,67
xSRV=_JTcWXQ_d1iK1r8opXZuhdHNs2X.jpg,422,758,438,499,590.0,468.5,336,61
XsU4VhXLxPaealsFFX=j1sx6C8VGUK.jpg,424,943,493,567,683.5,530.0,519,74
xSYETj_bDrjmf1DKKaXxZHHLZ7O6p8.jpg,328,743,418,497,535.5,457.5,415,79
Xs_bU4sYrijb16vEiOGhFPCIoCHycmyM.jpg,444,854,413,484,649.0,448.5,410,71
xT=TkL=p7vRM6hOomhIvFGidy_U_oh.jpg,420,911,445,528,665.5,486.5,491,83
xTjoO5Tp5J88R=B6yHF5RgkuwqgN1D5.jpg,305,940,495,592,622.5,543.5,635,97
xTkjCpLGQwQFd_8UoIHn6EyQEFO7ajLX.jpg,394,934,455,557,664.0,506.0,540,102
Xtr1t=k9oRx4oRzOMYgKoIWpsYfHyFN5.jpg,269,824,457,541,546.5,499.0,555,84
xtSZtqiR9HxIfc_6JQUVaD8z1VJsogFL.jpg,347,698,477,542,522.5,509.5,351,65
Xtx4VotLmauqL_3yQfgsWIBdjqBgqBe.jpg,350,751,422,484,550.5,453.0,401,62
xT_eHWJkv1G7znqUtTcm5GRJv_SFBPPU.jpg,458,941,459,533,699.5,496.0,483,74
xVE8_GjYxUVJjJDOhaSiWVhd5J4NQ92.jpg,417,730,425,479,573.5,452.0,313,54
xveJeK_WXrcMCy7ZTNSb9YSastUFbaR.jpg,377,849,472,545,613.0,508.5,472,73
xVj1I51g9qRp573dG1N7Zr4HdzFFE.jpg,327,872,459,545,599.5,502.0,545,86
xVjqNy83hTgRsK4LrmgZMHBRSjDxdNNI.jpg,246,771,469,549,508.5,509.0,525,80
xvMJP9P=cUxc_fzQsXSREcp_ulNLQD5.jpg,458,880,425,494,669.0,459.5,422,69
XvUHTBFZnF47vHPu6lgODHpLeGVTP1rU.jpg,339,833,442,519,586.0,480.5,494,77
XVXRxkUMDI7CqzaCmDODyEDTXjN_IG.jpg,317,727,445,507,522.0,476.0,410,62
XvXViTIGW_BtzdGDsBLUGQEJ3XaePEKY.jpg,414,798,489,556,606.0,522.5,384,67
xwbwO3Ct5pDrRuNHy=SecHJZ8EKXUP4.jpg,336,798,446,514,567.0,480.0,462,68
xWEPZ5xffuKog2JzO7ZMZ=sB=43fF.jpg,381,741,489,554,561.0,521.5,360,65
XWI4eD4d8cPChG9jYl4TmtVGVWks7QgT.jpg,327,886,515,598,606.5,556.5,559,83
XWkQn2=oCB=aoon1CpC8axaSMCWyF_7.jpg,407,795,415,479,601.0,447.0,388,64
xWYGj7b1piRxkBsetwrlqC3aGzX69Iw.jpg,433,846,447,516,639.5,481.5,413,69
xwYUSU=nRD4WI7JR=vBnTL=cB14Dgqgl.jpg,384,857,441,513,620.5,477.0,473,72
xx9SnKLg6y9YLJPsTPwBSVjN1Bm8gf=.jpg,412,683,425,478,547.5,451.5,271,53
XxbF6jmUtYS_q4TDucGEPttDYnCVJfvC.jpg,325,647,443,502,486.0,472.5,322,59
xXBqSTcDTvbRbtV9g326=5gMnOtYU.jpg,382,863,438,515,622.5,476.5,481,77
xxcOWYmfMe9xh_XWFDWRsrRMDzM7Uthk.jpg,453,885,461,526,669.0,493.5,432,65
xxGKP8_iU24IyZK2bTER9JGix8MbxdC.jpg,279,900,488,583,589.5,535.5,621,95
xxlmTEa29tNibiPuKEt9F=Vz5UWfux.jpg,521,835,446,504,678.0,475.0,314,58
xYt6DFWNh_JyFOZYMZH_ncwnpK4Dt8z.jpg,381,828,428,510,604.5,469.0,447,82
XYVEV15ywuQF4pr7vSjgWZa9wLt1FSbu.jpg,315,648,449,512,481.5,480.5,333,63
XYYX9W7fYt9zgqu4XJkVHsDE63g=KgZa.jpg,349,754,422,484,551.5,453.0,405,62
Xzbk9BZxfIfQyi_YuDKYlKChhNia4M.jpg,444,804,496,562,624.0,529.0,360,66
Xzb_koB6fI_pNxzhPjf8HI_CBS82v.jpg,446,741,431,491,593.5,461.0,295,60
XzDXnum2N5eRX26dRYI8ubdjYKvUvq.jpg,311,878,468,574,594.5,521.0,567,106
xzGifJccT962Kw=MT3wvFlQw7pjRjao.jpg,294,776,445,516,535.0,480.5,482,71
xZJuTGJ_PRel5kTdT1NDXl=9boj5NoJ.jpg,247,1156,589,718,701.5,653.5,909,129
xZTp8fqi7O11M8Eh6jCpaghpIQMys=L.jpg,394,831,450,524,612.5,487.0,437,74
xzXws2qwZxNnpQT37ll9CeqD9iGDrht.jpg,451,853,416,481,652.0,448.5,402,65
X_NZvsvYgt1vz1vsxTKe9J3nePFW9.jpg,402,721,471,530,561.5,500.5,319,59
X_qrUwalIuextIz3rP=sJXlOr1J5bUV.jpg,330,760,432,498,545.0,465.0,430,66
X_YzHCon8xEWwZqYYvIoE7OuTUnpPd6.jpg,145,819,506,598,482.0,552.0,674,92
y18mV51BkzqBpS1WcliVcXtriay=r596.jpg,381,829,461,533,605.0,497.0,448,72
Y1=TH=7gUGd6xq33go1RsmQwF9Eo.jpg,406,918,487,563,662.0,525.0,512,76
Y1de2t3_=mspwIzBIQ3_h=OpFIs9izr.jpg,446,786,483,544,616.0,513.5,340,61
Y1dW_==9=CnLsbF7xsk9yQ9jYy8EFX5.jpg,298,875,474,557,586.5,515.5,577,83
Y1e7JMSm3uSjuDrvY2lVfK9IcnxpfgxZ.jpg,294,832,493,569,563.0,531.0,538,76
Y1XvgDd6DFBG7oX_rvcYNandMOJ1RC.jpg,440,823,409,472,631.5,440.5,383,63
Y2DM7zSFr9UEi4oOSC5RIdLYHGvUaN.jpg,312,799,441,518,555.5,479.5,487,77
Y2Nzu5o7MF8n3L=wfTgz28zQQOFNi7LW.jpg,371,855,452,526,613.0,489.0,484,74
Y2zJ=nQQGCZ4jEhYDM8c2P_LpQcXkZc.jpg,477,780,462,519,628.5,490.5,303,57
y32jDBZZrHMCfjqoXHEv_jMO2THveGsd.jpg,380,682,448,504,531.0,476.0,302,56
Y3i_P2BYD5d6viKvNumlM_j5NUQSNWz4.jpg,409,861,439,512,635.0,475.5,452,73
Y3MKnuqR3c8NjLc6=YRnEaXKR8hIXMTZ.jpg,303,1036,569,677,669.5,623.0,733,108
Y3QKPFu=F7Hm76ryKf3=XsksKOO_=P.jpg,357,810,425,496,583.5,460.5,453,71
Y3xOEN=L7rYfELTJsupJXLEceKlhRBG.jpg,365,800,426,493,582.5,459.5,435,67
y451UNIs1mjZKH3ZiZfsIC_3NIxSVkSd.jpg,362,703,459,521,532.5,490.0,341,62
Y4GZv9NfiGpyeYo_n=DsCx3l9=QI5xRf.jpg,387,809,424,489,598.0,456.5,422,65
y4rng9TRUKkdlMPCjrw8CqEgdn34Qb.jpg,435,745,434,495,590.0,464.5,310,61
y4xbnkGnp=bNxVtIsVWCT3wTL1qkk7Ym.jpg,356,799,460,527,577.5,493.5,443,67
Y4z6S4xh4vF9dHzopDEGrSPzeZT86h=.jpg,442,795,434,501,618.5,467.5,353,67
y5bnSD98=Yo9_iUbCE14nmImYPMntxi.jpg,478,817,442,507,647.5,474.5,339,65
Y5PHkc1YNsMGwgjTT36wMal1Oe=ZhdyT.jpg,380,798,424,489,589.0,456.5,418,65
y5TnyaQUmqxGhT39Lgz6Hb3cqQ2hL3VZ.jpg,456,884,425,493,670.0,459.0,428,68
Y5XLSjSxasdvlwE_QF1LIStHkWOyBO5.jpg,387,671,431,486,529.0,458.5,284,55
Y6bMFtuXRfapCbZUOMl9DvDoMJneB=mQ.jpg,411,810,410,472,610.5,441.0,399,62
Y6KkryqtaOQXv=GUwtCnxXdtpLhIeeyE.jpg,250,767,496,572,508.5,534.0,517,76
y6WtjFR6CRS34G4dDPgsk7DVMTM_FYi.jpg,430,701,421,475,565.5,448.0,271,54
y78yJs5H4SsZNwL5O5BEnnwDe=8KBES.jpg,459,888,422,495,673.5,458.5,429,73
y7O9kDtwzD4B1SnM=MZz4U7lSKu2rv.jpg,426,988,516,601,707.0,558.5,562,85
y7qBT11SMT1gBDrTrpi6yiyT=BBrj=F.jpg,315,641,473,535,478.0,504.0,326,62
Y8cu9WEkPXbcRM8ImeTT_8dBv4lIeD.jpg,463,885,424,491,674.0,457.5,422,67
Y8gg_4EHxnam6XXuJZPSVjGmvUl9_.jpg,448,884,426,493,666.0,459.5,436,67
y8Q8YCNnBd96ZSDucEzH6uwILeVjIYUj.jpg,367,854,439,529,610.5,484.0,487,90
y8QnItXFGkH6JNCGZDV68HluxHWb8l.jpg,334,1052,519,628,693.0,573.5,718,109
y=atmroh2MzEf9FGFBiFPdosvS7EyVOi.jpg,427,854,419,488,640.5,453.5,427,69
y=IxwsZjwvSpU4ttQW1U=YKrm3S7lKJ.jpg,330,743,420,487,536.5,453.5,413,67
y=kLB3DqIhYfr29agVsd=pPlYRuRXzZ.jpg,449,873,457,524,661.0,490.5,424,67
YaIg19CZ77Bjsd3PxM8sujVsHc88sHN.jpg,345,903,451,532,624.0,491.5,558,81
yaKakKLNO_Hff37FW5uVFYwMZBfJz6.jpg,486,815,447,510,650.5,478.5,329,63
yb1z41_OgqVFZvf87KGGij1qH=16Bmo.jpg,443,899,469,539,671.0,504.0,456,70
yb2c4E92VxWNJkc1JxFnxH9sPVC5_ku.jpg,468,1022,506,597,745.0,551.5,554,91
YbDVIhSRfcxSvQyL3ZrL=OS=wXIaiWDp.jpg,508,828,445,507,668.0,476.0,320,62
ybe3aJYWRhtc5=JyBPbrYecyu6SpMKr.jpg,426,915,446,520,670.5,483.0,489,74
YbeJMjftSILBCIfKhFGSce=V16ILLM.jpg,472,1047,512,595,759.5,553.5,575,83
YbUJwJcYqjnD_zy9DOl2fa5dSNi9==y.jpg,334,878,464,539,606.0,501.5,544,75
ybVFmdXyqJmmHTKDjy_XfqRMxGgtDKq.jpg,336,743,424,487,539.5,455.5,407,63
YbwsLeUmLsd6=nWmYEXoPSUWEeb9cz.jpg,104,972,556,679,538.0,617.5,868,123
YBxeMunPcanD9z93aRKk4ipISkom=G.jpg,386,877,436,513,631.5,474.5,491,77
YC1BiUfYfex5McwWGRsTUphGV6qdVMpo.jpg,380,923,439,522,651.5,480.5,543,83
yC7lrdY4Ok71VnuPhLWTgQMIKjsgZsT.jpg,391,691,438,494,541.0,466.0,300,56
YCBY_=FbDzOkXU=JmxeogwNlGiQO.jpg,248,923,536,640,585.5,588.0,675,104
YcEN2iPz3QIgpyd4Mu=kti7Wctydds.jpg,465,807,488,550,636.0,519.0,342,62
YCFgLZ2lng4yzoQgZKzflXYtKoGkkQp.jpg,399,817,422,492,608.0,457.0,418,70
yCM5l53lv2MTTfKOxoQR6aBX6_7zwjvf.jpg,345,870,441,520,607.5,480.5,525,79
yCTktYzxqEKZP2TRWlRqgJkj=w7yQJc.jpg,396,740,453,516,568.0,484.5,344,63
yD5p6rjnE=F3x1VNYP45KDzthBkPVmu.jpg,346,982,538,630,664.0,584.0,636,92
YDchnsowtaxp1JjZQhPY=Bdjh9V9I1M.jpg,417,848,474,554,632.5,514.0,431,80
yddBxWkekLNNYn9RGyWm_hQtq3Cah9t2.jpg,423,827,418,481,625.0,449.5,404,63
YdgPkU=Z7rXiEKliHNY2lPTtXIufZzH7.jpg,310,662,475,537,486.0,506.0,352,62
YDjCMPrlO6PSNvrZRKa7XUsKpGJjC_aQ.jpg,426,816,443,508,621.0,475.5,390,65
YDlL6lPOcZJfZpMwcWkbtXFf2lPpRP_h.jpg,431,922,485,555,676.5,520.0,491,70
YdxFSCmvINQJeSWgN8ycotWQxoL1CxsF.jpg,286,788,478,556,537.0,517.0,502,78
YDxuVhZiL58FM6EJECxxuyjF4BdNWIE2.jpg,484,945,424,515,714.5,469.5,461,91
Ye6Mw2_lGDLEaJS2Ofg4MufONr8li8_.jpg,339,760,418,480,549.5,449.0,421,62
YeDz5PGfhyUPYL646Xt_83ZZUTeS1tlU.jpg,413,843,460,530,628.0,495.0,430,70
yEgrti1f45ePRwqRwGEp9n1rNYscb_oE.jpg,476,915,459,529,695.5,494.0,439,70
yejh=FyOPK6IWmgocCeXy9q=LTp5FTU.jpg,356,778,419,496,567.0,457.5,422,77
yetbuslpUK=fN1HUfv7EuLM1fgiKc7it.jpg,401,818,413,494,609.5,453.5,417,81
yetiT3xE17vb3WgVnat26H4BsCqHHt5k.jpg,461,777,470,527,619.0,498.5,316,57
yewV6dMW6hhGLYWEDpCuCG9NZBheg3F.jpg,486,931,434,506,708.5,470.0,445,72
Ye_NRtnXkMBTfIyiUIufVMGiLQFQ=UfG.jpg,414,785,498,567,599.5,532.5,371,69
YF63Zi7TXwCsWBpWwtGHIecEWbw2c9O2.jpg,333,889,469,551,611.0,510.0,556,82
yFEjPwPffc_9pCatsSCP9owL8OSeZc.jpg,393,674,427,480,533.5,453.5,281,53
yfk2WgRxy_8rbFzh6ZT=rtwLfooG.jpg,388,945,464,546,666.5,505.0,557,82
YFKWkgwgM_UTDOEMWqIGUmlkr4Nds.jpg,409,981,521,603,695.0,562.0,572,82
YfMVvGDcFXlnvP9gmUdVCXy8SU=Mk9p.jpg,296,763,426,498,529.5,462.0,467,72
YfoCCSQ5mjxxw4m=L3kqgZX7a4txeFC.jpg,504,840,456,516,672.0,486.0,336,60
YfORTKF3oKblRlP_xIyarv4eBUcahE.jpg,400,861,442,510,630.5,476.0,461,68
yfszhDhtz193or1TWQNwzrKs1L3vQcD.jpg,300,764,439,509,532.0,474.0,464,70
YFuILHF=CRVKYCSpeFRPr5t66hk2Ovm.jpg,403,959,457,552,681.0,504.5,556,95
YFvjpUppPx5BFqUPUD9vMnqyObRuWYa2.jpg,380,826,426,498,603.0,462.0,446,72
yG8S_23rUklpMFz39oOPKKCsZF8v1kO.jpg,439,733,439,496,586.0,467.5,294,57
YgbPc5wsM7CjpvaC1sYjJiohGdmxbyQ.jpg,412,870,433,506,641.0,469.5,458,73
YgfcgwclR1PgO6QJ=jmYFvfPHPPDZWlg.jpg,440,726,425,483,583.0,454.0,286,58
YGpbQ1rt4xG98fPuZH8pkMH1n=C3fo6.jpg,317,809,559,651,563.0,605.0,492,92
YH3Tqvp1cBCRroMfi=sIxbPDMtmxaq_8.jpg,348,841,485,563,594.5,524.0,493,78
YH6x5fY7D6fHsSIeiBnk1XrqW7g57L3.jpg,280,753,468,539,516.5,503.5,473,71
yH=kqHpMPM8Px62LX12Cqqu6y2CW5lFR.jpg,411,823,420,486,617.0,453.0,412,66
yHDI=qqCH6ibvndUkpW3FfdWbrrKaFyD.jpg,421,920,493,568,670.5,530.5,499,75
YHeKTRpI5qImLdDHV2k8VnX6JfCIqU.jpg,421,864,449,519,642.5,484.0,443,70
yhHySQgqcT4kUVhMz1ZegmMbryfLGo8.jpg,499,957,502,582,728.0,542.0,458,80
yhjUoDSP=7G6LC3kXkFSm9XZWIFtN2c.jpg,376,943,508,596,659.5,552.0,567,88
yhNbvxG29rXH3tMdzqVYCSfTXXfIciG.jpg,441,838,418,483,639.5,450.5,397,65
yhw4PPqyzO52lkl=xwi3Xty2WxpK4Iok.jpg,379,813,423,495,596.0,459.0,434,72
Yi1sYGgdTnmkSScfn7QDDe2_Gd728.jpg,436,900,473,547,668.0,510.0,464,74
yIayCDZqZ=TdNlTIBxpPjovd5WtiIh.jpg,402,825,453,519,613.5,486.0,423,66
yICNB382llTijJ_99Bl=7E6kCktNBSG.jpg,367,878,478,551,622.5,514.5,511,73
yigCm_7QvBo=hw7g57RMxrTBIFRrN.jpg,500,890,444,508,695.0,476.0,390,64
YIWewo6tSKpwI=QdHsRprMKkS47QOtW.jpg,397,880,440,513,638.5,476.5,483,73
Yj9u44x9INYUTzpQRvDl9Ml_un2BbL.jpg,396,809,421,488,602.5,454.5,413,67
yJM9QU6R13nsrCfHVUPNLFy8EpZxgfJ.jpg,436,872,420,495,654.0,457.5,436,75
YJPGQlMFQ4HBxf=Pdl=pG=aDYtRwn7E.jpg,438,868,459,524,653.0,491.5,430,65
YjRZPGnegXMc88LN3Q1enLiaOKxv8.jpg,349,852,456,528,600.5,492.0,503,72
YjuE8oK9Tm_wJXksHgxZFTubLWFF7C.jpg,404,1016,528,617,710.0,572.5,612,89
Yk1MOxfE_r2WCzoye4T7qkslbwS3M.jpg,353,945,520,604,649.0,562.0,592,84
yK=GYd7hcLxdaMzh1dF4u1gJ5rJBko2.jpg,450,879,419,492,664.5,455.5,429,73
ykh4HxNRbT1caE2T66D3EaPHoH=1EMU.jpg,498,902,449,513,700.0,481.0,404,64
YkhTb3NyMLZokHiBwqC_hEuL2wnpgHLU.jpg,364,963,488,577,663.5,532.5,599,89
yKjC287Sh1yBh_91Yyu4YkDJx2geasy.jpg,425,911,485,560,668.0,522.5,486,75
YkLtdxVxjPITVO=FXs56RsxiTNLKMMU8.jpg,365,664,439,495,514.5,467.0,299,56
ykMC95_i1Exc26huwazvzMB3mBp8X27.jpg,368,794,429,493,581.0,461.0,426,64
YKmEy2vzwDnaJWYf4E52PSTuoU7d4LGi.jpg,258,813,464,548,535.5,506.0,555,84
YKPNsnXXYznubQMPLpa9qxyT=cdJfTHN.jpg,467,903,427,499,685.0,463.0,436,72
YkUoCt12lZT6RxI=mxtFIrYjvwjofYhu.jpg,470,831,472,538,650.5,505.0,361,66
ykU_NI4pTTDC9VhTWFi9bLop3RBVl8.jpg,405,679,445,498,542.0,471.5,274,53
ykYF3_p642iz1hgsEi3z6UkyJOh8CwEh.jpg,348,923,511,595,635.5,553.0,575,84
Yk_1zLwE1QS=7HdVseQIlpXdXqhOUpC.jpg,348,818,475,546,583.0,510.5,470,71
yLDi_8H44RGjgfer9iR2vpjykoDHeuc.jpg,422,878,436,504,650.0,470.0,456,68
yLdlN7O4fcZGq399kKq5_gGyY3Q5XnC.jpg,396,887,483,559,641.5,521.0,491,76
yleJf8edPp_iSvRgL8BIER9zbs8G69p.jpg,413,727,466,525,570.0,495.5,314,59
ylXBOw3eqlKHpoEqqXhduxjNYw1tF57s.jpg,337,839,491,562,588.0,526.5,502,71
YLykMz5m5RE94rMMY2ww3OdTRG1px5wV.jpg,360,656,433,489,508.0,461.0,296,56
yMf4W=LKY=8_cxkcczkrEvFhvEC_lX=t.jpg,406,880,478,550,643.0,514.0,474,72
YmFYnuxbUzvL8G_DSCY85PXl5Z=Sc_5.jpg,394,925,449,531,659.5,490.0,531,82
yMGaNiW8k1_RRY4fmhLsSok2WrQ2euJf.jpg,426,926,453,526,676.0,489.5,500,73
ymjKee9WqVoXinzsU1fhwwTaGo6CUDb.jpg,416,841,453,516,628.5,484.5,425,63
YmpkRQQNsF29Mck8nyQ2BTPg8=X5jI.jpg,465,867,418,483,666.0,450.5,402,65
YMTHiTc_SoziG1vL8QG5689FbydNzrD.jpg,382,813,428,494,597.5,461.0,431,66
YMUuqfIWBjUKTqZrH6VOTBmjaT=3hmBe.jpg,261,757,448,523,509.0,485.5,496,75
YmuVRuQN_68orCVqfmr4bElE8xfbtCI.jpg,425,868,464,530,646.5,497.0,443,66
YMw=S6WjUXridJWOWqKM4Monw4iT=PB.jpg,310,1049,523,648,679.5,585.5,739,125
yNo5eZdfOgFOzqVPG4qZ51dhZLU8oY.jpg,393,816,421,489,604.5,455.0,423,68
yoCkwH6pGZZFh4jBPKImBHxpnjPVzXCF.jpg,409,851,432,504,630.0,468.0,442,72
YOEHu6gt=x85VmUbvMTgIt3MYR_72NFD.jpg,324,762,437,504,543.0,470.5,438,67
YOF7sZ2USlf9E_FwVfhJNRJW2LXHWODO.jpg,252,785,493,580,518.5,536.5,533,87
YOk2JehegljymFwP7spQDxpppY1YxU2.jpg,307,829,453,534,568.0,493.5,522,81
YolL5o24MxxgdafVI4uMwbj5kIRZxmtX.jpg,414,981,436,521,697.5,478.5,567,85
yolxk4wKivtNWpuYDBNQQmeDauCfR1.jpg,357,782,421,485,569.5,453.0,425,64
YOmhFnKxo2YupFXRY3lSVbsWRbU5X5j.jpg,390,757,478,542,573.5,510.0,367,64
yOOtV53Zlb2gbyhHTYhkJY727rRMbX.jpg,399,872,434,505,635.5,469.5,473,71
YOQQtIH5qiiwBUbEVnQcyK4CDVC=VPL9.jpg,388,669,429,485,528.5,457.0,281,56
yotP1bRHnNSlCcPCsOh9llzXu9qiDDv.jpg,398,819,430,494,608.5,462.0,421,64
YP1B3MB4WS_9os9ps=r=cS7GUsWE2s4d.jpg,348,862,454,534,605.0,494.0,514,80
Yp52hH36nVCXYiB727BwNCxil2dGPS.jpg,360,884,453,535,622.0,494.0,524,82
yP5GQmjEpNiCygo2GjWxIQz8mQbIGzI.jpg,254,714,519,601,484.0,560.0,460,82
Yp=7Cx7pfoEcat_kVV6_p6ziIKtKfLj1.jpg,196,817,502,583,506.5,542.5,621,81
YpaONhFXinDJxdJgoC3j6XYuWlBSqNfO.jpg,339,807,439,510,573.0,474.5,468,71
yPCC72_ruh4rZcv2aRDINvqRFu9peiYZ.jpg,423,757,448,510,590.0,479.0,334,62
yPeJ3zOJZXXXvuukQrxkgjGcYs6gEw3n.jpg,263,787,461,537,525.0,499.0,524,76
ypP3zp4n=1bq=G7=R_I5VmN5yjMKNK9.jpg,353,761,421,483,557.0,452.0,408,62
YPzbBp3=MEZKzwWJ6vLHdZ_69DW77.jpg,387,897,492,569,642.0,530.5,510,77
YqCormBlI1dyTlZBY82cPqkKJ7QCXEOw.jpg,370,903,456,539,636.5,497.5,533,83
YQhfvy5mtvM463xRilS76h8a=Kr44OM.jpg,381,975,525,609,678.0,567.0,594,84
YqqRrMPnnHjqREig1BhtVTkoY5=O1D.jpg,338,651,431,489,494.5,460.0,313,58
YqZFLczPE4c8qstgwm3QJ1a5gOgekvp.jpg,267,798,448,531,532.5,489.5,531,83
yR2srJPg6YERjf7zYuzQYUP2KLd=FVjv.jpg,396,909,487,561,652.5,524.0,513,74
YR9E7_ygjqP7y2IRJLyB2dN5dCIO8mUJ.jpg,365,739,474,543,552.0,508.5,374,69
yRg=EpMTtmVkZIz8u6sPhIw1OZuvMbhz.jpg,259,845,462,586,552.0,524.0,586,124
YrOoy=14M45r4HthaF8UnS7zUYXhPR1.jpg,448,792,454,520,620.0,487.0,344,66
yRPksZyGebB4nBHIsawpuhtZ8HYr9j_.jpg,447,906,472,543,676.5,507.5,459,71
YRtm8Wa6ldiPgG9a3XIOL7KDYLY2T1v=.jpg,415,818,417,481,616.5,449.0,403,64
YrWlOw2jgfdF2JpglSNSTBRo7HP6UE8.jpg,352,859,457,530,605.5,493.5,507,73
yrZBP_jgm4UFuI1ZrUiiZR9fgjccYdiJ.jpg,361,960,450,557,660.5,503.5,599,107
YSF58NTZfga5vmjUFqaY5DS3nOoJUT1.jpg,375,722,462,527,548.5,494.5,347,65
YsgT=aoG6c9MyG=RHy=aUOtIUCIIwd.jpg,338,931,476,563,634.5,519.5,593,87
ysH5DyjcUafw1F9LDxC747adUwirtVUr.jpg,404,920,452,530,662.0,491.0,516,78
yskLkxM3QPWkkqybkzyrNhScyJ_jqvVh.jpg,453,871,456,520,662.0,488.0,418,64
YStoD5VkIY3QWFQxrk7VkWfo3l12afoR.jpg,289,828,432,506,558.5,469.0,539,74
YT4Xl_Iu4bePNIY7GslbmhYD8TYYRR.jpg,459,888,422,490,673.5,456.0,429,68
Yto3VSdfLq24P6d2RMVo26PSRBdTBB.jpg,310,886,452,537,598.0,494.5,576,85
yTQ3tvnUZbL2khHIg6sKTQn9qbBhI2ro.jpg,402,748,444,506,575.0,475.0,346,62
YtriVMnOdREXmvYbQh==OCPDNc_IHt.jpg,407,911,485,562,659.0,523.5,504,77
yTs8WPDCOpdbVqvm_dn5euk57I48Jr6t.jpg,375,850,449,530,612.5,489.5,475,81
ytTo86KoUVFGvd46tQWmcNp5I9DnpSWV.jpg,383,794,422,489,588.5,455.5,411,67
ytUFCqg_RDsnzMP95BIjH5PwTPXLlUe.jpg,290,859,515,597,574.5,556.0,569,82
YtvHYj9DHmhia2IGIxbOS1DrsTbaE9Kq.jpg,469,759,420,479,614.0,449.5,290,59
yu1OX65m6vZ8VwLkKCBqgwZX_Jemagj.jpg,354,668,451,512,511.0,481.5,314,61
YUcfb9boFKRidBfwoEKDnHdGZtmsd5D.jpg,416,910,451,529,663.0,490.0,494,78
yukBMsHWgdT8RfJjyf7mxVqx3vz=ZZJ.jpg,375,776,419,480,575.5,449.5,401,61
YUOY5TUqy2w_2TEHl_ZxXQrWhf622SvD.jpg,458,770,464,522,614.0,493.0,312,58
yv2krxQLtW3g3mWFKnwMktJ3gUOF2.jpg,341,978,480,579,659.5,529.5,637,99
Yv3R8EMHUKFCLujIkklWeOptnzjLH1_.jpg,406,827,416,497,616.5,456.5,421,81
yV6LSP=B9j33auRkBDhtgu9qz5ccND.jpg,300,848,460,544,574.0,502.0,548,84
YvKGSNjUNpEx7sCgI2sY=stvUrP3Wcme.jpg,320,813,483,556,566.5,519.5,493,73
yvptLUkc_GPuQyrZQMubDurKz43v=pda.jpg,493,809,465,526,651.0,495.5,316,61
yVpw87Volxebi7erH64_y9BdYV_fdtM1.jpg,407,912,491,563,659.5,527.0,505,72
Yvs6Uv6YBR_JzcQ3oGWx9QIEbOvP_8a4.jpg,309,830,454,535,569.5,494.5,521,81
YVyiYazenjmnH3JYEBzae4pPcfKKzoHE.jpg,311,650,444,513,480.5,478.5,339,69
YVZ8rGoiyQwHzGO6Q7leLOf4TcQX5h3.jpg,386,803,446,510,594.5,478.0,417,64
YW5Pw6rLWlKG9vBpQW2B_PsG72mFBapn.jpg,409,1010,520,612,709.5,566.0,601,92
ywamn5iuULxFXpe5RfbLki=QNkxkl5.jpg,436,899,469,538,667.5,503.5,463,69
yWaznuarlQxhQp4YNpsXGLmu6=Qn_l.jpg,264,798,459,539,531.0,499.0,534,80
yWd9xQwrN=EwP1qXmWhYyk6tQqvE8Za.jpg,391,878,476,549,634.5,512.5,487,73
ywUsGolOGyVrtMZDQucfpF2KMt642gHG.jpg,413,1058,526,626,735.5,576.0,645,100
yXdmaZr5FPsbklYHrZJJ7pEervoGdub.jpg,395,734,464,528,564.5,496.0,339,64
yXiMDfs=sqH3iwXBqfsTOohwJOnM6a.jpg,428,858,427,494,643.0,460.5,430,67
yXj8yYU73OnpErPbPrSzL8ZMyh21rkxv.jpg,284,698,515,588,491.0,551.5,414,73
yXkGXXeks4cIR2tKVGIKyvKo2im9Y15m.jpg,338,823,457,525,580.5,491.0,485,68
Yxypi4ySNgGZt2x9C4T7YEWuwvQZDR.jpg,420,931,484,565,675.5,524.5,511,81
yY8FZIwx2NE7tvt1RG1X3PXM2nfw24b.jpg,412,861,426,496,636.5,461.0,449,70
yyYLJF=BWLj8enID7gFNOfLHn1=3w_g.jpg,334,810,474,546,572.0,510.0,476,72
YyyrVIgL_vLbjjUKkjYrbL__z=cvJT.jpg,240,845,473,561,542.5,517.0,605,88
yZCmmF59o6xNmSiddxu_dbITwEcUiet.jpg,351,667,446,504,509.0,475.0,316,58
yZD4B6D4epFgENMGUVmh2QynTfBWK=k3.jpg,260,789,457,538,524.5,497.5,529,81
yZHy3kjKdDFPKPtxIomnd337Q86m45.jpg,404,886,438,511,645.0,474.5,482,73
yzjEu6fz5me5IsWd=Fl2gzkfRFHhwYKc.jpg,314,916,480,569,615.0,524.5,602,89
yZTuzziZJdbM2zbc_EekJrKvf_ZSr7j4.jpg,428,945,491,569,686.5,530.0,517,78
YzvgN_bhJyR1dGRvukyNEV=QgzVTkmSO.jpg,377,722,458,519,549.5,488.5,345,61
y_CEb92ZdCarm3w_yufhunBOUmhfmc.jpg,399,903,447,524,651.0,485.5,504,77
Y_eYcwCtrkeabE8eMKL4O=KUzEy1FI.jpg,345,1035,493,612,690.0,552.5,690,119
Y_GGTIfHx_lDkjdqKs8WeeZ2WjgsSJS.jpg,297,883,459,544,590.0,501.5,586,85
y_kdPcpc5VLq5ZM_IHNjJiez=BbzgIz.jpg,399,913,442,522,656.0,482.0,514,80
y_Ysbyn9lKWeT8nD3pENtGZEmMpTVKW.jpg,272,788,452,532,530.0,492.0,516,80
z19hfc21ZU=2LF5FH=EOw4DRCDqzgz.jpg,441,872,420,492,656.5,456.0,431,72
Z1Rtv15fPokNYgceUBLWKGZcIcdTQ.jpg,279,757,447,518,518.0,482.5,478,71
Z1W=P5nM1CXFNFXUkR1Cia15Pgnz37.jpg,299,796,433,509,547.5,471.0,497,76
z2iG4x6XZNBrN96gyih2Z1H4iCNc.jpg,447,810,462,529,628.5,495.5,363,67
Z2JYYgk3JNh5tMHwZNZw9H6Uvm7CyZ4k.jpg,396,840,427,496,618.0,461.5,444,69
z2Mt3u1KOU7k3uR75mwmTXNMgBlz6w.jpg,448,838,415,482,643.0,448.5,390,67
z2WQfnNFgRXMYFkrf2XK4ZmUO9_maOg.jpg,355,840,436,526,597.5,481.0,485,90
z3j159hFNzqyGw_K5NS7lnsbxsd8Pl5.jpg,444,907,465,540,675.5,502.5,463,75
z3jhdVLddWGYr7VU5HSOn1I_BEWjmq.jpg,479,829,484,551,654.0,517.5,350,67
z3u_RhynN9gjdL=n1vRspb6NXWwUnxe.jpg,357,748,420,479,552.5,449.5,391,59
z44l4t9Fk1NYUU_5U=qKzGRsRJe2U1.jpg,428,827,418,484,627.5,451.0,399,66
Z5=1xpnhWFbOhNjl=OvUf4BHuJHlGpT.jpg,294,1090,606,726,692.0,666.0,796,120
Z5DCLkPVYNBYGT5Uvz7qlsn2hOKJECM.jpg,351,958,472,578,654.5,525.0,607,106
z5L5kTBF2XCclH=rJX2x1BnK=CIWI.jpg,501,836,456,518,668.5,487.0,335,62
z5wkI2Sent37avCKoahs6d=NMPqPCfT.jpg,393,919,451,534,656.0,492.5,526,83
Z5wq1L9_zHsgoMKeuTLTuvp2CykY5a6.jpg,352,831,430,502,591.5,466.0,479,72
z5xrqRezmiqj97yGflf7xuUUUxdCy.jpg,439,892,432,502,665.5,467.0,453,70
Z6BvBqa_kGU3H5PkFL9Uk3hULs1aCZEF.jpg,454,751,433,493,602.5,463.0,297,60
Z6M=UFNyKxXFhkXw7e1KeFIXzpUdz_.jpg,518,817,434,493,667.5,463.5,299,59
z6R7Yae9UIkxPIP9iTJb1UimoGgyot3.jpg,391,835,421,498,613.0,459.5,444,77
z72k1uDxxCpHe2wcgnqa4hnRpDPwd_.jpg,305,780,440,513,542.5,476.5,475,73
Z7JEWhUKVmX1LrVL4k9i8fVwoC_JbmO3.jpg,430,798,473,537,614.0,505.0,368,64
Z7JMIYcSjgVauyYe3q4yHCU88v1Jm3E.jpg,461,776,468,527,618.5,497.5,315,59
z8iOgRGJ2W3vl1Uzq1rwSvNzDnlu8ni1.jpg,404,815,420,495,609.5,457.5,411,75
Z9DKd8GxBnBKLEnfz5mWYYlq6sx6bon.jpg,391,978,524,615,684.5,569.5,587,91
z9H2dbvdHwVoErJG8XguQnQs4Y7UOIx.jpg,343,850,423,497,596.5,460.0,507,74
z9jw7k9ZsW1bQfVeuaS5adotiKEGXzB.jpg,399,761,488,555,580.0,521.5,362,67
z9risaCuwrK7_RFvyF_Dziu5BIyvK5.jpg,338,741,419,488,539.5,453.5,403,69
z9sPggpEEg3dKIa_Yc_bwPM23=fWxO2.jpg,283,724,440,507,503.5,473.5,441,67
z=lRng8xscnN7QJGlIa1_uc9L33.jpg,416,838,423,489,627.0,456.0,422,66
Z=vnqi_WbkIVZoMeqH=hN1BdOiIp=_Lz.jpg,346,653,430,487,499.5,458.5,307,57
za6ZCIazQMXWNRqYpVnEJKY2sUdct1Ui.jpg,417,861,429,495,639.0,462.0,444,66
Za7hmbV_6jCQximT7quTeJdm_x5x_paJ.jpg,445,762,473,531,603.5,502.0,317,58
ZaNdTJQWRltqB6Vxsgj9J38GH37gl.jpg,316,917,470,557,616.5,513.5,601,87
zat=6rBXU9p4RerZIi5aSeJeQtyCBZU.jpg,389,771,449,519,580.0,484.0,382,70
zb8go=uoBP767D6vTHIbhQP86c1uKRnP.jpg,425,736,443,502,580.5,472.5,311,59
ZBnqzqkOW8kzsKZZsfhxpBl84hoNlHe.jpg,455,886,457,523,670.5,490.0,431,66
zc5gFen2nhy2fX1sIfhxXQlZKfEKPIP.jpg,419,748,437,497,583.5,467.0,329,60
zCHriv2cEQ3Fc8h_J2UyxlLtWxR1a=Lz.jpg,314,851,465,545,582.5,505.0,537,80
zcMFp3zqXuzejySvVUCTByWhmSRYby.jpg,470,960,479,553,715.0,516.0,490,74
ZCtBoJdfsqnyhQuctpRvGs4yrkVQdt=.jpg,388,692,464,522,540.0,493.0,304,58
zCzC8gY9HLhCmr8Tw9yOjrESDStN2PD.jpg,423,828,478,545,625.5,511.5,405,67
ZdJuGZrwK8=pp6LHwJYZqbJJdr_J3i8.jpg,350,959,536,623,654.5,579.5,609,87
ZdKcUk2BDBNNNxRsyqd4CSWl27JIaGvg.jpg,404,712,430,489,558.0,459.5,308,59
ZDlSP_gwtDntJJNWZXglKGrI6uYIrMy5.jpg,452,993,499,583,722.5,541.0,541,84
ZdPORDqPLhrtdYqfOhUnz=QbypCtYrP.jpg,333,781,418,506,557.0,462.0,448,88
zDqY9nqGQeaE6yi_9tZV2VW5VfYzK8p.jpg,461,967,493,586,714.0,539.5,506,93
zDW3WsItyVSzLsi5bfvGT2UbWduwyVe.jpg,206,793,477,563,499.5,520.0,587,86
zEHqvMmgWVk3NfrqGR4Efc4OcuhlZ.jpg,285,788,444,523,536.5,483.5,503,79
Zei5xK9QtG37phQtBnPwsz7nh_TkMTq.jpg,432,958,497,582,695.0,539.5,526,85
ZEMwsziCaPYbvhsPqIYJrni9JBWnf3.jpg,413,858,423,499,635.5,461.0,445,76
zeUl_rjOgUxKPRyW_3eHm1r2lt6_gsRC.jpg,339,891,462,547,615.0,504.5,552,85
ZeXcStOsBx_GerUoKeZRJla73r=JGOc.jpg,313,764,428,500,538.5,464.0,451,72
zF1I3oCG8i7GPHmz=LgHwX=SV3TlR3WC.jpg,507,984,469,547,745.5,508.0,477,78
zF4b1b1HsfFMxxEVcH79NhHXjjfay1j.jpg,419,758,454,516,588.5,485.0,339,62
Zf=XoRo6er48IZFFefUPlajvCZ7ijLK.jpg,405,802,419,486,603.5,452.5,397,67
zfCc=wVj_U9aDWOh=zPYuvCvZaBaD63x.jpg,400,688,456,511,544.0,483.5,288,55
zfcvhIyibJQLWIpsFItd3yRPYCzMEhs.jpg,314,808,453,531,561.0,492.0,494,78
zfLT7uWF=kpR89kBzmomeB2eWbNqbqTZ.jpg,338,944,533,620,641.0,576.5,606,87
ZFmxxMP8WNW_6w3I_pqb_ZXXffi8o.jpg,348,683,462,521,515.5,491.5,335,59
ZfNPmL5JlSTREavv7=ljNhMr7xGsJ.jpg,441,832,443,510,636.5,476.5,391,67
ZFUj_PlVjGmbmab4QPtWfeq5UwSckN5.jpg,433,1093,561,674,763.0,617.5,660,113
ZG1tuqiUKjHb_Gba8igfNJ9qu6SBFj4.jpg,320,773,433,502,546.5,467.5,453,69
zgJiRtPj=4qTDm9pLtohY9HQ8tm7r1J.jpg,398,991,466,553,694.5,509.5,593,87
zGmvda7SoSvzze8Gev37CH8Z6u2mBqUu.jpg,392,817,435,496,604.5,465.5,425,61
ZGRbnYLk4U9uiXrCg9u32rOXgs3d3.jpg,395,845,440,507,620.0,473.5,450,67
zgWG7h4YGp8vKML1MRFfXtDzLYNWWfzu.jpg,408,927,485,564,667.5,524.5,519,79
ZhbzhU1PVG2c95LoBMQwD2TYJDd8ZHE.jpg,379,667,433,490,523.0,461.5,288,57
zhKHzOr7tgS29ReXacyQFMlls7LeZVGg.jpg,457,784,477,538,620.5,507.5,327,61
zHLhUIdFisJYYFFseO6eUtHdNZNjCGQ.jpg,420,885,469,541,652.5,505.0,465,72
ZHLpcGTNRJWm7etp42ZbRZO9xDFKmnag.jpg,404,821,422,490,612.5,456.0,417,68
ZhnlcDI_EylRqCKStcFoJxoEV4fjPeIb.jpg,494,861,502,568,677.5,535.0,367,66
ZHplm_Rs768leYSqjI=B6jWNjjltalz.jpg,273,766,452,526,519.5,489.0,493,74
zI1IdwkKa9zYpW14M4NOluRVxI13n6UF.jpg,330,909,480,565,619.5,522.5,579,85
ziDwVdHQF=TcE7Hdldf1ooNfPnecI9LB.jpg,350,857,482,560,603.5,521.0,507,78
zIgZe_SBD5WCStrjQ7GfZjeMPPzx2Lp.jpg,383,692,463,521,537.5,492.0,309,58
zIi7we=QMER4MS3alQS_jPI318DSNORn.jpg,421,874,425,516,647.5,470.5,453,91
ziuC3TrZQCiGVTDPeoVMhXTNll8oJdz.jpg,317,758,421,513,537.5,467.0,441,92
ZIz6PaNGCEBfgLaeWbkExMl1zBNTlVN.jpg,380,838,433,505,609.0,469.0,458,72
zjKFHCITibq7HoPTdG13OkLNSXJquG.jpg,282,759,530,615,520.5,572.5,477,85
ZJNN8puJVt2T=hLI1tgjYCa6EXVv3e.jpg,343,647,427,487,495.0,457.0,304,60
zjnOqhu4bt36z2dYicL5zhsVaIsZ=tYt.jpg,275,783,482,574,529.0,528.0,508,92
ZJYEtQPujSJkUNd4YXFZkWp64HblX4G.jpg,461,869,417,483,665.0,450.0,408,66
zK9SqMKu325iBC46fGjcPc9M7=r3182.jpg,202,1038,561,693,620.0,627.0,836,132
zkC53kyQW4DDVixt3YKSqgT9YkmeOScC.jpg,346,820,441,517,583.0,479.0,474,76
zKdruGlNcdxtaKSGH1TEH48ousNmey1.jpg,473,764,429,488,618.5,458.5,291,59
ZkPVHijUOb7PnTSYngp_rvUX5OC5ot=m.jpg,360,645,426,482,502.5,454.0,285,56
zkvnQgDj8Vhfxv6kG2iXbTK6Qgo9MgC.jpg,332,841,494,568,586.5,531.0,509,74
zl9F4EVGnBf4minIeTGiayCH3oWkPXb.jpg,337,794,440,508,565.5,474.0,457,68
ZL9kEF6Zkit5fiiql6dBJIiwla8p6o.jpg,373,917,462,543,645.0,502.5,544,81
zlBKH5mLZiqqmMOIa48QOmf3uoyQUpc.jpg,362,884,486,564,623.0,525.0,522,78
zlBRrN89GJrWVPZn5_FqleMXPk_b3SVC.jpg,347,888,468,550,617.5,509.0,541,82
ZlBys5c2vQFyeEDERQFOPuF=HxTpSS25.jpg,367,687,455,518,527.0,486.5,320,63
zlFOLP1FX6mrBs2fP=rywxuTz2nh_jMH.jpg,208,871,517,612,539.5,564.5,663,95
zlFQByIbERcxneO3tLgvdD3gOcdps5n4.jpg,350,909,515,597,629.5,556.0,559,82
zLfRVsiNpQfWKejFWn1xYtSKCfF1yt.jpg,352,829,445,517,590.5,481.0,477,72
ZLfuypKU_ZWSu2oKvOTM7vMq5bHJFoOn.jpg,499,850,462,527,674.5,494.5,351,65
ZlYO9eekW6TdG1g7q3Nh3spazfKPlF.jpg,379,660,418,473,519.5,445.5,281,55
zLYxQ5U1_GTIqoQVW77nH_ffrnVGzZE.jpg,506,838,475,538,672.0,506.5,332,63
zmfhy5PsQ625jhaTrzXBSmMd9DYw16O.jpg,429,830,416,481,629.5,448.5,401,65
zMI=zHpqUnO2vBOxolGu6PFbIP_Zd5Cb.jpg,375,777,418,479,576.0,448.5,402,61
zMmFlRvkCrD1RIFn=Wb9H9fGWSUmjS4.jpg,319,918,506,595,618.5,550.5,599,89
ZMOiiZe4ubMBbKHFZQ3qJcw7VNTuTiB.jpg,461,813,458,522,637.0,490.0,352,64
ZmOrTQTYE2Fd851=12_YVsuaC1O7P7F.jpg,351,873,449,526,612.0,487.5,522,77
ZmPsipJl1arMfqa2cRohN78dKB1WW1s.jpg,375,945,515,602,660.0,558.5,570,87
ZMU=LHXkHIlFVyN3gSKHi=3CMO45s.jpg,271,817,509,588,544.0,548.5,546,79
ZmxrgCF4qee9mu4KsXuOyLWazaqswu4.jpg,352,761,448,510,556.5,479.0,409,62
zMygt5W6D_FaP8GQ25JQ1Es=Dscnaxx=.jpg,387,666,428,481,526.5,454.5,279,53
ZNJco7GSM2lPZx=osxGEjry9841UoNB=.jpg,319,957,490,588,638.0,539.0,638,98
znXJyrqkb=oHF3nmNEBsi7jcgeJqLn.jpg,380,903,489,565,641.5,527.0,523,76
zN_DQUVSNjXmwoioU2qnWYCC39yeqsg.jpg,342,657,431,491,499.5,461.0,315,60
ZO5JSubhnhuv8BjQZ6hLjFzO7reZs6B.jpg,274,781,463,534,527.5,498.5,507,71
Zo7xB4OiumKUSK7alXikcHEgqt45nhqX.jpg,438,860,417,483,649.0,450.0,422,66
zOg6xsGdHp17YNRXrMixFqPmrENjEliz.jpg,437,846,418,485,641.5,451.5,409,67
ZOgJkDJjUWz=CQBwercuzaV1Z6nEoecF.jpg,355,873,500,576,614.0,538.0,518,76
Zoiv5gDgR_1JBaf_6OIkY4gozG4vSjBj.jpg,374,934,513,594,654.0,553.5,560,81
zOroqTFZDaLf3326g8_BC6Cdl=xg7B7.jpg,417,880,430,504,648.5,467.0,463,74
zORr968Lg9rP7Y2CS=seBUk14bXwehoc.jpg,432,917,439,514,674.5,476.5,485,75
zosU5KDQzm5TmrdBKvPFzU5EHeMSYXK.jpg,390,830,416,484,610.0,450.0,440,68
ZOtdUdM2KXNryO2VLB=aIrEHZgrRnB.jpg,361,832,438,511,596.5,474.5,471,73
zo_pTo7D5Punfbk8VZLxOM5In249pG.jpg,336,646,429,489,491.0,459.0,310,60
Zp9e_ls3Tgo5rnv429s9qWCZhIkuGt.jpg,349,684,442,505,516.5,473.5,335,63
ZPGMtnuMGRvovrbCHR6mm6_TXYW_bK93.jpg,386,871,439,518,628.5,478.5,485,79
Zpixmjre8=I73Mieyuy4I2KSoNHQnsDu.jpg,502,780,422,477,641.0,449.5,278,55
ZpWljg7kPIf=Mvqgahecf6RJ2JVqY8Ld.jpg,244,757,465,541,500.5,503.0,513,76
ZPxyvexrGpM2OD7s_Kc5fKnb=aW3vzl.jpg,418,900,480,554,659.0,517.0,482,74
ZQlMH=Frjez_WIQuEU6JNTulMVyXY.jpg,457,878,416,480,667.5,448.0,421,64
ZQM1kbgOLzxfHzfFUCfrRdpGdd5WFT1i.jpg,404,995,517,606,699.5,561.5,591,89
zqOJXD3CTwJSd16kUMd6TQ7xBnX6wFd2.jpg,315,759,440,508,537.0,474.0,444,68
Zr9NC2n1UULyJptk7_jhX57_qhwysMf.jpg,477,831,490,559,654.0,524.5,354,69
ZRCPEhXnioN8JL2X3fMMpKVM49VVT.jpg,273,571,467,526,422.0,496.5,298,59
ZRfO_BtPeMZZlw23jwv4S=Z4Wz3ZGga.jpg,320,784,425,495,552.0,460.0,464,70
ZrzQQKpSVqHB=QeSlYKULjlsOlPg1bEG.jpg,395,946,507,591,670.5,549.0,551,84
ZsCLamyskiE2LBGjHU2XTIGv=_unGf9d.jpg,404,777,484,550,590.5,517.0,373,66
zSDG9riiX4JTCo5XCpG=mHN9c4UKcO.jpg,474,879,516,590,676.5,553.0,405,74
ZSqsW_x7KzqUHVcd6qB6X_tYMzUboLKO.jpg,482,780,437,492,631.0,464.5,298,55
zssj31fkQv4OkpgYeVbBUstkrgsuotwq.jpg,356,929,494,578,642.5,536.0,573,84
ZSue8bHvhqlNUrofJH9Jzbxpct4eO=Bq.jpg,438,914,426,502,676.0,464.0,476,76
zsvwVdZbNo9i8N6hVUZVgVtB3ErOvKwE.jpg,384,825,429,500,604.5,464.5,441,71
ZTcs_RuJm7VsPhuknQShrgd5MEC6HU.jpg,485,837,485,550,661.0,517.5,352,65
zttLixX4yJt3YqsWkTRSsBoTN22s7ZiV.jpg,454,1019,510,599,736.5,554.5,565,89
zTzCIkOQlZnga4sC4K1zySlnecyrrtp2.jpg,395,920,500,578,657.5,539.0,525,78
zu4LNIn62vauE3m_6n4b_KGREOo74jO.jpg,468,803,480,542,635.5,511.0,335,62
zuesCgz93P41KYsjNtt=_eyIgKnqv=2.jpg,381,880,488,560,630.5,524.0,499,72
ZUL_EWxQgt3ejzabieIgOqU9nsnLm.jpg,317,815,481,566,566.0,523.5,498,85
zuNpDSwc85IYR17xm2juTPZ8xt9WsBLM.jpg,352,758,423,484,555.0,453.5,406,61
zUUXkdRXLlquaf66cj6J2VJ2uiLlsEa8.jpg,395,798,458,535,596.5,496.5,403,77
ZuX7pVo==uifhWSFlugypflhuXEg6l1F.jpg,346,794,457,525,570.0,491.0,448,68
Zv88wzTG5C4hXlywuFfP7tvzsmc=pQhB.jpg,444,883,423,497,663.5,460.0,439,74
ZvbBO=WHBdlD8iHVnv_8ZeQPZ=q56_2.jpg,591,1081,508,590,836.0,549.0,490,82
ZvEQcaaT87KtZiEshKDVrG2YHYSjcQS.jpg,378,819,430,501,598.5,465.5,441,71
zvvD_CsB3D7Ztn1nZQ6u8RUp7CEf_Q.jpg,387,826,424,493,606.5,458.5,439,69
ZW=3YYu1xBYrsmv6Q2zOp9hZKebHbs.jpg,473,800,452,512,636.5,482.0,327,60
zWCOQv9M3Hlbdth=2P9KKrkZN=8SpsT.jpg,451,742,432,487,596.5,459.5,291,55
ZWEGXixbcsPdbVOlTlHw5W45SiV=r.jpg,488,790,419,479,639.0,449.0,302,60
ZWFaVcypLnj1ZwxeHlR4diZBkSDXPgw.jpg,394,916,495,572,655.0,533.5,522,77
zWIe3vmgC=ygCsJQMtk2XbILyw_xL_N.jpg,445,884,466,532,664.5,499.0,439,66
ZwKILkz8I73yZZ8Gt9heq5oQiFuTb2.jpg,501,864,489,556,682.5,522.5,363,67
ZWVDdQbec4ovLNNYdMemH3F7MRPjf3r.jpg,336,888,502,583,612.0,542.5,552,81
ZwVVRpeYra3JJPYwJaTCMCDvkr8qFeN.jpg,297,774,434,508,535.5,471.0,477,74
zxBSX72SdeX63QyEsR_dNgPkCm=CqeBV.jpg,454,921,432,508,687.5,470.0,467,76
ZXDSIR5blMRxdhpYbzrp2c_tX3cV745.jpg,350,860,477,556,605.0,516.5,510,79
ZXJ399VkHUeoZXM11kZVRIY5byNNoTy.jpg,451,783,483,547,617.0,515.0,332,64
ZXVpOXDGQdsBmqH8c72f29RlGoXNWfB.jpg,474,844,494,563,659.0,528.5,370,69
zy4L3_mcSw=Cr1VnEHjSpC7YoKLLc71.jpg,375,838,424,501,606.5,462.5,463,77
zy4TURc5hk1yjBXVP=l1fS5OBq8JtII.jpg,346,907,470,551,626.5,510.5,561,81
Zyn7KJ74szSko5CWTSagNl_DhMIW=tXz.jpg,405,833,424,489,619.0,456.5,428,65
zyPEqcJgqZmwptWFenif8pGFfOdirIW7.jpg,409,822,444,508,615.5,476.0,413,64
zyW2xDpFijuMvIbDk=GpTD8Z9xGBcVfV.jpg,173,869,511,632,521.0,571.5,696,121
ZYYXOF19l1NCrvST52rpifwESDmPHUw.jpg,428,774,457,521,601.0,489.0,346,64
zz6Gg8qnjzPHio=q=SRw69FlakQT_6VU.jpg,386,867,468,547,626.5,507.5,481,79
zZ85vTsku6Ke9I_Ca5L63ptIryku8GWS.jpg,194,1066,584,710,630.0,647.0,872,126
ZZcIb=JWkwtMwuN6bvlL_OB_WX25jMn.jpg,398,1124,561,683,761.0,622.0,726,122
zzD9PeMN3NCZMcWIrPPf6kh6sTPcRGQR.jpg,408,831,442,507,619.5,474.5,423,65
zZdwtdsocFdJX=k=Bt8m31pMsHWMWXx.jpg,487,971,475,553,729.0,514.0,484,78
ZzebwoTR_OzulPCaf14WPfZdWGqdjyH9.jpg,435,849,425,494,642.0,459.5,414,69
zZIbrdtplhzCywQf74lXDQnTT5TUd.jpg,344,650,431,489,497.0,460.0,306,58
ZZRfUFyYypaWh3tTwKC6b_1ikk=Q9oE.jpg,451,870,419,483,660.5,451.0,419,64
ZzRKc5lMzy2cV_nHzXe8PiQxDaEXkCKn.jpg,322,657,437,505,489.5,471.0,335,68
ZZShL1VUw1MXZ_6Jc9eix7zQ_ascuVVa.jpg,462,806,489,551,634.0,520.0,344,62
ZZTixoE_3qDssCj1GJ=xX3auUhYmq6.jpg,435,993,507,597,714.0,552.0,558,90
ZzZt=REy4eLoEXtPKp3g5SeJ=N_zX8Y.jpg,263,718,464,535,490.5,499.5,455,71
z_5VyQbKGUzPR=hog3UYw6WXy5WTE.jpg,344,939,524,608,641.5,566.0,595,84
z_gLW=YeMO4lrRWU63zlfXn5a=DOdX4.jpg,455,789,439,504,622.0,471.5,334,65
z_vbCEBaUuM7yqaPeLcOlr6TLlXvtU.jpg,415,985,479,563,700.0,521.0,570,84
z_YwgWCYDCDHlzKTvRw=OW9sKfhkDu9.jpg,418,866,423,497,642.0,460.0,448,74
_1eQKvMQdZRcb7fMyit4EIi1R4r3fF5=.jpg,228,1168,600,743,698.0,671.5,940,143
_337ejCale_CsVmx31cItwIIdkQBZR.jpg,371,946,481,569,658.5,525.0,575,88
_3uwUjNuQJELGVhSBirRjqpg=sDjYfQ.jpg,205,657,510,581,431.0,545.5,452,71
_4Gnj2iV8Kk_7bvM4SiUkBp=_JnKrKLV.jpg,437,689,442,498,563.0,470.0,252,56
_57MVOJTtWNj9gyUFJSQQYv8rRSYsFU.jpg,513,971,434,505,742.0,469.5,458,71
_5=3VCuZ2G5_dY3Z7bzkUPvBoIXeVQc.jpg,408,901,439,512,654.5,475.5,493,73
_5wg6LilUKHTj3=tswTVGjVY56L=t4wy.jpg,226,1005,527,648,615.5,587.5,779,121
_5_MBdB=nBwujYLbcQSnBHBHZclJYsq.jpg,420,816,416,476,618.0,446.0,396,60
_7V9y3w5prFS=ggnl7Tuu3Zd7YHjd_o3.jpg,314,755,420,486,534.5,453.0,441,66
_8JIJeOUDoFfcehVQbjpNCk2YfpBZvr.jpg,377,666,431,487,521.5,459.0,289,56
_BKu3GX985TyL9DDMIqLo2vrDeG6a13.jpg,283,764,433,505,523.5,469.0,481,72
_ck5dbY723CKFQr26GO1R97S6MpvtkD.jpg,320,800,451,517,560.0,484.0,480,66
_CNrvgQIB1RaS8u9myXfMiaC1G2gcCn4.jpg,431,881,430,511,656.0,470.5,450,81
_CtXq6zwer3ntBN8rF2gr8HPug6uIUaz.jpg,371,826,425,492,598.5,458.5,455,67
_dOBoJR9t4uYuTml3b=lMNhl478SwMae.jpg,460,741,426,481,600.5,453.5,281,55
_DVZwy4mLcDcR7G_7nnTu2LuEf89BU4.jpg,406,857,459,530,631.5,494.5,451,71
_DywCDse2BOZzwVUz=FTljDSs3sTPsk.jpg,334,931,524,612,632.5,568.0,597,88
_eFhjc8Sfq_ZE9zuLoCagoMCO6xhlGR5.jpg,259,797,456,549,528.0,502.5,538,93
_exkVHp5ClLV7CBjdKlM1kqGn6ISPl4P.jpg,355,769,426,490,562.0,458.0,414,64
_fbJzmRF4tm5LNj7XWum8fCr__UUD.jpg,441,793,460,530,617.0,495.0,352,70
_Fd4DhDTyB9CG_rJ2OJGPHz8COi2Yq.jpg,367,667,446,502,517.0,474.0,300,56
_GIUMmQw_m8yRwjHZhDFEbn8=ipzfJC.jpg,467,739,425,478,603.0,451.5,272,53
_GlFxhYbDw57INo5bjzi6pvI9TE5Lb.jpg,344,881,467,547,612.5,507.0,537,80
_HB3sPzNvvy5zgcN3Y2Ibhxm2n1xfxOe.jpg,418,858,427,499,638.0,463.0,440,72
_HCiQdRRoPJfjyzQXQeMRdVf5RB5kL5.jpg,381,1038,517,616,709.5,566.5,657,99
_HFPtMVsCWxsCCs5GnyZpy5N1trG=o.jpg,422,913,486,561,667.5,523.5,491,75
_Ih7R25gMXLnBHm8wMZ_yVD=cH89G2i.jpg,473,749,425,476,611.0,450.5,276,51
_iuE1prpdT2P7Q7PqX3lRlQzcGNNE.jpg,306,754,434,505,530.0,469.5,448,71
_ji79W5D_J59=aoreFTp9joX2TGNUhx.jpg,306,869,472,556,587.5,514.0,563,84
_k2Bs_rCwOv6UGm8bCT1oJCNx=qvwmlh.jpg,382,782,419,483,582.0,451.0,400,64
_KgdjRPc3xMZaTFVZFLiXwxshXFEGqqr.jpg,434,723,432,490,578.5,461.0,289,58
_KoqXrYjvqhIcrP=7OLDCf_ZhrXXDUj.jpg,374,820,422,487,597.0,454.5,446,65
_KsXwepjTYmkaiEIKNjqWHK4tLQBvnK.jpg,391,933,504,584,662.0,544.0,542,80
_kxKoJ6jPlC2zuR2HbJTzRZBvqT7kJ.jpg,443,961,482,571,702.0,526.5,518,89
_LcUusiOpOKDWc8i41hsbmiXGYLESNh.jpg,372,953,472,564,662.5,518.0,581,92
_LtJCyy=cadxfv6CHYN1p6Dh1=gzCwoF.jpg,455,790,483,545,622.5,514.0,335,62
_MntXM3YJd=OpoMDZUTdggUfcEf9bEFr.jpg,416,736,440,503,576.0,471.5,320,63
_NgaWGFK4rk9csNMLBIFGWVfC=feo8Rn.jpg,409,920,450,528,664.5,489.0,511,78
_nUrKq8qFwV7NlcZMhkTHJXDVx93Yj.jpg,406,800,418,486,603.0,452.0,394,68
_NWmfcaXJQNW2BJYDpDkfIgMyq=lCyWg.jpg,395,683,438,495,539.0,466.5,288,57
_P9LJN91EUUg9whWTLLaygdoFp7Jo5M.jpg,383,845,429,503,614.0,466.0,462,74
_PpiQC4wSrVNPhtYneB739IxOKpgQG.jpg,373,682,432,492,527.5,462.0,309,60
_qilRLo5mflekEZPFhiLy9rhiPZhZlt.jpg,314,785,437,508,549.5,472.5,471,71
_qZIFYb3GmzrPfxkhMBJnhubZTztLh.jpg,266,974,520,623,620.0,571.5,708,103
_ReuDFftqSpjocRtcii84dec_Q5e6S9.jpg,447,895,416,516,671.0,466.0,448,100
_RndX_VoEgvpOIdXBO5BZeUnWLkVkZ.jpg,468,815,446,516,641.5,481.0,347,70
_S2ta6XcFtolRG=DaD9zXS_3oKSV6hgQ.jpg,277,757,439,514,517.0,476.5,480,75
_S526uFNHIcFZfLdWXMXIK7l=r_razud.jpg,383,826,431,496,604.5,463.5,443,65
_tBEnDXsNu9Ej_Vhj_x_OUXzH4DgzF.jpg,336,875,460,541,605.5,500.5,539,81
_tSKBhb8qTkoy=dXv3EQfHRTTdyZQ=ZB.jpg,386,675,424,481,530.5,452.5,289,57
_Tx4QHdUYcc6GHHwHJFHDj1sxfDK7.jpg,415,852,461,530,633.5,495.5,437,69
_tzSntQGXer6tNeSSl1BmBL6MbZYmUF2.jpg,414,831,419,486,622.5,452.5,417,67
_U4efqvdBzYy_RwBXOhWoDWzDWyIbMd.jpg,375,865,485,556,620.0,520.5,490,71
_U7kqshetbGjssOe8ii4klxrLQ9TZIMQ.jpg,458,874,454,518,666.0,486.0,416,64
_u9DQX88MZ7s3RMBB8o_37iSF2999gq=.jpg,383,814,417,499,598.5,458.0,431,82
_v2MtU2tVpRSDtxTxE8EirJJrC11V.jpg,182,690,489,567,436.0,528.0,508,78
_vdpclrpjSohoDPaEkhqN6gy9sCtx.jpg,309,897,475,560,603.0,517.5,588,85
_VEjX=9cqOTBq4HNthd9z6WJ5HQ7W3z.jpg,437,744,465,522,590.5,493.5,307,57
_vf2mhKtG1VqZzMlyWvluT2i4LHcvmM2.jpg,356,898,460,532,627.0,496.0,542,72
_vnNbWnMLzbUWk7Sa=aqxMVbk7NxgBal.jpg,484,800,443,504,642.0,473.5,316,61
_wiWk6Y3Dygn13byaDCHShCpg6kdHV.jpg,432,794,476,540,613.0,508.0,362,64
_WWBxcfbC7ERH4t2XbneFlyxGficza.jpg,254,903,530,622,578.5,576.0,649,92
_xbR73=ock34y6hqF2j3KHLtZV2qr5Pg.jpg,434,838,419,486,636.0,452.5,404,67
_XiT1WpdwVbrGnXSJYwNQtWfXZfOH.jpg,453,850,412,477,651.5,444.5,397,65
_xZn8dRHquCo49fuTaXLvD=WenNDs5.jpg,399,906,495,567,652.5,531.0,507,72
_y4JlcvWWCIfGNvE8kw=3T7zLs7Nant.jpg,431,761,477,539,596.0,508.0,330,62
_YE5rRKNORCU5E2fRIu=fOlD_zHtbOjM.jpg,352,961,471,570,656.5,520.5,609,99
_YY=GS2NFSQ_nmmotiB6M44MvikydJ.jpg,249,792,462,543,520.5,502.5,543,81
_z3hZ5re=DviiSM8vBXWHEwd91ei.jpg,284,1101,615,743,692.5,679.0,817,128
_ZeGik5ftv3Jfa4Q7jzPTqqyP9tWoe.jpg,347,658,434,494,502.5,464.0,311,60
_zELk83TlRGUHe2Pz921r779dqGBF5L6.jpg,465,859,514,588,662.0,551.0,394,74
_zN_LgX8PeGda41y7UTTmtq7Q4BQCJ.jpg,295,860,466,553,577.5,509.5,565,87
_zvO9fDKLbnp49=oDriD2ve28lnMzER.jpg,321,764,435,504,542.5,469.5,443,69
_zya5ICBWrbw2gQ4Ubtdkoeo7EW=m2dM.jpg,347,721,434,493,534.0,463.5,374,59
__KUtRNYNzddFvQUe9DVhLTS23KlJk.jpg,269,807,472,549,538.0,510.5,538,77
