filename,xmin,xmax,ymin,ymax,xcentre,ycentre,w,h
115WbJDuFNePtmmPPbfXCiS8xbEma.jpg,283,845,426,508,564.0,467.0,562,82
1167tlVRmziSI87CbfMU42Im6Mps5a.jpg,393,834,457,528,613.5,492.5,441,71
11E6V_Rkh9hp6xs9bRVsI21h2ZQUBf.jpg,336,802,438,513,569.0,475.5,466,75
12nOyH6Mqf3xsVh2pvoXJKdNFiHqZB5.jpg,383,870,441,517,626.5,479.0,487,76
12OfZfvTIhBltWQtFzU37bIZXbx77ea.jpg,375,1024,499,587,699.5,543.0,649,88
12vi4gniVq_YUOtGrQshd3Ecpfn_E8w.jpg,433,932,452,525,682.5,488.5,499,73
13P27vDBVRLgxNT9mFRgQIUWr9sV5U5.jpg,448,757,450,506,602.5,478.0,309,56
14JdLyrjsrNO47ML9fnV7iPM1D_d3T_.jpg,381,977,488,574,679.0,531.0,596,86
14NHVy8sttHaTvDaLCbfzXL8oeRIVq.jpg,350,850,449,538,600.0,493.5,500,89
14v9PKL4STbowQakMtkQOEY7khonG.jpg,427,774,457,520,600.5,488.5,347,63
157V2bJoGqWmqyzFcQrYKsc9QSxr4wT.jpg,309,758,435,503,533.5,469.0,449,68
15ae2eH2n19VrbPsNqPpvqIBCa68s.jpg,464,763,458,514,613.5,486.0,299,56
15Gupe6g4gEUWfyVSpdqfMrCkePFd85.jpg,449,934,443,517,691.5,480.0,485,74
15j9IrQJKhH8an22dEC6YS8DKLtTirj.jpg,540,860,468,529,700.0,498.5,320,61
15mQIsi27osR2MeuLeQyw3XUdxk_gj1.jpg,314,895,453,540,604.5,496.5,581,87
16Jt2w8wVPlfO5O1Msf3istKeybvyMqu.jpg,238,692,441,514,465.0,477.5,454,73
16_yb4K5Jq6_XYbvhgCE7_ELw3cnqs.jpg,266,936,516,605,601.0,560.5,670,89
17hcNLFWC9B4geZJrb6saHaBhhJH4xT7.jpg,443,864,452,515,653.5,483.5,421,63
17qe_efKR4uKEetK_cPJMl5DQrS2wL.jpg,422,930,453,528,676.0,490.5,508,75
186T7_JaDYVmqmj3qpQReCtLTianw7J.jpg,345,884,460,538,614.5,499.0,539,78
18b93l7oVa_r4rrDFzewjW9OKaIUmmXF.jpg,355,867,494,566,611.0,530.0,512,72
19aaXsMyN6feZ2YxBtUV7iG4LrJaYB.jpg,304,757,426,492,530.5,459.0,453,66
19MrQsKmIqanuv4BMREy2pa5HC8huL.jpg,354,755,430,491,554.5,460.5,401,61
19OrJYsLt7X8IlZVgxSR6sShr87pxoh.jpg,441,781,469,533,611.0,501.0,340,64
19xIMpjIltsvuPvyH9ZTeaSBXcZ9C8W.jpg,384,716,451,512,550.0,481.5,332,61
1abq6hspJpPXWU29BVhwpGmeKIX2yRB9.jpg,408,840,427,493,624.0,460.0,432,66
1aNtQPT4MBRzlr_yDpbwEi6Ok9kY_k7a.jpg,216,710,482,553,463.0,517.5,494,71
1aontdHlmFHLUTDkJBsB18Y3VqLK2.jpg,350,779,431,497,564.5,464.0,429,66
1BHPvjaGVfvHl5aTPv9uXPLRseCOhbP.jpg,402,872,475,545,637.0,510.0,470,70
1bTfVpOnVEJy9h9P_JnLrpz2Dx1ZQE.jpg,236,982,530,642,609.0,586.0,746,112
1BvGLfEaXBR7UEnzHD2sEFPPpbnDeEL.jpg,338,876,505,581,607.0,543.0,538,76
1bVOQ3hC8mOhWGVHfldZOB6xbXgp7.jpg,349,853,436,512,601.0,474.0,504,76
1C73pwmyVC145u5B71vClgpUhPoCc6.jpg,415,839,535,610,627.0,572.5,424,75
1cJ3pWDBkOzTJaodT232fE1SFTIVpU.jpg,371,971,530,616,671.0,573.0,600,86
1cVHEysp5yPpWWWPkBp2uzzuKoZ1O.jpg,453,897,465,533,675.0,499.0,444,68
1cYN_62zYqNnXiWYbMifOPXV13vQPj.jpg,418,904,447,521,661.0,484.0,486,74
1d1cp_e9DrhVh__wXQBHnBFQWr2UN5L.jpg,468,892,423,491,680.0,457.0,424,68
1d823GKbQbjq4pSnotUF3gYSp3regV.jpg,315,756,432,501,535.5,466.5,441,69
1Dhk87xcTU2iEvEfi4_adgfFtTmUJE.jpg,467,773,465,524,620.0,494.5,306,59
1dI6rkY5yfK6YcE27RefGcnIWyhyxV.jpg,379,880,489,564,629.5,526.5,501,75
1dIwfVO7QtJOiKFoI7nUhtWiX6xRwPzE.jpg,414,901,432,507,657.5,469.5,487,75
1dJ5Htx96qSS8D3dJE1EEhNi7FrxGk.jpg,393,902,457,531,647.5,494.0,509,74
1DRZYzqoBDzZjVefVMNqEdSFB_9ZdZBY.jpg,242,787,462,543,514.5,502.5,545,81
1dwcSh_j8blSogfKIWfSXvrUI_s4aNu.jpg,430,763,461,520,596.5,490.5,333,59
1Ee969ctY11plYqJVIaOQabyeJO831.jpg,531,830,421,480,680.5,450.5,299,59
1ewLBWDaBBwrfhKpGW6qqHvbjxsh15G.jpg,436,840,419,481,638.0,450.0,404,62
1F9W3Lf1M4UftoEay6Ni8YIBel6E59yB.jpg,336,898,486,565,617.0,525.5,562,79
1fLzjhjsiuPjXxrdNkQO5W9JZrtypey.jpg,441,716,425,478,578.5,451.5,275,53
1fYsTRg2s3HMWfwXDvCS4tKTyquBxTKx.jpg,378,665,430,482,521.5,456.0,287,52
1GKl2eBYkvyVsDFIDskOvNOfF7tfYCwY.jpg,447,994,490,578,720.5,534.0,547,88
1GkrhCT7cTjZ9MBrSFMsqfUVmpMGuSv.jpg,329,907,465,550,618.0,507.5,578,85
1Iit2Jn2wLy6zNeyzJYlMbmHCCtKb.jpg,406,924,455,534,665.0,494.5,518,79
1In21iI7NBlTLfvTbDDwT8v4vBDiJ.jpg,256,647,481,554,451.5,517.5,391,73
1Ip3Jbbwr3tOeRmjI5tmXpriLo2sp_.jpg,509,789,436,491,649.0,463.5,280,55
1iQqPUbxS_Lg4UadHzZ_617v3zISLa4.jpg,451,765,447,504,608.0,475.5,314,57
1iZrtUjde1uB43E8zZKUFg7UOKkHuy.jpg,450,907,471,543,678.5,507.0,457,72
1jfOG81Zs8gLSrX6SoK9h4VOcVo1yRyX.jpg,387,960,471,552,673.5,511.5,573,81
1Jl5OlizYql6FzPCrVXWPvf9WL9ckIX.jpg,453,749,430,487,601.0,458.5,296,57
1JrX6RYWJI4_fxzU1MTb8FtSSj4RTqSB.jpg,446,873,455,521,659.5,488.0,427,66
1JT8fWfFpDPIM196hJT1DBXgayd_KG.jpg,349,660,433,495,504.5,464.0,311,62
1Jwz1zITfz6lqVO2rxEWIagtydzB65.jpg,396,729,456,518,562.5,487.0,333,62
1jyDuRsMIp1WuS39HRbhMsSWwN4p8O.jpg,390,910,487,559,650.0,523.0,520,72
1kcRtUUhUp2_668_1FhZNGZbJLNyMD_.jpg,474,756,443,497,615.0,470.0,282,54
1KgkuFWSHhONsXVuvtJB5BQEedovWu.jpg,397,740,455,518,568.5,486.5,343,63
1kjdJoszot4iMufqxJGQQYDluV8m4Owu.jpg,420,1046,476,572,733.0,524.0,626,96
1KTaFSepCzgrBnl8UJzzg7gTz3vjn5K.jpg,197,1026,548,676,611.5,612.0,829,128
1KWsKuGZbKh_hmePMved2bSCH3VZj7.jpg,428,805,465,536,616.5,500.5,377,71
1l4VIwgIWWsyMrvsrgEr5KK56QN9UmBp.jpg,427,705,430,482,566.0,456.0,278,52
1LFHI85RpCmZHkqdt7wCIIVzFXRya5dz.jpg,399,852,434,506,625.5,470.0,453,72
1lMiXf9subsTdsD7w7n1ONs93KD4pW6j.jpg,412,732,445,505,572.0,475.0,320,60
1lw4HMpxFMruu3dkMhSrURw2LgWCcz7D.jpg,138,1004,566,703,571.0,634.5,866,137
1LYu_lVmeJx29VebQf8WjqQeWRTr.jpg,470,801,444,508,635.5,476.0,331,64
1mEn7JPFZlD1rpGYymmksgIt4HecSaD.jpg,447,940,444,519,693.5,481.5,493,75
1mkUtgZOOlCOU7baCuybxfVUVMBojMw7.jpg,361,782,452,514,571.5,483.0,421,62
1MTi4eIRX19bjNCOBorLynMlk6rj5.jpg,337,696,466,530,516.5,498.0,359,64
1N5oqnKWObZhXTySfqm6T8fPoq_IG3M.jpg,299,758,432,505,528.5,468.5,459,73
1n6TuI3UzQsrK3WoZDb8DK5tGNQE1.jpg,427,885,432,503,656.0,467.5,458,71
1N8LWZhg7gSgR9Krd8utsPEGJJPxYUR5.jpg,437,854,435,496,645.5,465.5,417,61
1ncTHgtCIKuD1mt8q66gEGyFJJ1bW81.jpg,323,868,465,551,595.5,508.0,545,86
1nsTJPDQwDZ5G6yBUJBxK9L7c3c2jC.jpg,402,729,452,511,565.5,481.5,327,59
1Nwnqf9T4DRYDzNtToVbIp5WdM9zw1vr.jpg,299,888,490,580,593.5,535.0,589,90
1o9FTHaKbuDIEeirIf4CvNwED71RTqk.jpg,442,896,432,503,669.0,467.5,454,71
1OdaCH6Iba24P3C5Tkwnk_gRSDf37.jpg,370,822,423,491,596.0,457.0,452,68
1OJvSJYojc4kmVYE9VBahnwPhS3QqPUs.jpg,347,872,500,574,609.5,537.0,525,74
1oK2t1cnOhMMvBj6KJCwFHfPPQwCo_M.jpg,325,746,451,515,535.5,483.0,421,64
1Osw621y1c5nED3NK6rS4ygDn8L2ibVm.jpg,455,915,462,540,685.0,501.0,460,78
1PC9qP3leFPEHdwUazppUw9uMB5Zd1K6.jpg,283,841,467,551,562.0,509.0,558,84
1pFhxktWevag3IY8X6lyomgvnEu5t.jpg,241,787,504,586,514.0,545.0,546,82
1PKPfYILqndw1VeVRHis4bPQMQ8shM9f.jpg,300,773,441,515,536.5,478.0,473,74
1Pm78eXpI5JJnsCwfDnSwco6XMuJEJ.jpg,399,704,435,490,551.5,462.5,305,55
1pobYbNXUiyfXsOFPOwuGH7WMVKjIb.jpg,496,810,433,493,653.0,463.0,314,60
1Prlw9xwJoWx6dngwHhEjM7x8uUhnRvF.jpg,416,915,450,528,665.5,489.0,499,78
1qERN6uzjvuqw7SylModwFkMn3YvK8QM.jpg,494,778,439,494,636.0,466.5,284,55
1qfTnm8vjOKUWdTGvGuVgXtCbsBLCQZ.jpg,293,773,430,511,533.0,470.5,480,81
1Qkc4aNUSlnu9dGO_bZRyBGWgC_QQjhf.jpg,369,664,440,496,516.5,468.0,295,56
1qpclx4_S21TocMqmsT9EUDrtPDJi.jpg,391,883,477,549,637.0,513.0,492,72
1qYl8igw7D2gXw4G6BFcEjGm6SB9kC1w.jpg,426,716,454,510,571.0,482.0,290,56
1qzyTsNlpeKq4iuoUY6ey1DB2HsWLu.jpg,380,656,425,477,518.0,451.0,276,52
1RC3nfbHOsCCW8RUlpxm76LvxwJmZxaT.jpg,370,892,453,530,631.0,491.5,522,77
1rhJ6MEe8fNGZITyeVMSBB4OW7_hr6q8.jpg,442,919,471,551,680.5,511.0,477,80
1RKGxWnacj4exQw8LM6sUTq6NRU9LW.jpg,322,755,431,498,538.5,464.5,433,67
1rNxcvxzM_dYoMjJi_yslzpixCpaWK.jpg,279,781,449,527,530.0,488.0,502,78
1RpqLPQdjD9FtcMDjp2KRFGShQ1DP6i.jpg,402,721,445,508,561.5,476.5,319,63
1ruOmgvSvQWMES6rjNc2TnnY1N4kV1nj.jpg,311,759,419,486,535.0,452.5,448,67
1SBdNIC3Gsi3M8vcMR3jr8Lto5oTU.jpg,384,934,461,539,659.0,500.0,550,78
1sbkLM1xzUkXkvM6rFZt_xP_SbqFaj.jpg,402,920,499,575,661.0,537.0,518,76
1sGgxKU7ttueKjISr27gCPFmXh83f.jpg,399,902,491,562,650.5,526.5,503,71
1Si8LWvufD62Dvx1R11v_wxO3gx38N.jpg,464,898,461,525,681.0,493.0,434,64
1SLHtpWXUnqP9rV_VwB4xNLCfHj16s.jpg,347,858,482,563,602.5,522.5,511,81
1sOOt2UzfaN4tSUk1proVzafCU5Thw9i.jpg,332,1125,637,757,728.5,697.0,793,120
1Suz4ylS1eeLcE6zBhpy_YTMv482Vtmc.jpg,324,867,452,528,595.5,490.0,543,76
1T2yvRTwDPjHDkMuwndE97CCVpj77UgB.jpg,364,842,465,536,603.0,500.5,478,71
1TCW3b9wOGBHnBXjb1Ei43Cf5GkBKq.jpg,381,867,474,549,624.0,511.5,486,75
1TeFff7svulkB6qzLkJKUFPLOBYz_oz.jpg,471,766,438,495,618.5,466.5,295,57
1TeQyvhmFevWIjDVej1deL99rqzBUI.jpg,398,840,463,534,619.0,498.5,442,71
1tGhFKKnr7ZGTr_zFxRDl56poVv8vT.jpg,442,768,462,520,605.0,491.0,326,58
1tjbogiYyipUoWnpIVJhDY1Q7kH7lZ.jpg,390,798,520,594,594.0,557.0,408,74
1tRRmuURFr84nhn4_dDqreNqG3WtMksK.jpg,427,892,471,540,659.5,505.5,465,69
1TZ93x1DpWqxQCY4sT8Cdg3VqsWP.jpg,310,699,440,499,504.5,469.5,389,59
1U6KVzBQByIG3XEatmWiBHMUr1Fgxk.jpg,228,796,473,555,512.0,514.0,568,82
1UCpwrXII7FGWqvCJrlbrfdYRWxEtj.jpg,486,762,418,474,624.0,446.0,276,56
1uNN17ffntrnN5UVhRI4tqNu15I9qkq.jpg,457,962,447,525,709.5,486.0,505,78
1uu2_zhFzKwcIG8gU9reQFL4dTZQVk.jpg,422,727,461,518,574.5,489.5,305,57
1V1wrPMhrvFXEry8olNUTYFjzbacWeqE.jpg,487,815,435,502,651.0,468.5,328,67
1v6zVWvw33ZT3stsIXGb37avWDSn8CW6.jpg,369,875,452,526,622.0,489.0,506,74
1v9jadMa51oQ8CWpljrvnipnd5pFCF.jpg,435,718,425,482,576.5,453.5,283,57
1VGlMuwd4GvyhUVYiYrIaJIxhkXeXJv.jpg,392,811,452,518,601.5,485.0,419,66
1Wd46eHXlErB8FFIczt3zIIHLm24L3Jp.jpg,411,717,440,497,564.0,468.5,306,57
1WFUwFFGz6gFZfL83H6xYkKdSHBXWpY.jpg,399,1014,534,625,706.5,579.5,615,91
1whx1RQJdyjeETZb7TI93QQur9_Lpc9.jpg,410,865,439,510,637.5,474.5,455,71
1WIaxzLp4rkNqQKwRe39fk5GUfWVmz.jpg,516,833,458,516,674.5,487.0,317,58
1wMJ4fEMcKXrC9VLaxtZHEP5EM4R4Z9K.jpg,488,835,464,528,661.5,496.0,347,64
1WNWEmWnVuigtMGT2nRnuJ8jr_14nvh.jpg,486,984,482,559,735.0,520.5,498,77
1Wub9PUZEKMUriTbvMx3vEKqJWcLW.jpg,430,1040,478,567,735.0,522.5,610,89
1WzgLxEQJRmS5ovaL9WN8N8XGakC_hu.jpg,320,862,501,579,591.0,540.0,542,78
1wZVNYgdE3yZl9tzkc498Y2l_rNu.jpg,426,855,424,491,640.5,457.5,429,67
1WZv_iZ82yxOIQnfP4nxlDImWuVb78.jpg,363,923,489,579,643.0,534.0,560,90
1xjf3dn3JpaU4wU9cax8tTn2L2m9eiT5.jpg,376,934,511,590,655.0,550.5,558,79
1xJS4yLT1BJuoS65fxpSGwHntrSFDNr.jpg,355,648,423,480,501.5,451.5,293,57
1xkQsPr2uOw3l4MjN4p2Tb9XFL_s6XQ.jpg,372,853,442,515,612.5,478.5,481,73
1XoJ5yfjc99YgCJMTZT1fBt8Gg3Z5Co.jpg,354,823,442,512,588.5,477.0,469,70
1xq2vkQJsOgGB2DlIgr3hUDQbnXe.jpg,410,908,486,561,659.0,523.5,498,75
1xRODkgBaQzyeKTraGtVPpDanQlo.jpg,406,977,518,599,691.5,558.5,571,81
1xViWmSqHqjw4xsSChOufdurZMxVQp.jpg,426,956,490,575,691.0,532.5,530,85
1XwJmnCdFZuDX2sqrCIk1vFjD6TzP.jpg,389,829,459,529,609.0,494.0,440,70
1yJfYScD9LRxq2SMcqF78JLCrkdIqzu.jpg,378,708,453,514,543.0,483.5,330,61
1yOf4cqZT4NraMZkUFXLQUDniSCVIPnS.jpg,430,850,422,488,640.0,455.0,420,66
1yrojO1t8z65SmqHSZ5YNywY44NaZH.jpg,398,712,439,498,555.0,468.5,314,59
1YTCSJdIRwJtJ7WgxasC8vLKVwnjCNj.jpg,447,900,461,529,673.5,495.0,453,68
1z6ch56gCJH4vXbBbUWs6zikxXJnSl5.jpg,361,942,517,600,651.5,558.5,581,83
1ZfZuGglSt9koQkUUXE9pQWUjZyPiO.jpg,418,823,417,480,620.5,448.5,405,63
1ZhRzk97sRrwTvEOxoZFHxddPL3syvB.jpg,434,902,469,540,668.0,504.5,468,71
1ZIoDXG3CzHUJ3yeiz3bmNBK3JFKNnFH.jpg,488,830,452,516,659.0,484.0,342,64
1zJU9gzJVFitVd9T6qhgGOGiz6vVpGR.jpg,462,831,505,572,646.5,538.5,369,67
1ZL8oVl21z3PtkblY1LVjlK73Up8wESK.jpg,429,725,428,485,577.0,456.5,296,57
1ZOZV2qDhxKit9Me9uiNy_k2t_pnsa.jpg,407,947,506,584,677.0,545.0,540,78
1ztRKMUSD7FBe_huNpGCMbc1vPbOYx.jpg,374,1075,501,633,724.5,567.0,701,132
1Zw6gOTNOvdPHdWpW6op5_PRubudRoRl.jpg,481,838,487,556,659.5,521.5,357,69
1zYsDrdYEJG96bqcoErjD3l9FjslYRy.jpg,435,741,434,492,588.0,463.0,306,58
1_4d_ojbdByvzjsV99eItwozsbOP4.jpg,519,832,441,500,675.5,470.5,313,59
1_EEbXPQrwLmPOBz8YIywbx5rBcym.jpg,486,779,452,508,632.5,480.0,293,56
1_fgwwr9nQdr32BZBT6qWvwcT57wIaF1.jpg,459,843,412,473,651.0,442.5,384,61
1_RcM37QflimFyGMJRh2f48gX4j2g7Et.jpg,503,851,460,524,677.0,492.0,348,64
1_uOr3JM1XTunzyNWacK1sQnx5sQnKSY.jpg,436,737,430,488,586.5,459.0,301,58
1_wX9u4M4czCtUySUgrrOl4rg823J_G.jpg,386,702,447,506,544.0,476.5,316,59
1_XBT61WVNYxBxbRZnO8J22vK_I1lc.jpg,398,836,429,495,617.0,462.0,438,66
214unOeJI72r8on4Tt1r4FeB6SuctFS4.jpg,436,807,509,577,621.5,543.0,371,68
21kJcgsbG3r8PKrzJrt61gugyQJVaE.jpg,351,987,532,625,669.0,578.5,636,93
2281vg1YttCuVZgeExL5RrfOI4d7e.jpg,433,903,469,543,668.0,506.0,470,74
22j5hZsGLIzH2dOxr9RCdtfxUgXZHNlG.jpg,381,675,435,492,528.0,463.5,294,57
22NnovjRSqmJ8rS1gTgLp2t_oeEvg96.jpg,376,676,442,497,526.0,469.5,300,55
23b_qfVuwVEp5qmMujbY5RrQt8VPBPki.jpg,377,809,419,481,593.0,450.0,432,62
23JrmwUvjrH32z2mbHbgu4Kmwkag9.jpg,438,913,439,516,675.5,477.5,475,77
23sKJfngGoELrvTy1xJLfdI_jzCisG.jpg,438,851,524,598,644.5,561.0,413,74
24B_XUWIe_h9IL84QoSDrDrsf_lqZO.jpg,248,785,470,546,516.5,508.0,537,76
25LBHW_Qf9Qm15jeEyJ572taUW6PkT.jpg,344,874,460,548,609.0,504.0,530,88
25O5cEP6R7lnW1yV4mw2xkQFPYO5vGmY.jpg,329,897,464,547,613.0,505.5,568,83
25r1Z9csEHQbYzopMOMUG6zNiICV_eE.jpg,408,961,509,590,684.5,549.5,553,81
25rtlQbrbb4sRNkC8Vm7DTjFu72wr.jpg,433,797,435,502,615.0,468.5,364,67
267pWRmqN4Ox5VVlvpknFpkVfRhNqMG.jpg,458,773,438,500,615.5,469.0,315,62
26alfLIUXEiliS8HUYeKFlHR__eOVJ.jpg,417,868,432,506,642.5,469.0,451,74
26hqdRD9ZXCGCUqmZm1d6LwtqPDyhQpW.jpg,354,851,479,554,602.5,516.5,497,75
26WDT9waTx7sOJzE5974WwPZKdFJ.jpg,368,797,425,493,582.5,459.0,429,68
26WYP4R4YW3kDFpKtslQ7SMuJu1g.jpg,393,876,481,553,634.5,517.0,483,72
27CCGyo7UbiWISGw3ILfitcveVcLXiV.jpg,376,849,439,510,612.5,474.5,473,71
27GB4lGHYr3NKyI7QCZDLgK5gvotPP.jpg,391,758,471,536,574.5,503.5,367,65
27XWBk4zWNYoBxw7E8fLSgsjOuF3E.jpg,376,827,424,493,601.5,458.5,451,69
281CtJ78BlO6YOZOpaw5usaadQz8XNY.jpg,328,875,461,548,601.5,504.5,547,87
29GtOtffqPsoDCdE3y7ePDXv4lXn8qOy.jpg,465,761,439,493,613.0,466.0,296,54
2b1OeQBg16uZDq9UyJsHK_5WCI7Fit7J.jpg,330,877,459,548,603.5,503.5,547,89
2b7YloOuzRsb6FYjkd5W5pqZCplG2RZZ.jpg,373,682,443,500,527.5,471.5,309,57
2bDUgBC7l1l5Lu9kM41DEEIjh6syBw.jpg,290,804,487,565,547.0,526.0,514,78
2BH7LY7kkZLDzkumH3JwXZo7ntjMXC.jpg,339,882,473,547,610.5,510.0,543,74
2BhUYaIIzjXCNXPg29H2bRhj9BGF3zH.jpg,397,930,490,571,663.5,530.5,533,81
2BWkkzP3C84ok96rXsHqK9yoxu1BNBBE.jpg,412,832,447,511,622.0,479.0,420,64
2BZcrSxFkaihtHcZoM1JFajFPgSFo5Ka.jpg,342,687,456,520,514.5,488.0,345,64
2c2D4Dsj3eGklKjOt4iKHFyrsK6Smfye.jpg,455,910,464,536,682.5,500.0,455,72
2C4Pbbz6S8DeWFcdQk3iVNIiOQeD_KN.jpg,388,802,445,503,595.0,474.0,414,58
2C7YM65YxI4BG9LME4KFbXDhFVL9LFzW.jpg,336,979,544,641,657.5,592.5,643,97
2CCVb6LPW7vdI1akxn6LT5fWfTUZBgpw.jpg,531,909,504,576,720.0,540.0,378,72
2CkqrbG1icW6VFC5cRJR518BccfOhgH.jpg,419,828,419,485,623.5,452.0,409,66
2D1ywoZU2MHxlvNixWTIZhmj8_kWCoY.jpg,447,890,416,487,668.5,451.5,443,71
2DBJjsLjysmKHV5Y82cjxW2V9rohE2K.jpg,387,904,490,566,645.5,528.0,517,76
2dNBOvxbJ6jl6o3GZNpl7Kk33PYwMj1P.jpg,326,762,428,492,544.0,460.0,436,64
2Dx8tkPRfJT_zvbgqKqzMRaLb1NtM3.jpg,426,719,430,485,572.5,457.5,293,55
2EuCMZR1dzwYJWrdljwXNBITaUOIKB.jpg,364,814,436,508,589.0,472.0,450,72
2ez1pQhOuZG6bL9wRIlxWHSOHDmnoNNU.jpg,395,842,429,497,618.5,463.0,447,68
2FbTVdPaN_Bdu8ypFsQZig1TlmehkkM.jpg,465,815,442,508,640.0,475.0,350,66
2fJQwxkcF3gupvBOBFmnNtIi2Isnmlw.jpg,387,743,483,548,565.0,515.5,356,65
2fLwDvKaa7Thqmin4yPS5Z_pg26Rdz.jpg,459,839,486,553,649.0,519.5,380,67
2FMuPXbRdhIg2cqUykfw_X2UYGseqsHs.jpg,420,880,436,512,650.0,474.0,460,76
2F_2yEI6UwenvXheWf2fwBYDva2Z.jpg,313,668,474,537,490.5,505.5,355,63
2G92u8Yu8HQ5dbmJRh2LoyW4_46Va2.jpg,392,888,487,558,640.0,522.5,496,71
2ghpePJGXUK4zNnhOlxLkmSa663bQQH.jpg,371,841,466,535,606.0,500.5,470,69
2gPMKHNXhUTm2GFCreZOesow2V9rWMF.jpg,353,833,441,511,593.0,476.0,480,70
2GqWvM_noU1PWyPvacCyb8fMEiF6PC.jpg,412,867,473,544,639.5,508.5,455,71
2GrBdFgIEMN8763BQBoPl148mFuGL9L.jpg,372,689,443,501,530.5,472.0,317,58
2GstsDMtXyXX2cg6SILUwZ3OJZLHqHi.jpg,400,939,462,544,669.5,503.0,539,82
2H9p82vE1GBO9uRPxzSrDDWZi46VDWh.jpg,376,840,437,522,608.0,479.5,464,85
2hBtkbIJ883b5d2mXlXP6UQ3YzSJsUa5.jpg,426,847,424,490,636.5,457.0,421,66
2HCWLB8lY4mEwhK5sEb8M7KIV4UwEqb.jpg,226,1153,575,712,689.5,643.5,927,137
2HGlIQeuzJ4vy16mKjPNraNcGk_1Te.jpg,476,798,472,529,637.0,500.5,322,57
2hHhC7K1rBsYzB7zgm1JRVqVBbkWW.jpg,378,860,446,517,619.0,481.5,482,71
2HluRyEJrahzBWq4Qknb6SgLsF3ySm.jpg,373,764,441,503,568.5,472.0,391,62
2HSPr56nbvl4oDCwJZqH_whuDQpF1.jpg,437,885,456,526,661.0,491.0,448,70
2Hu3p8e_PYk1vxL7YVS6W8VrQ53vdMw.jpg,343,893,505,583,618.0,544.0,550,78
2iaqQ9e5rRwbz2slWFOKZ_X1G1sO_kwV.jpg,453,771,462,520,612.0,491.0,318,58
2iCmbWcLFM3LyHTfbUk3_SquxOEL_3S.jpg,424,850,454,519,637.0,486.5,426,65
2iodZwffvlwnbiBVMMEUvz9npJjJd3E.jpg,336,900,516,594,618.0,555.0,564,78
2iRXaS_yzqZXraSeaRUcjnRYouQW2r.jpg,392,1012,492,587,702.0,539.5,620,95
2iubqyRcbbbcq9Hn_qI8Nrk1TceLxiMu.jpg,505,915,417,480,710.0,448.5,410,63
2iwnQWW_EbKki6y94Y9TUoxMa8tldxq.jpg,390,944,514,596,667.0,555.0,554,82
2IyM1XPZjO9KkZLHNLtIDzHkZ1K2sv.jpg,382,958,517,600,670.0,558.5,576,83
2IYSHxV5btExPbSlK8GE8pRzIzi1oyf.jpg,410,973,476,555,691.5,515.5,563,79
2jPXmR5rB5WRtCPxks8crpqhr6LD5dp.jpg,495,770,422,476,632.5,449.0,275,54
2KILdPU9lW9TyydnatCBnxJJ_MhWoFe.jpg,422,871,468,540,646.5,504.0,449,72
2KVtUJPpgeQ7wQZBq8YjyyKhwK8cRn_.jpg,390,907,460,539,648.5,499.5,517,79
2Ky4n64tPnzoZk7TjUD_79Gc7VJj5Lc9.jpg,366,1079,527,637,722.5,582.0,713,110
2LC_isaQyY2zOTVwiRKZKgkdtUa1Bgd.jpg,118,856,499,598,487.0,548.5,738,99
2LG4E_htXzW_RlbcBR68VjNQ2GSsQ7G.jpg,408,805,415,480,606.5,447.5,397,65
2ls9QhhlrIP1t7Hje5lRwjEKS5HCYCSn.jpg,320,882,474,555,601.0,514.5,562,81
2MFNsLcQ2PV8569DCYdII5kmkp6lTo.jpg,478,822,459,524,650.0,491.5,344,65
2mfPCMJ6V_rOxznyRVL8vbFifZTtG.jpg,361,867,491,563,614.0,527.0,506,72
2mIFqRi73qf9xKo7ZRvI6MZD7nSeFY.jpg,319,718,441,501,518.5,471.0,399,60
2mKssJEpEXu7zaxUIQe1aud2vGz8SB.jpg,450,828,511,580,639.0,545.5,378,69
2mSG1GdcjDc_NksCaStLvst3lPTaZT_.jpg,329,839,461,536,584.0,498.5,510,75
2m_gdUR17U_ZSJ75coBFxUCsX6obJo.jpg,352,820,454,530,586.0,492.0,468,76
2N4_EteCedGrICbNEnsYFENsJ2Doxp.jpg,455,892,459,525,673.5,492.0,437,66
2n8vEVZL7Ccc5b1WPc5MJa63qB_LbfjO.jpg,441,871,430,503,656.0,466.5,430,73
2NRfRICeTy6OSKopYxpOIVOXMMjByOm.jpg,469,925,460,532,697.0,496.0,456,72
2oOB1tur47oRqyErTU1krbBl7pe5SUv.jpg,391,929,509,590,660.0,549.5,538,81
2OrCI6xhFrstXNQIkoOUDFOxG8WnN.jpg,459,772,443,504,615.5,473.5,313,61
2OXKi9SCH_JZa8sJd4WLWfDfmV9nm7lP.jpg,329,895,506,594,612.0,550.0,566,88
2PEeZXOfql3_nDTQwwjcNUD3ecNGa4.jpg,459,1022,474,559,740.5,516.5,563,85
2PLBo9ClmwtHiaBQ2GdV76tzhkwfktNn.jpg,373,907,460,538,640.0,499.0,534,78
2pN_T279XvedKz3XequcnYFu7aDmHh.jpg,467,907,458,527,687.0,492.5,440,69
2pO5f_OiOt3t4evCXqfw9ckxbYlUk9R.jpg,453,774,469,534,613.5,501.5,321,65
2pOw8M1TiGerXJhwG3RPNXHheaLc4.jpg,308,756,459,527,532.0,493.0,448,68
2PRiTojzCSTVCQahtOkBh_e5CzOn9.jpg,324,900,475,568,612.0,521.5,576,93
2P_HepnSccZEqqg7yjn7QtZVMcBFT.jpg,416,856,428,499,636.0,463.5,440,71
2qnWOdnm37JVdbTgGECOphg2NtZ9CvD.jpg,338,829,468,542,583.5,505.0,491,74
2QqFeownHuusj622jmW_n5CTI2Lq.jpg,338,859,455,532,598.5,493.5,521,77
2qQPWrrYfByHnzsWXghWw4iT99uQ3i8e.jpg,516,973,459,532,744.5,495.5,457,73
2rR6Xd4Gcys1y2Vf1ylXGV3ZTPi.jpg,422,1012,517,609,717.0,563.0,590,92
2s1LBscpB1lmvhYObx3GNGSbTVkES.jpg,403,760,488,551,581.5,519.5,357,63
2SUlOljhIzNZI5Q7yxsyPjrKWdMv.jpg,399,683,431,486,541.0,458.5,284,55
2swflixiF44vrjkq2_qNMyhycKVB5R.jpg,387,798,418,482,592.5,450.0,411,64
2sZrUujY2j9wZRdOs9WNetzxy9H3ltE.jpg,337,861,457,531,599.0,494.0,524,74
2T7lhmIllr24d7evfgUuoP61DURY_.jpg,440,895,463,537,667.5,500.0,455,74
2t8cQaJanFfi_Tw8FQlpTCL6bx6bIw2.jpg,430,917,476,548,673.5,512.0,487,72
2Tcrr7xLVmsb_fImEG4k7TGJZn9JNcp.jpg,418,853,457,523,635.5,490.0,435,66
2u5lbpnGXzq1iyEbCGlScq26nPtIRcE.jpg,388,845,467,539,616.5,503.0,457,72
2U5yhUgyadN8IYSd5Otxz9GVsnlZX_.jpg,367,787,456,520,577.0,488.0,420,64
2UqHwIV4MhhGbI3UhPtmvfhnV6jn9L.jpg,433,784,448,512,608.5,480.0,351,64
2U_gwYW1T4C8qNwoIhww1d9gPMfJIej.jpg,301,935,506,597,618.0,551.5,634,91
2vE4S6S2mmlFUovufzwFb5LpP6ooN_.jpg,328,755,430,496,541.5,463.0,427,66
2vfBafUEf_RlWEhBlTnDPQoXPzG29Ob.jpg,485,779,435,491,632.0,463.0,294,56
2vOPaysEJQeqk9KV2addU4b4KgaUin.jpg,428,949,453,530,688.5,491.5,521,77
2Vpv_oKP11GmfkNl3pd3lTEpbuH7H.jpg,451,887,461,529,669.0,495.0,436,68
2VX5WUZTL337Uoxg_obI8WDyKYgEKY.jpg,351,837,475,545,594.0,510.0,486,70
2w2Ugf1asa3BG8sL9BI6VUU4osqZMeC.jpg,352,692,442,502,522.0,472.0,340,60
2w5ia84sgRJtkSIzpjhBtpKxzcyGt.jpg,464,780,467,527,622.0,497.0,316,60
2w8ETIQCqKYIPNkYEyQv9yY7EcuO4Bv.jpg,331,962,492,590,646.5,541.0,631,98
2wBhNjLRbMtKwGBPfPKGhZLSxZo47x.jpg,223,796,462,544,509.5,503.0,573,82
2Wfqil_vnTQPNWUC_ICi9lwRflqluq.jpg,404,841,451,516,622.5,483.5,437,65
2wlI9lNVYwTnyaX_VqXU7KIJiFVdYHzf.jpg,364,846,452,522,605.0,487.0,482,70
2wUZLhnSvlo8gWzxVycyBg3rJSnL4y.jpg,426,971,467,547,698.5,507.0,545,80
2WWf46n8KxH4KgPbSgFrSjxihgZeHHbU.jpg,301,799,473,546,550.0,509.5,498,73
2WZ1z5MP_bENWdXxvwtDF3CzCzN8io.jpg,427,937,453,530,682.0,491.5,510,77
2WZd7nbRr_lbdnnGg9qcpwalINcit7e.jpg,456,919,471,541,687.5,506.0,463,70
2X2X4fOOtNNxFDTtoWklS2oZ2YJ2WU.jpg,444,843,447,509,643.5,478.0,399,62
2xJOKRxBKhKnidBy_LRaSQSWZDeDnk7.jpg,430,863,428,502,646.5,465.0,433,74
2XKWMq5olp4OQ8YEgiNC3mCF_JsL4n.jpg,359,914,463,545,636.5,504.0,555,82
2xlKrPC7me17Qc_PNWvPOL2VjpuXpW.jpg,303,821,462,537,562.0,499.5,518,75
2xlTwttHUmb4_yES7xEPwO6bsy4azBij.jpg,492,946,427,500,719.0,463.5,454,73
2XSZahe2aLJFJSOsDU1ghvr8xyLXuaLh.jpg,239,777,452,534,508.0,493.0,538,82
2xVkckYuJ3Q_76y1sE5UQ3FzqEeiPWVn.jpg,454,760,430,488,607.0,459.0,306,58
2y6Jt2qe4mdcUZrmSLa8KfZmwKd4jof5.jpg,405,859,465,534,632.0,499.5,454,69
2Y8icV5vhbyYgTZZ2EYLVBWpCBISgb.jpg,442,902,466,533,672.0,499.5,460,67
2yo7DlXIVtcj4VDTzLj6dzy2ElgiknX.jpg,297,880,476,558,588.5,517.0,583,82
2yR9UkJP2qSuS7sFfyEaifbSMSmOBO.jpg,393,870,445,520,631.5,482.5,477,75
2YWbYkpUZWmCbECoF8JCGwFIr79uE.jpg,429,863,462,527,646.0,494.5,434,65
2YzYnYnQ8X5NX11Jwlcf1yPyTycxdjGx.jpg,351,855,441,519,603.0,480.0,504,78
2zWZbutnJphoL8qWWCSTqVb1RMD4cZu.jpg,473,781,461,518,627.0,489.5,308,57
2ZXd_DJMjU6UqykxbUH3Qg_J9QFGCTS.jpg,368,943,481,573,655.5,527.0,575,92
2_uum_Gv_tTNXmtJHjNBhfu3pJhD7Iq.jpg,380,754,470,536,567.0,503.0,374,66
2_xebLNk_JRXYDcFZ45PO2ohl3sGmr.jpg,435,720,428,482,577.5,455.0,285,54
31d_6PtYEUoGSpfIE25bw1BeJ3LJBSs.jpg,450,735,452,506,592.5,479.0,285,54
31GRpxxIILEiauIvj8ubBs_nZJmuPk.jpg,218,1010,556,675,614.0,615.5,792,119
31uib1DckN6Sk8JwSS1_YdisxkmduZF.jpg,339,808,443,515,573.5,479.0,469,72
32R8qDPliPrtvVWyNk_8VQTFnTIOucT.jpg,521,824,454,513,672.5,483.5,303,59
333ivqcuZcTEBtPGaKGPjN8PfNvRBW4.jpg,387,807,446,515,597.0,480.5,420,69
33jyyEcc4aKrxD73IkmuetP1O8bjSJ.jpg,485,837,451,517,661.0,484.0,352,66
33VCZcJB7MtOd577gTZWxE_732DzbS.jpg,379,779,428,490,579.0,459.0,400,62
34gxIuQrLeos6xZ8chkQlIOuf4XtLF.jpg,403,848,457,532,625.5,494.5,445,75
34hHK_r7TniE6kBLbspgseutdFab5vm1.jpg,490,805,445,505,647.5,475.0,315,60
34kFJU2KmPHlVPuw1pV7Etxc1xjVI.jpg,371,869,452,523,620.0,487.5,498,71
34KKbiCm3zJEi4Gx9MmcgMFGVynLfw.jpg,411,882,471,543,646.5,507.0,471,72
34l8lZNVY83Fo_5eEspNzdD4jL_2y.jpg,199,852,490,583,525.5,536.5,653,93
34Q9aF1DkmbBSjZoTrXL9uUyiNuRee.jpg,454,868,448,514,661.0,481.0,414,66
34uJJQmYnCevy7ai_bFYUygeBK_oCz6Q.jpg,372,883,488,567,627.5,527.5,511,79
35FJwinWYbEwlyzsM6eTfgplOlN39Ch.jpg,570,897,432,499,733.5,465.5,327,67
35RlBUD15IwJi1RayPjjNld8W6z8PiM.jpg,398,942,463,543,670.0,503.0,544,80
36o2IsDkQSDx8FBDI65tqayFbVyqV.jpg,383,1030,482,575,706.5,528.5,647,93
37BfDoGSNC1KfXhSok5lpG7qtTJnai.jpg,464,864,436,509,664.0,472.5,400,73
382xiqn1g3bneC3JPXNKjQhKR_iGMbyN.jpg,342,845,427,504,593.5,465.5,503,77
38CgtKVhK8vHMiqj4kGZ6H8JR6drLb.jpg,359,740,498,572,549.5,535.0,381,74
38TmWy8w7QzfhRc8VelfXzQjfVBUf5.jpg,414,827,424,487,620.5,455.5,413,63
38w3BRdJYlL9Js2wKdyPTSUlKe_TxV.jpg,465,881,418,485,673.0,451.5,416,67
39icGnmiHFeMQOTRauhFSaWbJ6NNVzqQ.jpg,457,879,421,487,668.0,454.0,422,66
39REmjUwYqkIKvLcwCaZ13BJjS9legiM.jpg,390,907,453,530,648.5,491.5,517,77
39SUsmubqyG5UEkN7EK7Sue6wshqmfY.jpg,381,735,485,548,558.0,516.5,354,63
39ZOtWq_Wr28q2LNebaG9wu6QSrzr8fM.jpg,437,743,442,498,590.0,470.0,306,56
3aaosP_PaWOzdfKTBDHHYZsPf78F356.jpg,468,917,435,512,692.5,473.5,449,77
3a_GxXoFp35m2UgnDncqwxwcNx7BUgfu.jpg,261,1142,583,721,701.5,652.0,881,138
3B6RKnOC74ih53FVwCpQnFpPJDsawTS.jpg,410,834,424,490,622.0,457.0,424,66
3B6TuMDB3SQmcfs8t6upY7EGQrVhFg.jpg,356,828,439,523,592.0,481.0,472,84
3bCrI2KQGl_bSqmxZugwxTvT9WJnG4.jpg,393,914,492,569,653.5,530.5,521,77
3BCX3RsKdz4H3EJBzWXDQft3eYDvtS.jpg,265,793,457,533,529.0,495.0,528,76
3bLTZRIWbRGBlKsBWY3fvDpdwT2rjCX.jpg,417,946,497,577,681.5,537.0,529,80
3BS8TzPYLxd2cuHq9ggQyfhzPl4jJ5OX.jpg,460,960,443,520,710.0,481.5,500,77
3bUqkneB5QhXYKrNtg2mYuE6VQYq8.jpg,366,823,446,520,594.5,483.0,457,74
3bXLOPovb3xNIHnMrsOlIcuj7dF41t7q.jpg,430,856,460,524,643.0,492.0,426,64
3bZJthRqCKfWtj7iViLCIw7Os9rvgoTc.jpg,437,876,428,498,656.5,463.0,439,70
3Ccq1Y241B74NRezQx46qyktm6vERM.jpg,293,786,471,545,539.5,508.0,493,74
3CDShfj27NP2gpvWc7TP5uOFE2b.jpg,270,842,470,557,556.0,513.5,572,87
3CzjVBrPueE1NGcBo5jqlRnHqgtW_N.jpg,312,763,436,501,537.5,468.5,451,65
3DWs_9DcQv1XDo2Lh8XFWKKvWOEJx3OT.jpg,441,779,486,549,610.0,517.5,338,63
3EbifhWeHIl2PO8b1FCVqKQzdh2xpiZ.jpg,414,733,444,503,573.5,473.5,319,59
3edjSGzfh_KZkLQDmxeVYGimKZDBNQfr.jpg,415,714,440,495,564.5,467.5,299,55
3EKOueif72XvBKrxl81rcyZjOUzzi3.jpg,346,808,469,540,577.0,504.5,462,71
3ENwtN8b4LPjRuMkX2wviU8TOGdzh.jpg,355,817,432,508,586.0,470.0,462,76
3EosEuxEbU12TpHxThkkLm_V8aXr.jpg,359,953,527,612,656.0,569.5,594,85
3FqBDyrBVDjwrD8SgOKcXKvCnwTgREE.jpg,384,802,422,488,593.0,455.0,418,66
3FQnRW4okNJBtyEEy657bNLOC1QO.jpg,368,797,432,498,582.5,465.0,429,66
3fVxOSZ7kQS_Q57jr57uw2XszljMFyK_.jpg,415,825,456,517,620.0,486.5,410,61
3fw_rfDORS1vlURaGekzv56OWBY5KwE.jpg,463,881,470,545,672.0,507.5,418,75
3g4YWNgfU9uRoBZrVbP5pvvrtXbWqV.jpg,415,906,449,519,660.5,484.0,491,70
3GaUaejOSek2cHby_Q3EIQbXazC7mIz.jpg,388,755,501,571,571.5,536.0,367,70
3GbJ3YdzFi7rJTpybjYSn5_vG9vkwDTz.jpg,343,864,471,544,603.5,507.5,521,73
3geo3O4VZlMeZd7RtaktQW9OJMZzBwJN.jpg,427,940,486,564,683.5,525.0,513,78
3gLZSIuY7tZ918svEccSxlug8ewe2n2.jpg,428,833,420,486,630.5,453.0,405,66
3GTk2feyxXt5w6U8Tqoqf3FQu8sqopr.jpg,244,988,530,654,616.0,592.0,744,124
3hh_MIFtTZPXEptDaPud_n85bMZwu8.jpg,459,871,422,487,665.0,454.5,412,65
3HJq1oQ3DVxqb2n7zoVX_J9RGkCrbYo.jpg,390,965,474,558,677.5,516.0,575,84
3hJQC9iypcX3eWf1pHMl4dJ4Vv_z6.jpg,463,900,432,497,681.5,464.5,437,65
3hw5Iqtp21u_gfvCtNPVzvv1YOcPpUh.jpg,377,940,469,554,658.5,511.5,563,85
3hxHzOHtTMqW8FtIucNcIujG5ev4r1Y.jpg,501,916,444,520,708.5,482.0,415,76
3iLcrJeJflcJ7VhHSEGksBtFtV1cDBjy.jpg,452,885,456,525,668.5,490.5,433,69
3IlJoo3FabG47D5FJHJKmJ7WlxQlKfMj.jpg,389,906,459,535,647.5,497.0,517,76
3inRBeHhZtp6MCYphxRuU515cEEC1oDg.jpg,457,885,467,533,671.0,500.0,428,66
3iNW53TyuK_YO5xlrh3RLCNZb569gptw.jpg,426,894,439,509,660.0,474.0,468,70
3IPn6Rwi94coI3WGQGcJLCWfXOXOFv27.jpg,344,908,474,551,626.0,512.5,564,77
3iqjrRvN8IbKOflI6h8R9Orj5dM2b.jpg,433,949,452,530,691.0,491.0,516,78
3J2Fi2WonDHsScZO2cv2Z3I4PvCVmdWb.jpg,375,667,433,488,521.0,460.5,292,55
3J8KQsMuoYD7ZRmZGsuLwtaM8tn344QQ.jpg,339,780,431,498,559.5,464.5,441,67
3k7dYPebPrPyUvViEHV8mhyqewGK46ON.jpg,420,738,446,502,579.0,474.0,318,56
3kbjeDC8TZglvk5qjx3faiHDLfK3Lt.jpg,415,944,493,570,679.5,531.5,529,77
3kNtzNd9QKIWbVT3ZcvpqlCc4US4Q.jpg,399,808,525,599,603.5,562.0,409,74
3lL9NLOVFHisXDNsx4scI9xoQrEHZiz.jpg,329,836,460,533,582.5,496.5,507,73
3LskXyNzkNYodMN7ieBxxOImmLfN7Lzn.jpg,335,892,474,549,613.5,511.5,557,75
3lYjr6R_gyz9Glg2PPe6zS_jfOeaCD7.jpg,388,874,446,523,631.0,484.5,486,77
3lZUNRB3cFLDfpBaO2Mp9MmMcW7k6.jpg,391,801,425,488,596.0,456.5,410,63
3Ml91VKDxPokZLz7UKs3TCMuKREIek.jpg,470,799,442,506,634.5,474.0,329,64
3mPCCEHhq71DLsKkYS3SFiT_lFzGraY.jpg,438,739,440,494,588.5,467.0,301,54
3mQ5ppMgP3NtnXokUF6zv35NULeRf.jpg,388,726,446,510,557.0,478.0,338,64
3MwcVb5KEMtmznf5MUEaJnK_q_wJwN.jpg,431,827,415,481,629.0,448.0,396,66
3MyKrUutwJ2WgIeIMzRrYsojts_3nzM.jpg,416,921,454,527,668.5,490.5,505,73
3MyuDoTLBNYDHrSlytpEj9scpGNGSuSd.jpg,303,849,487,566,576.0,526.5,546,79
3N5oSMBUgMcn8STziu5pkKZSjz5Yel.jpg,338,895,471,551,616.5,511.0,557,80
3N9qxxywNjtE5k_S7eRgkuuvO4azw.jpg,367,815,435,504,591.0,469.5,448,69
3nDqPYl7E2JH9eogbRDX2i5NYdF3LZ.jpg,453,739,430,485,596.0,457.5,286,55
3nG5xnB_hWJ19DpMOV3KbNBgUZRL3L.jpg,482,817,481,543,649.5,512.0,335,62
3NLYGZq4uQY4Exo6jFZ1jaaandbidQK.jpg,460,757,428,486,608.5,457.0,297,58
3oBjzGk6VtnzTULwVlvDxlZr7drhwlLn.jpg,415,903,449,522,659.0,485.5,488,73
3osaQJLYzKOBVNsg_jMpDDomjWMm6rm.jpg,403,774,460,529,588.5,494.5,371,69
3OwY7m4VODCcfdegq5Uex1PQYMBcb.jpg,372,719,465,528,545.5,496.5,347,63
3PiNj_IR8JDSgJIQ9IiwXg5wfwRn_bl.jpg,463,859,412,492,661.0,452.0,396,80
3Pjzqwh6gMzazeWr5cLIKcrEVV3co9.jpg,362,870,458,533,616.0,495.5,508,75
3PMMny2f1NpNjZh6NOHnnLaEMa7cXMC.jpg,437,752,468,528,594.5,498.0,315,60
3POEDOZCmzyKnW_5amYOjmHaoBIHRN.jpg,444,817,466,534,630.5,500.0,373,68
3PPT8_iJCcQLaZvQ2VP_xnexLvskfwiY.jpg,304,821,452,528,562.5,490.0,517,76
3PRgiiPW9Je9SDLXw6jET1pEWPrHqh.jpg,478,790,458,521,634.0,489.5,312,63
3pSWKC1j6UuS78c4o9xS5YsFDgPa.jpg,423,943,498,579,683.0,538.5,520,81
3puj9Yo2nkoB_Hv6jPT89hjx838Nh.jpg,391,960,466,550,675.5,508.0,569,84
3PVFiXciMuuTo9nFOy7cn4lZeOEnW.jpg,386,976,480,571,681.0,525.5,590,91
3q4Qr1RfSVuKJB59FUsYjNoJZieZYTK.jpg,433,844,420,484,638.5,452.0,411,64
3q6nHoElP56HHCQgmy85nXq7cplWEqF.jpg,476,903,457,527,689.5,492.0,427,70
3Q9QQ8SjVUiSXbfMfV2GKlPKiBnxLLn.jpg,479,780,456,513,629.5,484.5,301,57
3QGR9TgJ2EwTVo9mguCclBhwCksa7f.jpg,351,794,433,501,572.5,467.0,443,68
3QhKveibN3Bep73NsOYak5VlRx_X1pQ.jpg,405,805,415,477,605.0,446.0,400,62
3qjdHvJJDivoUpfZL_tWVOpuk6syGs.jpg,309,758,441,509,533.5,475.0,449,68
3QnStbWo87CTXE5EHoJBm_vxwaCsRr.jpg,389,917,499,577,653.0,538.0,528,78
3QtCTP2Bech6Pi1m5hKt4bPN_5e2lWLD.jpg,403,926,498,577,664.5,537.5,523,79
3rEIfKSGky7wkpYKBOe8dTErIVtkZ.jpg,378,874,439,514,626.0,476.5,496,75
3RHiHgDhsq4i8j4_ll7RoTIferIyZ.jpg,430,933,453,529,681.5,491.0,503,76
3rN8949d7lL_MOFZQYt18ivTZq1G_.jpg,376,769,420,480,572.5,450.0,393,60
3rYnYGquRVGdKQvwMWhieaej3JTIp7XR.jpg,456,918,433,517,687.0,475.0,462,84
3rzIKbejMvyQk_ZdfjJfHEXi9nKgUYl.jpg,277,843,463,550,560.0,506.5,566,87
3se1vSxfjxay7Z28QrdNVbvoJl1t8J.jpg,358,935,474,562,646.5,518.0,577,88
3smXdIhR7Mi3fvBeRiT2kdCZxyi8MWMR.jpg,319,861,469,544,590.0,506.5,542,75
3sNeQWghVrIjLhhEtgNlxMhc6nqPqspn.jpg,409,956,458,551,682.5,504.5,547,93
3Snlm7TQvlcwaT6g9XSMDJ91iLodFPL.jpg,414,887,436,524,650.5,480.0,473,88
3SXFX66U4TB3GlSf2aUohE1iDxFdn.jpg,249,821,510,595,535.0,552.5,572,85
3tDh97ct6YiNvKYj37Cmq_M6xchDUH.jpg,433,841,418,489,637.0,453.5,408,71
3TEOpuk_hb49WG2CgCBzcTncE7DEqZ.jpg,446,851,413,495,648.5,454.0,405,82
3TWiloKc8OpsfiegQs3WX33BGCvj.jpg,399,941,465,545,670.0,505.0,542,80
3U4_T2Qy1fR4fNLyBQ_HtOkNRDBH6.jpg,386,687,428,486,536.5,457.0,301,58
3U61xvi2H92C1NuvC5ykPv3c6LzHucg.jpg,277,990,518,620,633.5,569.0,713,102
3ub8J4KWs3Oq1UraDeKw4KNceOknpRcy.jpg,403,946,506,585,674.5,545.5,543,79
3upsEWzmcYXfUweQYJiKkHOeopkkY.jpg,462,739,444,500,600.5,472.0,277,56
3utbBp1d92LX1NmYIM435ECbg2RPD8m.jpg,419,829,421,487,624.0,454.0,410,66
3uvIXa2TThp57upSZFFBM7uydR8dp.jpg,346,764,447,509,555.0,478.0,418,62
3uvYK31XixY2GeauJXQyYEh7vGXbMIe.jpg,511,839,472,532,675.0,502.0,328,60
3V7qcMQ4Hqn8W7FlncEg9tGPc2b4RbBE.jpg,422,816,415,480,619.0,447.5,394,65
3VCPy7jHTeMPdBr4WcNUZwzuEusZrZz.jpg,292,793,477,552,542.5,514.5,501,75
3vgU9uoYDCxlqS9UUs5cG3ToObnqNhcE.jpg,293,806,477,552,549.5,514.5,513,75
3vkpUrBzcRacgU2trxYkvuJTft66j.jpg,371,669,441,495,520.0,468.0,298,54
3VKso1FTZ7FNdQvZna47gNfMzsiUh.jpg,453,813,467,533,633.0,500.0,360,66
3vpmJBRe_iG9SYLYt_LHyO2d1WtmJUyc.jpg,322,929,486,576,625.5,531.0,607,90
3VrChoSJo11Zf1lFzpQTk7HGNVK3l.jpg,423,742,470,528,582.5,499.0,319,58
3vRd22i4NSCcI7z3FLNuivQLTgRnUtah.jpg,430,868,430,496,649.0,463.0,438,66
3vrwVQ1LpiwMTzNHF6G3tk76vJaLNc.jpg,383,872,482,552,627.5,517.0,489,70
3w4vkCgDWB2OCZo6gREUxBsSlafv3ESR.jpg,390,855,433,506,622.5,469.5,465,73
3W5JYbdi9PhzLYVl5loFqXHpY7o3gcZ.jpg,353,949,515,608,651.0,561.5,596,93
3w7fooV2jMVsTH37UMpkqpQLwvSvG.jpg,438,938,442,523,688.0,482.5,500,81
3WD52l8L2UzlF5jDgCjaXax8TFu8i.jpg,453,782,464,524,617.5,494.0,329,60
3wnnghq4nvs2GOX8TV5TC6yld3i4.jpg,388,757,501,569,572.5,535.0,369,68
3WqOFEZWCJYhu1E_QHB9WNb7KxaxmuK.jpg,422,776,488,557,599.0,522.5,354,69
3WRlH_GZcCYg1xCmrHPRnxPovejuVDC.jpg,364,898,465,541,631.0,503.0,534,76
3wZ66o8g7J4yGddSh8YGPv6Oeh5BX8ym.jpg,308,782,462,535,545.0,498.5,474,73
3X7xcGVUZ8JH_4SuQBtC1_WNmutbm7hj.jpg,428,721,426,482,574.5,454.0,293,56
3XbGCquho44rzYGVBzIdj3X1l4ORkp.jpg,424,742,455,512,583.0,483.5,318,57
3XGRQuVIgl61xF62Fr4PVCxO_LkNjN.jpg,399,842,431,501,620.5,466.0,443,70
3xNXwgmgWy3TF6dGNknL7rk8IK8iXzn.jpg,267,793,460,535,530.0,497.5,526,75
3XtPxRyPon6BIxwQkCMCbgDWOx3Mq.jpg,398,927,498,576,662.5,537.0,529,78
3xVmQiUbWDlariUBkuTQnEtx4iSNzc.jpg,430,846,456,519,638.0,487.5,416,63
3XWexpEZYlxcKbsbXWPWPG8HzC6qIu8.jpg,358,827,434,524,592.5,479.0,469,90
3ydYbt2bxNRXN7_jpaaHr_GmM6H.jpg,377,917,465,542,647.0,503.5,540,77
3YnYhJnmhs_npNYF3amIuKTTMP3rO4_a.jpg,280,761,443,519,520.5,481.0,481,76
3yPsmuhGlo8oMynq8yerFo8E8zNbN2.jpg,426,712,425,482,569.0,453.5,286,57
3yQViJRhbf4ZIE_9hEoZbt5ZxqcJOB7.jpg,366,955,470,557,660.5,513.5,589,87
3YWIpOGJOywe1_SZEZz2PJFoBVfeEVU.jpg,392,951,515,595,671.5,555.0,559,80
3z1EelyVKV4ts3Fc8mQfDP5dii7GwG.jpg,397,864,442,512,630.5,477.0,467,70
3zd9KSPC2V2qgmNBIKf4ZC7qJMPOEqPl.jpg,363,716,499,560,539.5,529.5,353,61
3zfq4IHalLVyUD2YTlIpovh1jrT.jpg,406,696,455,510,551.0,482.5,290,55
3ZHmeZ8a_4LHl2DtV68zSW3i3GJw9m38.jpg,484,819,439,505,651.5,472.0,335,66
3zj2epc3MeeycPKUQ5GGhgultCgx4OB.jpg,435,1137,506,625,786.0,565.5,702,119
3ZlEGkZukEEzthtl2MmkR3n73NvjeUP.jpg,422,780,490,555,601.0,522.5,358,65
3ZMbms9GknwKm8RZW5PvCMgNo4V2QZNr.jpg,458,913,467,535,685.5,501.0,455,68
3zoezGubHQUgWOpeEw5NIXRlslMu3.jpg,455,824,475,540,639.5,507.5,369,65
3zVc5EokCwK3q1UT7nnEPyZ6oLtfwaBo.jpg,304,806,451,524,555.0,487.5,502,73
3_beCen8ikSyLEhBm3tToz1RQLUWrj.jpg,366,888,452,530,627.0,491.0,522,78
3_Gbs7KXh4HHLl2zreo79OGIvJDnuo7.jpg,287,696,444,508,491.5,476.0,409,64
3_uak9dIyaScE9ntEHJ1TR1taIWgUo5.jpg,432,874,429,495,653.0,462.0,442,66
412fcpCvZJkKQckwHZHw8wbKd3mFFdz.jpg,445,759,468,526,602.0,497.0,314,58
41FfOWGPR6vT9NQoilyfCmYjiUiKnzy.jpg,459,816,485,553,637.5,519.0,357,68
41qMZWIYVkdPayQBj7Pe4YTTK341Dk.jpg,362,971,538,623,666.5,580.5,609,85
42wmN4iPih_4xMZtG1q1nPFwk5ehCIF.jpg,291,840,497,582,565.5,539.5,549,85
42_GDF9LQRTIzTP5meOneih4Miu7gc_3.jpg,404,765,493,561,584.5,527.0,361,68
44Hf5gGDIrSC3cf1UO6xVg7CaO_Kp.jpg,438,724,445,499,581.0,472.0,286,54
44S98FhuinQeEYIwK47kRNLUneqQqxiB.jpg,403,955,506,587,679.0,546.5,552,81
44SmSwv_vurNtgmSHkgyvoGzr7o9pwmI.jpg,431,798,458,524,614.5,491.0,367,66
468116Pl_UCX513WVKZeGedmY2wfoUxd.jpg,357,879,456,532,618.0,494.0,522,76
473Fhi4r2Mi2mabRZObeECL2z45n9K.jpg,457,950,445,520,703.5,482.5,493,75
47oHizwrPFY5wyRlUpOxOu6Pa_hdd7N.jpg,452,888,461,528,670.0,494.5,436,67
489CgemBfKrIjSaFlBY38YJlN176Ku.jpg,401,758,454,520,579.5,487.0,357,66
48DbtLVQDYNiVHVE26rzf7GanoJEPxn.jpg,341,678,433,495,509.5,464.0,337,62
48spadS2P2MCtiw9nmtcW9GaYIbIJGJ.jpg,224,779,467,551,501.5,509.0,555,84
48TbznBwogIiLRa3bHQrOfssp9HTT.jpg,339,877,467,543,608.0,505.0,538,76
48tM5l239YLwyPinkKqU8gDcLPJY8L.jpg,353,842,443,531,597.5,487.0,489,88
49CJH3ZFEP14zr4J9WoXz6tUZDMKsK.jpg,535,815,444,501,675.0,472.5,280,57
49mMUHmVusGyL1vqrBFMOJEyXfBgzCU.jpg,488,826,463,525,657.0,494.0,338,62
49RUWJ1UF3PoZDLw1LRwlhyws_V9KWXQ.jpg,403,955,514,593,679.0,553.5,552,79
49vX5svkY62yczsqRwcgUnCqYL_KGU.jpg,433,935,455,531,684.0,493.0,502,76
49xoPaN356PgRErmgYLitTcVbUUTY.jpg,398,766,492,559,582.0,525.5,368,67
4a6WJOsya6Ml_KeQZ8YRrePy7LwtqCz.jpg,279,879,513,597,579.0,555.0,600,84
4aKt8K8sbJujV2B92FeJpx8m5x2clIoz.jpg,199,1231,745,863,715.0,804.0,1032,118
4aNNSJm8O_j5TNFIFLiRFOMdu3k6qXZk.jpg,374,840,469,539,607.0,504.0,466,70
4B2XotdluH5Eu68VEIzrmfV8Bk2z7cCL.jpg,443,873,430,497,658.0,463.5,430,67
4B3ZX2NhrwO3RQs6VHfj8cX2GRwzNJ9q.jpg,429,930,485,559,679.5,522.0,501,74
4b93_HH_TaxHuVwbKhaLd46NRZTgrS.jpg,417,730,435,493,573.5,464.0,313,58
4be_sOrU6o9rf8wxCDLZgtG9sHoBjz2.jpg,410,879,475,548,644.5,511.5,469,73
4BpW8QektyB8Z3X4FOufzFkqSXfJ7L.jpg,344,864,458,533,604.0,495.5,520,75
4bRYfTRPFcY_edk2ay9OHYJchyt4ta.jpg,381,909,491,568,645.0,529.5,528,77
4bTo5D7KiqWadTakfJXUNLeszVx8S.jpg,438,929,486,560,683.5,523.0,491,74
4bwSuciyZPp3dJ5584JdsnDrO42dJFo.jpg,438,904,474,548,671.0,511.0,466,74
4cBeH3uOgPSv6_PLxgfFvOFuwpFLUh.jpg,231,1107,514,643,669.0,578.5,876,129
4CtV3tb2jjGkRHm5TuOvKHiFqH7GeL.jpg,398,817,410,490,607.5,450.0,419,80
4d9HI_TEBmWI5ysZjyZxlWfMhXRJla5U.jpg,417,773,489,553,595.0,521.0,356,64
4d9ikhO76NBcpoNJSjkfUvjlWxRL7O.jpg,360,653,427,484,506.5,455.5,293,57
4d9n7kWYICsGEWj2bTbNdYLvBp5ncv.jpg,277,795,464,537,536.0,500.5,518,73
4DbpSSGLFjKKuht8yNtiiFzuIuFRhZ.jpg,399,816,426,493,607.5,459.5,417,67
4dL6HrRSxN_Kd8TGSnSfk99tacRL2fF.jpg,423,851,423,492,637.0,457.5,428,69
4DN7wo7w8N43TBJVsQk4bw9PQokptVG.jpg,431,760,450,511,595.5,480.5,329,61
4DN8KZRSt6FsZMCd3CYZwR27oJF1m2Z.jpg,404,985,522,606,694.5,564.0,581,84
4dQwuXaWQdovMYsb9j5rZc2vy35YOt6.jpg,368,857,472,548,612.5,510.0,489,76
4dvPyaPJFgFYOuvbsPEirVXLRiHgsg9.jpg,415,962,504,584,688.5,544.0,547,80
4DYbpU4WnZ4FeSTMHqrf1cjIyF2UO.jpg,336,763,430,494,549.5,462.0,427,64
4E4tkdPzx5DnU3F_5_ej7WhpaEMpCvy.jpg,468,886,455,520,677.0,487.5,418,65
4E7L8tJ5lItmWZc1UtK5c72P2nIeHEf.jpg,378,705,455,515,541.5,485.0,327,60
4EcZHnyLSrjPDKVEfi8x8dsRuemXb.jpg,435,857,426,491,646.0,458.5,422,65
4EetpiehtR8WHMTMk59dUYKcEWXNgP.jpg,444,894,462,528,669.0,495.0,450,66
4eFaTtX7ZhDxvl59dphJtUQnjeuewN36.jpg,372,770,421,486,571.0,453.5,398,65
4efFVPjQO42rV4_UrYxhvhJ9mQre8Kkh.jpg,405,1034,488,587,719.5,537.5,629,99
4EKD9wqvJOBFkaigcqDqVL16rZZE9X.jpg,422,892,440,517,657.0,478.5,470,77
4EMRnLJraVVqjS9wnEJcjz9hkTyEECj.jpg,463,937,468,542,700.0,505.0,474,74
4eQ1oG9QVN2ylNyWkSguDSqz11DDVVh.jpg,408,925,454,532,666.5,493.0,517,78
4eZxBfb4MD3C4CjpigXVX2ruOkpfnd.jpg,378,693,450,508,535.5,479.0,315,58
4F1BzdatuUfnWxM9WLo6nHBkcotGObr.jpg,484,882,416,479,683.0,447.5,398,63
4F1zmjCNHqxdcupFNqjhWhHizqRX.jpg,509,816,435,495,662.5,465.0,307,60
4F6CHGPk56eLgmGUMNBdMKZdD35gK.jpg,419,703,431,484,561.0,457.5,284,53
4FLndHThDFDwW6BZEm9juGNE3a6BMGNu.jpg,278,653,502,573,465.5,537.5,375,71
4fsPgk4sV6EXh5gRXTsk41cPYcHJ95dZ.jpg,490,793,459,516,641.5,487.5,303,57
4g5NhQrnfWbwyzzzws9OdV7sWIxMhH.jpg,343,925,519,601,634.0,560.0,582,82
4G7phdXDZppGxN6bKqvfF2VsKzXk.jpg,427,875,473,540,651.0,506.5,448,67
4GccsaCfCnrHrJEtEfqcd3h8sgHVNL.jpg,449,949,455,529,699.0,492.0,500,74
4GEGl8xe95YQ5R3GxDEMumBcUr27nM.jpg,408,946,505,587,677.0,546.0,538,82
4GRaQbqqy5hG9Qohmjl6gUxs9isDZ2dw.jpg,339,649,440,498,494.0,469.0,310,58
4grSWUwP7hHWXriQz47e6BiBFIj1VX.jpg,296,982,551,656,639.0,603.5,686,105
4gZfGTKSvQ2QuowzDBSzYb7N8oR6LzQW.jpg,483,801,471,529,642.0,500.0,318,58
4ham_vJosoE8LDCJTsts9MeRDcV2ODO.jpg,459,814,488,551,636.5,519.5,355,63
4HBfR_UVk5hm5QtMyyCCYsdEzunQpjJ.jpg,431,797,456,524,614.0,490.0,366,68
4Hegu3LrrYFXNGUpWmc6Sc3W51KY_.jpg,265,788,459,535,526.5,497.0,523,76
4hqSvqyppGDqpjkGJU3eDMfdp_u8pt.jpg,409,904,454,529,656.5,491.5,495,75
4IacoiCgUYWr9CYbTaWeyRKzRf9zxtT.jpg,468,827,497,564,647.5,530.5,359,67
4IjTWFIcZ7bj31exrn8Kwg1sosvBxl.jpg,412,897,445,523,654.5,484.0,485,78
4iPwu2C2cDzHXFONwEFFPoU4cUkYVTRm.jpg,404,819,417,485,611.5,451.0,415,68
4ItH68LdHmgnVpw3hEMSRpiwMJic27.jpg,377,892,493,571,634.5,532.0,515,78
4IyOvoNDGjfTFiO7uu8vp4b1jZj1dZ_.jpg,446,786,457,520,616.0,488.5,340,63
4j2xySevF3wrTf4VtvWmZcpteBcDxc.jpg,449,923,445,534,686.0,489.5,474,89
4j3Gnu7RwlHZEJrUEw1z8T92DgraR.jpg,446,878,459,525,662.0,492.0,432,66
4JC31qn_XGTFMFDQKDHLzfzUpE_6JmX.jpg,298,849,463,549,573.5,506.0,551,86
4jhZsD4eIypLQ6ZwezRu919kH78p8gcu.jpg,388,941,509,589,664.5,549.0,553,80
4jJX1BUerqLToQfyfNrnqaV5cMNeT6.jpg,465,842,513,580,653.5,546.5,377,67
4Jl6lZrSw8vauyJEpBTp2Ev9NVTSsXp2.jpg,143,832,523,615,487.5,569.0,689,92
4jMFtrGkyXhdNExbqYMwuR2Jcu8dLJk.jpg,475,798,471,530,636.5,500.5,323,59
4jp3dQnFoaREE2zPla2_8VDZBhquExBv.jpg,407,755,433,503,581.0,468.0,348,70
4jShEM9kUOibFG4_9UfDJKZga1B9O.jpg,395,960,469,551,677.5,510.0,565,82
4K1mh6_KUlPzUhuyyqbauvWwM91E39.jpg,437,884,463,532,660.5,497.5,447,69
4K4tlQw_SL7hRi9WXLMHhyRQXE6U_my.jpg,413,954,466,544,683.5,505.0,541,78
4kcO7jQgvche2i7CVhgKHhQiEQCZ8X3.jpg,392,830,421,508,611.0,464.5,438,87
4knsfg3rio5TzhLT1IEyUx9x3GdO6.jpg,377,824,457,527,600.5,492.0,447,70
4kPbLgqNs8ygBvf1TXVlszs1LhjMv1c.jpg,445,915,426,500,680.0,463.0,470,74
4ks6agoHddiajl2yr_qIKmO93Pn2f1X8.jpg,404,814,422,491,609.0,456.5,410,69
4K_UbwRrj_Qazq253LVP1hYEjTyz7xCk.jpg,475,805,481,541,640.0,511.0,330,60
4liQ9OpC1IJ1Z2ynZyhhtyYpnDgXa4p.jpg,498,870,497,563,684.0,530.0,372,66
4LnMM6xb77We2FENl6gU_HRbXz8eK.jpg,370,826,432,506,598.0,469.0,456,74
4LNOdlpJsfOUfygLV8DJbENEjO3cLaJP.jpg,420,990,519,604,705.0,561.5,570,85
4MbVySiec3nmC8ETfUZCluhn15HT.jpg,443,918,438,509,680.5,473.5,475,71
4MC3Ic2HNSJoO1hZSKEUyki5xLMgqVs.jpg,423,886,439,507,654.5,473.0,463,68
4MndSWTqErevLvbQ7chzgsuFO_Pls2J.jpg,414,772,492,559,593.0,525.5,358,67
4MSPixRz8_fbzUK78x3bXU_P8WLEWvFQ.jpg,268,821,509,590,544.5,549.5,553,81
4mUuGMMr_BZIpLE47r1Sik5y9HJYOOX.jpg,258,809,475,554,533.5,514.5,551,79
4mvhe92aYM1hTfUQPV3oEnyeuZ2fk.jpg,307,722,427,496,514.5,461.5,415,69
4MxD7ToeU8KBzL8MB2sS_ZxvXzNBp1.jpg,286,873,478,564,579.5,521.0,587,86
4nlMN1mctomsPYPET8r9l7NVLt.jpg,368,830,473,543,599.0,508.0,462,70
4nPs1WiGKmetm3WYaMmGvwBJ61k8wX.jpg,395,970,511,596,682.5,553.5,575,85
4o3LaF_gbCixRHj557ywbMqSohCcCE.jpg,428,967,499,580,697.5,539.5,539,81
4pD_Zgl_QzwQXRxovD5p_KHuOBhICM.jpg,411,922,491,569,666.5,530.0,511,78
4ppbNhKPCo7nTvFHkKgzvIzq89cjHfM.jpg,442,903,437,510,672.5,473.5,461,73
4PZKkMQTzdJSzWvm41sS5WEbDv4ZWuV.jpg,417,789,463,530,603.0,496.5,372,67
4Q2ZmgMe6N2qQnouRk3IGLrpmJ5yN.jpg,284,808,497,576,546.0,536.5,524,79
4QjXC2PmwRfE6ZvUeXHp9MiVJw5NVcm.jpg,385,920,494,579,652.5,536.5,535,85
4qwGMlI7eVhyaRCVZjLhKuLu5qvewyK.jpg,367,672,436,495,519.5,465.5,305,59
4qWWkjtMx6JXEQgyMryyUu6ml71OLkjJ.jpg,355,773,447,510,564.0,478.5,418,63
4r7RLFz6Hp4zN7KdI4ZYZIsEFWeKUp.jpg,336,740,420,487,538.0,453.5,404,67
4rLBcULr_reX6NmLb9vbijWPjDldnQvC.jpg,446,877,461,527,661.5,494.0,431,66
4RmXMvpeQ7iQPZLpj_NJM69Yk_HsCsuy.jpg,356,722,490,558,539.0,524.0,366,68
4rQ68MQXP5LIpJg1L9GGxnh6Nl9Wrj.jpg,370,898,502,580,634.0,541.0,528,78
4Rs2Nvv8MgIuxPeF4IIzw5fIyRiUbP.jpg,442,765,457,516,603.5,486.5,323,59
4RsRsT8iaHROVjQT6fJpoEv7rrDfm3qt.jpg,397,700,444,503,548.5,473.5,303,59
4ruDwepObF17S7dkewLXeh8rzIWVqFv.jpg,466,761,451,506,613.5,478.5,295,55
4RvBZfzLGqdSH7e54KemH4wYZfb4Gqf4.jpg,448,867,425,489,657.5,457.0,419,64
4rWSYjEjrBinzLFxGjsOyYkX6sfxQUN.jpg,377,890,491,569,633.5,530.0,513,78
4rXW3nFikpLEiKnMTyQEHmk6amotT2.jpg,528,917,413,478,722.5,445.5,389,65
4S5y5f2MMX7JCly8pOIJtRHzX6nLNoI.jpg,403,692,430,484,547.5,457.0,289,54
4SaPWV_dG7p94qUe93lEjBm_MyF19j4X.jpg,341,869,491,569,605.0,530.0,528,78
4SHVCCEb2PzmmF4qC_J1RFaF7SeVitx5.jpg,329,781,436,511,555.0,473.5,452,75
4sJDP4oCBKg2yO_hbFeWma2gbOFbmn.jpg,394,768,476,542,581.0,509.0,374,66
4SLi_ZoIIidlZaPdjgZPqtSz4llteS.jpg,336,801,439,509,568.5,474.0,465,70
4SmDOQQBhU6O3MSmn6aBoCvDM2Eapvi.jpg,346,943,516,609,644.5,562.5,597,93
4TBOm3zQCm584Z2vfSGoqhaQOvXTytxx.jpg,311,895,493,578,603.0,535.5,584,85
4TFRuhePhY5x3H26zgkgYLC5EvZVTL.jpg,459,814,500,564,636.5,532.0,355,64
4Ti8YTVpUtwRQ8OiS2P2qEN39Eqs.jpg,371,832,434,505,601.5,469.5,461,71
4tOKOXNLMDmnuoBawQReq_3VcrmelT.jpg,370,865,449,521,617.5,485.0,495,72
4TPRev23S7PLk4e9cbt6vbUJ9aFHBaFC.jpg,386,967,523,608,676.5,565.5,581,85
4tQxof6xjbY11MTSWYbY9h7nLPnN6ZkC.jpg,427,880,468,538,653.5,503.0,453,70
4trf7GXWPTlB_awRC2jHeFcVnrtO6Xjj.jpg,413,719,444,502,566.0,473.0,306,58
4TrR7dg48_fnfqkgIu8VndEYlOmQx78.jpg,402,753,492,554,577.5,523.0,351,62
4t_D39ibu9u1zbP4e7rifzUyQw3RtNq.jpg,380,813,431,499,596.5,465.0,433,68
4U6bc943Xcff65xc5tMfyxlsZFsFcTGM.jpg,444,880,430,495,662.0,462.5,436,65
4UHwcFafzXkyse_L4mNnrxhVEjyIJw.jpg,468,896,458,522,682.0,490.0,428,64
4uP4_8cWch5o5EvbZODYBpxuVeYHnsOS.jpg,455,792,482,545,623.5,513.5,337,63
4UwtMMtDmUjstdBEGuEM1mvJF9zI.jpg,429,747,473,532,588.0,502.5,318,59
4V1gOb7hc1NTlnUwBRqOummF7HplUZU.jpg,435,921,483,556,678.0,519.5,486,73
4V4exD8s2qFtGZMwUKi8dFzKOVi3Nhrg.jpg,455,807,490,557,631.0,523.5,352,67
4VEOeMlJksen4_L9knjyb3OH8Hj5XLTx.jpg,453,751,431,491,602.0,461.0,298,60
4VJemawDXr1IZwtfBXTP39WaotSkaR_.jpg,486,745,413,464,615.5,438.5,259,51
4vLnzzYhZCQbeWkLbp5vEGqxYmV6l7Eo.jpg,308,824,502,574,566.0,538.0,516,72
4vloctLojn6BerdCCQLoKQwnnrlGC9i.jpg,437,868,459,527,652.5,493.0,431,68
4VUKciIbgT_fln_kx35bxyZtX2U_yxB.jpg,428,822,414,479,625.0,446.5,394,65
4w8uUd7iagYwgBG_9wGVc24vS.jpg,359,804,432,501,581.5,466.5,445,69
4wiuvPr9OyJ_h2WK6lsEJLN2PlYG_.jpg,386,880,447,520,633.0,483.5,494,73
4wKF1rldQ3foy3qWuUls_hcZPOTRSv7.jpg,488,760,435,490,624.0,462.5,272,55
4WMTBrvJwzxDN91wVZobdH8Kd1PD8D2.jpg,441,910,477,550,675.5,513.5,469,73
4WoGKyfrZgcuYhYhG9cHQPQe9MY73v.jpg,419,848,431,496,633.5,463.5,429,65
4WqKqk83UN4SgzbPtQ8CSIKcGVfIysO.jpg,369,743,469,539,556.0,504.0,374,70
4WVJBEL5_3jK7MvVQYyce_fQocvvgp.jpg,418,905,451,522,661.5,486.5,487,71
4x2qaWTSzUbVtcaYHS5jfNMsKsEhhw.jpg,416,859,431,501,637.5,466.0,443,70
4XabZbgb4mR78fc5rh2X7_gzFHeaYI_.jpg,358,872,452,525,615.0,488.5,514,73
4xP8GeNoGiciQ_XJg2DxMJ_d31lxphi.jpg,436,725,433,485,580.5,459.0,289,52
4xQFjh89FVjeRdlPS6KsdhxC5iPZDUU4.jpg,448,869,453,518,658.5,485.5,421,65
4XUWbxqNv8K7qW5VeQs4kkrvPdoZCCM.jpg,344,909,518,600,626.5,559.0,565,82
4YPbWjVLSZ3DpRdUyNZBVEmmbPu4Imku.jpg,374,949,518,605,661.5,561.5,575,87
4yqceBI_K1JZG1VqzadfMJlkorF91duI.jpg,393,797,442,503,595.0,472.5,404,61
4yYWqrRbQ8yntUmU1PhWrMOV8qwG75ZE.jpg,94,792,569,681,443.0,625.0,698,112
4z7XuiKHvwxz1RyOqJidn9iVTYf2jO.jpg,457,726,410,465,591.5,437.5,269,55
4Z8uVxpPuykkThlJQO8xWy7qgBg2V2yR.jpg,315,843,462,543,579.0,502.5,528,81
4ZcoRZCf3LEvtOtBB_jW5geXnXwHT4.jpg,462,791,452,513,626.5,482.5,329,61
4zeQET_SEdPLBxumY8NaokCSTosd4a.jpg,445,915,441,520,680.0,480.5,470,79
4ZiG7CnfWXp7jTBlZnPOEUbQyYt7m4h.jpg,477,789,464,525,633.0,494.5,312,61
4ZOVhU573sYF9R_2Q8sL6vSVmoEb6hM.jpg,455,776,464,526,615.5,495.0,321,62
4_qF5lu6pYrIMijXghQr6tiCxFuKgzsS.jpg,248,830,460,543,539.0,501.5,582,83
514D48XGRjioGFkx9UOuLpYiSF7t_k.jpg,416,862,459,525,639.0,492.0,446,66
52ggbEiqmXvxWgjCRRhUsevsp9XbG1S5.jpg,400,925,458,535,662.5,496.5,525,77
52SbjM_6KkP1zgcYCnc4BnLKsWoaQ5eX.jpg,364,908,505,587,636.0,546.0,544,82
53DSqBe1f_GwUxbnbFS97s6a9NbsMUn.jpg,444,762,439,499,603.0,469.0,318,60
53Ke4CjSzrITbRnNPs9Fvs5tUDGcOI.jpg,459,780,450,511,619.5,480.5,321,61
53Pqdt7P6CKSyuWrKcsyJwUChSTD9WO.jpg,375,921,509,586,648.0,547.5,546,77
53VkMm3wRUjalX6DV4o9EJznDFI34imh.jpg,255,790,457,536,522.5,496.5,535,79
542vMC9lIZrmCCmUqoDBdHnlKqhDSe5.jpg,431,850,423,489,640.5,456.0,419,66
548UOgJP5FQWY64QincpHKY49FyRQgr.jpg,461,838,474,543,649.5,508.5,377,69
54985YewXKqWujCKr6qbh3Mzmyb7zx.jpg,125,847,527,625,486.0,576.0,722,98
54BLR8l5tvuPqkQIoDlXWJ7WOvH3MU6.jpg,414,916,488,561,665.0,524.5,502,73
55OhcdZwQZMV7uNxX4kLzfiuFBmvl.jpg,318,855,457,539,586.5,498.0,537,82
56g6mL35uPPjN4StipeelvWaZTwlgO.jpg,394,944,506,588,669.0,547.0,550,82
56PS_9MoijutGrJP8M9csrZ8VvsDlYv.jpg,434,777,460,521,605.5,490.5,343,61
588blm7Ov7EqiSfS4yisyX5sudCqdH99.jpg,411,913,454,527,662.0,490.5,502,73
58DuopaMUvPTZ3pjgmOvvjZgQfX6kizI.jpg,437,900,461,531,668.5,496.0,463,70
58tHUrKR8V31mxeqOuQ4jRTocoYz.jpg,361,1031,502,605,696.0,553.5,670,103
596hfVb5BGuflEhlul8JUEgzuTtmRN.jpg,490,831,473,535,660.5,504.0,341,62
59bIiwX3lCXxzfWeQciSTbRDEg5sgs.jpg,293,808,461,537,550.5,499.0,515,76
59tai53NMCkXD7icED1JH_cpo1aZBgS.jpg,406,900,444,524,653.0,484.0,494,80
59YKUH3mJTTpz9QRdcUDhGwciOExyu.jpg,279,827,470,552,553.0,511.0,548,82
5aPzXJ69YRHDecIxmQPuFChmair5G.jpg,328,796,442,507,562.0,474.5,468,65
5B1Ldvxutzf1DQSJpNWjJVJnKfREwT.jpg,485,913,458,527,699.0,492.5,428,69
5B6OjRKblve5UJh_UyJzYDa_sm3sYjh.jpg,146,886,520,620,516.0,570.0,740,100
5bEg7_ocMDPkMY7yBvpGtpeQLkCItaC.jpg,371,945,517,600,658.0,558.5,574,83
5binMfZayx_icpPyBzKKdayHIL5hjXm.jpg,319,750,429,494,534.5,461.5,431,65
5bJ_RgWzsPgneLbZGOzszOvkJEXRFEh.jpg,330,761,432,501,545.5,466.5,431,69
5bKQz4xKwcczeb8t18QPQdeEnwrv9lO.jpg,429,718,452,508,573.5,480.0,289,56
5bvNpCRDcMbZ_ru45psMR8ZS5vizVK.jpg,439,741,458,514,590.0,486.0,302,56
5b_B72F_MY_537uqeVQrGyxxmew2.jpg,385,956,518,604,670.5,561.0,571,86
5cIyYRczqCllLhXtmG3VPch1I8dxMegY.jpg,335,759,429,495,547.0,462.0,424,66
5CmZ6uaFC5H22Se7BQXulQduF6mRICX.jpg,449,790,443,509,619.5,476.0,341,66
5CvaNnu4jczLb7Ryl2KDsCK2nP.jpg,343,750,422,486,546.5,454.0,407,64
5d1EaKRWS5yWbW8oFLlTnGGebNUZ53.jpg,388,804,419,498,596.0,458.5,416,79
5dd5RKc1MnhcbETd9ago5SQ5cF8GO_o.jpg,365,886,485,569,625.5,527.0,521,84
5DhuYZ_qqQDWWXByd9JT33jtSzfkwLo.jpg,521,802,419,475,661.5,447.0,281,56
5dNpsaxuMuW1kKvvnZqqXTDWMjjkua.jpg,417,750,456,516,583.5,486.0,333,60
5dpPVQqfdi7kqCVO_ImQF7EtUJ9Ujmb9.jpg,514,797,445,501,655.5,473.0,283,56
5dUKXTn81MFrBhSwI3zGKIQbCzZfZtX.jpg,318,763,431,497,540.5,464.0,445,66
5DZJvTmPtTmmahuOrG2RrFhzObejNz.jpg,474,888,420,491,681.0,455.5,414,71
5e8rrBYq7RZEHDPjFFu5UhMFZtfxE48x.jpg,356,849,452,525,602.5,488.5,493,73
5E92e4bkyp9bErjJmmf4G3qTW8jO__Ix.jpg,424,758,450,511,591.0,480.5,334,61
5edVoHa8FjbfhgIzlnnoKZkVXI8Pln9a.jpg,440,815,498,568,627.5,533.0,375,70
5eEoXlXZN7tRPHTVfVX6PnIibpWopVQ.jpg,507,1057,463,546,782.0,504.5,550,83
5EEZNnQ4qPXmHLkC3jybIs9DjHlt9.jpg,448,776,477,539,612.0,508.0,328,62
5EhCI_peIKziB_ZmyRWxx6HqidVT.jpg,309,884,476,556,596.5,516.0,575,80
5ePRZNdKkw4vPg15Cozodg4uDwva9DGi.jpg,264,783,465,540,523.5,502.5,519,75
5etBUJPddY936ZJ3ec_hFBaR5nHTc7.jpg,482,1029,457,545,755.5,501.0,547,88
5ewfa8P3BDmifglctLDbN_CylaEekvo.jpg,398,728,444,504,563.0,474.0,330,60
5E_7i2hgQPrYKft9frEoMy5mCxS3VI.jpg,385,834,433,506,609.5,469.5,449,73
5f6UpohqT3mvQpF8JarWhDQBclQD.jpg,464,924,468,537,694.0,502.5,460,69
5Fmhuawv293Zqo4sheayg5naQnf64.jpg,276,821,457,536,548.5,496.5,545,79
5fMWEbHd5N3Ckbxzv38vc_67bwILOs.jpg,378,911,463,538,644.5,500.5,533,75
5geBHzVZBe4WSo7yxFdh1hfDNJkDYP.jpg,387,847,431,499,617.0,465.0,460,68
5hbHsTuyoI4Sg6CoVaTU1IC3SeGNctd.jpg,421,771,455,518,596.0,486.5,350,63
5HHILM75FsRsm_3SQhBBXkgUJKpGtysK.jpg,445,885,434,503,665.0,468.5,440,69
5hm_HBTsd2a5jZhbXL9qknPv6rTJ2sc.jpg,397,814,423,493,605.5,458.0,417,70
5hoEyNmJdmS27TbSZifgVtLUHlcVm_RO.jpg,225,933,523,635,579.0,579.0,708,112
5hUJqS6pF3FtgBleNfWjRW7d9EN1yg.jpg,352,847,472,548,599.5,510.0,495,76
5h_lfJnnYGN2Dk16L_nnFB5IxfK81G.jpg,354,931,476,572,642.5,524.0,577,96
5iDLi_59bmCrCkRm18SB1pBqrIOIZlG.jpg,492,960,471,542,726.0,506.5,468,71
5IH673eQaWH68dZ4aSuyQMR3kn3NP8l.jpg,364,840,448,518,602.0,483.0,476,70
5iiWhz11wI_zIaDbWxwTDOqTpwSLVJ1.jpg,320,876,452,536,598.0,494.0,556,84
5iJenQKECqiDr3X_u5SJz9_OTJIwlq2B.jpg,379,718,456,515,548.5,485.5,339,59
5IKSXqIHaSb67Hp_zOpXgnQThcfCNSj.jpg,474,784,463,522,629.0,492.5,310,59
5isUESRMHLDg5eyj2IstedZozZIINL.jpg,419,837,423,490,628.0,456.5,418,67
5J5iebCbnTZ2s_wnDHeHDxK_YvR_.jpg,476,831,461,523,653.5,492.0,355,62
5Jm_zIayGRMmcNEfw8FKuhrwgeQowSS.jpg,296,970,503,611,633.0,557.0,674,108
5JoEc2thvhjtNsDZdmf6Dmz5ZXG276.jpg,535,841,444,504,688.0,474.0,306,60
5kBUKxHbFO8IEewjNmigspr3xDQVOf.jpg,444,791,488,552,617.5,520.0,347,64
5kevVXuEF1nJxfYRPpfhi7CcPX556.jpg,493,940,456,525,716.5,490.5,447,69
5khwKCW_LhX_kWPViJrriOtHkbtW8UK.jpg,469,1023,504,589,746.0,546.5,554,85
5klZxiQZ1S67egFRvv_1LZc3rPS4BU.jpg,307,835,461,538,571.0,499.5,528,77
5kZU_LuilTy3OgQchaDzjzzzlCUWcCy.jpg,425,985,507,590,705.0,548.5,560,83
5K_PGRWBqVp46hgoEUOPXvc2pK8THHO3.jpg,415,810,417,498,612.5,457.5,395,81
5L84EeqLBIHRXD9MZKYbBnhhXSQaEcm.jpg,404,714,439,497,559.0,468.0,310,58
5Lash_Z6kytwEkDj7RVwx1CN6rKYjb.jpg,362,757,515,589,559.5,552.0,395,74
5LHDbMsOtycfaFsE6zt5vIezQdq7E.jpg,255,834,460,542,544.5,501.0,579,82
5LhmF6HHDul8dMJVndpYkZFmtc9WC8.jpg,402,833,443,519,617.5,481.0,431,76
5ljbmRLYY8evKfg8tpvyCOQ__Xxmj.jpg,252,874,488,577,563.0,532.5,622,89
5lPm5N8s5m1hy4pFrvs1RueXVKGZChi.jpg,411,852,468,535,631.5,501.5,441,67
5lQzHcc7TOWSZkpuLlBBzCX1ZR5ip8u3.jpg,439,874,460,526,656.5,493.0,435,66
5meYVXaLxkd1CjdpGIEfLimXU5RQc.jpg,331,798,463,532,564.5,497.5,467,69
5MGwJrzEX1wxwdwEUvUmIqN_LFx1qKM.jpg,296,652,460,527,474.0,493.5,356,67
5MLlfZjK8TUi5xuG2G4K8SHYNUEzN8s.jpg,500,1001,449,525,750.5,487.0,501,76
5mPDWPRBFkN14sQKIIrkajpDhKqrZ.jpg,417,827,419,486,622.0,452.5,410,67
5n93aUJCIqDGq2BDoOGP5TvROJqLw4l.jpg,459,719,423,475,589.0,449.0,260,52
5N9UfiJgvYDaQ6vEFTFTlsSVUF1sJF8.jpg,385,738,462,525,561.5,493.5,353,63
5nEJ2tRgOefvwWrgXwJiKlBybW2L_E7.jpg,442,834,517,587,638.0,552.0,392,70
5NqjbtKr6mRx4u6XhtYkpBw3GR8yH2Jr.jpg,268,1055,539,654,661.5,596.5,787,115
5NrWEYzFwTFd3YhfTweeCpDo8Tkkrsh.jpg,383,717,477,539,550.0,508.0,334,62
5NTTB7l3CFiGLu1ksch2YP977L9jrQ.jpg,341,854,458,534,597.5,496.0,513,76
5NTYQNCaqWvcSXseFvpyKNsYDkaRtnoM.jpg,351,890,488,567,620.5,527.5,539,79
5NUd49hSUhieuBv9O_1oYHplaVptp1gc.jpg,366,866,485,559,616.0,522.0,500,74
5nudw6EZQqGsENwOuqdqfUTgKH4xoF.jpg,494,987,442,515,740.5,478.5,493,73
5Nw3SXwuchdmxBtQkJDMevT4onuo3X2l.jpg,407,978,472,555,692.5,513.5,571,83
5NwOTNnz17MvZ8bzUyOpstanq2fc29l.jpg,419,820,444,506,619.5,475.0,401,62
5NzO32TZawQv9jwwWrw8LJQKNxhCK8B.jpg,421,904,440,521,662.5,480.5,483,81
5O2_9lsefTT_5_2_uQMZD9xPS1EnCE.jpg,479,807,455,517,643.0,486.0,328,62
5ORf1KX4Oi3Sw1RLkLPkE543G8jdwWi.jpg,468,865,415,480,666.5,447.5,397,65
5OT2DbJ1d5L4HV37bYcysd3_ZJr83v.jpg,324,646,443,503,485.0,473.0,322,60
5ozjBGCfoQSF97bYUWhhkVkgoG1zaN1k.jpg,416,879,437,507,647.5,472.0,463,70
5p9nN2WmcWyeHKQ4bT_Ux6QfSB6WH2.jpg,384,819,425,496,601.5,460.5,435,71
5PaEzh6i97V5NIT8MckMb82pUKZurn_W.jpg,457,832,509,578,644.5,543.5,375,69
5PbEwVHPsbqsHMwBYT5DQTWJ927k.jpg,330,808,441,516,569.0,478.5,478,75
5Pc7lNVqfaoeZiyGfmIIwxG26uV5ukY.jpg,494,930,460,528,712.0,494.0,436,68
5Pd6lpUBERmNbvlqpL7YL6heB2sW_Of.jpg,405,965,471,552,685.0,511.5,560,81
5pOgYV6HpJSykaGnhiDpeXv_piDqqE.jpg,412,928,457,532,670.0,494.5,516,75
5pUGH_Ompk2DLaBSI_uRBxOMMF46aF.jpg,456,803,491,553,629.5,522.0,347,62
5q42u5VShIk8ZT7G5mWtvQDow5I4YX_B.jpg,363,922,476,555,642.5,515.5,559,79
5q8WTw_jIeCOxXpoNH4loMW2JkV5W7.jpg,372,848,440,515,610.0,477.5,476,75
5QenDqClCFFnqe7wNsFJWdp1LsDW.jpg,390,823,460,526,606.5,493.0,433,66
5RkTWz4C59VjHRW2DmRoH1dzjydcOa.jpg,331,837,454,533,584.0,493.5,506,79
5rmKjjotke7nJfCKSB8cTtbFZNlIjOL.jpg,411,977,517,600,694.0,558.5,566,83
5Rnfu3N_4ZZTsbsmWXUIjmQlNPqDaJ.jpg,391,801,418,482,596.0,450.0,410,64
5rrB4dXsuX_KvsaGrKEyFIH8tnfdG.jpg,375,900,454,532,637.5,493.0,525,78
5RRRTavh3T8zEE5dfy_cM7ckokEL2Sy.jpg,433,774,461,522,603.5,491.5,341,61
5rrSU1TgN8JZ2OfT7tQoNU8gEheDnD.jpg,427,975,460,543,701.0,501.5,548,83
5rUUfQNtjQ6NY1njVny5f6IVocuJfV.jpg,444,995,497,586,719.5,541.5,551,89
5RW71YTc6xi6p8cfqsgKgozI6DF727_l.jpg,528,852,438,502,690.0,470.0,324,64
5Smr4KIwlkSCKs_8lja8QGFCgtrLwBZK.jpg,296,789,482,552,542.5,517.0,493,70
5stBH3BK1ZFLpBbVEOyZRto2SPGMjtjq.jpg,442,793,483,547,617.5,515.0,351,64
5sytLXmfLo7_FT6hBVK7wqys3Dz1k.jpg,353,844,452,524,598.5,488.0,491,72
5TEnvbJXdUY7jPRPyKYJc3juswCcFny.jpg,418,961,459,538,689.5,498.5,543,79
5tH6YaFZBGzo1Cc_6sf48v9SmqDeI.jpg,520,824,450,507,672.0,478.5,304,57
5TKTxCTtIm7ibEOEKxE58lw3hEkTRUaJ.jpg,463,897,460,527,680.0,493.5,434,67
5tlEcd1rK5BH7jTKK7gnMCISFhOwZ6eb.jpg,471,769,438,495,620.0,466.5,298,57
5u2HoJS2mPU8F42uUXRC4MEr2jRkGnec.jpg,358,899,456,539,628.5,497.5,541,83
5u4a1kLcfwa3YkC5BvqsOeI1lPcFhnS.jpg,509,806,437,494,657.5,465.5,297,57
5U5teUFOewjnrvra12Zj22QFGz4.jpg,400,855,428,499,627.5,463.5,455,71
5uQBztLDVR73shO1nDgsiYFfVHX79XfB.jpg,435,783,433,502,609.0,467.5,348,69
5VmVBnWbS77_fPl_rdkTwfGk11H6_.jpg,349,987,544,633,668.0,588.5,638,89
5vRglKTu8jhqrnikl8v4TYJYTkuGhIo7.jpg,378,922,466,547,650.0,506.5,544,81
5Vsuv29FLWhrX1ETJ5tjdoS3xzxa.jpg,421,698,417,471,559.5,444.0,277,54
5VUGFlPNwaEJnT_edeXUUqbsbIH1HmP5.jpg,382,825,432,498,603.5,465.0,443,66
5VZirFCtYBl1aKnUIUJBpjDjvOYBar2.jpg,407,893,482,553,650.0,517.5,486,71
5wMsbEwELY2eh5w5KhJVIb9LqEMOYEZF.jpg,385,689,443,501,537.0,472.0,304,58
5x2pJTfQBbmbcLRoxEIybKaStGcWH.jpg,382,1105,570,679,743.5,624.5,723,109
5XcqjTCcFKe7gRbGaGxDXBfFIBjRW7s.jpg,236,978,525,652,607.0,588.5,742,127
5Xc_44LnKHi7Ipt_bqEbZDSdMKWUS.jpg,340,855,452,530,597.5,491.0,515,78
5XHJqp8xNRBnTZheX5nxjkKZfgFNCPHh.jpg,254,786,466,543,520.0,504.5,532,77
5XKE_XVz5LIGZeK35ROme1kb8QpZb1ge.jpg,301,832,438,532,566.5,485.0,531,94
5Xrusly_v7LB8988tT9r1Qu9UywuyUQ.jpg,403,870,441,518,636.5,479.5,467,77
5XTcRDVkZY9uUUxnS_F7U6SVRQPVfjC.jpg,429,711,426,479,570.0,452.5,282,53
5XWX6mi9xiEGCQS5CUaqwxXII67_CGOj.jpg,420,797,475,544,608.5,509.5,377,69
5X_aOPUqEiF_ndKZPJI9lJdFj65.jpg,415,700,442,498,557.5,470.0,285,56
5Y5P9Y7p3w5h9bqinxuulw2V9zkIp1.jpg,339,774,469,536,556.5,502.5,435,67
5ydFVOqljFD3m8NUrz1LKoyOuncMbL.jpg,486,823,458,520,654.5,489.0,337,62
5YqnR1N3M2fIiEb6FZZSK8B6YQwc9b.jpg,387,805,415,481,596.0,448.0,418,66
5ysW1O8YEmn4PFHg5aeyYK3mwjDDLJD.jpg,322,824,476,550,573.0,513.0,502,74
5Za3jVLW6rsnD6L9RsEFbXmlyyaNRxy.jpg,341,751,445,509,546.0,477.0,410,64
5ZbJG3Wt9hDyJE47pJvDradSKPnTg5.jpg,385,904,492,567,644.5,529.5,519,75
5zDgqyTrOIp4OxVEXB6NWZTeCraGFe44.jpg,460,896,431,497,678.0,464.0,436,66
5ZfNjmD5QLzrQwm1RSEZIiyZSubQtH7.jpg,384,955,510,593,669.5,551.5,571,83
5ZFZmQcoyM1IxpCyGbmNILPUKhKPraCS.jpg,473,836,492,560,654.5,526.0,363,68
5ZKvgjx56rt4usIkC9LlCcz4u67CCM.jpg,416,857,432,502,636.5,467.0,441,70
5zrHZwEQnlZbXwSDpgbqZVvHP4UvMwTG.jpg,361,709,451,517,535.0,484.0,348,66
5zT3sKoxoyc_ah6qZLVHPPClKpQW69.jpg,337,815,430,503,576.0,466.5,478,73
5Zy2pZGWFQk3CgcZ6pK2mKbkIL2pUmR.jpg,477,821,469,530,649.0,499.5,344,61
61i6b1g3cfRN7I852dUUriaoBbtb.jpg,367,934,474,552,650.5,513.0,567,78
61RofihDQg1GCz7N_ii63D9J9zV1Z1.jpg,453,772,465,524,612.5,494.5,319,59
61XRNeBlqkn_dPMUCoMGsnzqHaSUgp.jpg,412,984,479,559,698.0,519.0,572,80
633Rwr3kDqlGBCB8ohipMSxn2bpLiB.jpg,443,797,487,550,620.0,518.5,354,63
64FniMOsawbaDI_fFPOl2kFE6fPm3fRl.jpg,438,794,492,557,616.0,524.5,356,65
6544mNl9gvS4gOrzVpK5IFT56_1EiE.jpg,409,894,434,535,651.5,484.5,485,101
65GRxO1dPEIpaJoCF2Uyb7wfKBycTac.jpg,363,843,443,514,603.0,478.5,480,71
65swhZULcxmnEZa5kxWmeZDBGVa1Fzb.jpg,481,763,424,478,622.0,451.0,282,54
65xSmVvfaqbyh9gshRP1otbd2bcGR_.jpg,298,827,465,541,562.5,503.0,529,76
66JfFvcp1miGwlIU3UnkJ8OJ_PU6F92.jpg,453,839,516,586,646.0,551.0,386,70
66m89_coQhXgtWO6hhYQwQ8K1Hk4WMT.jpg,450,856,419,490,653.0,454.5,406,71
67HyYsRUabH1ILXHncm5966d1FxzkM.jpg,400,893,491,561,646.5,526.0,493,70
67tO6KSOBX_9TBU27nWoKb8vt_PO_Sl.jpg,452,874,458,525,663.0,491.5,422,67
685_E82CErRIDnonLzdUvHRnHZmR7u.jpg,361,938,480,562,649.5,521.0,577,82
68eJs2HH8IurGQdIIY7mb1RVjO73wx.jpg,333,874,442,521,603.5,481.5,541,79
69eeEubdU4J5z2mE5BpyLKRXquF163.jpg,352,758,421,482,555.0,451.5,406,61
69gjUHSIN9eYWuT3CvfgVfISCdZjEYX.jpg,377,745,506,570,561.0,538.0,368,64
6a8MPB4cbIp2otyc7GRLSMbkEdZ3sOE.jpg,463,771,456,516,617.0,486.0,308,60
6al7c6qqBQajd3whv9bn92n6IZQ1D.jpg,475,908,453,522,691.5,487.5,433,69
6aoPO9jvmX_f3PQOJv47Hn7s5FBxwaiI.jpg,441,932,474,549,686.5,511.5,491,75
6aTFaVFzVXlOqQs6L5qd17aLx3.jpg,472,769,439,494,620.5,466.5,297,55
6B2RW64pZbuDI8N9j_JwxgXeGUL6n.jpg,456,892,423,490,674.0,456.5,436,67
6B7zJitwH9JT4owLjObqd9GF9PFsyT.jpg,376,896,458,534,636.0,496.0,520,76
6BasC5p74hywDfCHOU5qJwdyKTDkZnk.jpg,347,946,481,570,646.5,525.5,599,89
6BbUsc9333QRggMW5w_ytZkLv7QcsWj.jpg,374,966,524,608,670.0,566.0,592,84
6bGICj4I6Zm36ZRhlvzPFJswp2T1Lw.jpg,420,882,423,500,651.0,461.5,462,77
6BiIam7dnVZhL6prSRPysXmWNFVPRBM.jpg,411,924,447,530,667.5,488.5,513,83
6BLGhQxs1acQHpnOQexSdWkCiIzGh.jpg,439,874,431,499,656.5,465.0,435,68
6bnaIilhrTH6qBueDWa4NMNi1D117cpG.jpg,369,909,508,584,639.0,546.0,540,76
6BWJtelzUNQBVW5vbyq8mNgPilDFOw3.jpg,384,755,466,530,569.5,498.0,371,64
6c8um6i57LlPdwVqD2jE9g_QivWmsiw.jpg,365,907,507,587,636.0,547.0,542,80
6cCbaSCWCC479xorxzY8Jy5EosXGy7.jpg,402,892,489,561,647.0,525.0,490,72
6ciKDz382PLr7H_4zyZneegVVqQ6Sja.jpg,445,870,428,491,657.5,459.5,425,63
6Cmd8aymtkJDVg_f1ZBQZgS7kglD5o.jpg,502,906,416,483,704.0,449.5,404,67
6cRK3148OI7baoHJ5HO7Cfm66xgmcd.jpg,387,864,440,511,625.5,475.5,477,71
6ctUWntPOfqvWsNa9rWwcxLu6_I997B.jpg,391,731,465,526,561.0,495.5,340,61
6cuQNLPsmkJk1bqUUo_h6HxQOd4I5Hdc.jpg,352,851,451,523,601.5,487.0,499,72
6cXWLczPHrzXJcov6rwwGVurTw81W_cE.jpg,309,853,494,573,581.0,533.5,544,79
6D8a1vgIeg_OtdimHDDCg8RyQ3bZwih.jpg,458,803,467,530,630.5,498.5,345,63
6Dku6ITCItz_9SDhsHSy4vsdIgSbGzx9.jpg,323,789,438,509,556.0,473.5,466,71
6EiN5var6UzwqBp_HXk3WPxemjLnj.jpg,405,943,498,577,674.0,537.5,538,79
6EqWQh7ft2Enx2j7FpbPLdro6xz4D.jpg,475,779,445,502,627.0,473.5,304,57
6eW22iwyD75G9YxjZFlG5YNj_7p2Kpod.jpg,450,888,458,525,669.0,491.5,438,67
6EWf5LLk3MleXmMSrIR_lVwo7vWRmBXU.jpg,420,963,469,544,691.5,506.5,543,75
6f82O2C5Cx89fQQFIzUBQafFU_jmvRjL.jpg,356,825,448,516,590.5,482.0,469,68
6FcYUsaROzJ87kbIT9G1HpuMPY_JQIlG.jpg,367,755,484,555,561.0,519.5,388,71
6FHemw3Qg7UZFsym5PUrH9vnt6xF.jpg,356,933,481,570,644.5,525.5,577,89
6fJoVbGgRrpHOznE5N22rUDhTYYKrb.jpg,456,936,477,549,696.0,513.0,480,72
6FQVZnZf99CdGTwXiNCxrBXbxfGRgx.jpg,319,780,459,528,549.5,493.5,461,69
6G1tb8SK8i6mJrblffb4B92QMQ6fQ9.jpg,410,832,429,494,621.0,461.5,422,65
6g7djvTWoNeZqpC3nUPc7GV1t3FHNQ.jpg,485,962,441,524,723.5,482.5,477,83
6Ga7li9gbp9Fayy6HZUvSdkwOPan_Clf.jpg,345,651,437,495,498.0,466.0,306,58
6H8g4Pv8gMgQ2k48JTEneNg1ED6eWCH.jpg,437,865,459,527,651.0,493.0,428,68
6HB46lJ9zEb5zD38UVkY8dBcK2Novo.jpg,331,917,516,601,624.0,558.5,586,85
6hM8tpmBdEUdHVRaOukuwoEHYIYbZWn.jpg,376,888,460,543,632.0,501.5,512,83
6hMUniYctmbRV73lkOH9zBqJW8lgw4.jpg,464,894,458,524,679.0,491.0,430,66
6hTYFqHSGWffOrcFyloh6KOLCtrewnsa.jpg,372,787,426,489,579.5,457.5,415,63
6HUp444EIrWEXVxIqtpjCLNgNCcjet35.jpg,466,1033,469,558,749.5,513.5,567,89
6huUtBHISoXlosY7yplablfhjq3fTlx.jpg,269,789,450,527,529.0,488.5,520,77
6i6fwKgGWxJ72G2fwy5rOIL8pohXRIm.jpg,404,727,450,510,565.5,480.0,323,60
6IDOjee1kNRzBzq5fJudSYhwyCduuudL.jpg,317,888,481,573,602.5,527.0,571,92
6IoVwDD2xSxnnRGL7QOKE3Br6YtuJXJw.jpg,411,899,486,557,655.0,521.5,488,71
6IUmWt3DQxo6plf6yfIl2CZwcbMXm9D.jpg,620,911,443,505,765.5,474.0,291,62
6jCQomYSe7Mjn1sLfqYEe9oWRuvXl.jpg,420,861,433,511,640.5,472.0,441,78
6jgyINDDEX9HVRzQUT7zFSPfu_wp_k.jpg,396,719,429,490,557.5,459.5,323,61
6jKdHYmf8VcVjaL76RE3MfN74FwxXb1g.jpg,388,1008,538,628,698.0,583.0,620,90
6jL9fCViIKllUgc4YTRxBZZ5I9oWRq.jpg,462,790,445,505,626.0,475.0,328,60
6JXQHRl1EZoCMjmde45pL67EjQQ39s.jpg,389,780,470,536,584.5,503.0,391,66
6k12YFjgmLx935EJLc_uhXOdLmrcjM_.jpg,438,738,425,482,588.0,453.5,300,57
6K1OCtE5SyjFZ4cWkPmpvRCqjCMvpMCc.jpg,434,839,418,482,636.5,450.0,405,64
6K1Vkl9F1xSGjLsoZlYDcjMkJWcCeC.jpg,341,855,453,528,598.0,490.5,514,75
6k51Q7gG7tFNY2tpzSVISqnZGTpXT.jpg,345,648,432,489,496.5,460.5,303,57
6KdITXSzTRZuopyCUruBFvubRrbNIXg.jpg,422,774,472,535,598.0,503.5,352,63
6KjIXnw6YtgVDnTNgg3ZX7hJYUZsg.jpg,385,758,477,542,571.5,509.5,373,65
6kn7C8B7KbQ5t9wG1_DcDoVcKummf.jpg,338,756,425,490,547.0,457.5,418,65
6KSmkkopFySxDvVGDQ92KBe5Y49ny.jpg,401,698,453,512,549.5,482.5,297,59
6kTUVvYdksSYgH7VzuPGxaJyjLYtd6.jpg,436,882,463,532,659.0,497.5,446,69
6lCLcmP7ZolaSKCJki41N_2vLtKi.jpg,480,784,445,503,632.0,474.0,304,58
6lVvydai7Ys19LubCsYdYIyW_HPavpi.jpg,358,828,445,521,593.0,483.0,470,76
6Mea6ozqxF82UBMqMGgNyMCUjUxkft.jpg,399,721,428,485,560.0,456.5,322,57
6n9G1Gck1m1JRDTaUzbSvEjtLN9Pbpd.jpg,451,932,474,546,691.5,510.0,481,72
6namG6cNkX6cdvzD9oKr_1FU7uEcZym7.jpg,345,878,455,534,611.5,494.5,533,79
6Nto5_k3bZZ6XsuydYd_h3uZhMYNMRz.jpg,417,797,434,496,607.0,465.0,380,62
6nVuOoQSDB5kWmOyORjs2oukIkxWhHo.jpg,484,754,421,474,619.0,447.5,270,53
6NWPKLswmg7RPU6_XqYh3ciDTiNR5d.jpg,411,807,420,481,609.0,450.5,396,61
6nXoSzqduM9agci2kNN_8BlRyt1ZrLi.jpg,422,958,465,542,690.0,503.5,536,77
6nZmm5na_F4ZbVF7a6Dl4nYIRQ5fS5.jpg,261,776,453,532,518.5,492.5,515,79
6o1yFLXiesQyXKTlLxrnDYEg_gQErIDu.jpg,357,717,473,538,537.0,505.5,360,65
6oacIOaStVcwchM49DcCqYrx4KjcBIo.jpg,325,868,461,538,596.5,499.5,543,77
6Oartqt45lPtBCQ18UHhIcBN1bugiZ.jpg,232,790,466,552,511.0,509.0,558,86
6oc2PnJ6TFet3bEd3B5sTpewtLrpS.jpg,420,820,415,479,620.0,447.0,400,64
6oGdknDabjXXEq4LXvd9adPdBgkQ9wz.jpg,412,976,478,557,694.0,517.5,564,79
6OGOibX9BgGgYB7KdeLV7oG8oYOJkyp.jpg,461,807,460,526,634.0,493.0,346,66
6OiTYZKbZ48BkB2JtXc2a7hDJU4Bqvh.jpg,408,846,431,499,627.0,465.0,438,68
6OqmXWtYkgxgQxU7U652Jrl3T9VTaEhv.jpg,419,945,497,577,682.0,537.0,526,80
6OTNbdTReERYe5plss_Na6TlHPBG7q.jpg,432,750,449,506,591.0,477.5,318,57
6OYmPZpZSbzKMpLIB4W16OzE2EldMyOq.jpg,437,888,431,500,662.5,465.5,451,69
6OYSMX4ykCkvMEe4X289dnLOPaWzS.jpg,214,810,477,582,512.0,529.5,596,105
6OzhPIdgDCQGaLB2qVLVfyeTjueQHxfu.jpg,466,782,448,507,624.0,477.5,316,59
6PShPqbsPSGppziqVKPIHpVqQragZo.jpg,299,778,476,548,538.5,512.0,479,72
6PSQbs6PwXXJavLVaWebTcVBEwEbuox.jpg,375,841,439,509,608.0,474.0,466,70
6PXZVOqqPlKvvJriNwqCZjMoVRd3tZc.jpg,452,788,462,523,620.0,492.5,336,61
6QkFx4y8OfWzvZjxEmfXVaZcwcgkhW.jpg,335,671,484,544,503.0,514.0,336,60
6qRe8NPMz4mw5Qmyjh2UK4jCx5_mf.jpg,435,833,418,482,634.0,450.0,398,64
6qwNdQyWD8tNmVtJfbxiElrFBsKWXVk.jpg,458,889,426,492,673.5,459.0,431,66
6rcZ1yJq1jLdSHHkTdmc_uipWPRORJF.jpg,369,798,426,497,583.5,461.5,429,71
6Rehg7pDWHDzbNZxgzGd5JJVn5wODg.jpg,444,937,440,519,690.5,479.5,493,79
6RoxlnSR2kUGB3SEiOWdVfT8DBtRTg.jpg,462,911,428,498,686.5,463.0,449,70
6RQeDXWpo7ycK9b8rPbw88EBZbxd6i.jpg,383,895,452,524,639.0,488.0,512,72
6rrdsZMRcGDejawYTefVPZwKsbIC5Ch.jpg,495,870,500,565,682.5,532.5,375,65
6RUway71SZ32nMB16m7HZP_ja2KFdm.jpg,359,834,440,512,596.5,476.0,475,72
6s1hTWxMs9jwONzvOOReHOo4kIFdsDF6.jpg,342,833,449,523,587.5,486.0,491,74
6sd8UmEObK_pRPMkbhBgndMQvvcJH.jpg,404,860,433,517,632.0,475.0,456,84
6Sf9YvoJ_yKx8f9Ds_ahhTsr9sQXC2.jpg,510,904,504,576,707.0,540.0,394,72
6Sh6imztsmVJEYGosmcUERP8c83gfHM.jpg,309,843,457,537,576.0,497.0,534,80
6SN5s1mCkjta2qOqME7V3CDYWNF_Pl.jpg,323,823,468,547,573.0,507.5,500,79
6SQJjDFTbL4ohO5cnszsJx5clG9bw6NM.jpg,410,745,453,515,577.5,484.0,335,62
6TemVOd2afD7L9OuywuX1osIeZNNQ_k.jpg,436,976,502,588,706.0,545.0,540,86
6tiH6QEccseejxPcUIcjRnWaedcmtlB.jpg,345,668,444,507,506.5,475.5,323,63
6TJWKUpn4vTf8is1TDaHRfsJfoI77.jpg,277,770,447,521,523.5,484.0,493,74
6tPgXYi2Y8hBgRzvIrGS3GMGTxzshGY.jpg,412,796,452,524,604.0,488.0,384,72
6TQf8uG6R1k87zdhaiq9KbMJu8m6RTV.jpg,419,925,491,565,672.0,528.0,506,74
6TveLKLi6d3LkU3KeRM_YoWCThDLzM.jpg,335,837,478,554,586.0,516.0,502,76
6TWV84iPt5PCi7T67HWocmmjxNrCkh.jpg,511,897,507,576,704.0,541.5,386,69
6U4xPt2BH9NTPKple1ZBmiy7XWezvTv.jpg,379,877,490,562,628.0,526.0,498,72
6uBEle7dM8OJyCpGuM66kXObNQCikc.jpg,381,857,426,499,619.0,462.5,476,73
6ueOHB4a5gOU6dRhkZu8wcsKjJxsL9.jpg,410,816,412,487,613.0,449.5,406,75
6uIzeOcecVjsnNuKj8jeNQLICiZxkZ.jpg,426,720,454,510,573.0,482.0,294,56
6UwlxY3ZQwy1rVCW9yWEtDSIKDPnvG.jpg,339,714,510,573,526.5,541.5,375,63
6vFhafhgup9TRyO5KYlGZODWcULVJh.jpg,408,967,476,554,687.5,515.0,559,78
6vgeY6IhSpIJPTri7b_Cli5toMb2Y.jpg,407,990,473,559,698.5,516.0,583,86
6VpeOIHUDYxqTlyuY3IryT6z8xs4C4n.jpg,290,879,471,557,584.5,514.0,589,86
6w7YG8Znan5kCbR65_ubglkPvrkmb_.jpg,364,959,491,583,661.5,537.0,595,92
6WCia4Mdbm65k8c5hbVWhS_fEDzIc5ZZ.jpg,513,835,470,533,674.0,501.5,322,63
6WKHcUnYLTJHh6R3NrQoUkSzrboXJKF6.jpg,225,745,483,557,485.0,520.0,520,74
6wOhepVnRR_bNITce6vR1W5MasR635ph.jpg,258,943,439,544,600.5,491.5,685,105
6wpkpeHtNYcLrRTxyYyzeFoGkSLdKO.jpg,383,747,465,529,565.0,497.0,364,64
6xGMa9o_exsHOIO1kNP4PwBE4ulEBwd9.jpg,447,734,427,481,590.5,454.0,287,54
6XO7_UffhWFbF2me5pvXmUI2wXYyRI.jpg,456,876,421,485,666.0,453.0,420,64
6XSoQ_y9afSIyWWDZlDRyJGoF2GjMD.jpg,418,819,521,593,618.5,557.0,401,72
6XYvmGEoNWO2m1jkaX26mVMf1VxOYKRt.jpg,486,846,495,559,666.0,527.0,360,64
6YfRQ_iHS4_nbZGZVMNuCfVGwZrPDOyr.jpg,400,896,480,553,648.0,516.5,496,73
6YiyUTyhGJL4pwuc7acec8tnLBNI4I.jpg,397,743,463,526,570.0,494.5,346,63
6YWB92_dpSLtLW7JRbLMuQbh7gOVci.jpg,382,838,439,509,610.0,474.0,456,70
6ZH8rn62r_VrnYPK6fFakNjI25XFmah.jpg,306,882,478,562,594.0,520.0,576,84
6zRLHGEkqc93WzKr9zgYYcOGKSsKL22Z.jpg,400,941,507,586,670.5,546.5,541,79
6Zu4IcvrzL526XFd4gjPrkFXDpnebg.jpg,423,813,513,587,618.0,550.0,390,74
6zxReIsR_KoGrHiHuhtSJOb_7BBKBaY.jpg,353,871,458,540,612.0,499.0,518,82
6zxTCEeGWBxVcjFgQ_WxOZPmCr44JT.jpg,500,822,465,526,661.0,495.5,322,61
6ZzxiluJ_s7mTfak_ov_b7mffpY7S2.jpg,453,771,468,529,612.0,498.5,318,61
6_8hONVH7rTLawWRGYTwaVVfqIJuvoTk.jpg,354,854,449,521,604.0,485.0,500,72
6_rSGqgaL2C9_mHvV6be2wvbIZ6C5PJ.jpg,465,999,500,585,732.0,542.5,534,85
71fWYxHwGkars_fcOXfd8XzR2R2G8p.jpg,388,820,432,503,604.0,467.5,432,71
71M85UOHpv2HkHo55yQdcp93jL2rmZw.jpg,404,759,454,515,581.5,484.5,355,61
72dXdzFgEBGSsPncXEuPxxFLM3qmg.jpg,346,754,442,507,550.0,474.5,408,65
72LHpwtnjrX_FoxqGoDFN7C73bG9R1f.jpg,363,915,466,561,639.0,513.5,552,95
72RSqFGmvVFcWBthNCDTYGn3RtuZJuo.jpg,372,808,429,498,590.0,463.5,436,69
72sj7steWkF4tk7BtXHbebXoJu8DH1.jpg,341,874,470,544,607.5,507.0,533,74
72xxb1O1728bTSkXP23TB5SQPKFjCn5.jpg,357,719,504,567,538.0,535.5,362,63
739hXWOlwSt5ky6G1hmqkeZBjXYii3.jpg,442,754,449,506,598.0,477.5,312,57
73OOIOMUxEiWbujsR4nT8xcym6_WXjS.jpg,331,899,475,559,615.0,517.0,568,84
73wH_UIiUsNNLwGOBEH8IOuYpbWibEE.jpg,452,909,433,505,680.5,469.0,457,72
74f_QxKeBc1UwqTDK2EExj99qnlzOw7.jpg,435,897,474,541,666.0,507.5,462,67
74Gh6D1jYabXVq8zQtbO1DK7WwIOrpbe.jpg,429,777,464,528,603.0,496.0,348,64
75CI7dr5gqceiN_o4Wb7wS119Ri6V.jpg,366,1094,524,647,730.0,585.5,728,123
75LjI3QisydHVIScoo8HJ15UZ7IaDX.jpg,221,1198,589,728,709.5,658.5,977,139
75Sy6SOJP4FOz1enFNnNXK3gUpPCZkn.jpg,405,830,429,493,617.5,461.0,425,64
75VhyPHHDyu2rlSVw5yoCC9UL62WNis.jpg,445,889,440,506,667.0,473.0,444,66
7666EVufB3HqPuf1SLzYNgzznH7TKw_q.jpg,335,740,416,479,537.5,447.5,405,63
767xWgyfbfccmoTjzmVxWsMeOcy76.jpg,430,1050,529,631,740.0,580.0,620,102
76yPKHPMtjvYzGe9VuZGXEPTcaGrvTa.jpg,480,788,463,519,634.0,491.0,308,56
772kBVz3FyNTRvU3fTPvaZxKp8RUvVr.jpg,356,790,459,531,573.0,495.0,434,72
77Lg_dYgBfhmue2MTt9qNRQmzYQ1qMF.jpg,443,754,463,522,598.5,492.5,311,59
78qOryV_N7JDTZk7dhLnIeeBeMuXP7.jpg,437,752,448,507,594.5,477.5,315,59
78UUvZkIaerNxjmWsElr_oJ37l7d5t6.jpg,396,942,500,582,669.0,541.0,546,82
78Wry71I2hjvJ4gGzCkpvUoJrlKP.jpg,381,666,434,486,523.5,460.0,285,52
79a7756SwZr43fySyTTJXrHIJWNB47Ux.jpg,293,773,445,517,533.0,481.0,480,72
79h4B2jnjxQf9Oql3Vk9GOla8JBrNuu.jpg,365,712,460,524,538.5,492.0,347,64
79NKJmIyUCKe_lGzskr1jK4lbkVI2.jpg,415,931,495,569,673.0,532.0,516,74
79sVhhccUD3l9yeb_UMKzdDGF75Vxs.jpg,238,931,521,621,584.5,571.0,693,100
79UEFw33DH9XC_jLrSNrahsCnvrKLqw.jpg,400,852,433,504,626.0,468.5,452,71
7B4MJLDBFmtJ1p8nxTWE5UcmKDJzD.jpg,405,850,467,533,627.5,500.0,445,66
7bdyHPgkGaDFujDPtrPXibtxUZce__Py.jpg,404,959,511,595,681.5,553.0,555,84
7bdzNib_NUTk5U2b4oL7wIxMLWTcYvNM.jpg,376,821,426,503,598.5,464.5,445,77
7BpkZG3e3Mxe7QFljuFQa_CwrD_LB.jpg,330,876,465,560,603.0,512.5,546,95
7bSjBK6V36qennK55b9OPPvObxM1GC.jpg,306,954,498,592,630.0,545.0,648,94
7Bwj93nLuYnK9buPbmIyJYJs9pBVDBN.jpg,406,991,467,556,698.5,511.5,585,89
7CelUBt8phO6hUoQCLjVG1Dav7SPkr.jpg,417,869,430,499,643.0,464.5,452,69
7cjP3azDFU24wlMS7sv2bHV1tII6btY_.jpg,383,860,448,520,621.5,484.0,477,72
7CR_dj4PcwefZxcQEGqtCYxHx5_B.jpg,433,777,486,548,605.0,517.0,344,62
7cVK624DJg6XrtyO1UtUBrUnupxyIzB.jpg,450,897,436,505,673.5,470.5,447,69
7C_gzrxt4PIrE2iDWBSnXdCvkMTq3.jpg,433,772,434,500,602.5,467.0,339,66
7D5pmhI3EYBRbytkDT4Nje5JfFmSj.jpg,422,830,417,482,626.0,449.5,408,65
7dzXG4jyDx5rH4GcaWXwaN_SLWYxVtsy.jpg,485,917,421,490,701.0,455.5,432,69
7e2d1HwIig3jGsvkq_i7WgcpYxQFXZ.jpg,296,731,434,502,513.5,468.0,435,68
7ea8_5IGpmvyFzEQouSIyEmX61F5Ua.jpg,337,877,465,560,607.0,512.5,540,95
7ecPHiOJy89D43YWNh19ZcB_lMudpI.jpg,335,714,490,554,524.5,522.0,379,64
7efddWFy_53cFonHmdhpM1pLhlpZ.jpg,397,840,433,499,618.5,466.0,443,66
7eGvni16ZymSdwOtFdcI7tF_9xMIn.jpg,469,814,491,554,641.5,522.5,345,63
7EOu2ozPKhbMWkZ82bGjuQmPVlyQkWSd.jpg,371,695,443,503,533.0,473.0,324,60
7EYszOyrOwIaOCwUzlN3IHcMJCprjov.jpg,346,870,463,541,608.0,502.0,524,78
7FIvc7xf3JyZX2pcpLUSr2McZcLLdY.jpg,444,930,484,557,687.0,520.5,486,73
7FMSQGGfxgazBVt61h3Gu1jbdQgPdF.jpg,179,823,510,599,501.0,554.5,644,89
7fWzvbeI7RbsOtSD59KUJQrNVYDDf2.jpg,465,878,522,595,671.5,558.5,413,73
7g7oYiIcmMwLZlG5sp3koO5mZ3QyIi7j.jpg,313,649,452,517,481.0,484.5,336,65
7gf6C7TNpKFy2tQZ_bWZyfUaO6obybH.jpg,393,936,465,547,664.5,506.0,543,82
7gsYGoo8NUBTxWeg_HTxfLOceXrzzh.jpg,439,904,474,546,671.5,510.0,465,72
7gT3BbUCRRjJ32yipY914ezQrql5Z.jpg,361,790,427,496,575.5,461.5,429,69
7GtiRi1TYvNdj1H9ZuctgHexI8D18.jpg,393,802,419,485,597.5,452.0,409,66
7HbHmuvzsv3BGq8wGIgkvGcrtcsdnYZ.jpg,443,965,501,580,704.0,540.5,522,79
7HE6TOwMwPiiTViqszHtC2BplGGkRj.jpg,338,742,418,481,540.0,449.5,404,63
7hfJDlDrXTVPaqglKsa8ldb9YW15h.jpg,446,746,430,489,596.0,459.5,300,59
7hHbvk8KzK5hPUXoyDyOXYGSOz8hQN.jpg,355,762,443,503,558.5,473.0,407,60
7hLw5ON3t7Cdfpvi4Z6B3cZ8vIwPwOp.jpg,457,742,429,485,599.5,457.0,285,56
7hXPsoZCmxLySZRYLCdETvn4f3yuNQ.jpg,382,744,491,555,563.0,523.0,362,64
7HYF15uBFNptQhVYcO_euJlCrjKtGjU.jpg,452,827,464,532,639.5,498.0,375,68
7Hyx8M1fFnGyI2RCZWgBen3o_7BDnn.jpg,470,733,411,464,601.5,437.5,263,53
7idWsN5VywSDojsuLKugDnj5rmpGI85.jpg,296,852,471,560,574.0,515.5,556,89
7iHe5bk8JvhRRGz9L8xg91bB568Oxhp.jpg,441,795,491,557,618.0,524.0,354,66
7iiJmuH2kMf3pld2EqhPCorXZ8FNIvt.jpg,384,785,441,499,584.5,470.0,401,58
7IulCqyLPUx_ucvYE1R8TvVuUM5cX2.jpg,246,984,538,639,615.0,588.5,738,101
7IUrqVP98PRoo984tVd_3JZKjsVK6VG.jpg,215,642,505,588,428.5,546.5,427,83
7J1RDtYYSrzIEy1EzeKRuzpjsju.jpg,436,742,466,523,589.0,494.5,306,57
7JKLVRkDZQZmy_xwmR_8CFgbTYeqLd.jpg,399,821,425,491,610.0,458.0,422,66
7jnf1Cm8nJH9suj23IOJabdkY5tuHDO.jpg,357,865,451,528,611.0,489.5,508,77
7joIvpmRorIohnwa5KgoM9aqTL9kaU.jpg,472,795,445,507,633.5,476.0,323,62
7jPjoQIBh21Uk_aIuYzPbeZUX44bs.jpg,437,869,458,525,653.0,491.5,432,67
7jsTZIPYRtJCt26mKtUpTyudDSuBGXao.jpg,356,860,451,526,608.0,488.5,504,75
7Jv5QKqPfkb2sL6rdaR9y_82F8Zp1nhE.jpg,419,924,450,526,671.5,488.0,505,76
7jWF7Znkx_GH5cBD94oByJ8TTbtnmHz.jpg,415,898,482,556,656.5,519.0,483,74
7JWHphmlJxajvUriOwLOcM69GFu_5Nx.jpg,213,911,541,658,562.0,599.5,698,117
7K42qwRFGUI3Iw3ayLxPPU2jBh2f3u.jpg,469,906,460,528,687.5,494.0,437,68
7k7qknCxLbWtjUZp7omr2_v56bgdzSR.jpg,462,769,455,511,615.5,483.0,307,56
7KIZvdKsrov23Ef5dpt7tWiXjr2HH.jpg,417,920,450,527,668.5,488.5,503,77
7KMBFEYBxn4Nbr3WzzBGzl3c3iPCuN.jpg,293,789,456,528,541.0,492.0,496,72
7KvBCNMB2KKD8tRgntCq_a9texXmV6o.jpg,300,792,435,509,546.0,472.0,492,74
7LJQm7yYnbISyT9XSrTEl88JSawspXx.jpg,326,857,505,578,591.5,541.5,531,73
7lkCoFXMGWt54Li9H9rzM_VY8hklZ.jpg,339,770,451,514,554.5,482.5,431,63
7lU141BgQE2QnRFCnuaVsJLedgpq.jpg,425,781,496,561,603.0,528.5,356,65
7mdXqaUswhUhXpOq189JhakPdyniRgK.jpg,431,794,479,545,612.5,512.0,363,66
7MfF7fXREYqHU3ZapGyyleKCz3eZEfJ.jpg,287,844,514,592,565.5,553.0,557,78
7Ml3UBdzbguulgP71B2WjP_Fnz2vTFH.jpg,384,826,430,506,605.0,468.0,442,76
7mrMqnvGVmSYdaELa3WrN77Vtf8yEKQ.jpg,471,801,480,542,636.0,511.0,330,62
7mrnkufkjaGX54BnKTYKI6eDfHB7Q9za.jpg,290,832,469,555,561.0,512.0,542,86
7MuxvhbDD3Jhucy8Lhvg5zN7Z_uMGLCb.jpg,324,1000,536,637,662.0,586.5,676,101
7N5V7KOqCt7bdXe89Y4wZ31g_9DeOYv.jpg,388,823,429,497,605.5,463.0,435,68
7ncrg2cgB6z7kIXqH3jS2bLXwzR7TS.jpg,337,840,468,545,588.5,506.5,503,77
7NhCKEVR47QMaZ3yrs_iEuDNRqT6.jpg,352,873,495,577,612.5,536.0,521,82
7Nl1L898ph4752QJJTTrmfMNxS7s53.jpg,377,917,468,551,647.0,509.5,540,83
7nURjhKmOMwLuhCwxSBkbczLHafYvBRy.jpg,387,812,426,491,599.5,458.5,425,65
7nVOxIY2hVVYgkUyc5WRHkaq13rzxnLc.jpg,285,770,442,520,527.5,481.0,485,78
7nWBF4bQuGBtS8jkrYLCI9_bHoQxzqv.jpg,382,854,467,537,618.0,502.0,472,70
7nY2pL5ChxLCHTZfspmMMhoYl1NjjvsE.jpg,347,896,508,585,621.5,546.5,549,77
7O9GdnSzDUEta6L6Zhg5ksRQTI1Syj.jpg,405,851,432,496,628.0,464.0,446,64
7oc96PQJPBCiSY7NIbmM4mrEuK6ZEUD.jpg,415,887,433,513,651.0,473.0,472,80
7ocaTZncTW5heSNrLM1iCzq3tJbBPHfH.jpg,373,819,429,499,596.0,464.0,446,70
7oEPOuVngoFRot1WoY8zo2fD2X9cWPt.jpg,528,849,466,527,688.5,496.5,321,61
7oLOXWrH11DM7l3RVFJeVuyClTDZE.jpg,352,847,456,528,599.5,492.0,495,72
7p1YPqE6N39rSpNRurHH4hvngENZ582.jpg,162,810,501,615,486.0,558.0,648,114
7PFdMTGJxpija1Sq5wfySOCFz_YMP.jpg,337,878,496,581,607.5,538.5,541,85
7PG5Z43xsg1xwsNZdoO_x92dbWJhPv.jpg,342,747,419,482,544.5,450.5,405,63
7PYR53SIaSVp6t886VvbsEeMZPMDt_.jpg,459,796,455,518,627.5,486.5,337,63
7qo7bHUyORfynr5pmHnOIGtqwW6afM.jpg,387,892,454,528,639.5,491.0,505,74
7QoaW7qfB8YPaCv2eewFj2kRiizJ7CE.jpg,425,870,431,502,647.5,466.5,445,71
7qPqVP7_KMmhNPYNKgZ6HSkoHfXjxdq.jpg,289,950,494,588,619.5,541.0,661,94
7qYtWD6CYqcpGHDTObMCBYhvf2JFUM.jpg,433,941,488,562,687.0,525.0,508,74
7r3WdqJkSkj3ZZcHwLExevXB1icS2p6y.jpg,376,942,510,591,659.0,550.5,566,81
7r7XsRVElY_ShVaIxRgg2_PoZLCPE6t.jpg,403,745,462,522,574.0,492.0,342,60
7ry25PHDIDUHpuftgjVrFvl7O2mp.jpg,456,883,460,528,669.5,494.0,427,68
7Ryzj4IzuYil19fl_PvSwxjCM6D_U.jpg,247,963,521,623,605.0,572.0,716,102
7SfwOmnaR2_LYp12poqGFEOYxRCJDse.jpg,418,912,481,553,665.0,517.0,494,72
7SLxHlUnUeTgwkrQDUqeDVTECFCMK2b8.jpg,419,768,435,503,593.5,469.0,349,68
7SnTkpMxV1a7Xw1vOK4UTURuqi67df.jpg,416,987,470,554,701.5,512.0,571,84
7sQZW9mfiTY6ehJlHgJ2rujaTW8NKC.jpg,342,860,453,543,601.0,498.0,518,90
7SsTzVjZw_IINantFdXoF3OVJiQKhHB.jpg,419,725,460,518,572.0,489.0,306,58
7sXEtzxt6UgYHhZ7aVQPXQgsZ4FCBz.jpg,377,950,514,600,663.5,557.0,573,86
7sYkz5pIsgP3Tb9XdlGCULhxVae_I.jpg,434,803,508,575,618.5,541.5,369,67
7tG7zFylHsUKYM2VM7kKnyz2DTWqN.jpg,381,956,469,556,668.5,512.5,575,87
7Thh6hrw53pXa1irMtzGv6F1aL5jjUV.jpg,392,918,448,531,655.0,489.5,526,83
7TSvfR_BQxk7E6or1UyxYMn8qrBHjYbX.jpg,297,794,488,560,545.5,524.0,497,72
7u4bxfZt26UZXwYejRDTYj3kdsfIm8.jpg,416,778,476,540,597.0,508.0,362,64
7UlKoR9EcnCc_aRxWaDNuR8Ccujd4.jpg,442,768,476,536,605.0,506.0,326,60
7V97dVtUTeVnawqpuBhD5tSM1xCl_9R6.jpg,435,716,427,480,575.5,453.5,281,53
7VI4CC7maECQuQ7v3aLoXH7ke5NMq69.jpg,296,811,450,532,553.5,491.0,515,82
7Vm41FoO2rP1NVY2NPmY_BhSedkEUs.jpg,492,913,419,494,702.5,456.5,421,75
7VUpPwp2lmqaP1WmIIS81zvlJ71fbRO.jpg,477,917,429,497,697.0,463.0,440,68
7wu2MKIXLOUhxJKZzjZsDjP4nesvBZR.jpg,495,816,474,535,655.5,504.5,321,61
7xb6jaV1_uigm_Ygx8PspRdk72cQSPk.jpg,310,660,497,561,485.0,529.0,350,64
7xbFkY9bOJB4M8Gdgz2WU4FBH_fULEP_.jpg,295,828,461,537,561.5,499.0,533,76
7xBl19LzqCMbWEdbPOdskpfmq6DM9.jpg,478,830,490,557,654.0,523.5,352,67
7xBW23JDHgx72cMuTX9QNrjYEntGRg.jpg,399,810,451,520,604.5,485.5,411,69
7xee2yPxFepKdb3GJddgUGpOUaF7O.jpg,356,717,446,513,536.5,479.5,361,67
7xhNQ27EWQbkseefzcSQ9jY1TssnxQ.jpg,275,887,488,576,581.0,532.0,612,88
7xL5BoeciRLb48EV3vOLClcxOyk.jpg,286,798,488,561,542.0,524.5,512,73
7XOPRKx593ih3_QpenrtL79apBvOuw.jpg,459,812,455,519,635.5,487.0,353,64
7Y9wb4rXTwbCrN4vxreUPTiXzK5MqcC.jpg,410,881,431,501,645.5,466.0,471,70
7YB7XUhfcer9DSTTZM4j9cC2Eiji.jpg,445,877,434,501,661.0,467.5,432,67
7ycxGr_v_rQZ7WQT8XYaluUfKIZ8tD.jpg,317,670,460,525,493.5,492.5,353,65
7Yib2XGbgduDkX_28FZui1HyvS4Riy.jpg,500,829,448,508,664.5,478.0,329,60
7YjuIYQhQb69l2hCOnTHVKtna5eeMJ4.jpg,413,898,482,552,655.5,517.0,485,70
7ymdkavZu9k1pdJtgFKWYlLcOPRbhGuj.jpg,420,929,450,523,674.5,486.5,509,73
7zdfzSImOjzcICyJso2cvobJm3uX86.jpg,422,722,427,486,572.0,456.5,300,59
7zMFKwEExDI75CRleVEMQUZ2ixebyFXi.jpg,439,761,435,496,600.0,465.5,322,61
7ZmVlINGmGTyNKuqczlflpQhuaVNmVhg.jpg,459,959,479,558,709.0,518.5,500,79
7z_Ph7VJglqMVClLussgppmKmnmy8qK.jpg,354,870,458,528,612.0,493.0,516,70
7_Kd_x_NDajRxpjHbjeKDzlBf1EZgs.jpg,399,921,455,533,660.0,494.0,522,78
81977sQJxdKoxfpsYMCUo8Vn29bc2.jpg,343,851,455,529,597.0,492.0,508,74
81aRlxQESIJwi35zWq86Tp3VFlYaY.jpg,441,899,465,539,670.0,502.0,458,74
81EI3tiWlX2hU8uaM1k1J8VIMravNt.jpg,228,804,490,568,516.0,529.0,576,78
81oWPXOTt_z4ChoH1llauVU_EGfuqNZX.jpg,401,889,448,521,645.0,484.5,488,73
81QBQNBFbradeKdtXWxdfvMjp9pLLk.jpg,239,856,494,584,547.5,539.0,617,90
81ylBfMxLsYOkb2wOaQOLwVYVzv4vJGO.jpg,443,860,416,485,651.5,450.5,417,69
823tq2pgpaYnNjtTKujQBtPZBYQESiu.jpg,460,959,447,523,709.5,485.0,499,76
82Ee6peKubM8157Vyut6sPXMkvfS_wHa.jpg,336,821,476,552,578.5,514.0,485,76
82YLsUk5yh9fxjCY34vKOrcr778Jh2.jpg,267,780,455,536,523.5,495.5,513,81
83eKeX2nM5N9dCST_X25lqslcc_4PWk.jpg,455,902,456,529,678.5,492.5,447,73
84ko2hjsMXoYORdRhqIeqkMbWxcvbR.jpg,467,875,447,512,671.0,479.5,408,65
84ttuawCzyLHqH_2F7qKx3uouB7hWB.jpg,566,892,441,507,729.0,474.0,326,66
84ZRaZ8k_wJJz7bKXWfS2LDZHJ2VoqY.jpg,500,784,447,503,642.0,475.0,284,56
859jXICN4e3ZndU3xqjoyTQOrxjic.jpg,463,834,466,533,648.5,499.5,371,67
85lWgZuV5z5Wch62L5nbzekTEhvS_U.jpg,314,886,476,557,600.0,516.5,572,81
86OJpl2MRus_oorHdJg5VNypKxRmR1L_.jpg,502,780,426,479,641.0,452.5,278,53
871OtdQniy9NpMjd7LdV7B4sgSRRbslE.jpg,487,805,442,501,646.0,471.5,318,59
876m581K3qeman6RrOMd3r2aXiZcludi.jpg,402,725,442,505,563.5,473.5,323,63
87U7NCkVP2TI88Y5Mfbna9mHkQbS7w.jpg,408,929,460,539,668.5,499.5,521,79
87WM5bt51FZ2wDHtktlKJVYIj3MPdJS.jpg,427,775,480,543,601.0,511.5,348,63
87yMoGxZbnoNy3vfOUNGXx3e4tykxzL.jpg,370,907,499,582,638.5,540.5,537,83
88ehUSPpWW6RiJhlQpJ9khFsOwnQLr.jpg,273,768,452,526,520.5,489.0,495,74
88rJnRvMxylGmVn3PZ7je738T8QPJbY2.jpg,401,862,435,505,631.5,470.0,461,70
88TJCh6HJjNemURwnUwYbbhTxIuTJr.jpg,383,838,470,539,610.5,504.5,455,69
89q1Lc2DJxf3ScBfoq1DOo5iXhPKU3Ma.jpg,426,716,431,485,571.0,458.0,290,54
89QsyLMwP_v19cCsGpgP6FQHVHR9F.jpg,436,930,489,561,683.0,525.0,494,72
89tu3ZLH1Usl83ZJL8qtoHIkPnjvgEsN.jpg,371,880,492,571,625.5,531.5,509,79
8a1Z8rdOSvDTjVqCnLs4K5tZxVEn.jpg,419,1011,477,564,715.0,520.5,592,87
8a6wNG8m8qGhcYCJEj3wXPtumPzoqal.jpg,315,809,449,523,562.0,486.0,494,74
8aPDNqUsTZt153geZweIdl6vkbbcORh.jpg,497,944,457,529,720.5,493.0,447,72
8aXFbfjv8QBUyEQgFia76OgUG8crIw9.jpg,391,714,435,498,552.5,466.5,323,63
8b4aflyPsqTdfkxOCDNV8KF8uwJgZr.jpg,352,873,460,534,612.5,497.0,521,74
8BErXm3NPgCbvWtNUdVzoUUn9sUEUKX.jpg,286,762,474,547,524.0,510.5,476,73
8boM2evN_Ikz3Gt7YeNDtY2XHuIxQTq.jpg,288,892,529,614,590.0,571.5,604,85
8BRwgRNV3INKNEhl7dijKDG11JftQN.jpg,416,833,427,496,624.5,461.5,417,69
8bU3P5U5rwSCY3cscWGS4sFl2m6haZ_.jpg,373,910,460,541,641.5,500.5,537,81
8C8viPd_4YLxzPwjjlgMdoBgwV_R.jpg,285,647,461,530,466.0,495.5,362,69
8C9GYnROTCKnS22lBYcx2P3ablLraJ47.jpg,274,892,421,524,583.0,472.5,618,103
8CG6fLFuszd664c7YuZKnQS7EtX43HJ9.jpg,331,837,493,568,584.0,530.5,506,75
8CiIHGkbWTGBpChVslzRzvXGz_iPXee.jpg,255,890,497,586,572.5,541.5,635,89
8ciu8LlZSUtsZqiCqzjWNZd2kF6UmNJ.jpg,283,786,431,510,534.5,470.5,503,79
8CNoibFpnKWGzclwoIDiVvJ4IBt7CK.jpg,414,694,430,483,554.0,456.5,280,53
8crfsQOCQpDc7bQ9KCvud8qJMo2Fu5.jpg,388,808,447,507,598.0,477.0,420,60
8D2OL3oZ6XlrgtcYLvHUJJ1LKfVb4.jpg,395,940,495,582,667.5,538.5,545,87
8D7ySzjmSLeJQM9oVUjOTGgRaIKlfn.jpg,417,729,446,504,573.0,475.0,312,58
8DFLeVS4wIXG5oPlFv7cx1eJeyn1W2.jpg,391,903,450,531,647.0,490.5,512,81
8dLO3_c5m4jnhlil9zo27d1J_b9VVj.jpg,432,1020,518,607,726.0,562.5,588,89
8DnEpPNXK5gjtydZeimmXmLrqTxCzG.jpg,391,859,470,541,625.0,505.5,468,71
8DqDHOw76qt6BociOf6WmaeD2Nd3E5n.jpg,335,795,441,510,565.0,475.5,460,69
8DsbFtf1Eitnv41oIiQ2JWyvNyxFLxpd.jpg,447,871,457,523,659.0,490.0,424,66
8duskB2uCevYzk6zoTgPrXnSaepFQ88m.jpg,470,908,456,526,689.0,491.0,438,70
8dxOrsuY3GYKumE1fBdQzaMHjlkGY.jpg,388,823,431,498,605.5,464.5,435,67
8EDMMB4os28GaFHShOTuoBYBntVhr.jpg,367,961,488,571,664.0,529.5,594,83
8EH9ymQwZ4SFYVwaj5eqX3ZqV1ugcu.jpg,426,864,461,527,645.0,494.0,438,66
8eOac_NOr8cPSWxkKTcH9rOueufpvB6x.jpg,317,888,503,584,602.5,543.5,571,81
8EOc_ciI77tz1CfBvzk7My1NRivwDZ9R.jpg,507,777,439,491,642.0,465.0,270,52
8EUZFNEqMWbrT_sw_L2tz18ZneVvjUw.jpg,268,822,469,548,545.0,508.5,554,79
8FyDmvuhbpTWn1PU_hlyE3HnYT5OwN1Q.jpg,465,908,426,495,686.5,460.5,443,69
8g3mjBgjsUVn7nJuQ_5SsL_ndmXe92.jpg,477,1063,468,562,770.0,515.0,586,94
8g931OfODH2hPZWZvqdnzbpbNPiVyD.jpg,390,930,509,589,660.0,549.0,540,80
8ga1IS_cj4t3kzwgj3Six7GgIyJQNMqi.jpg,538,808,418,472,673.0,445.0,270,54
8gIk88TvuOnTr4wtwj1MM7RBSvVPfDh.jpg,281,777,445,522,529.0,483.5,496,77
8gj8DU7hbsaghrKHkSvmNWVhXWpiknT.jpg,428,883,420,492,655.5,456.0,455,72
8gZQv7FCz7IOqihXl3FyusBpt2FiU.jpg,370,975,487,571,672.5,529.0,605,84
8H1sTlClTHWnorBpQZ6PSan7Mo_4PyX.jpg,336,728,517,586,532.0,551.5,392,69
8h8sMBUu27HmsJgJ79dgfKQO8dZIMs.jpg,333,882,466,545,607.5,505.5,549,79
8hBH13aBWQMErqa54BzHq5HlxZmeWg.jpg,369,1084,535,657,726.5,596.0,715,122
8hFzmZCCaTi8x1UHt3jwZPj7qdlvls.jpg,378,1043,489,626,710.5,557.5,665,137
8HGJEEaJnnbDu8vhYSZM_mIZR6Xlm5V.jpg,311,758,435,504,534.5,469.5,447,69
8hI7lVfzmkGpJFQ9nw87mOsjFuW6d6.jpg,308,768,450,520,538.0,485.0,460,70
8HiPb8d6LyIsLoYjD8zKx_ln6_rRYhiR.jpg,386,845,440,507,615.5,473.5,459,67
8hyKmMIxUrQgp6aqtsjNDOwtp2brh.jpg,483,915,429,497,699.0,463.0,432,68
8I8COjuvx6G8Zyzpti4O14aqfp32LUV3.jpg,507,844,448,513,675.5,480.5,337,65
8IDMYkjvhN1oNs2L6x3dtbUWCo2G2_iJ.jpg,427,858,455,524,642.5,489.5,431,69
8IL1v_JOhqWfU_2Ydx1Ybc6zfQaoc2O.jpg,281,1141,573,706,711.0,639.5,860,133
8j35anviedWi4kO2teWPppatrQWzeB.jpg,348,790,430,500,569.0,465.0,442,70
8jG2ZTLxjNnI3z6pRC_xWqDrJ5kfI_L.jpg,475,924,466,534,699.5,500.0,449,68
8jo36sd1CLjLXvgyKcL5juVgHcnzW.jpg,433,928,446,521,680.5,483.5,495,75
8JouxqxQJFZWOpGTJ2BVtxQK6SQ1uu.jpg,413,941,499,576,677.0,537.5,528,77
8Kd4rNMh38uXI6DduD5xPQRfR4dct5.jpg,333,758,432,496,545.5,464.0,425,64
8Kdiy1kYlshJThQXJ5ErXZh6H44ZCSX.jpg,484,832,492,556,658.0,524.0,348,64
8KeSKUJOPXW1szVh7RScEzUiItg8wwJ.jpg,375,847,438,510,611.0,474.0,472,72
8kP_bEqfzcDmWXGBZ16JND6CfSI4JBwe.jpg,460,727,441,494,593.5,467.5,267,53
8Lisxbj2oiNWPnyUpBsu8DeQP2qa51R.jpg,354,866,441,516,610.0,478.5,512,75
8lRPRhRx7HK4DSgfSCH71pxmCPF9dy.jpg,272,775,435,510,523.5,472.5,503,75
8lU2tFfGPB3yvTrqnFdCWgjvs5RZcGs.jpg,355,866,467,541,610.5,504.0,511,74
8lX1vcmJhVmssXerM8IRitQPTUclPm.jpg,204,717,478,552,460.5,515.0,513,74
8L_B1UkaL39acO5GaLEP9rTeokYcfJW9.jpg,398,901,483,560,649.5,521.5,503,77
8M3e1iy361q_rY8vnOxle57HgOIqQ3Ix.jpg,367,906,460,541,636.5,500.5,539,81
8mCm4Vp1MXsSu2yThgIiBCHKvaINvEs.jpg,418,816,418,483,617.0,450.5,398,65
8MhmFGkcr11VlsehH6jMxUIGtPV4UT.jpg,340,955,517,605,647.5,561.0,615,88
8Mj7SVjtfkDEbvvRTDdCj3iP4Tpg3DU.jpg,418,953,456,539,685.5,497.5,535,83
8mk8IhvHS189jCD2k4tSMem3LnNkvQwu.jpg,485,836,435,504,660.5,469.5,351,69
8N2afwZ7fQTTgZPhalp5lwsKWl6zEg9.jpg,424,939,458,531,681.5,494.5,515,73
8nDpNkD82Kgx9DYFobatC6nd8xRqvhB.jpg,393,755,473,537,574.0,505.0,362,64
8NstDiuJsUZd5WxvQ6zndb9T6QC3g.jpg,335,693,492,557,514.0,524.5,358,65
8NUnLbkErCXv9xziCvKr4nVPz2FNJ7w.jpg,473,766,456,510,619.5,483.0,293,54
8nX6L9a8UWWzbkvog9O_SJ4ie1JBzJ.jpg,327,860,459,534,593.5,496.5,533,75
8nX6MfN4ORuiFP2fomyF2Lt9riys7.jpg,355,820,550,633,587.5,591.5,465,83
8nZKPOOm_Y6lwXNFSc6bN4EN4wuW166.jpg,383,949,467,551,666.0,509.0,566,84
8OpS4wdun8OSRXBRWgTiJi6J1pFv.jpg,279,1043,524,650,661.0,587.0,764,126
8osCdReDpegcoCxw2OCMEagMxStTSx.jpg,476,823,487,551,649.5,519.0,347,64
8P6D9_tajNelNdYCJkK9FHpnB_9cgB.jpg,510,842,473,535,676.0,504.0,332,62
8PCur6FMzEm6ZK39BLJdmNangazKrCa2.jpg,413,875,473,541,644.0,507.0,462,68
8pcUVDuIKxMybItOzicaPJjyY3zGw.jpg,475,779,425,484,627.0,454.5,304,59
8pV9Wf51lpcON1s4VvSUX2yGshFu4U.jpg,365,985,499,591,675.0,545.0,620,92
8PVRFjZUBV42nk_4COLtucz1TTeSg.jpg,321,914,483,570,617.5,526.5,593,87
8pw1JoPBz76YongNYlICjeCExDFMM.jpg,398,904,481,556,651.0,518.5,506,75
8pX3vDn2WwBqCxUBbhCi7bZ9H2xk1.jpg,408,950,505,584,679.0,544.5,542,79
8q1uIxt5Z8PXSMehLeLoxv5YgYgsr.jpg,395,709,436,498,552.0,467.0,314,62
8Qa49CLhp49fyiI6ju41aRVQyH34e.jpg,317,780,461,530,548.5,495.5,463,69
8QFHq68OtqHEeJhuLgRj4qgplrGd5EI.jpg,281,767,441,518,524.0,479.5,486,77
8QkI4KmPolU99u9YopIqfNGbfSIBz.jpg,415,874,470,540,644.5,505.0,459,70
8QlUNXUoPcZs3kf3cr7XL2K4FXQUdJS.jpg,441,878,428,497,659.5,462.5,437,69
8qN8t2DgzpuC9yELr8OP77h7zmrYTHH.jpg,287,864,517,600,575.5,558.5,577,83
8QpEbaCJcvtmyUdpOSFOdEcVgPRbp8xq.jpg,358,710,474,540,534.0,507.0,352,66
8qqodKkEvsm7jdQPYBCJzrw7dHFRtuCf.jpg,391,933,457,539,662.0,498.0,542,82
8Q_elDddaaoK3jNRnskLOWdMnxGGvG.jpg,403,906,482,562,654.5,522.0,503,80
8Q_OsBtljcWlah7z4Ii_ZxLX5GZ1TgxF.jpg,439,801,463,528,620.0,495.5,362,65
8r2R4GW8i6akxNVJGzuc3dYgmyTsI1.jpg,384,729,460,521,556.5,490.5,345,61
8R81ZPaaKrdMKUT9m5SMImps_79kL6a5.jpg,458,819,496,561,638.5,528.5,361,65
8R8ntrOIFHXapoiTcTz38e3IWs3OxG.jpg,372,833,467,538,602.5,502.5,461,71
8rE9Ky8aVqEcscRXk8osLZtXg6vBZF.jpg,342,788,433,499,565.0,466.0,446,66
8rEaawpQzoWtUvDeQHeDMDINh28SJ3S.jpg,389,775,412,476,582.0,444.0,386,64
8rKaN9m3eyjZfbEh2dDiytVC8_hL3YZ.jpg,260,800,454,540,530.0,497.0,540,86
8RQzbujvnZyRXKG4ye5tGc_ENzyN.jpg,416,836,422,485,626.0,453.5,420,63
8RUdfvckr3paN_RByllll_odzvK5l7F.jpg,382,823,421,487,602.5,454.0,441,66
8rx7O9MNXpRf3w8zMMyjhUhvHRxNLG6G.jpg,458,741,430,484,599.5,457.0,283,54
8sQqpbxsPQCk2MHFQCTGP1TcCb_fv.jpg,343,975,485,580,659.0,532.5,632,95
8S_zIewuCDTKrnWg6BkDYYdE1xUkY.jpg,369,873,496,569,621.0,532.5,504,73
8T8vizDFntJWGGxyvKsEzhw_KhKOllQH.jpg,405,881,439,512,643.0,475.5,476,73
8t8YHCSW_jp_n6Oraj5FuZ9eXkbWJ4E.jpg,394,690,442,498,542.0,470.0,296,56
8tjCBsdkVztvG3LrNSiKu78_ObpSO9Ho.jpg,401,884,475,548,642.5,511.5,483,73
8tjHSgCyMM3o973nfriIQwBuq7hliFJ.jpg,476,760,422,478,618.0,450.0,284,56
8tOv4MODVFU8alIze2etX2E9bawFGF.jpg,392,819,426,493,605.5,459.5,427,67
8ttoDfI_ZMlwY3LLZjWIJGVjkScbg.jpg,409,935,495,572,672.0,533.5,526,77
8TZtxhTRMIrwjFlBj2f8aE1dTvr.jpg,341,670,442,504,505.5,473.0,329,62
8u3o29aOszORFascSlCvjeLButX6.jpg,464,828,500,564,646.0,532.0,364,64
8u3VLvztrHuYxygzIHupmkuXg5utV28.jpg,505,827,438,499,666.0,468.5,322,61
8Ub9feEpaqZwKQU6N2qqdFLE2FSYsDRh.jpg,405,900,444,520,652.5,482.0,495,76
8UbvFCUhl8SwxkX4ajLf6sdhQWFot_U.jpg,410,953,464,548,681.5,506.0,543,84
8uSyBo7V5x9VvPfKfKHpiiaw1kjOpFX.jpg,398,869,433,508,633.5,470.5,471,75
8usZMMa1BZhxdLUblSfFCtKDXr8hsQ.jpg,406,854,435,501,630.0,468.0,448,66
8uWaMyZXnM7mDGFRLsf95w64kVgwWk.jpg,452,909,465,537,680.5,501.0,457,72
8UzgBEsHJVZCfHqBpgx8J_UmlPytLYS.jpg,389,749,464,531,569.0,497.5,360,67
8VF11WzZKJEJqLS92FHVkyTHuv8q.jpg,328,741,504,580,534.5,542.0,413,76
8VgsEtB39X_Z7XIqoz_YqiDpfJRQgnaU.jpg,401,965,512,594,683.0,553.0,564,82
8VPrlopDIUZEecI2IoJ2_CD6Wgt4n.jpg,380,892,494,570,636.0,532.0,512,76
8VtjwvWb9PO7WVonWoZnlwt2zoDcC.jpg,484,980,443,519,732.0,481.0,496,76
8vtQ1zDDNvshX_uzbL3BjBPWlUi5Tz.jpg,445,783,480,542,614.0,511.0,338,62
8V_yQ48_fPJxTy8T5sWjpWFSiNC_hKl.jpg,195,988,473,594,591.5,533.5,793,121
8WHneJCjU11GMgUgpL7npIhouDu2tpWX.jpg,358,981,539,624,669.5,581.5,623,85
8wjn1CSCBntTpHXdsyflFrToEWLBQ9.jpg,402,952,469,546,677.0,507.5,550,77
8Wrf9GECyUnN_7zd6nlOTuGtpr6Y.jpg,427,731,455,513,579.0,484.0,304,58
8WRsyGpM8rdxNkOOEhLiqjDSdKNuM28.jpg,402,842,426,496,622.0,461.0,440,70
8wtkl__vzqESvKrizIdHTJC6mYpqkWJ.jpg,401,962,511,591,681.5,551.0,561,80
8wVcHe7DnrFJZ2tDFPe8nxKlCzD73k.jpg,416,765,467,529,590.5,498.0,349,62
8WZExLdX5lXnd6t7hlTXOhC1YYck5yU.jpg,457,793,475,539,625.0,507.0,336,64
8WZqIoVCKlmkyI9qzQ_NwSEIpKK_zmI.jpg,310,823,460,536,566.5,498.0,513,76
8XbKIUSKRVr1sjbZZBgHdWuYf1qJd.jpg,378,921,455,538,649.5,496.5,543,83
8xfIm7g_xTNJuiuCIbmWe5CzXrgwctQ.jpg,419,857,426,496,638.0,461.0,438,70
8XH4YsEM_KWJ88XU8YieB7JlXzfI3b9.jpg,457,827,493,559,642.0,526.0,370,66
8xKahi1pN2bOCj3rQeKG2fCxk5kb9Li.jpg,371,839,445,514,605.0,479.5,468,69
8xLceZk6pRWPqG8nsMhfGLGh4QoN.jpg,366,834,445,523,600.0,484.0,468,78
8xnwQslQeSFHmbRaR5GSuTyHzTvE5K.jpg,439,891,462,531,665.0,496.5,452,69
8xzxI7t2MWcyFFGrdO_a4oc4mXjmFi.jpg,386,805,424,488,595.5,456.0,419,64
8yFNRq7rk5_TTOvfoVVXjuE9xzjGRs.jpg,398,843,465,533,620.5,499.0,445,68
8yQzwI6Ccm7P4GvVlhldWq_EkStbpf3t.jpg,478,786,425,485,632.0,455.0,308,60
8ZbYyhue8QxUbcR3cUIiartbtwcfs4.jpg,343,917,422,508,630.0,465.0,574,86
8ZNEeU1RRgxVVOiP9n8sO4WOjNhiPw.jpg,459,769,468,526,614.0,497.0,310,58
8ZPQxlu3EGQZjXwl25yBwilKC6Pu9Gb.jpg,460,914,464,536,687.0,500.0,454,72
8zvd8QbrM4XvIy5br3JuLVZsHVnVQ6.jpg,329,753,426,491,541.0,458.5,424,65
8zYLJ3HWBqJtbgsTZRTXuhmdN54nvYr.jpg,488,753,420,471,620.5,445.5,265,51
8_96GM5LZO2GnS4ndOYF4WgjOJwptxX.jpg,373,1073,539,649,723.0,594.0,700,110
915PVNy2c3RiG7M5PNip1TOqo1dp.jpg,369,892,462,540,630.5,501.0,523,78
91V7En8heMQF9KYWUTQ3RvcszUYmN3kb.jpg,307,828,452,528,567.5,490.0,521,76
92Hxt3Ob9Z8ws3IJoPKmD5Ug1zZ7oI.jpg,361,646,429,484,503.5,456.5,285,55
92Xow2Ys7EnqWGhXSvLcy8ohO3Io6.jpg,444,929,484,558,686.5,521.0,485,74
932_5T2yJEgnY8tZbbCV8gw9bGuGvF.jpg,310,691,506,570,500.5,538.0,381,64
937tj_DtvivCt1eo8hecepnxfJa_tn.jpg,363,684,440,499,523.5,469.5,321,59
93afHEf1TNKKQGODVD1oHklP4CJCMErU.jpg,422,723,437,493,572.5,465.0,301,56
93h_66MGokB5xWdz19UUFqSqIixvsOB.jpg,403,775,457,525,589.0,491.0,372,68
94dc4JKP9znhTnNoqSchMBYrkdn7SJ6p.jpg,466,865,416,478,665.5,447.0,399,62
94j7rSDuUSbjlztzQvHfeSSQJSrVq7Q.jpg,371,665,424,480,518.0,452.0,294,56
95FXa27itT8_hRxyiMRd6UVmJMtC8UZ.jpg,384,931,457,540,657.5,498.5,547,83
95llg_4QIPR4lvrQTUBxDlm9S7J1B.jpg,462,880,420,485,671.0,452.5,418,65
95m6hYmTaYxNvbls2KfvWyPKKUU3tj.jpg,398,681,423,476,539.5,449.5,283,53
95x_T5rEJOxt8tGaPUcZ2ncB7WSFkm_.jpg,305,809,457,531,557.0,494.0,504,74
95ySTM3BdqGcyvlozPkQ3OoxKSR12JH.jpg,463,823,474,535,643.0,504.5,360,61
96nXGbi6kvc32_LEpJSCzN9FygPYs2.jpg,385,889,492,571,637.0,531.5,504,79
96ptDB4ahwlu8rORmtDsMbL19RJPx3.jpg,428,949,497,576,688.5,536.5,521,79
97geM2bHcyNgNQllzBevKrjnrgFlf3.jpg,311,879,464,548,595.0,506.0,568,84
98EixCXJO4hSNRoC7xWvNDBj5JV_y.jpg,471,806,456,517,638.5,486.5,335,61
98migILyjanmL8_5OgLijIQszr_qqK.jpg,372,930,463,544,651.0,503.5,558,81
98zDa4KGtTk89zeiacGBus3EakIfWK.jpg,372,793,443,503,582.5,473.0,421,60
99BKTNRvWWw1ISuZbOd9g_yJt5CP6Xt.jpg,416,1056,541,638,736.0,589.5,640,97
99B_GDRBvR51DOZZR8fyq7fr4CE.jpg,449,853,419,484,651.0,451.5,404,65
99VFGaZdppzDqvqXEd7gtYVUZy46ObV.jpg,441,905,436,508,673.0,472.0,464,72
9a4pmyeLJUo8YJ4Gn2V5QedU51VpNx.jpg,387,668,432,485,527.5,458.5,281,53
9ae44S_XxZVjO8gHXx1TKd1OIbhLf1V.jpg,384,814,429,506,599.0,467.5,430,77
9B59bZ68XFimvM_PI6G6l47HIY_qDS5.jpg,438,751,465,524,594.5,494.5,313,59
9B5sTgu65bTr7POsVDQ4eHB_XfdBpEt.jpg,441,1001,466,559,721.0,512.5,560,93
9beguS6G9EIEmiQfzxJrJ4cvakv2d.jpg,400,693,460,515,546.5,487.5,293,55
9bmLXRviYJwH2nZLM9a1jN2u5KBWXkv.jpg,440,773,446,509,606.5,477.5,333,63
9BOyMebHXDRTTv8zFp94V9amqJk1sTi.jpg,389,937,468,550,663.0,509.0,548,82
9Cn8SXtWfxTZd_f8_s5pLw2Nc6YsICer.jpg,379,907,452,531,643.0,491.5,528,79
9CosRKoUYvJ9Nj9WLLQouJVgvneJI.jpg,454,917,439,508,685.5,473.5,463,69
9dbIRdaipn2XLtRc8mjOLD28rXKX_M1.jpg,357,853,437,511,605.0,474.0,496,74
9dGbts1K1SEptER_UZsu3ZUk7sy3a_.jpg,483,934,463,532,708.5,497.5,451,69
9DTuaDMJlKl6eHI_zJM2vZmU75CO_.jpg,15,923,631,750,469.0,690.5,908,119
9dzT8F37g39eaCkHMghgliUeFmJzfJm.jpg,424,744,451,510,584.0,480.5,320,59
9EmktgXGHxveNEubPZDFeptTk6ry.jpg,413,746,477,538,579.5,507.5,333,61
9eqeRhX6UU9BGhm6TjNve_fTd8o5zcn.jpg,420,726,428,489,573.0,458.5,306,61
9F7gkTNLXUNDIuJOTwKqZnrYOwjJT7P.jpg,323,893,508,590,608.0,549.0,570,82
9fr2GNXFwgH6Pobr1UHfP6Yzbw2RRP_T.jpg,347,907,468,571,627.0,519.5,560,103
9fsjY92EMF9ld8SjVPCeUHfYRv3J3r.jpg,482,868,507,580,675.0,543.5,386,73
9fx1OEJRiltEZNFcfXv1GMeqpGNZNwd.jpg,407,922,456,534,664.5,495.0,515,78
9G86EqNxDQfdEfMCiFDk1Op8xmbp5a5W.jpg,368,659,419,478,513.5,448.5,291,59
9gFmhpLs3LBSjFzZ65rFxCMpjgktv.jpg,375,830,434,503,602.5,468.5,455,69
9GHXmuXjXiTDdlbcEm9fj2W2wNqiE2.jpg,391,930,496,577,660.5,536.5,539,81
9hHwLpBXCi45Cl7alfONRodNERl6QqI.jpg,381,687,449,508,534.0,478.5,306,59
9hiQc64eLi5X6OtkKNYPg41POIlNy8h.jpg,326,759,418,484,542.5,451.0,433,66
9hkpu6uouTaVI1_PyBrvicviuv6bzdq.jpg,422,759,485,546,590.5,515.5,337,61
9hR3dnBjg6lwhc6lcdr9YVhh1KUgV36.jpg,338,879,462,541,608.5,501.5,541,79
9HRIROebVuhIQWdNFUKO5hXDbHq3ai.jpg,429,781,488,554,605.0,521.0,352,66
9jCdmyMeG7KzGMLLzOnXoUMatrlPKWQ4.jpg,462,776,433,496,619.0,464.5,314,63
9jEGUuLt6ahJoGptftEHj_BTDbongu.jpg,460,873,420,486,666.5,453.0,413,66
9JH1pM2o5cYSVKdZztkYFl8JBXluXPv.jpg,364,658,419,478,511.0,448.5,294,59
9JidwfFG8g7dPzZzTFXjOyKlx82k_aCz.jpg,445,906,469,543,675.5,506.0,461,74
9JJDFYbor7OOQ5Fm6ttllPOBMiN9emz.jpg,219,833,497,583,526.0,540.0,614,86
9JmEtL9pVRCgtGlbHFQjBvr4QQeWEt.jpg,466,837,471,535,651.5,503.0,371,64
9j_1E8V9kQi1IruJPfui_P16iCCwDP.jpg,327,763,426,510,545.0,468.0,436,84
9k3PpPETQR9lC9wWNIC9r_bE5lO9FxQL.jpg,389,867,445,520,628.0,482.5,478,75
9kbQPZlmV_4mLTRWWjIXcfMvCenyuvT.jpg,323,810,446,523,566.5,484.5,487,77
9KcgkRvzcMxzUP6qplUNwX9vHohEGM.jpg,379,817,426,494,598.0,460.0,438,68
9kjBHZFjZHXTmDolrJvY6xhTFcKCXOKM.jpg,317,967,484,578,642.0,531.0,650,94
9Kx6xB9pPxOcnyI1JNnxnUdNyvEbDQz.jpg,413,897,474,547,655.0,510.5,484,73
9LkIMdxJgjJ8BDLEYZy2_4zbLzpxJDh.jpg,488,767,421,477,627.5,449.0,279,56
9lOodoX889V53hRdaQxQIWmnJlGrp.jpg,427,780,494,557,603.5,525.5,353,63
9lrPYXtsU65ajNQ4X2iOiOU2YfWJa.jpg,241,803,468,549,522.0,508.5,562,81
9LruC1ePX4xozEdukGpRSBFK3Y2bHM.jpg,464,807,445,512,635.5,478.5,343,67
9lWTZrDrwca9GqruVVCCafz63Voa.jpg,370,854,435,509,612.0,472.0,484,74
9M1Iix9vdQtnVi4c3MHYIXMGbt1Ep1e.jpg,428,899,475,546,663.5,510.5,471,71
9m2GLgWw6gXGk6W1GqUC1l6qKSi_id4.jpg,411,867,429,505,639.0,467.0,456,76
9m3ajY3tRFphS2U_XNJ7B3w4hU9Eh6xv.jpg,375,884,454,529,629.5,491.5,509,75
9matFTVhJiVF2P8_JHXVzBSysG6liYXH.jpg,349,841,451,523,595.0,487.0,492,72
9Mgz66qxGJdPvOKDokG1rTXJcdRv5z.jpg,354,783,428,494,568.5,461.0,429,66
9mOo3gEbJz6PJyZi7W6ZnxborR5JnBT.jpg,364,679,469,529,521.5,499.0,315,60
9mpe66e8TZfTyoozwevcPlocrCPBZ3i.jpg,377,737,486,554,557.0,520.0,360,68
9N8C57ijpRwOEv4C1FT1Bk2HH5Rrz8y.jpg,352,754,430,492,553.0,461.0,402,62
9nfIwwIFSrspWgL7dtr3v7RCk3jzflip.jpg,471,970,487,562,720.5,524.5,499,75
9nmHgOlKN53TT5EST1c8KR5VMKZLt9l.jpg,335,757,420,507,546.0,463.5,422,87
9NS6rYiJ369Y5Jtq2gqqkJHiqdT98th.jpg,386,910,502,586,648.0,544.0,524,84
9NtHmS23wgVuNGBq1ZxfhxhXls_87etv.jpg,469,821,479,540,645.0,509.5,352,61
9NvBOINgT64n2uSoSIB8bt8aGpLx2i3.jpg,448,796,490,554,622.0,522.0,348,64
9O8ciiI76mK3EUzxHnysPY6moG4lMJG_.jpg,449,834,512,585,641.5,548.5,385,73
9oN7hwxq7zSDIZO9l7BluFrUm4dBGJOu.jpg,385,869,452,521,627.0,486.5,484,69
9oovCUHR69wSZGvtzPGRKyCF2hzcFIt.jpg,437,800,498,565,618.5,531.5,363,67
9OPW9DtYWWj6DOyUU5YKNqW15IWhzP.jpg,453,905,429,501,679.0,465.0,452,72
9oRbknmMIb_FmSEY9BkfIEj_BMsRxT.jpg,355,800,434,499,577.5,466.5,445,65
9orGCt42mjOD2kn_RXTRoEbejLZmdUT4.jpg,297,786,450,522,541.5,486.0,489,72
9oU5QQBVJs1BIFrsOwH8GB7gutgz.jpg,317,973,555,649,645.0,602.0,656,94
9O_hQ3sOLvliTMqHBjaj_Pq3IonxnIfk.jpg,286,658,507,579,472.0,543.0,372,72
9p3MNHCyeZT1jEp5CvMbjrnwfYpKCtZX.jpg,421,1050,517,607,735.5,562.0,629,90
9Pemvlkxn6iuksz2pgnw5PpxRLuEe.jpg,333,919,521,606,626.0,563.5,586,85
9pIMrxGpUymOsCisVVeFNyXLcUojB177.jpg,410,853,426,500,631.5,463.0,443,74
9Pn6My4fZ81wZXnIw5LovojKlF1mQVx.jpg,378,777,438,503,577.5,470.5,399,65
9q8Le68lEnfPRCSveHOKrI58oYXefr_.jpg,499,870,480,546,684.5,513.0,371,66
9QC8pTOKPMvgwJb5xO2WZstoYiLvkDQ3.jpg,413,992,472,561,702.5,516.5,579,89
9qQwPY4pdGJrS8besvEpH21cfhcHI58.jpg,438,788,487,550,613.0,518.5,350,63
9rC8toij8Mtg4TzpPx8dC_GcWMPJ.jpg,447,757,469,528,602.0,498.5,310,59
9rhCt1BzRKQhFEEIVYuiqUZzhRy6I1.jpg,419,713,433,487,566.0,460.0,294,54
9RqHiq8JdCh1gr4V87rfGZ5QVacQJt8.jpg,372,942,514,600,657.0,557.0,570,86
9rvN2M95vIRwsk9s6cSF3BbhXx4IG5c1.jpg,366,854,469,540,610.0,504.5,488,71
9S7Vvzfb6QGzrX3PRw8dOOhDPddhKTmE.jpg,404,805,417,480,604.5,448.5,401,63
9sBR6bmrfWGuaV__zThqrmvB9a6aJwo.jpg,384,881,438,517,632.5,477.5,497,79
9sfOKPD_uY4pVH7IJrrMYVE8gHSkU.jpg,533,844,461,522,688.5,491.5,311,61
9ShtNSeaJuQ7cdZH3Zcrdt3G2rMqI5K.jpg,212,944,522,627,578.0,574.5,732,105
9SINt4YEVPHb5ZfEoKcQZ8KKjhIoYb.jpg,411,897,478,552,654.0,515.0,486,74
9sIotJZQlIbUnpSRamXvkvSGiiFuq_ee.jpg,437,921,476,546,679.0,511.0,484,70
9Srggb42D28mQhGvXVfKLfGMaviwhDlf.jpg,379,928,467,551,653.5,509.0,549,84
9suo9xrFdST6tkW6nDvMCbTmBnwEOie.jpg,354,921,506,594,637.5,550.0,567,88
9SvI8iv31xdvairneMVOGrFTIdNR.jpg,310,747,431,499,528.5,465.0,437,68
9SzNIwEr4ztrZwMSe3fsS5cT41H2Vmc.jpg,375,950,519,601,662.5,560.0,575,82
9t134gPr_j6nRbLJZGhl7GVWbnuQIw.jpg,356,849,445,518,602.5,481.5,493,73
9TxVKxqJtL1vzCYP4H6kDq87DFpXWl.jpg,499,805,463,521,652.0,492.0,306,58
9U53FmrQFHKhKfXMw5duWWyTE9ZkSk.jpg,455,925,437,512,690.0,474.5,470,75
9u5YTz_r2J8H8FSn7Fik9v2oOhWQ.jpg,484,800,432,490,642.0,461.0,316,58
9uCVaLZUFz4e3_eSwf4d8B5ajbzH74.jpg,338,803,447,512,570.5,479.5,465,65
9UfeTUwnBqEsmERWQTM1N22iVMbqL8f.jpg,432,746,469,527,589.0,498.0,314,58
9uiTC2ql8BncQ9YptiIcUuHXG8ub7JFo.jpg,326,871,448,529,598.5,488.5,545,81
9uiVKy3GWCBmimP5veC4aBO6GJ2SR67.jpg,341,824,430,502,582.5,466.0,483,72
9ux6jkDMV_oVSYcfmjGGWtnqSVwdk6LC.jpg,437,736,439,495,586.5,467.0,299,56
9V5vf7uIJORopDHk5T_2LYxD7Q4Dp6a.jpg,363,771,441,504,567.0,472.5,408,63
9vb9t9XQQ3fIOa1aGgX_Z3Bh_Ccf5_3_.jpg,553,864,460,521,708.5,490.5,311,61
9VcifKpQeQxlu8zk7ZCiq5S7UPiIzwBY.jpg,366,833,437,516,599.5,476.5,467,79
9vhRDL6yB2adbjMZ_N_13SgJTeIXgB.jpg,383,750,471,536,566.5,503.5,367,65
9Vlg8ISExGyXkC9BriR7LaimU2kT.jpg,408,983,513,598,695.5,555.5,575,85
9vrGpPiQ4XaQIrRKdsKOJ49yKov_IvuX.jpg,397,910,496,569,653.5,532.5,513,73
9VRO_DINz1JMFQp4DhvomDHo1B1Yq2.jpg,375,727,447,515,551.0,481.0,352,68
9v_9sWgDJPozpwV6lNCYOme8Vt4QYSl.jpg,435,743,439,494,589.0,466.5,308,55
9w2qcsJxePc3VvNn5dsPSIYxsy7a2PD.jpg,352,898,455,533,625.0,494.0,546,78
9w49uEYZkUMu41u5NdSBtdbnOR91p8.jpg,518,839,464,526,678.5,495.0,321,62
9W7r1CrPFOnm6x6PCaExXwZoFFVdq1m.jpg,452,907,432,505,679.5,468.5,455,73
9w97vjTw61qU2D4nTt9jxOSICPRDSH8.jpg,369,1022,461,558,695.5,509.5,653,97
9WCcr8ayIYhGCnjEwnxe6uD2XHZ_KpNl.jpg,324,944,492,581,634.0,536.5,620,89
9WFXJqZoInbtPdqixt27W5Rk7yQpch7.jpg,439,862,430,494,650.5,462.0,423,64
9WLBkwrBMz9U_s7EozDIT1OJfcBJ9c.jpg,498,812,464,525,655.0,494.5,314,61
9wOlfhYzlzsDyb8EgPuTsftWeF4iED.jpg,244,756,441,514,500.0,477.5,512,73
9WUrgYtVkb3uIkBRgWCOrUTuE1LYPn8.jpg,340,756,424,490,548.0,457.0,416,66
9wZigdmsCz5P7kLeayRrbEhFXCLL.jpg,408,854,463,531,631.0,497.0,446,68
9xi_aygrrmchekgOjD69pbwW_9Ckf9z.jpg,339,836,478,554,587.5,516.0,497,76
9Xk9kDeBWBB9uSdNXPDutJSHyToBYoz.jpg,324,940,539,623,632.0,581.0,616,84
9XOZyJX9vjVGC4vBME3Cd6itD2ytMa.jpg,432,823,490,557,627.5,523.5,391,67
9XqBFfePy8HcJvlNHIa2Iiqkno7D4E.jpg,305,838,496,573,571.5,534.5,533,77
9XZF7ZeRfshgi8cP4ImkhDv7ezVh.jpg,423,873,431,502,648.0,466.5,450,71
9Y4xLaQeIC_1pbgjvGuYL5FTGuckKm.jpg,454,893,463,531,673.5,497.0,439,68
9yLMbyBxr3Pvgzw8a_RwiO66xZZGMBE.jpg,443,754,464,522,598.5,493.0,311,58
9YoZLZd3LXgxWE7__SBDJnP3KO2ZCsG.jpg,343,882,467,545,612.5,506.0,539,78
9yqRJ3TuuNn_QlW6wf_8rahb6SoNR2.jpg,394,868,443,517,631.0,480.0,474,74
9yxBsagkB6QVjBHoLCijm64wsHlgGH8.jpg,441,727,440,494,584.0,467.0,286,54
9YZil5VFlEetXqqjqTRdlpBwICmBk.jpg,360,899,457,539,629.5,498.0,539,82
9Z127VPllgFfgvNnQv8xraVaRXhFuS.jpg,367,704,457,517,535.5,487.0,337,60
9ZFlKEE17mR16BfwwLWUU2ynfH_GdjI.jpg,477,807,474,538,642.0,506.0,330,64
9zGyCFoMe83UgiQS5fpx18fNyiV.jpg,462,811,491,552,636.5,521.5,349,61
9zh8pCNopNnVM4lLtqQ_CJbGeeQlO.jpg,449,877,457,525,663.0,491.0,428,68
9ZpGDrxfDSoc9YyujcpXP5oOaVhRPa.jpg,370,879,489,567,624.5,528.0,509,78
9zr3qBDCaVxQsgnePytweJtvjRezHDr.jpg,447,906,432,503,676.5,467.5,459,71
9z_l7IyIb725ro1Nz2m3j_pp8MMpj7.jpg,430,752,469,531,591.0,500.0,322,62
9_bLElzsucdk_bgSiTTh3e72L_O_vN.jpg,480,887,421,485,683.5,453.0,407,64
9_MbayrwTpZZaTOde1Y4FNRtHiBm92v.jpg,358,836,443,515,597.0,479.0,478,72
a15LXNIrWULbtciwx9iVwvgKPfw7z.jpg,488,852,499,564,670.0,531.5,364,65
a1e4d8HQVKuF5Mc7IZfFfQD2yOTIfC6.jpg,438,958,457,538,698.0,497.5,520,81
a1IovPhgMEGnERKkoelufmgHFuxr1nL.jpg,360,890,489,563,625.0,526.0,530,74
a1oWZftgvLJSnW7aeEps4VZdPlyzgqm.jpg,470,895,423,489,682.5,456.0,425,66
a234RQhZmnUeJZXNUq29oEVere2WEtlY.jpg,420,892,412,512,656.0,462.0,472,100
a2oPFCEjmjPjb__xmX5ZWkOBBq_DJT.jpg,420,721,439,494,570.5,466.5,301,55
a2tgEZVcWhIW19SNwZ7wZDlXJTCQq.jpg,406,826,415,497,616.0,456.0,420,82
a2_5StLXg9zCbuTNJ_Z6WeOdfHidUgnU.jpg,441,790,483,547,615.5,515.0,349,64
a3Ksssq_WJ8alNwrx3_e4Lt5pP7LMb9.jpg,419,873,433,502,646.0,467.5,454,69
a3U3rhFvrPhD7g_V1bppbeYV38I7el.jpg,464,883,420,487,673.5,453.5,419,67
a3vJTEhHlMO_bjPT5kRn3Hg2gMKtc.jpg,334,798,440,510,566.0,475.0,464,70
a45_gO8XgR3O_fpb2lJi7B6yts.jpg,395,917,492,568,656.0,530.0,522,76
a4C9bc152M6kQGuFCabVP_31wDqfTvz.jpg,301,731,421,485,516.0,453.0,430,64
a4JEOXuVIluHmXS1SNIbOYJY8Ntp7f_k.jpg,372,778,420,485,575.0,452.5,406,65
a4KuOYi4qBgpjR5_BGqfR3KDRuvo7Lj.jpg,348,845,433,509,596.5,471.0,497,76
a4MQtILa6gpPMW1qRBGwSTapnHeu3ffR.jpg,336,856,465,540,596.0,502.5,520,75
a4Z3m6kTDfoD8BBfnZXZDrJaBuahbQ.jpg,271,881,477,572,576.0,524.5,610,95
a5FN33_Z_RqgMgSoRUKcKqMjCuiHZy.jpg,449,741,450,507,595.0,478.5,292,57
a5NyB7D6GKUvxapBGJVkpXh7EMM1.jpg,430,707,416,472,568.5,444.0,277,56
a5vKB3kxNFqfgV1ikuquM8o5zZ4QG.jpg,267,794,460,541,530.5,500.5,527,81
a6EpzCzZlXH5NHFeWZ9Ncr5wyYkqioDi.jpg,279,936,441,539,607.5,490.0,657,98
a6V1HoPWtotcvi2zJzngv6vOaGc9a9p4.jpg,334,793,436,513,563.5,474.5,459,77
a6xV564V69qj9Y9tQ9ZoMaRwPWjqxnC.jpg,386,751,436,495,568.5,465.5,365,59
a6z7IBlkf1tl6l8oWw2a9fB88pCqv.jpg,350,859,486,563,604.5,524.5,509,77
a7jWeLezOx4iOODtpGmPhaRkDYbKFw.jpg,406,704,429,487,555.0,458.0,298,58
a8hMOF38ZctSsravNuqMTtCCCxM3By9.jpg,414,874,438,506,644.0,472.0,460,68
a8hUQ7RROuDFxEK35mayHKxryu2ypm.jpg,504,848,483,548,676.0,515.5,344,65
a8Pe5eJuF88zppH1nPM2MZaZMpdFjQTg.jpg,425,878,439,507,651.5,473.0,453,68
a8qCIFd7KLOCOK5weoCFOKubcDKk3lfE.jpg,456,991,496,575,723.5,535.5,535,79
a8TbuWtnrCUlYM8KdjovozYI7RMgH.jpg,516,822,449,511,669.0,480.0,306,62
a9tpUBNgGptInm1QWlRMOVbyyC8De.jpg,395,951,507,589,673.0,548.0,556,82
aaQllu2vWpXvaUIiTy_y4GDhEETikH.jpg,483,969,438,517,726.0,477.5,486,79
aaS3jyCR39xDJFq_9_91eZ6XqOgrz.jpg,458,744,439,495,601.0,467.0,286,56
aasmXQyFo8j_qCublsra8vu_Y5DkMUZ.jpg,277,863,500,591,570.0,545.5,586,91
aatLD_FHhLvYo3uQGeqeHd3CoOOwZVX.jpg,456,760,451,506,608.0,478.5,304,55
aaWuCsmhoNi1xHgReDhbU2ZtrEifUro5.jpg,460,895,430,499,677.5,464.5,435,69
abagmoFuQIK58wbz2bXpc_qwnjpObxr.jpg,335,891,465,544,613.0,504.5,556,79
aBC6mmZO8jVdwL8HCwc2LJ3qG6suvx5R.jpg,369,682,467,525,525.5,496.0,313,58
aBqiKZlG1tdiXkqqZRBnG7GeT4pclEg.jpg,555,1082,490,584,818.5,537.0,527,94
abrFp4xd_e4gZP3eH6QZrngapvqvzgb.jpg,401,787,470,542,594.0,506.0,386,72
aBRIzhMlLs1GqOfey_hqNxz1aMseM.jpg,330,805,472,542,567.5,507.0,475,70
aCFcRhRvkdbnDbD9Zj3mWfzT7Q5gli.jpg,333,811,485,555,572.0,520.0,478,70
aCp4q7mXS6GL7Xl7hcBK9sSqCWCfZb4.jpg,358,851,452,525,604.5,488.5,493,73
acu5Uzxt_SQwx9EXgo4YBvufFRi1X.jpg,37,799,563,674,418.0,618.5,762,111
adduiFkWz5f2KTjamR3TMSYqxGL_H2Z.jpg,370,701,478,540,535.5,509.0,331,62
adfMWJ2wRabjn6NBQ2YbtDtYWoBFl.jpg,350,779,425,504,564.5,464.5,429,79
aDPrLbqxyoncRzlIROtrlLE1H5GL63H.jpg,268,990,521,628,629.0,574.5,722,107
adrdCXpGJUvvgB1LTJClCOh6zZdmS9RV.jpg,323,820,441,520,571.5,480.5,497,79
aDYfWbnxM4opC73FCD55VmxJJyzh3uG.jpg,324,882,497,581,603.0,539.0,558,84
aefn2GNGxsb22QCWodSJGDoGuiQ9sm.jpg,299,753,435,508,526.0,471.5,454,73
aEpV9sP6NiEhdr4yr9Lcv_1q4OtOeEu.jpg,438,875,429,495,656.5,462.0,437,66
aeUbGqjaW4wOj3OXr_QIhLl8wM6feUL.jpg,401,728,472,531,564.5,501.5,327,59
aewhyVgrroVgS2Z9sCSynI9cKm6SoWV.jpg,473,999,451,530,736.0,490.5,526,79
af8Ckmh_7NTVCdPeK11ZexHdi4I.jpg,307,848,461,543,577.5,502.0,541,82
aFbWC13hkWm3UUWIPophxLtUQ6Je3k.jpg,376,934,467,545,655.0,506.0,558,78
afdmD4kQHnmukmbPufs6DW43N2qOs1Gy.jpg,434,880,431,500,657.0,465.5,446,69
afnw4FHrxXlf9fU5PK8QpZ3xuVmYxP.jpg,410,902,480,556,656.0,518.0,492,76
afokonnEUv11U5Jy8y4Ff4MO4L4Bdny.jpg,424,951,490,571,687.5,530.5,527,81
afWUhCBjgvwyt9EcgnF7eQwEZOKZOE4O.jpg,373,754,505,575,563.5,540.0,381,70
afzpa5wYzqMfZLMhRraZNvFizlgKtK.jpg,461,812,496,560,636.5,528.0,351,64
aG8FIWB9LKtF_w4Ygo3WFxV2UzOOp1.jpg,407,957,469,545,682.0,507.0,550,76
agKIaIO6KpFYIKQ_6Dr4YKqi1Ee7KO1.jpg,369,924,450,556,646.5,503.0,555,106
agPWOMzwnqvtRN7LBCib6rnUpww3ei.jpg,276,817,491,571,546.5,531.0,541,80
agU1vW8bMZ8RC68sbJBNCMVMFPQS.jpg,385,790,414,497,587.5,455.5,405,83
agUDL62e_vnnVJ7zzLcgrJnTfCsOv4Sl.jpg,388,859,445,518,623.5,481.5,471,73
agx3tiuP1CJxKbodblcO1YYhgNk6.jpg,328,871,452,531,599.5,491.5,543,79
aH3w6gvewxLSub_eu3D9Jza4hH6z_hJ.jpg,416,734,465,526,575.0,495.5,318,61
aH47y6J2Xl3tOBnIilvRWeUaeeNjdF.jpg,346,899,473,552,622.5,512.5,553,79
aHFIzOmyqKo5xe4d2KpHkp5jW3c6pc7.jpg,297,824,459,535,560.5,497.0,527,76
aHK4efmcIQLQl45do5Oi1jFV_bWtzUn.jpg,479,813,478,539,646.0,508.5,334,61
aI98NmZxo5CwSlWiPwEtSQ5Wgx6vn8.jpg,447,781,480,541,614.0,510.5,334,61
aiLIMoQSM4GlmJ7OodHoeBjoKFc8Wt.jpg,379,937,473,551,658.0,512.0,558,78
aIOCrx3y5u_RaSqNpN2zp_2PNd8Bqfy2.jpg,493,791,461,519,642.0,490.0,298,58
aJkeF3TwLM7R47NhO29KENWa6fvEGgi.jpg,415,904,487,558,659.5,522.5,489,71
aJQoadyIQDpfry_SPh1hkBoSUaXUiYx.jpg,462,794,473,537,628.0,505.0,332,64
aJTMiX3F33EksN7XiYIJY9kXDuqcHXiq.jpg,350,843,492,563,596.5,527.5,493,71
aj_t835aKwPflKfahbegCrbmpOf_r.jpg,411,734,476,538,572.5,507.0,323,62
ak4LxwySpuMJ5teY7RGXmSCiv2TfZy.jpg,290,806,488,565,548.0,526.5,516,77
aK6kC9jYX1PETuVuQzg6Sp49Thbrsbf.jpg,392,957,510,594,674.5,552.0,565,84
aKepMBRmVVCYHusk7kE2YaRHGYc7Ib.jpg,333,860,464,539,596.5,501.5,527,75
akkt9939CkR9i7rwi6DH9JkQ46gsLN3.jpg,340,821,451,527,580.5,489.0,481,76
akoXmDlSoTvB2_PXwui7U6_rV6hQf5.jpg,282,780,427,498,531.0,462.5,498,71
aKVOt6QsSDXCyeqi_Eh7kMoKePQn2.jpg,321,764,421,487,542.5,454.0,443,66
aL5I3YX783ZLphflcjQ48ur2FBeEO_N.jpg,440,790,453,517,615.0,485.0,350,64
aLm_XPmvMSiWnJBwFhEGuFOSY54T48F2.jpg,391,970,521,604,680.5,562.5,579,83
aLolfRrmnPEJwGDt2oQREmbbHfP8T4_.jpg,474,936,437,510,705.0,473.5,462,73
alYQ56Lf6CnG8U69O74lXTTkY8XwiZsC.jpg,287,756,436,514,521.5,475.0,469,78
aM2kgEOe_YR9hQOhDGHUCb493vlUPW.jpg,387,718,478,539,552.5,508.5,331,61
aMGpKqhPKjOCFQtJ6ZqBiDxDxJ7wz5o.jpg,427,867,461,528,647.0,494.5,440,67
aMhTQ6kL39vw1tOwJ5z49o2oZzl.jpg,362,934,512,596,648.0,554.0,572,84
amvJ15YOOmFbEnUkrDNZoqT6f7YsYmzL.jpg,460,842,503,571,651.0,537.0,382,68
ancWNWw3o_Rq1_wlN9bu2LOfWzkB34.jpg,405,778,475,544,591.5,509.5,373,69
aNh4dUJrrToBvK32ewpF15S3zw2fGgr.jpg,338,679,465,526,508.5,495.5,341,61
anLGYF_EO9hzrStmBUxQtVuViqxwbUky.jpg,437,905,471,539,671.0,505.0,468,68
aNoXrpF6KIg7IF3d3yT4DBTN1Hi6uR.jpg,448,733,452,505,590.5,478.5,285,53
anqkBbZ7lhkjicoaf8rPayir71Pj37M4.jpg,423,865,433,499,644.0,466.0,442,66
aNYxUZKVpizD1fpIpged__1WISXzvUNK.jpg,310,758,426,518,534.0,472.0,448,92
aO8dLZxJFv2Obek275JLqIhLHwnM_V8.jpg,278,816,455,537,547.0,496.0,538,82
aoebod5x9azJ2VCJhzjWgPXZ7cVZPO.jpg,271,827,467,546,549.0,506.5,556,79
aOUG4ePpmnBD3dxB6vP3WymPEQ9RQhIu.jpg,431,944,491,564,687.5,527.5,513,73
ap4TPFijEwC3GR2pseoP_6HOkRDFkjBK.jpg,397,827,459,524,612.0,491.5,430,65
aPuggkqqlYdFQqBcegrr4M6op_OTxM.jpg,403,921,453,529,662.0,491.0,518,76
aPxjVzhfqbJ78cIF2Sp3VNJDnEqXR.jpg,379,678,441,499,528.5,470.0,299,58
aQ1qRsmsmBCFgeH3xF7L5G8NeqJ1zuY.jpg,441,776,482,544,608.5,513.0,335,62
aQCO1OhXxWL2yQdnsv8xkCuUXUEaM.jpg,352,946,524,609,649.0,566.5,594,85
aQFLfUJNePGXTS35tPJsVflve94jdT.jpg,385,920,491,576,652.5,533.5,535,85
aQi9Y4Gdnnds25ZkKqHUfJBh7q2eLxi.jpg,471,749,429,484,610.0,456.5,278,55
aQL53hhbkX3sn8lK2K4gN8XubV98e.jpg,355,644,461,516,499.5,488.5,289,55
aQMZQbOtNrmpv4PuHhbo2xapTxcD6r.jpg,479,846,473,539,662.5,506.0,367,66
aqpG24Ecq1jmquwUOwkRVQc899TfhsPY.jpg,393,765,469,537,579.0,503.0,372,68
aqw7yUoGTEXg79MYyOW2WxfcM5a6s6xo.jpg,324,779,463,532,551.5,497.5,455,69
aQ_DqCHjsr3nB4vCdQ4ajKgfdsnUCZfC.jpg,379,829,434,507,604.0,470.5,450,73
ar5ofcaHr4Tg25KydGEE_RKXwTSm8D3.jpg,309,754,466,534,531.5,500.0,445,68
arF5n3O1ZQSx9Cy__JVgSFvEWO5N6b.jpg,297,763,435,511,530.0,473.0,466,76
argR4iGYP17odeCESvkTSjZ8ZBg3f7c.jpg,426,711,435,489,568.5,462.0,285,54
aRI3DaKMv64EQzeWi1bthpt9yKRr4yv.jpg,179,742,484,566,460.5,525.0,563,82
artjFdIJu94uHUHwSw65uu3Bl_BRDjE.jpg,322,862,446,525,592.0,485.5,540,79
arzlFuVrRy9FFC9alBd3nEkbu5En7D8.jpg,446,850,418,485,648.0,451.5,404,67
as5cURORfE5kYXxMz5bbWLLyKGIZ.jpg,421,858,460,530,639.5,495.0,437,70
aS8d9xIJZSIbNpoOVmQvHbU5GpNZzIKl.jpg,481,760,425,480,620.5,452.5,279,55
aSj_GNPhmc_oHgeKBTLmO_GOrj5GVZ.jpg,435,973,453,532,704.0,492.5,538,79
askuFuYCN3e9bNeUf1x27dRCyOEM6l.jpg,363,790,426,490,576.5,458.0,427,64
asnDO_DSa4PlnGoq3FvR9IB1DDR2Y.jpg,523,842,467,530,682.5,498.5,319,63
aSNeVbeE4Cd5BrD2Onc_aZotgI39.jpg,364,698,438,503,531.0,470.5,334,65
aSR_GpC3tnJBxXv2jgQwf8k8SoatCWK.jpg,356,894,503,580,625.0,541.5,538,77
aSv2pI2SCHSyvbKbRTX5XWhPk6oKE.jpg,454,895,462,530,674.5,496.0,441,68
at2_ycRkX8Ilx89f4h14h6MEmRa9.jpg,407,757,485,550,582.0,517.5,350,65
aT5tUYXbu9seYNfIVOJsG6YXUIKd8re.jpg,393,884,476,544,638.5,510.0,491,68
at6sILESmTwUxe8NP5hGP48HzievLo.jpg,321,867,494,571,594.0,532.5,546,77
atICDdENrK_GYlDLDk5jlLnJJ_9gH8fD.jpg,425,873,428,494,649.0,461.0,448,66
aTja3aSarVCHbMnlqROqFThhwjVVNy2X.jpg,235,930,502,601,582.5,551.5,695,99
aTME2y2lZquOH_hE6CMksQDOeXEK.jpg,545,805,415,470,675.0,442.5,260,55
atO3zRUJEPLYLvEXs82pVuurqRXkHzDt.jpg,318,761,434,501,539.5,467.5,443,67
aTyZxJ5pqT8JmBnTYRhgtcK9l71uHvuV.jpg,523,830,439,500,676.5,469.5,307,61
aU8_WdzmDaCwK6xsFcu6gwVzcFSuDe95.jpg,450,753,453,511,601.5,482.0,303,58
aub7or5pzzfD3C6k2rezM4MWu3.jpg,409,887,467,538,648.0,502.5,478,71
avat85Cirsu75COD_KdDXlUXsRyfCK8.jpg,205,807,489,581,506.0,535.0,602,92
aVC4zB2wNk9QePjrMhqSi26dXIUDvUI.jpg,372,710,459,519,541.0,489.0,338,60
avwyZgSz3nM5zUr7rghxCHm1BU5Dt7dt.jpg,329,775,436,506,552.0,471.0,446,70
aW3XY6mdbEo7fhpYjIEiVl5XJcq3SL.jpg,353,860,489,564,606.5,526.5,507,75
awI3oZcIv4nCxU7VoKdMRCTc5_Dn6Yt.jpg,298,755,423,493,526.5,458.0,457,70
aWIEU_BtjJbTutOlaZFdEWVgi4ONJu.jpg,443,713,423,479,578.0,451.0,270,56
aWpQ3Zx2mruUo83lq9vFPl_TaBM5p71.jpg,330,774,450,521,552.0,485.5,444,71
aWXgiwkQzYXQqL2q3fuhdnR7WUKqH.jpg,476,781,466,522,628.5,494.0,305,56
aW_rycMiV9fRSzFyeIUcQEXUK5lu5oM.jpg,386,893,470,545,639.5,507.5,507,75
ax9zziy6mByx3TuxFswIQS2Rc2kWzW.jpg,445,905,433,517,675.0,475.0,460,84
aXI3xmZxR3YT47RMGhGN3Rci6l4xGVh.jpg,405,716,434,491,560.5,462.5,311,57
axi9MJ_9Q76CJCiTgMgwKMJrRU9HXrKa.jpg,343,951,523,612,647.0,567.5,608,89
axjrge4l5hFYENvthBVttU5bac9tT.jpg,450,803,493,556,626.5,524.5,353,63
axmOXYWES45mf_SUQjkEm3qQbGMxC.jpg,415,871,426,506,643.0,466.0,456,80
aXZaDYINp8m4YTDnq1KNqoig7e53Gj68.jpg,448,901,439,507,674.5,473.0,453,68
aX_qWz6oLjRcWmMsETIvXsuKMiIcY69.jpg,394,830,427,492,612.0,459.5,436,65
ay8wExyKccXM3tdT3msFEqWPWG2dH.jpg,454,894,464,534,674.0,499.0,440,70
ayBOvF_gL3c6V7x2ZUqhX71zBn_T5.jpg,392,831,427,510,611.5,468.5,439,83
ayeuQC4ZF5kGiXowla8Qv9m5CmUnLiQ2.jpg,284,777,443,521,530.5,482.0,493,78
ayidjEbJChayWt6fKun6nTGSDaU_T.jpg,439,1007,516,602,723.0,559.0,568,86
aym4izBhtB86adFknZMDjQuGg87Okc.jpg,452,857,415,480,654.5,447.5,405,65
aYnPLFGzwP3RZmt9TKL18p9cr41UU.jpg,471,825,488,552,648.0,520.0,354,64
ayo_fTtdlSd8eg5cG47cPTDJlQfLK6.jpg,438,711,428,480,574.5,454.0,273,52
aYqGTpMP7HTOhWx9rPDMJ8SlEp57C.jpg,373,949,437,520,661.0,478.5,576,83
aZnrbexVxLmigNJk48arM7ikVPX36O.jpg,434,785,484,547,609.5,515.5,351,63
aztZbJ224xpJmKo2guMpzgMvNvcPkN.jpg,416,887,474,547,651.5,510.5,471,73
a_7lmd4zwh9fEVEjUGSdIwnKLYYbKl1.jpg,430,860,424,493,645.0,458.5,430,69
a_hRCXMeKCI1xoUZIXx8QywU2_yO9.jpg,459,804,489,550,631.5,519.5,345,61
a_Ip9fjjhaCfk3tRsiFRyJyO928Cs.jpg,473,727,423,473,600.0,448.0,254,50
a_Ov6oTJHGT5BiZO8NkbTc3e9mPFd.jpg,381,1071,531,645,726.0,588.0,690,114
a_PqwyK69ONQMEI5xpLt2OJuOYGewP.jpg,418,814,514,586,616.0,550.0,396,72
b12OtUZUOF34dL1pG9odzSer4nlmDz5G.jpg,373,804,452,516,588.5,484.0,431,64
b1Eqryr44vL5XQs3zSfthdZjLo53ys.jpg,439,908,474,545,673.5,509.5,469,71
B1jN6EnjU5Eb93ccNE95VQePdrn3qaxD.jpg,348,673,446,507,510.5,476.5,325,61
b1MQ6a6x6I_7zo8tDlYxWHvFJKM_rc.jpg,534,1044,493,575,789.0,534.0,510,82
b2Deed51nWhd8_QqWcH2Yz6ZSIot.jpg,340,876,469,543,608.0,506.0,536,74
B2L7ud2R9t15GtfGMV1Sjx_rDCJqg.jpg,428,918,485,558,673.0,521.5,490,73
b2whFda9Fp6G_1dpefolUXPZMERFF3.jpg,392,712,428,489,552.0,458.5,320,61
b35cmzjfMswBSc9o9h9UrPNUzb5LLg.jpg,389,743,461,525,566.0,493.0,354,64
b36pEYwckBUNTi7XUw66Kceghrw7iOd.jpg,370,759,515,583,564.5,549.0,389,68
B3epmganbsCRWXe6xQcHUpINttr6REE.jpg,377,698,472,529,537.5,500.5,321,57
b3jgyUU1Q4qHg4qPef2mhcDf_pvT7WN.jpg,424,758,452,514,591.0,483.0,334,62
b3jrE123yLSfnMy1azOogpfiilcPhp.jpg,415,756,441,503,585.5,472.0,341,62
b3RplrPSZd7cNvKuM43OsStqVodCH.jpg,419,907,450,524,663.0,487.0,488,74
B3SnttEy8tQqqzPPrvpI9VXxTS7ss9.jpg,395,727,456,516,561.0,486.0,332,60
b3uEiInwgbCkykJdRz4ai8xTYcWqxLFw.jpg,450,878,424,492,664.0,458.0,428,68
B47tuMOtzwlUDWnpdh2_tteipwIzv.jpg,352,844,443,536,598.0,489.5,492,93
b4CoLLb3TpB6o8dwEtw_JvsPQhzHyIZh.jpg,260,685,433,505,472.5,469.0,425,72
b4G9EIfnQRZ7xnVRWci1xJDwkp838z_.jpg,475,803,473,534,639.0,503.5,328,61
B4GVCTNmaawgNu5IyFRtVIenln5EoS.jpg,315,894,480,561,604.5,520.5,579,81
b4JgRFbXHN6ucC6QjLFSjD3Nq8aKfn8.jpg,334,871,462,537,602.5,499.5,537,75
B4JxazewDQqdpelEErTHpUvaFHiVTgQ.jpg,312,796,435,508,554.0,471.5,484,73
B4qvF65HBtd6TYOVVOYhpS7wjsf4qw.jpg,499,921,532,609,710.0,570.5,422,77
b4xGH9HDcCMW23rw57nCuOFUclbjSS.jpg,410,1047,537,634,728.5,585.5,637,97
B4Y31G_6pl4yekoQrtMZRWIMeNLtjbjN.jpg,434,848,452,514,641.0,483.0,414,62
B5cHpEivfdREQppmwFKn45V37IKwCFL.jpg,435,883,462,528,659.0,495.0,448,66
b5eLwJm7518IioIn11yLBpaOpKwSSJ.jpg,185,1064,564,686,624.5,625.0,879,122
b5sTgteVomF6d2lf3qUTTIhipyy5hTOQ.jpg,435,924,446,517,679.5,481.5,489,71
B5UKh9HR_Q5hNWX9iHxEXgOTlTVLtzB.jpg,291,802,431,506,546.5,468.5,511,75
B66Rpmf_pi1uox9clFjMHmvPdHlW2.jpg,355,655,428,486,505.0,457.0,300,58
b67jOqRD2NwmMXDu8pfXRWDK4zcrY.jpg,532,927,413,477,729.5,445.0,395,64
B6dEMPD7uu7lDgazjYxqbWP3pkgSYjG.jpg,386,872,485,558,629.0,521.5,486,73
B6dRikLOcbJ6838gTDUCyyXYWqJeZkR.jpg,461,878,420,486,669.5,453.0,417,66
B6DsSo2_BkR4oyIwPeKHI7I1hDWzqPuP.jpg,428,839,422,484,633.5,453.0,411,62
B6tMOKUwVJI_qb9h4VMazPaUaLEfwJd.jpg,332,978,544,642,655.0,593.0,646,98
b6UdVYdBW3wEzmZRzlXK61CTKmmFDPw.jpg,196,712,484,556,454.0,520.0,516,72
b77PgzWGRqku8JxIdLGaVmOifvVU4fqg.jpg,330,657,477,538,493.5,507.5,327,61
B7gPXCxZOuKEpoN8WO4mUyp6ZSY5suD.jpg,387,745,481,545,566.0,513.0,358,64
B7lNz2Ykh9IaB2UQjEX8_GZVb8it4l.jpg,481,823,449,514,652.0,481.5,342,65
B7N446OPoUpsCanXgZ9vr1pKkWeZNz.jpg,331,888,468,553,609.5,510.5,557,85
B7p6fXDwM5BNajmJxtH2VBYKrDTNSpG.jpg,412,843,430,496,627.5,463.0,431,66
b7TciBm3qGDSJJ_9eJeNegDLKijYiZd8.jpg,364,1027,540,639,695.5,589.5,663,99
b7zhzw5SLyR87GbnIp8NcJIkYzB33Kt.jpg,379,831,430,501,605.0,465.5,452,71
B8d1tqRX5TyS7oKs3Gb8X3k3QFXl7L4.jpg,449,873,454,516,661.0,485.0,424,62
Ba9lzEHseFIG_WhdmqW9MgPoeDnKw7TV.jpg,398,936,469,545,667.0,507.0,538,76
baBFfQrV69j2_z6RNEyHemGQba9LzEz.jpg,396,863,470,541,629.5,505.5,467,71
BaOGOiGyYUOdL9uBPUopZufROfqghwT.jpg,300,826,454,558,563.0,506.0,526,104
BaqYyfyu9yZJLdT2jyoshTBoky8wBqrO.jpg,349,753,440,503,551.0,471.5,404,63
baV5qb4YKCk3mzb9kGbelwKytppv.jpg,477,771,433,488,624.0,460.5,294,55
BavT8zfubuxbwfoS5kBpVxcsYdVSjHR.jpg,439,743,469,525,591.0,497.0,304,56
BB7QVeev6gl_T2ttvLVQPOaNJD92HF5.jpg,224,876,496,600,550.0,548.0,652,104
bB7uUIQ6eizcmQjyqwaDbivv8rEJTsU.jpg,408,816,419,492,612.0,455.5,408,73
BbI4t4dvozsMDUuYwnxgnPC7cH7bRfQ.jpg,384,908,494,575,646.0,534.5,524,81
bBmcBiFmuuNljEicFv7x29XjiVNVF.jpg,231,798,473,554,514.5,513.5,567,81
bbmTMr48clDCanv35uJWVEEktz2JbPW.jpg,469,779,468,526,624.0,497.0,310,58
bBuRyD3YMTDPHEYLJDTZkWHn2bK9GEUO.jpg,253,810,467,551,531.5,509.0,557,84
BbVoWX6_Pa_FSaoNr5zS2M5POu1znMi.jpg,380,858,437,513,619.0,475.0,478,76
BbvU6qYOmg5DhYtsXmzytcL_GILQ47.jpg,338,758,425,490,548.0,457.5,420,65
BbxSkxfNBXsUSIJDdYjrTQqf_6ex.jpg,421,887,469,545,654.0,507.0,466,76
bcDelFjOWeQhLlTju8suE6oqyqhCIXg.jpg,450,747,438,493,598.5,465.5,297,55
BceHkkcTcqd3WlKPlW3B8DkGVklw974.jpg,490,906,419,483,698.0,451.0,416,64
BcFm6K5LI7wbuiFT5W5HhrSP59mPEO.jpg,386,928,496,576,657.0,536.0,542,80
Bcik7LgYgPrqxbPvyVpMyLx39VP1rlia.jpg,496,901,446,511,698.5,478.5,405,65
bcqjXJPixy1_gPkmhWXHukgamavXM5Uk.jpg,460,866,422,484,663.0,453.0,406,62
bCqLhxHtHlONP8p49aLrLKOBCFYs2aw.jpg,378,845,438,508,611.5,473.0,467,70
bcqsP9qWhDM5DZzui6HkukEH7qv4qqgj.jpg,372,842,440,519,607.0,479.5,470,79
bCR5aBrKflhT_yOVXvbW5YGrkO2YL7.jpg,446,749,433,491,597.5,462.0,303,58
bcVBRGX4cjbOjyqHMCGXU4V5OgVF.jpg,279,774,439,515,526.5,477.0,495,76
bCXLMTY3n6IBeLcyfSfhLapJYeB_xp.jpg,337,747,498,568,542.0,533.0,410,70
Bc_yJbgEdqHyLMPVeEvD2dwHQ5Flc.jpg,432,959,498,578,695.5,538.0,527,80
Bd8Hxnz4OREzLWdz9yFjYEU8qVoo3u.jpg,420,899,477,549,659.5,513.0,479,72
bd8ZPBK3deFzkm2uIJyIag47hCbDzQmE.jpg,221,804,515,600,512.5,557.5,583,85
BDD6XnYxwods2953Q4Iy2UDEHEz2YLRQ.jpg,336,761,425,490,548.5,457.5,425,65
BDDECvfVLzcj4jzlX8WJQLc1lguyOrHy.jpg,496,815,473,536,655.5,504.5,319,63
BdKDyHGlDOTKh3ygDPOCIlNMOnvPhLF_.jpg,408,843,427,498,625.5,462.5,435,71
BDMaJIMJ_ik1bzT2lpUNuC1tV8omCf9.jpg,410,917,491,564,663.5,527.5,507,73
Bdn3Eb4BmBPMCao5jbMFzjbe65mF1DKl.jpg,337,790,448,515,563.5,481.5,453,67
bdqWXsL7oi8DQaW87B4xj7BdXzhcyvM.jpg,373,841,464,533,607.0,498.5,468,69
BdtWIjs_9qiI6YZMaV5IzPGjmlPnv3.jpg,460,774,454,511,617.0,482.5,314,57
bDy7TZKm5ranlve8XBBwICZ7XIY5Buy.jpg,339,874,460,542,606.5,501.0,535,82
bE47ePMyshIgjRiL_D4TrLdkTBJz6w.jpg,433,771,454,515,602.0,484.5,338,61
BeBi7zRI3qaf_4UhIlod_KuJR_uu_S.jpg,272,852,505,590,562.0,547.5,580,85
BeD1WpSaTyRlRF3EGlgRyKXEiBHJp.jpg,394,930,503,582,662.0,542.5,536,79
BEDYcelNDqxhYwBpz5FuVDTizapnQ.jpg,376,882,464,538,629.0,501.0,506,74
BEe7eXWeE4PhlkMYp5iZ52x53OiDHtY.jpg,295,811,491,569,553.0,530.0,516,78
BEkb5tKogZaqEJq6QTmhjCLBe93JD.jpg,298,1052,581,697,675.0,639.0,754,116
BEO8rMj4PqqvnFYSqxf1UDHS1Eu_e.jpg,408,857,465,536,632.5,500.5,449,71
bEQxwOgVGmoY2dnPINVE6Gw_G2F6guR.jpg,418,732,471,529,575.0,500.0,314,58
bESeqbjxZeGS25odb3Rl22t1Syedl4.jpg,315,662,455,518,488.5,486.5,347,63
bEtGMI_UCyoYdVilGsojRQfx4EpzLF6.jpg,479,768,452,509,623.5,480.5,289,57
bf6OJfIcMENQvVadUhG3TaLT6GcznuCS.jpg,360,814,424,491,587.0,457.5,454,67
bf6UnammkjmCR2_ejurtrsGoHBs.jpg,475,902,427,497,688.5,462.0,427,70
bfgixwqsa7vnnV2oeeO1Lgu1QfJ2FH.jpg,402,803,417,483,602.5,450.0,401,66
BFGW6Nas9CGewWFWpaxYaledqCwM75Z.jpg,466,836,490,555,651.0,522.5,370,65
bfM_JO4kF8BckYzrlXVHTztUkScbFD7.jpg,397,733,454,515,565.0,484.5,336,61
BfNYH3mVbTrZlklDhURli5L5CBKZLlQ.jpg,405,863,433,505,634.0,469.0,458,72
BFphtOyGhseiUNZqrN2ae_JrRX7Qyg.jpg,420,922,450,524,671.0,487.0,502,74
bfQWS_pIOv_kppD5uk86gjXaPak.jpg,387,842,434,505,614.5,469.5,455,71
bFXaQYWb3xoa13inmsms8EzLeTqokvr.jpg,388,690,440,496,539.0,468.0,302,56
bFycMDQr43woOIY7RhCiCcroDZJ5lzl.jpg,287,790,485,559,538.5,522.0,503,74
bFzZbPaRTp9z2eeSfsH1kLZ927bFvc4.jpg,337,844,451,526,590.5,488.5,507,75
bf_1GIWLkdEjS5RfPgh5wNLnlQ_sh.jpg,312,933,483,580,622.5,531.5,621,97
BF_IUvIxSs6wyfHp3hairTWh6QBVI4.jpg,479,812,452,512,645.5,482.0,333,60
Bg3xrz_yC2wfZhj5epmEznJNFQPXaF1.jpg,416,859,468,533,637.5,500.5,443,65
bGa_2EYvTfyxMjWRlXTeNY63tSGEM.jpg,359,663,439,496,511.0,467.5,304,57
Bgc6FOJ6XrN8FWXu7CeMPwZNtk7e9h.jpg,367,853,466,543,610.0,504.5,486,77
bgm8QGjB35yZ_OLa7J66R4HyLTF7oTc.jpg,282,661,480,554,471.5,517.0,379,74
bGNftClbVuZ5yP_NTccKVE9DiyHZMq.jpg,456,777,470,532,616.5,501.0,321,62
bGQ3lT6xeEPKeoxh1vRYq15yzUlDSRI.jpg,434,846,418,481,640.0,449.5,412,63
bgrlKKxYMZEVZbs5XmcCcv1RZzuIGve9.jpg,363,991,490,577,677.0,533.5,628,87
bgrSorebMgMXEywx4EacQDUlGltg21.jpg,293,972,508,619,632.5,563.5,679,111
BgV2lWKl2P45yVLOnMRTlxsNJJXNEz4.jpg,254,836,465,547,545.0,506.0,582,82
bgvFdvTPIUE27KgiSHQp293n54zr69.jpg,380,1031,547,641,705.5,594.0,651,94
BGXwSMmQSfZVjEIRCpvYQo11umH9uW5.jpg,290,960,503,617,625.0,560.0,670,114
bGzDSyWzwxhlQkxgvpyRCnSjnYMyNTj.jpg,432,741,457,512,586.5,484.5,309,55
BgZDTP9iHstY455zF_9yOPftKmOjYKh.jpg,473,834,466,531,653.5,498.5,361,65
bh8l7kpcPZbs6objOVb3m4RDfgw3h6O.jpg,443,887,429,498,665.0,463.5,444,69
bHbaFsvXMWnjxlg1psfycPzc8PWKmo8.jpg,385,920,500,579,652.5,539.5,535,79
bHccoCwOxeJfbV8_ntImpHaIMmrwyg5.jpg,525,818,452,511,671.5,481.5,293,59
BHcEyuBgJmDv_vJyMKQVlG9m6snO1gsV.jpg,365,821,470,538,593.0,504.0,456,68
bhczvkZvcdXE3vQIEICkxFERQJjxLZm.jpg,406,807,472,547,606.5,509.5,401,75
BhdtO1jaPomKMyYjavWtGclvvCIytuT.jpg,455,739,446,502,597.0,474.0,284,56
bhj7oKb69xC6iMyqSZhSCLWNT9EVUPB.jpg,315,772,429,500,543.5,464.5,457,71
bhkc4iNZp4TKpbmtWYEdjQBogTJcVRz.jpg,386,938,467,547,662.0,507.0,552,80
BhnNLf1sEZmbcISeDSjhFqBcFbreMsJW.jpg,423,912,443,513,667.5,478.0,489,70
bHoUrZLKEDpSyQ3C2y3PQPTeDRZa4k.jpg,402,888,448,519,645.0,483.5,486,71
BhovBJFp5Utn_rzPLEV5O16dT4c56II.jpg,419,868,434,513,643.5,473.5,449,79
BhoxWC6IUoxihnPvf1kUcSCoyt4cy.jpg,513,797,430,487,655.0,458.5,284,57
BHWHNqk2fxQQwf1237t6S1puPhHYXXr.jpg,361,661,429,486,511.0,457.5,300,57
bi4f_mjTsz_RMjB_hHmEL7BM8XGRN7h.jpg,414,937,459,536,675.5,497.5,523,77
bi8dEXrs6RhqkCTO2DmS12KdVwwSbtF.jpg,412,835,472,550,623.5,511.0,423,78
BIac1taXklaXxjj7Q4RofxGITYIIaF_u.jpg,382,930,463,549,656.0,506.0,548,86
Bio5ddBsThCz5Z8YprDNSy6QsR9Um3_S.jpg,291,769,444,517,530.0,480.5,478,73
BIoLFXmFwGiUOqExZO6N2qKwKYFSq.jpg,362,878,448,526,620.0,487.0,516,78
bIPjzPj4n1mYrBPrVBrbWp8s9UHkXXrm.jpg,447,766,474,532,606.5,503.0,319,58
biPXKbWyahN9nOK2p7vaYRyYX5SvHI.jpg,456,994,504,588,725.0,546.0,538,84
bIVUXcPJHhttZ_9y7NUH6gdDPutNKChw.jpg,337,875,468,544,606.0,506.0,538,76
BiyQ8zaXMneGQmn1v3vIkIoB6sQGEBP.jpg,333,862,462,537,597.5,499.5,529,75
bIzMjUD2_Nf24UxRBhNkJNCuTOIP5z.jpg,392,938,505,584,665.0,544.5,546,79
bJ6eVBv5HRNzI1mYJhYpYTMLIOh9YclN.jpg,274,850,494,584,562.0,539.0,576,90
BjaNneqLSvn3n31UDfu8Kt65Z31gJC.jpg,271,1015,537,644,643.0,590.5,744,107
BjbqUJdz2Fz1bjWrbTGkQU5oaFnB_.jpg,302,878,482,559,590.0,520.5,576,77
BJgpw6JJd9aICSojbuP7zxUzMisXL.jpg,450,808,471,536,629.0,503.5,358,65
bJML6J945BUIFyRUPa9CGw7PPEvbWc.jpg,454,751,450,504,602.5,477.0,297,54
BJqawZsKITyvtjX4IdCBovcvp9PYG25.jpg,410,850,427,493,630.0,460.0,440,66
BJtDTQZaNvNWwGShoPHQHl_WX4dMFYP3.jpg,325,713,520,588,519.0,554.0,388,68
BjXOJmRKcWtw_rS7vboCWqT1pPQcK6.jpg,362,977,539,621,669.5,580.0,615,82
Bk1_hQIoU1ydoeazBC8K4ZlMsKrsjq3.jpg,314,646,443,507,480.0,475.0,332,64
bk9lamJffQQwYTNoden5YNmCRg6UpLLE.jpg,405,710,441,502,557.5,471.5,305,61
bkcBWGfbLlieWhinQ8bfa1_Ethj8mNB.jpg,427,798,506,572,612.5,539.0,371,66
BkHstQ4JniZgC1KthGbragf63Y9N43D.jpg,427,768,484,547,597.5,515.5,341,63
BkJtrqpqJ4IC4GsvBmFVDaOM6ejST_Sn.jpg,383,825,430,496,604.0,463.0,442,66
Bknvx3GEBj1G73Y11IpkaJRajdi2Df.jpg,428,888,439,509,658.0,474.0,460,70
BkpTEuu8ED1pUEXTzN6xlWT9Vmr27BKU.jpg,406,694,433,486,550.0,459.5,288,53
bkQ8tRu3NUjprvusgZzIzzeJCaP7szhE.jpg,423,854,456,521,638.5,488.5,431,65
bksyZ5e28tdKXVITR7y_QjLpOdylwt.jpg,399,896,489,560,647.5,524.5,497,71
Bktcj4RnJgzN1dBH8vWLSkB_FJMG1eIB.jpg,423,778,488,551,600.5,519.5,355,63
BKxUfbH98GWaD6hmS4fBj9BNM4661t.jpg,372,866,446,521,619.0,483.5,494,75
BkYlNUQBGccwgQePsmHGT2_HcuwbSNp.jpg,499,813,448,507,656.0,477.5,314,59
Bl34B5tvWMLxU8khvYSTB7MapciRy.jpg,341,857,496,573,599.0,534.5,516,77
bl3TqeO4_tdJyQvyv23vFZ1K2VpFIv5i.jpg,195,878,438,540,536.5,489.0,683,102
BLac9xSlER8MnRsQwulkyQc1rjPnXxZT.jpg,303,795,489,563,549.0,526.0,492,74
bLe8BDVzMDDIzlGMuwB8uSeD2CLyN6K.jpg,462,785,443,504,623.5,473.5,323,61
BlED4aQ9wTBQz624sEnFxgj2pbPCdDKs.jpg,443,920,440,512,681.5,476.0,477,72
BlKU8WxO8mC775msFZD81tIXIjq7dWvT.jpg,433,934,485,559,683.5,522.0,501,74
blLjncPNYbg5L2pBuTNnGxmp93Zb4e.jpg,453,770,443,502,611.5,472.5,317,59
blljXzUgohCIastugS9D9PN3xNBvzYM.jpg,381,905,478,553,643.0,515.5,524,75
bloGRyq1Pwvf4w6ZtqK4cFZGFWtT6y.jpg,421,909,443,519,665.0,481.0,488,76
BlVnKVpRC5EwluwhE9mI137RlXONO9.jpg,324,748,427,494,536.0,460.5,424,67
bLxxkQ96Jew9SLbGiIwL5SOkRtazMn.jpg,358,812,460,529,585.0,494.5,454,69
bm9NTrQSDzesBI4ebVXCSg6FvaKbx1G.jpg,387,800,420,486,593.5,453.0,413,66
bMBYk3ZFLyMk51yqGseCFmQuCTDMc.jpg,436,721,451,505,578.5,478.0,285,54
BMHeMM7wep45FbbdwflkgYTJnK9iJ.jpg,435,767,483,543,601.0,513.0,332,60
BMMVupGYOa4fWhKofvaW28UzXz4NkxX.jpg,349,838,443,519,593.5,481.0,489,76
bMNaXhsB_uV7v2HKeZRxeiFlzSOOsFL.jpg,404,904,484,559,654.0,521.5,500,75
BMnv1bRmoZF9NBqG_2CYe_I6o5WI6n.jpg,210,756,484,571,483.0,527.5,546,87
BmQfTB1XcLLRpsivh8v8ixNzSwKruEe.jpg,399,789,505,574,594.0,539.5,390,69
BmsgUB7jcWKfopRvLbDJch8sifaCkqb.jpg,323,870,468,544,596.5,506.0,547,76
BMuJ6GzTnZ9pi9nqOxxLutDoseOR8Zk.jpg,217,818,496,578,517.5,537.0,601,82
BmVg1BKzOUgGlsG8WIoqqCme3pKqDU.jpg,394,794,415,489,594.0,452.0,400,74
bMVhllLeyUPne2vJXYKcCaRoiYMfSR.jpg,410,794,470,536,602.0,503.0,384,66
BmYCCbEa3nbmEOswXUIR1yYX9dt5Bwb.jpg,415,728,437,495,571.5,466.0,313,58
bn1WlOTYV4BOwwBBtxL2X8NR7GqsTj.jpg,396,862,437,505,629.0,471.0,466,68
BncdoTKa_GB6BuXF_cs4LwP49DWsqV.jpg,368,886,460,533,627.0,496.5,518,73
Bnd5InShh6Wml36fFFSOmqyvgvYtr.jpg,384,760,507,575,572.0,541.0,376,68
BNFL2nq9QJKIcuYBRct2COyJbdXmqNl8.jpg,461,769,442,499,615.0,470.5,308,57
bnfrCsYLZPh_lB2qc_TJQ1KTTRdjRGF.jpg,347,860,454,528,603.5,491.0,513,74
bNi2icqtSWqpC3RvyS7agqFN8usBu4.jpg,444,785,447,510,614.5,478.5,341,63
bnjL4mCT7E9Ok51LXIwr7pblycs7XE.jpg,467,874,421,489,670.5,455.0,407,68
bNKKLdPfbLUShPvBQDOX8mnyn7CItXu.jpg,423,1033,525,618,728.0,571.5,610,93
bNouPiEIaNcbcSlXBpQDbQTsqfLvlUL.jpg,370,907,501,585,638.5,543.0,537,84
BnOwqPuTD2NawNBqvmH4y1osF6DkD.jpg,446,908,467,536,677.0,501.5,462,69
BNRR7lvxLJyclKbaaPUuMaoFdz7eBC.jpg,467,821,494,559,644.0,526.5,354,65
bNSaMeSfXadfVLLPbTCgQ68Fw4_evVy.jpg,448,866,420,487,657.0,453.5,418,67
BNuztFYZTkrshNoXQBvxMKV2uDao6ktR.jpg,427,713,426,480,570.0,453.0,286,54
BNxMUlQlFdt_9a2mZ9a_iXEVIuL6OOf.jpg,470,757,447,501,613.5,474.0,287,54
BNy55rQ7J4fbtsBDq5ilhE1ZErMTh4.jpg,385,878,451,526,631.5,488.5,493,75
BNZaWJI2LNLG5IzJlBLPe1aPhaVVYIm.jpg,321,862,464,555,591.5,509.5,541,91
bo7VPwvH4nTqfsTgJb1MPIQ7SG68FO.jpg,150,835,531,634,492.5,582.5,685,103
BofDzRpw2DZ_c8FJHIQKBeduJPn4GLO.jpg,240,1135,580,706,687.5,643.0,895,126
bOJO7TjxzGj9mwjXNn5muINvc53Vpc.jpg,520,885,462,528,702.5,495.0,365,66
BoLmKLrqas7q3HV6E66CwrULO3hPag.jpg,512,940,420,489,726.0,454.5,428,69
bONK1OJMmizf3D6fpmLlS2PU9UnHZh.jpg,475,780,458,514,627.5,486.0,305,56
BONmuaelc6JnyGi9qMbHzemLDG3lXL8.jpg,386,818,446,514,602.0,480.0,432,68
BOOpzBMxSx2sBRacaS6G7RXS_TZqJy.jpg,407,813,451,516,610.0,483.5,406,65
BOsuPdQB7qSLfFOXOIwkH9SQoJJFbYF.jpg,420,969,505,585,694.5,545.0,549,80
BOtb_FyMDw4_iS4p_8JgTb6EjlkCm7R.jpg,445,1068,520,620,756.5,570.0,623,100
BOV2gVdDO95yM5WRZqph6vCDkZRjKsuN.jpg,386,743,498,564,564.5,531.0,357,66
BP4g1LNdJkgTJiolkyQ4k2thHsnUxsG5.jpg,358,846,448,526,602.0,487.0,488,78
BPEMHNy8BhYYSTHI2IYBgGylLMs8R.jpg,407,901,485,559,654.0,522.0,494,74
bpiS7XG5aRNVnUx9Pr1IHOsSHYddJ6t.jpg,386,866,479,549,626.0,514.0,480,70
BPnNor8FUVKk3P11jrV1sUE4rOsBpl.jpg,339,919,428,515,629.0,471.5,580,87
bpnvzWZwKBXKp7SLDRh_ykKZki7Q1fi2.jpg,422,780,472,536,601.0,504.0,358,64
BPOalvbfEO34zhEIbhbf6BWsSXkJ3RR.jpg,365,905,465,547,635.0,506.0,540,82
bPpRb6PmGaVn4SLb_pP2bWNmLtRIqOJZ.jpg,437,974,500,580,705.5,540.0,537,80
BpQSp18XtotzYVWWv9CnxXYGParqnCr3.jpg,343,757,424,488,550.0,456.0,414,64
bpsEwmXbLTGxaiTq7H_GteDWTFbPdv.jpg,329,658,469,530,493.5,499.5,329,61
BPSungiQOaY9Zwn2LMZvosIon_KcLF.jpg,373,790,420,486,581.5,453.0,417,66
bPVfBQShNaf9ZWmI5MNLfKkP9HN_a1r.jpg,413,851,417,481,632.0,449.0,438,64
bpVvBaywoFUOB8_289kdUjWlDWnXrPr.jpg,391,962,477,558,676.5,517.5,571,81
bPwWjrigKb4BHw_dFQjJeQEaylnNm.jpg,414,769,498,563,591.5,530.5,355,65
BPxfCu32V2iwZjUSewNvRCDQ9nIpmqhZ.jpg,283,768,451,525,525.5,488.0,485,74
bQ4nxu48Ffeb8Kww7XslT2FB_2O5in5.jpg,399,854,435,507,626.5,471.0,455,72
bQb1hyuScIQv9CBooIP9FNo2JNCJdL9.jpg,438,944,451,530,691.0,490.5,506,79
BQEYLuqhylqeL9amYKBLiGpgrbZrnt.jpg,406,914,489,563,660.0,526.0,508,74
bqg7iga5NOuRFU2Joqhs2DxtQ35FbZll.jpg,305,850,470,558,577.5,514.0,545,88
bqgn46pHKLnwS18pg2gR9Waxf2tFkzj.jpg,263,821,458,538,542.0,498.0,558,80
bqHFgoBXPpstR3mesJ53iVLjD5syn.jpg,472,896,453,515,684.0,484.0,424,62
BQHXhEN42L4PTQND957j5QEKK4JM5M1.jpg,348,929,457,542,638.5,499.5,581,85
BQHYymX9a42tjE_3HBLZEBDTUCVDGeV.jpg,463,820,485,550,641.5,517.5,357,65
bQIjujoQ7WBYQiHliVrH5uVHv3xTIof.jpg,449,847,415,479,648.0,447.0,398,64
bQiqJJKZgn4_XmrUqZV9z5a1hVIjdr.jpg,409,823,421,484,616.0,452.5,414,63
bqkFdmDgKQE8mF81uX9vpKyGJOtgbQt.jpg,328,769,425,494,548.5,459.5,441,69
bQKW5DKL799JkFyP_Q7v5TLMLeOao86t.jpg,407,847,426,500,627.0,463.0,440,74
bqoS2QSVJhojFEyMYtq3tOjGzLHiBC.jpg,455,780,452,514,617.5,483.0,325,62
BQoterx4fNXmMXOJ52GWQ6_6RvuHHjf.jpg,408,921,489,566,664.5,527.5,513,77
BQQNeYv33OEnE2rNj8lTPMucjsz_f9.jpg,371,832,430,501,601.5,465.5,461,71
BQQuLsdpwYqxwW62WT1eZo3ErMrXr.jpg,424,842,422,487,633.0,454.5,418,65
BQTE3d2btrl8Je1aPIhgvboJDbTtcPMP.jpg,356,841,434,512,598.5,473.0,485,78
bQuq4TQZhrYpLpeYUscsYRk1dekuQfs.jpg,492,903,520,594,697.5,557.0,411,74
bQyqvOEkWmNWpYLSZyFfBmEsD6_NRT3.jpg,411,774,455,520,592.5,487.5,363,65
bqZyyHL9xFtraM32u2VS9yV1EXEPRmgK.jpg,399,713,447,505,556.0,476.0,314,58
bR2ownGgWKyjZaV8o23cwkCieWBV63.jpg,384,893,542,623,638.5,582.5,509,81
br4kObObnikpxUcb2zoEieJaxhPlOc.jpg,386,873,482,554,629.5,518.0,487,72
Br6MKWQ5fa1Dk3LYYQQD8ZmVZEqeMbRn.jpg,472,821,484,549,646.5,516.5,349,65
bRdzecBLqyQKDyZkZVTg22FaEFBJUepU.jpg,372,843,439,511,607.5,475.0,471,72
brILF1g3PWiuWI16ICdHlPdaUd8D7X5C.jpg,296,875,457,534,585.5,495.5,579,77
BRLJQEplWzfJu62njHLCtaNg4lDFV.jpg,361,812,434,502,586.5,468.0,451,68
BRmeLUGe_9qr23GWsFsYEeee7e8tH.jpg,404,692,424,480,548.0,452.0,288,56
bRMvhXBykcW99qDais7JDBUgHH1ahEO.jpg,265,776,501,575,520.5,538.0,511,74
brPj3yZskufrvtv1k_grjL4mE8DqCE.jpg,412,920,450,527,666.0,488.5,508,77
BRQl8KYj_XwKWiQxbYNcgE4yeiQdOu.jpg,389,898,454,527,643.5,490.5,509,73
bRReZGZgg2ERi2mWEVz8GTWTjibBp1Y.jpg,199,981,544,657,590.0,600.5,782,113
bS3Be6pZqEqyLe68cWKUEf9P2ade1.jpg,477,814,453,515,645.5,484.0,337,62
BSaWTo_j85bzjLI3Y98hvPyNrSLh.jpg,314,774,432,522,544.0,477.0,460,90
BsCTPKcFhNtuFtJzIMr9JDR4KLc7Dg.jpg,422,738,465,526,580.0,495.5,316,61
BsedbfXJW5I3RBrq1xEdHoPTPGUUmh.jpg,362,926,517,595,644.0,556.0,564,78
bsExefBHgLzloOZ2Cxwr9d1CLkQ3DO.jpg,327,857,462,537,592.0,499.5,530,75
bSGEsvxcxQhrlGlXiKcuMcgr_KBUy3.jpg,338,771,452,517,554.5,484.5,433,65
bShvUKBXl4BbN6ur9OcesCVFl7GRhQd.jpg,326,877,477,559,601.5,518.0,551,82
Bsj1c18SEqlBTouBQGwGUtYzLBSF5.jpg,386,691,441,501,538.5,471.0,305,60
bSTc5lXFCNYdBnRVLHRsWuQDELwLdWlG.jpg,258,781,463,536,519.5,499.5,523,73
bSWIobRsWNo5P7fdXiJoeGtQnPJItv.jpg,409,880,469,545,644.5,507.0,471,76
BSwSRVJfqwu_UeBJxXmmxxYaPNEMY.jpg,473,792,472,531,632.5,501.5,319,59
bsxPQvMustJBIM_26S3TDWJU4_d3ov9C.jpg,512,820,428,489,666.0,458.5,308,61
Bt8QFk4rBFHTQb16TOjyysEnZBv8ITb.jpg,446,723,419,476,584.5,447.5,277,57
bTawZvxNa_mYOgKgBo55YeWV7sHpHQw.jpg,406,725,437,497,565.5,467.0,319,60
bTBEKNy44dx8NHE7aJtm9XxNFJFH5L.jpg,422,768,483,545,595.0,514.0,346,62
bTgddjEwJUEozecv3Gp8HxxxWGceW.jpg,348,655,432,491,501.5,461.5,307,59
btIKfiRq_DUQYD3js1hfe1XZnLI3.jpg,393,692,455,513,542.5,484.0,299,58
btng6yBCGlCuKJ2LgsQpOJN9o1XsvSj.jpg,361,831,465,537,596.0,501.0,470,72
btNXmopIURmLbUUJYk1S9PMx2VJYH.jpg,465,880,415,489,672.5,452.0,415,74
Btrr1ChlhdaaktTn5ZgeMXJC8ZF3KI.jpg,316,774,468,539,545.0,503.5,458,71
Bts9UtJtO8PFEYCNtjSMSWGuXjnt.jpg,401,719,443,503,560.0,473.0,318,60
BU1OMCkY6_mEX9h5iN8GCOm6ZnS6E.jpg,392,872,479,552,632.0,515.5,480,73
bU32uBRWJSKpizyHiOzOwZvSTW1gbe6Z.jpg,457,871,452,517,664.0,484.5,414,65
Bu3IME6tTLhQNhTEjmDHyFGhw_qdyZ.jpg,386,810,427,491,598.0,459.0,424,64
BuL9QkfjhdXGnScoRXtIXlOYiDmJhTFJ.jpg,357,926,506,589,641.5,547.5,569,83
Buo2pLQQ9Ypp6nfJqgTCtPwjIgCRCoT.jpg,469,898,456,519,683.5,487.5,429,63
BuoRV_GiMj32B1wnqgjbH11tTlIr6zI.jpg,472,813,455,515,642.5,485.0,341,60
bURhio3eCCd_fUHDqNkr1kQaWODb6zbU.jpg,396,839,437,504,617.5,470.5,443,67
butxRwfuBO4Nh4EoKqSCoTvTWW8qvT.jpg,309,834,462,541,571.5,501.5,525,79
BuwiLLpwtoaUEz9ZpbHtY5iu1g_lj1Q.jpg,257,1087,566,689,672.0,627.5,830,123
BUx6YYVl6lYtCZNazKnSgnTkmhN4kqI.jpg,408,678,426,476,543.0,451.0,270,50
bV5WwOtMkXeCWkguIUKKho_gx_8B35R.jpg,476,998,486,576,737.0,531.0,522,90
BvbME5H4NFjtmeZgKitgsaI1ZQuLDY.jpg,368,927,469,551,647.5,510.0,559,82
BVD9GHr5SPNo6Mw6tsK5pbi9uUGRCCb.jpg,414,939,494,572,676.5,533.0,525,78
BVLybm9gOvf3cdPUDU4UeY9JivBnX.jpg,353,883,465,541,618.0,503.0,530,76
bVmyjhf4ExPxCNPXsBzcD8qdr7qDdcb.jpg,451,1086,488,586,768.5,537.0,635,98
bVoWBTrpJQUhhIxxIj9hfNtU8aREm.jpg,434,884,464,531,659.0,497.5,450,67
bvTNU3Z5b4FrYQrQz5bTgtKOvLC5W1.jpg,431,799,498,565,615.0,531.5,368,67
bVwBSlVO4YyGccUEMjU1beRIs1lDMp2D.jpg,324,874,472,555,599.0,513.5,550,83
bw84xiqWwbJcrgJxYvMDHJ5Y_IFy1ygE.jpg,407,933,498,575,670.0,536.5,526,77
Bw8UdjwJ9WNlxYyXus85cryclkW4J8T.jpg,214,981,534,645,597.5,589.5,767,111
bwallPqFt7dgWJQP6da3TDlpMmoYaVe.jpg,356,858,487,563,607.0,525.0,502,76
bwDXPW4GF5Ix8dzkIoOMBhPzoQIo_s.jpg,410,912,489,565,661.0,527.0,502,76
bWGQlSNJaCdPuxdlS2ypSg7W2geQ_F1.jpg,425,887,472,544,656.0,508.0,462,72
bwIcqBZ1hgc5WvRq4otiC3T_voXvT.jpg,453,1060,522,615,756.5,568.5,607,93
BwiVNDYoOFPfQdx8wTHZLptjbEn5jK.jpg,406,769,492,557,587.5,524.5,363,65
bwuhJRIuvDTOHFY9T8GJminIg9DMuO.jpg,432,909,438,528,670.5,483.0,477,90
bwYCoGhQDLe89Dwn2emXMoqkKzlYvZz.jpg,357,841,435,508,599.0,471.5,484,73
BwZw2rFVfLMfRFkWI79mgOTdFnP27FV.jpg,369,771,420,482,570.0,451.0,402,62
Bx16YT37DpMQddJG7j8zOj57NGUOqB.jpg,357,824,435,509,590.5,472.0,467,74
BX2JC6OGvFB3yh7oKwI_wN2zrMzquxG.jpg,474,792,464,527,633.0,495.5,318,63
bX4n7BQBhavzWiyBazJIiSzlDeez.jpg,443,969,456,536,706.0,496.0,526,80
bX92nMhHt1L4teExWhOS2fEH8_45U17b.jpg,460,899,429,494,679.5,461.5,439,65
BXgpttR7lUa23MXFd9R6BxPshtZXD.jpg,460,786,471,532,623.0,501.5,326,61
BXHLXVpKUmU5DEeUkXJk9drxaSh.jpg,403,914,448,522,658.5,485.0,511,74
BxHunqfc_OrcajnBYeuXESShSHZIpvgf.jpg,406,929,497,577,667.5,537.0,523,80
BXk8U4uedRsXYYqXhDpfdVHMH_3.jpg,472,765,454,511,618.5,482.5,293,57
BxMCNORpynrOU2eeisbNOzuuQOrSfZn.jpg,383,847,438,512,615.0,475.0,464,74
bxMQ6BiDI_iBa4jLzz2q2neGTDJKPWTR.jpg,336,932,525,611,634.0,568.0,596,86
bxPsxqV986x3jTJ5Rz8hKbFtTraqpt.jpg,296,1051,619,741,673.5,680.0,755,122
BXr9LqN9EvHK9wkMfR8fnMsVYuWpQ8.jpg,483,782,442,499,632.5,470.5,299,57
bxZNfLsP6zN4TMImvH4n3bLGsMVQFQ_.jpg,439,870,458,526,654.5,492.0,431,68
By3P9erEoUmIrdQsMX7q5QY_qkDKdI.jpg,445,719,429,479,582.0,454.0,274,50
BY9pO4DG4WKa3Go1D9yqIhZshnREYV1F.jpg,396,852,455,524,624.0,489.5,456,69
ByECSxrl3tMJUsCBch_s1pfmbBKg37N.jpg,353,725,485,552,539.0,518.5,372,67
bYEmO43ifgDe3DZ_CfhsLFxGvWOMEs.jpg,435,906,465,542,670.5,503.5,471,77
ByfUJsNY6BabEWBgBWN4Zf6fGne5ESX.jpg,412,947,503,580,679.5,541.5,535,77
bYI3OHqNMSGLOLbZXHOgSDfXwkwjLh.jpg,383,704,446,508,543.5,477.0,321,62
bYMOMdKhhzxUrn1OmgRlqxc__mfeB.jpg,318,871,507,590,594.5,548.5,553,83
byoTtfbr3Q1qppx2i4EzXpemgNgh_bC.jpg,333,811,446,515,572.0,480.5,478,69
bYsEW6jEzbtRjoQNRPbqk3pjhuGMKD6.jpg,352,752,422,482,552.0,452.0,400,60
Byu5gBeZDWcP_r16IiOeDz_H6QRSQCN.jpg,355,677,438,499,516.0,468.5,322,61
bYybhdGSTXpc2PGodpr6Z34fhTf_a.jpg,452,816,211,495,634.0,353.0,364,284
BY_QRaceILMtrUWCYHd3kji4eH1RuH1K.jpg,274,778,455,528,526.0,491.5,504,73
BzCp6znDD48yyuhvTR2EU51aqPR8Vt.jpg,400,799,526,600,599.5,563.0,399,74
bzEhR2drzryH2JtBQyfutZusNlpBf84C.jpg,408,829,424,488,618.5,456.0,421,64
BzHkaBKB3ee9eRZ3zvayZk3PrNkBnv.jpg,459,827,501,568,643.0,534.5,368,67
BZKizcEdEOIaYFXSqr8K2puBGhaDsr.jpg,497,814,472,532,655.5,502.0,317,60
BZkljFlqeInZIRL3cGS5zQUnwhe_gvZP.jpg,462,919,432,504,690.5,468.0,457,72
bzLwxBKcBNDfaRanTTgKusqpkgPTV.jpg,299,844,459,565,571.5,512.0,545,106
bzMhyilG5PhauY52fOZrCW4sudOsrOKD.jpg,390,780,485,554,585.0,519.5,390,69
bZvEIJBqCWK9TNcd3HCxJxB9OGhuyG.jpg,501,780,423,479,640.5,451.0,279,56
bZZZIc8yEFTUCNnDT8vS_CskdtZbHFY.jpg,393,950,477,555,671.5,516.0,557,78
B_LvqNi4q6hoVsqnaQpWNfFvRzQtGj.jpg,460,792,444,505,626.0,474.5,332,61
C1cedal8nXBO8vTnNlMlDjansnblqjz.jpg,406,778,469,534,592.0,501.5,372,65
C1x5avhBJ8ae2fnKCz1ire2ucnYFZ9Q.jpg,418,1060,497,593,739.0,545.0,642,96
C2dgqdcFIYmCEeJ9JPWqiQV2999zkuOB.jpg,407,922,494,568,664.5,531.0,515,74
C2M4PBxyyN8sqIO4CwH2HzhN71kzFPp.jpg,268,782,462,537,525.0,499.5,514,75
C2obJJJ6Xsg7QJZrkxXE9NQFZnGY7Ld.jpg,300,764,437,512,532.0,474.5,464,75
C2oJfRIYTX8eBpWDj88KIxyrOxlOk78B.jpg,432,864,423,490,648.0,456.5,432,67
C2sqDWeWy2nmrQJcrJNPbLuZCPS17S.jpg,466,895,427,495,680.5,461.0,429,68
C2TSeTyBe5BBdck_qylYOYP1WuVOKVF.jpg,407,891,449,522,649.0,485.5,484,73
C2yVBVHUm1ZUS1mdEikDOYtoNYbPO.jpg,427,749,447,507,588.0,477.0,322,60
C2zGPV7Tnh4J1uxVQDKTDDSqYnNIh.jpg,399,744,489,550,571.5,519.5,345,61
C3abuUJ7YX9sYhtOQc4qXrjEzX4xFUd.jpg,391,868,439,510,629.5,474.5,477,71
c3gUoffZKBdXTzLlXOUsCnIO514Wc.jpg,308,973,554,650,640.5,602.0,665,96
C3KDXQPaLSmpZDMhYPmzvWGXKMC.jpg,287,800,477,549,543.5,513.0,513,72
C3T_SnXdE8CKwPDbWyp7XsTKWJiKPDzE.jpg,439,838,414,476,638.5,445.0,399,62
C3uJNSd8G9bvyn2EcoUXWxLyWPeF3e.jpg,446,879,424,493,662.5,458.5,433,69
c3UpNu27q8Gx2cj3bXWsUkYg5RjNON6b.jpg,436,880,437,504,658.0,470.5,444,67
C48LeI_VjzKX7iar7e_tps3pomyOCCj.jpg,453,735,429,482,594.0,455.5,282,53
c4MPu737LEUgiPs_hxEm7amQpOolmqZe.jpg,406,942,509,586,674.0,547.5,536,77
C53sCydQCMJnI5pHqgruYGU138W72c.jpg,411,900,448,523,655.5,485.5,489,75
C5t8I1iTHisTpITBz2aqb5yb4BZNyryZ.jpg,291,832,456,539,561.5,497.5,541,83
c685LivoLzxp7yMH8I9NMhCI18P8TB.jpg,419,1006,479,565,712.5,522.0,587,86
c6CVFPpkjM513C8y_67ViU6PHrKUZH8C.jpg,378,891,447,523,634.5,485.0,513,76
C6GmJmnHx9nHJyfImUNxUv8fDnB8m.jpg,410,938,490,571,674.0,530.5,528,81
C6NtIjjP5DkGJQg_lFTeWSH6PK8pqt.jpg,384,840,435,507,612.0,471.0,456,72
C6Nxwcg6RRjdMzFJ72X_SHbLcOOt7zN.jpg,468,843,474,545,655.5,509.5,375,71
C6OFhmX4E6akw5gxGtLLuxcTl9loSJ.jpg,407,960,470,553,683.5,511.5,553,83
c6qpGSaF9GuyNbOgWSGF3VTfgaDMEB4.jpg,466,900,458,525,683.0,491.5,434,67
C6wUuusTVOR9Gz1_k7_gxGyw5J5Y_2.jpg,462,1003,440,524,732.5,482.0,541,84
C74dOhq8NtVVhz2tlwrNrNLmpNfx73hf.jpg,413,836,424,490,624.5,457.0,423,66
c74SE6HOV4QacL_s74FeON2BrE7tWe.jpg,418,936,491,570,677.0,530.5,518,79
C7gynVFEKGLHOoHslGBpqkyuXRRP9qw.jpg,390,825,456,519,607.5,487.5,435,63
C7ryLHlWpcplrGmrPM2lZc55mtMqml.jpg,398,819,427,490,608.5,458.5,421,63
C8JKvrdagutVIhXWvuDa3Dsf4P2wYG4.jpg,464,934,442,514,699.0,478.0,470,72
c8kSBVs5Ma3PdnIqUjWvWryvhu_XR.jpg,317,780,471,540,548.5,505.5,463,69
c8o_aqC_7X8hS_XqRDtQhFzW1HRkda2.jpg,447,789,480,543,618.0,511.5,342,63
c8vuClaRTgVtIGk4FwDEpP9SNeXa757.jpg,215,802,520,604,508.5,562.0,587,84
c8yKdN49KQp738g1NKgNVzP7Nf2zkXtO.jpg,354,833,444,515,593.5,479.5,479,71
C9EEu8iO1NY2N7XqkdnxkcgUXrz9v.jpg,399,788,460,531,593.5,495.5,389,71
C9iCG5862oqD3dYQpjtgpnYscsaxOq.jpg,302,836,513,588,569.0,550.5,534,75
c9JoZmruH9_5zmlK8gWQnqC5UznFSO.jpg,212,843,524,617,527.5,570.5,631,93
c9NqNLKhLVwPOb_KaD1dNYVP9PSnVYVN.jpg,295,772,443,513,533.5,478.0,477,70
c9PvSVLDaQne3DZPR8_miWRZ4tNFKy36.jpg,354,874,454,533,614.0,493.5,520,79
c9t3eVQGBFIpaC5TxPOEWIi6zX33dhJb.jpg,364,827,439,504,595.5,471.5,463,65
C9V4lhPKMohpXW381_Jh8L3_2wRyyON.jpg,415,928,463,537,671.5,500.0,513,74
C9vFeb3P8emrGTn7QQmD6z1XpGha9m.jpg,404,1027,492,592,715.5,542.0,623,100
C9YewxyO6QebuommNmgWq8wWQMitm66I.jpg,336,820,460,531,578.0,495.5,484,71
Caam78yqwZumS9dreghN96oJ4jk6Y.jpg,423,827,449,510,625.0,479.5,404,61
CaQ7bDJvfHlYx9TmESgW79hsWW1YFGd.jpg,473,833,496,563,653.0,529.5,360,67
CasnbnQkmOGxYMZpD4fsDKKHg7lvdRY.jpg,416,937,483,563,676.5,523.0,521,80
caUuRiXhhNT8ojV9VlxcI7yxKDgzDkhx.jpg,456,982,454,532,719.0,493.0,526,78
CaWnfrP2XH4pdOXWQ1oW9tdXzNVwe.jpg,307,664,497,562,485.5,529.5,357,65
Cb6D8QwdG78DDIdHZsPDi5mI1dXG6aL.jpg,463,760,435,493,611.5,464.0,297,58
cb6iQhp_Rnq18g9Gm4tTFcg1OIsiNT.jpg,444,798,487,552,621.0,519.5,354,65
cB6u9Rst1TFvuK8ROxuy3Ny_4CVMCY.jpg,438,719,429,483,578.5,456.0,281,54
cbBSLMUC_qzNDEytNotLpY6pxqMgoU.jpg,383,823,431,498,603.0,464.5,440,67
cBeDleH7KSjEjX8maDEIs2WsiSpX.jpg,407,863,472,541,635.0,506.5,456,69
Cbes_InP6W6iyodhsDcirmVV7Yz9_4F.jpg,436,900,473,543,668.0,508.0,464,70
cBf1hJ9uMU7ZmHBRr1C3uQJToBtFGwjE.jpg,380,916,491,568,648.0,529.5,536,77
CbfKeTnw5siPqLPs2pqLYjTem9QGn2y4.jpg,330,858,462,540,594.0,501.0,528,78
cBHBu16GMbdHeH2_RlugI27gEItRz.jpg,461,883,422,492,672.0,457.0,422,70
cbhS9HnMyRnm9hmriedtEBOPzYOlgn.jpg,391,820,430,494,605.5,462.0,429,64
CBmD7TbT6E3edBF1KehJlL6GX5usE8IW.jpg,370,834,429,496,602.0,462.5,464,67
cBqYPyRY5ZDQ5SGCM7lWgx3krINeVW5.jpg,412,859,433,505,635.5,469.0,447,72
CBvSwBnLpJ67J_juKrWop37wFylJbw.jpg,383,950,510,595,666.5,552.5,567,85
CbwcbljMRWaI5k78uz2BYycptmbuY8aE.jpg,450,922,472,543,686.0,507.5,472,71
cBYKdw2679bDzsUyCbTSe2OuYtl_XYX.jpg,386,924,465,544,655.0,504.5,538,79
cC34MmtDsX3pmQVrwK3E7xrqCqCcqn.jpg,212,1054,553,677,633.0,615.0,842,124
Cc4ikcHI8JEr9FZXN3qjdKW7U6dsbPR.jpg,494,802,442,498,648.0,470.0,308,56
cC5P5n2uRFO8OFbb5taC5ktXHRCZJ.jpg,275,762,437,513,518.5,475.0,487,76
ccB4i8QX4Js_wpQkrVyMgrkBMOuKSi.jpg,382,740,474,537,561.0,505.5,358,63
ccDME45uqCX7oWnLwVJOFFd8vikpYMh.jpg,484,845,493,559,664.5,526.0,361,66
cceuUaeQxwKn32FtuizsCg8_NoL7i4.jpg,513,824,464,523,668.5,493.5,311,59
CclaftXE3_yHuQtyhDBWBP1RIjpS9CJ.jpg,316,908,475,557,612.0,516.0,592,82
ccN3xo8UmQb4Jhp4WCezmlSjIFge1MD.jpg,390,778,476,548,584.0,512.0,388,72
CcwbUqdLX_H88WRcq4MKjQqeMDEI79.jpg,352,867,450,530,609.5,490.0,515,80
CcxI3G1sJw73yXnQiYDLHl2fdf9zJuyq.jpg,264,773,454,530,518.5,492.0,509,76
cd2XYPm8NLtZl59831YVmlbPUdX4Ci.jpg,453,921,477,555,687.0,516.0,468,78
cD7lnpeKD7_lEu6heT_tjEIyEhC3Zr.jpg,341,872,500,579,606.5,539.5,531,79
Cd8pz2zvcjwkGK1Wggt2nhyljhqypr.jpg,373,950,474,559,661.5,516.5,577,85
cDDKD5YyPwtG4SZGikoKZ5ghE4jHRm.jpg,265,802,469,545,533.5,507.0,537,76
cdePm4aw92_EUhWok7YlsYvMCOQZSQ.jpg,453,799,481,545,626.0,513.0,346,64
cdeXlvtyJzUUYdqqLL1zjIPuG5T8mfY.jpg,383,925,462,545,654.0,503.5,542,83
cdP9VHqo62c6TvIIHwmMhpPgYUKnR3.jpg,419,973,457,542,696.0,499.5,554,85
Cdq5DtCGjoxjQ4vEeuUJOFpBiF8tR.jpg,420,923,451,526,671.5,488.5,503,75
cDsurEcumK2ysXpe5hlQJ8gFPo8X.jpg,532,863,475,540,697.5,507.5,331,65
cdUDDC_WcN2dIdpoVR5Kp8W5k7ZKH.jpg,465,795,478,540,630.0,509.0,330,62
ce6QsKdsRYKQt63FSjDBaeTUaHRB.jpg,428,841,423,488,634.5,455.5,413,65
CE6sK7qZPwpSgq3uErHXvHZ1Ha_b7P.jpg,428,1018,456,553,723.0,504.5,590,97
ceB1XPwdglTtm92wgUzrQDnN7rIxBnW.jpg,363,858,489,562,610.5,525.5,495,73
CENFBG1_TIZL7aEdGbBn35H6IxKhp.jpg,345,695,462,523,520.0,492.5,350,61
CEpeUcLjw6fxUKrJqKcCJ4qMlgcFMY.jpg,404,887,448,520,645.5,484.0,483,72
ceTtfn6_VWWUl92KE6vglWuY_oh1hW.jpg,423,826,444,510,624.5,477.0,403,66
Cf3GJmx8GxhzFPP7EHdtZtK7r6Wufa.jpg,293,969,526,628,631.0,577.0,676,102
Cf7OHsuQ2253QngpgE1gtS2GEdLw3YP.jpg,330,879,469,546,604.5,507.5,549,77
cf8iRbdPkIePUuTsX7N2Zt_sEI_wP5N1.jpg,384,955,507,590,669.5,548.5,571,83
cF8r6oB1Pclx6E2FDlEOgdK7PdgzOO.jpg,448,949,442,520,698.5,481.0,501,78
cfcJXNMmbtf7TcyIBTEELCiCKqtDIM_.jpg,417,721,456,516,569.0,486.0,304,60
CFgtdXvOmRPbO8YmpX6LIl7HyhfLi.jpg,423,893,474,544,658.0,509.0,470,70
Cfhmz7oTpThbSajDtDlRa9baZLK_1w.jpg,383,750,513,581,566.5,547.0,367,68
cFmB561t11KqSUCfz7RM_HhPtxHFBqv.jpg,493,903,417,482,698.0,449.5,410,65
CfMFEaEUlBsa497cQZCPbUFl6DQpHw.jpg,494,796,457,517,645.0,487.0,302,60
CfV659PgePOjPdwPNtRCItdOxZ9LI.jpg,379,792,434,497,585.5,465.5,413,63
cFxzbBHdRYdrP3r6NJgZPE5b9BqQ.jpg,461,735,421,476,598.0,448.5,274,55
cFzdhrzfLppLPnkBIKa9alOnGHmIzH.jpg,447,791,473,538,619.0,505.5,344,65
cgcJHqxfUaXymK9hzmwlfft95edCnGI.jpg,265,945,517,609,605.0,563.0,680,92
cgHqMzJilWnlh77KgS3Hqy8VMTDKeaak.jpg,378,885,491,568,631.5,529.5,507,77
CGJOgyw4hqMp7Ki7YCSHwDRgsPip1a.jpg,389,767,508,574,578.0,541.0,378,66
CGKQarmRijbOjWsw1YKPV9jMJ6xcP9T.jpg,355,660,468,525,507.5,496.5,305,57
cgmZwBq3HsHxEkOBodjVmgg64TBPFYj.jpg,520,836,443,504,678.0,473.5,316,61
cGOk2tkZmcl_LlfM31gdXePmw4cslC.jpg,409,914,446,521,661.5,483.5,505,75
cGXXBhFazLOBZyibpGaeTQvrSEeu3.jpg,448,962,441,522,705.0,481.5,514,81
CH3yC19PJBgsT1jxvmz7sFE9MQ7.jpg,361,930,456,540,645.5,498.0,569,84
Ch9BgkjUttvnC49h5ou1SyNhInJUVQJ.jpg,355,892,450,532,623.5,491.0,537,82
ChcMgZaqZKZwHVL3PeF_1axTn975.jpg,408,834,423,489,621.0,456.0,426,66
cheDBqcJeBF1L1roIZcUEhJy7gLhW6.jpg,338,847,491,569,592.5,530.0,509,78
cheeKPjDShirCz_N_RRgR_NdTwg1E6S_.jpg,394,720,478,539,557.0,508.5,326,61
CHghNMi_H2JCVlQZVRo4HKF_CYVZ1.jpg,319,756,433,500,537.5,466.5,437,67
CHKqPEKsLfcuKeaFBpPS7QBYdd4rDvy.jpg,441,773,445,506,607.0,475.5,332,61
ChLaI1iamEMl8uuMixDO8onVmIyqec7.jpg,457,897,419,494,677.0,456.5,440,75
ChPcCXMuoOdt8J7q6cpc2755OYBiYHy.jpg,445,758,469,527,601.5,498.0,313,58
Chu5lvOCDJUylDgcNqtj7YjEutr8MV.jpg,430,837,419,483,633.5,451.0,407,64
ci1UU_KtXlOWwb9uciq3mdwIhFcRimO.jpg,469,807,480,541,638.0,510.5,338,61
cI2gWhpnBycSKJGoyXD8ZMltaEPwJEb4.jpg,450,951,456,531,700.5,493.5,501,75
cI5RBUbDdf8ytNjPmBMPLnFSsTDyIyVM.jpg,452,800,462,524,626.0,493.0,348,62
Cia2kFeor5fce_8mrJ9ZWCwwSThS84p.jpg,331,933,464,551,632.0,507.5,602,87
CIhi_oOrWt_OtSEPSojLFLS_dMNFXZ8T.jpg,339,818,474,545,578.5,509.5,479,71
CiN1exmmOmc8QgIlO9mZY9hDKgqwHCY2.jpg,473,904,455,525,688.5,490.0,431,70
cipEUImyQTswB4Hmfchz7difF4d2.jpg,515,1032,462,549,773.5,505.5,517,87
CIrD4uNEMn_wWgSadlyNaF4kDtuj9oee.jpg,408,836,430,500,622.0,465.0,428,70
cIsfMoubq9y7NqQ2us2NgYgsGphnwUR.jpg,382,846,439,510,614.0,474.5,464,71
CiSXy5bXFItczEevt6KJ713trknEiXN.jpg,304,806,455,532,555.0,493.5,502,77
cIuOQfacjt71M1juFfjlpHRys_eZT8hG.jpg,228,825,485,569,526.5,527.0,597,84
CiWcL6qN1xWkxKuT_sdtkHRp59XK9In.jpg,393,915,453,533,654.0,493.0,522,80
CIXBZBGzSbHMbnViuskbFhnwMaCGTHK.jpg,315,749,426,502,532.0,464.0,434,76
CIxuWcrhBX1rpsVSzgfwbgODTs3.jpg,425,1009,518,601,717.0,559.5,584,83
CIzftpKjO5mu29VLN8EsJ4xeLmFNSftb.jpg,420,736,468,528,578.0,498.0,316,60
cj98VmSjLbn_wh7xuey5KawHvowo8QE.jpg,330,816,482,553,573.0,517.5,486,71
cjaVQGKRCjrGIrB6RVwQLTK1zoQf.jpg,459,790,481,543,624.5,512.0,331,62
CJbkun3p7igBDW2pQZBEezhb3o9T6bXv.jpg,430,728,429,485,579.0,457.0,298,56
Cjby4eBL5bsVRiOQUHlZf1KfPCx8DMh.jpg,377,780,421,485,578.5,453.0,403,64
cJcd3nsbGxpd32EeNHUZ1pCCoQFiPa.jpg,292,855,475,559,573.5,517.0,563,84
Cjd5mmhCOKXXbysnRzImMTpScUbvqk.jpg,426,791,486,549,608.5,517.5,365,63
cjH6pE2FpQWgPcpax1QVgTBUtPYHUHx.jpg,420,878,435,505,649.0,470.0,458,70
cJHPocbDWowlIOdN8LhsOtYNbTIINagL.jpg,69,849,548,659,459.0,603.5,780,111
cJi81K52qqaKhcgng2TFjzbQsCfDrt.jpg,360,960,527,612,660.0,569.5,600,85
CJmIKrrOhtnFDMbPM_fYKkQzI8pEcONv.jpg,391,927,463,544,659.0,503.5,536,81
CJQCtG6hY1H1JYCXtBfGFgbnGD8BSQdp.jpg,236,791,466,553,513.5,509.5,555,87
CJrktoohpXDYylZ9uxRzTwTjbM1Gn.jpg,321,767,457,525,544.0,491.0,446,68
cJuClDJeK39GV9e7IIm96LTNRjFrMCy.jpg,413,886,477,548,649.5,512.5,473,71
CjUt2u6zRuupoN1yBJyYwNQSIcCUiXw.jpg,315,792,477,549,553.5,513.0,477,72
cJxa6DOIQMBr6cof8ji_JkHU3smzcU.jpg,258,758,455,536,508.0,495.5,500,81
cK2bViNvSktjovB4uZ17n_a3uN1xZ7i.jpg,61,988,555,680,524.5,617.5,927,125
CKLCGSECSfcVkor5Vo_tEYsqNlyZCL.jpg,439,872,426,495,655.5,460.5,433,69
ckmdnLplWWdUe9hM9vuaVYCHPKMSLvz8.jpg,405,706,438,495,555.5,466.5,301,57
CkO9iscIweyPukgWuTCHm5SxatW4hxHI.jpg,419,911,485,557,665.0,521.0,492,72
Ckqt7S7Hm52Fytn1FyVKMXwktxHtxF_.jpg,474,793,469,530,633.5,499.5,319,61
CKRBLkHe_ak4Iih_bS_Pqq5ocyQt.jpg,407,684,423,477,545.5,450.0,277,54
CKxDrOMthEhkoba4P3U7u_MLrHyGcX.jpg,435,776,479,542,605.5,510.5,341,63
cl1YETFyT5BHkaC56cubgbIdYZsOtT4.jpg,219,794,459,541,506.5,500.0,575,82
cL5gkaZwkEsM1kuIh8L1E9ih89b5eM.jpg,436,753,442,502,594.5,472.0,317,60
Cl6ttuG9lvig5_PS43HgNkr7Mwm1QB4L.jpg,476,774,439,495,625.0,467.0,298,56
cL7ltzjhrwkWOlH_pmhfe74PtZlbNw.jpg,458,809,489,550,633.5,519.5,351,61
cl8fUeqtpwk2sPcmtYqOgfPL5pfTV.jpg,444,857,455,521,650.5,488.0,413,66
cLBNYjVhsD4FuKxwajHtbyQIc.jpg,295,770,447,520,532.5,483.5,475,73
ClcOs1xxB353at_2xR6YFZlcDTd3nXj.jpg,469,768,458,516,618.5,487.0,299,58
CLG7X6h7cWLCxeLs6yT23LP2kFqvk1S.jpg,358,896,511,591,627.0,551.0,538,80
ClHpCH2coKXI6aFF4mtLfWJg9i9gU4.jpg,446,857,440,500,651.5,470.0,411,60
CLKCOvdqpuxrjL7IE6HaZjBR8LOeneN.jpg,381,882,448,522,631.5,485.0,501,74
CLNLS9ITZSIctgOvy6fewQ15O6mijxu.jpg,448,836,486,554,642.0,520.0,388,68
cLTbPasejg6y5FRoWJeVSmldGctrlnu.jpg,367,990,530,623,678.5,576.5,623,93
Clt_DLDZSr3zkZUFlnGGyGkp5b8uCvx.jpg,462,786,451,512,624.0,481.5,324,61
cmCoV9rOk9YmE48XeD9_1BCwgBaHp.jpg,342,795,424,492,568.5,458.0,453,68
cMd9z7CD5VGakg5liqYz1tT9xNx.jpg,463,744,442,496,603.5,469.0,281,54
CMEsHK_Hw2WGMrghukQkzqw_uiZaUm3.jpg,480,813,441,503,646.5,472.0,333,62
cmFWW6PXeYIg3zJRane5kFydm7JVgtK.jpg,443,743,463,519,593.0,491.0,300,56
CmhFsFaN58DOgdudze7seU2pDTftNhC.jpg,427,736,443,501,581.5,472.0,309,58
cMmFJaKHTQs97OabDMNHhpH1ybqkbq3s.jpg,313,866,463,558,589.5,510.5,553,95
cmqq8XUYHwpS7cm16yxgpfE6H13dgg.jpg,352,742,487,553,547.0,520.0,390,66
CmsjaxOf6JfuUhLFq8MHhto9TJr6I7.jpg,410,739,470,531,574.5,500.5,329,61
CMUE_4fzqeba1boQP3JtUErUPMZ3y9qz.jpg,444,967,458,537,705.5,497.5,523,79
Cmw2qhV3oIa4xVcHIKBWfY33uqurFg.jpg,412,900,485,561,656.0,523.0,488,76
CMXeClMWbzz5Z2KvXoHWDpgy3LLcmuJ1.jpg,439,733,432,489,586.0,460.5,294,57
Cmyibvd4Ux9bLJrSH3yWTwCymfO52D.jpg,396,919,454,533,657.5,493.5,523,79
cmyYIotto6q53_hRXQxhfGmVOpentmh.jpg,423,702,428,483,562.5,455.5,279,55
cm_CjVp8voT4KRCdEK5GRatwo_1EQr5.jpg,424,886,435,506,655.0,470.5,462,71
cNCondNzE72PdnRaLDsBVne8YL3oZX.jpg,376,797,421,486,586.5,453.5,421,65
CnFxLGMzkjmSgrfKK64HUMbmWFkzWY.jpg,259,867,551,644,563.0,597.5,608,93
CNHaRnyb4NZ91ouaITjpPLEaevesiQB.jpg,325,795,464,534,560.0,499.0,470,70
cnhBnucE29fhaxxPY9L7RN9DbP_lDSX.jpg,362,763,458,521,562.5,489.5,401,63
CNHN1RkYEgrlmjafJURvNlPWv5F6C.jpg,479,916,423,495,697.5,459.0,437,72
CNjvyKn4f2oKu7bgIbG6kT9rS3sNeyXk.jpg,400,915,453,529,657.5,491.0,515,76
Cno5FwuU5ex9r96n59lbsa8fmeYDVee.jpg,425,840,415,478,632.5,446.5,415,63
cNZESZoEck9b82XSCt7YyuROTULcYyM1.jpg,442,805,456,525,623.5,490.5,363,69
cn_9yhcJX7LKLll3ZGXepqkjHRdmf.jpg,376,899,457,537,637.5,497.0,523,80
CN_ZcwfHqNHcyJLtaeo8s6qy_1Hfo9gf.jpg,340,837,486,562,588.5,524.0,497,76
Co329PqEgiTJIfbahYkwEOyHFGSWN.jpg,392,851,438,508,621.5,473.0,459,70
CoC4sOBDfeqkexuwlJUpcnX5fbhjOhMn.jpg,429,877,434,504,653.0,469.0,448,70
CoGjswWacwRRmNjPS531suXgFMt_4g.jpg,314,870,470,558,592.0,514.0,556,88
CoJTyCT5iqau6uXrvXa75iYPi3FScH.jpg,483,802,438,499,642.5,468.5,319,61
cOLjQIe73YjzuPfMzixmbkv2qOEgwKn7.jpg,431,818,506,582,624.5,544.0,387,76
copMMRcYLoQSOKpS74W34gnEC2Xo41.jpg,206,976,537,650,591.0,593.5,770,113
CotWDdwedWdV3wIW4y3gRyOWS4mq.jpg,389,796,436,501,592.5,468.5,407,65
CotWKYoygmN7mpftFXqszGpn1bURRFQ.jpg,420,879,464,539,649.5,501.5,459,75
coxVrcrSzOyLFiaONULcaMNmjGBWKpj.jpg,369,849,443,515,609.0,479.0,480,72
cp6ZyBwXmwxzOvv7w_i28NEDsy8caC.jpg,401,820,416,480,610.5,448.0,419,64
cp7MZ9uQjVw2yi9H1JTsCSFPfXhzVQ.jpg,397,702,462,519,549.5,490.5,305,57
cPFt65PIXHpHme1CtUjc9PJotuBanz9F.jpg,336,887,471,549,611.5,510.0,551,78
cPHMFfXIdSZVxoOMO8QXPYHG6JGZJ.jpg,448,873,426,490,660.5,458.0,425,64
cPOmI48nBwX7lGT37U6VClnMwJdo.jpg,410,1048,486,592,729.0,539.0,638,106
CPRXXGUfnLB3X1Myz1aagb7QPnOKTRq.jpg,333,826,442,516,579.5,479.0,493,74
CPSyPXdWg525NIXeSgn7nzVtc3NMws.jpg,440,766,474,537,603.0,505.5,326,63
CpTsOfIjEXEqk6j24u88DpCjDM82dca.jpg,378,842,434,506,610.0,470.0,464,72
cpwZ6NK5gQJduO5z7dFilOdoHZGJ.jpg,475,782,459,520,628.5,489.5,307,61
CQDtn__tdrZqlpYIaZtTHdxTXF6eFt.jpg,475,768,433,491,621.5,462.0,293,58
CqEbYjPdCQnQIUn9CUmQ2lwPslG8.jpg,446,929,481,554,687.5,517.5,483,73
cQg73wnBmtDchrbiJ83M5Q3oYj1M.jpg,463,765,459,515,614.0,487.0,302,56
CqI9pzr786sDLz9vMv_3PPEGMIrld9Z.jpg,469,771,442,500,620.0,471.0,302,58
cQiqpqNZIbaPV9_5g8WvCEiwhv7wmaX.jpg,395,742,484,545,568.5,514.5,347,61
cqLRn9DByfjwKV99psjolpWn3gRFQTO.jpg,454,892,422,492,673.0,457.0,438,70
cQnDnCujls6CJUVkobzItU8iN1MHpW.jpg,461,899,426,496,680.0,461.0,438,70
Cqoag_iEw1ToYg8mEFx8GnUtxj9VFEVP.jpg,245,938,506,623,591.5,564.5,693,117
cqqYBvTStnH6utC7v7pRodHxo94Jkn.jpg,401,816,421,490,608.5,455.5,415,69
CqxZORql3wFqpkQxmPKgpQ4rcuWRPn3T.jpg,312,881,476,558,596.5,517.0,569,82
Cqzc7_ZbXuuHXDw23LZ34MbOIITgynZ8.jpg,324,892,508,593,608.0,550.5,568,85
Cr39LbqM9WRSFBN5na2wNDIitHVpgeC.jpg,430,978,490,577,704.0,533.5,548,87
cr7F8dY6Kjk7ZMHUTmpkwgXYeZSYicI.jpg,458,940,443,516,699.0,479.5,482,73
cRaS_GLaYucUTSvvDyawOfDuSFEfr.jpg,437,894,431,501,665.5,466.0,457,70
cRb2ZVe1sbLWrVCXQDT8pnBOzcwXoM6.jpg,440,837,418,481,638.5,449.5,397,63
cRcb3UCxymHQnK5VmvXTocWsdy76jCHJ.jpg,423,877,433,503,650.0,468.0,454,70
CRDXTRu3rPTQKp9Tp78Le_ImHIbxjbt.jpg,370,852,442,512,611.0,477.0,482,70
CRf3thkPRwnnNazN2yH_awHWxnGuTNgf.jpg,460,850,410,472,655.0,441.0,390,62
CRFBiujGj6hYVK7UlG4LyfNRKUZoZ.jpg,293,851,501,579,572.0,540.0,558,78
crge97_mRIgKaGOQ57bHau9VSHE18QnX.jpg,365,820,435,503,592.5,469.0,455,68
CrHy3yqsktR5arMJGnhC4RL6aqGcsZ.jpg,449,740,426,481,594.5,453.5,291,55
CR_JNYDiLjucDBRZKUfHgBhDhpPge.jpg,402,722,453,512,562.0,482.5,320,59
cs8XJWSrTiFs5iJEFXMwEYPf5jLU6ru.jpg,371,840,444,514,605.5,479.0,469,70
cScKiu7zScp6J9gHUUROb_s4luEgaly.jpg,247,759,477,549,503.0,513.0,512,72
CsclUWu8pUp7z1JDnneIrUstkefbQ2Q.jpg,391,745,469,531,568.0,500.0,354,62
CsDSKBVQsg32VNRBneEvb_dCjiF2x6U.jpg,474,766,454,509,620.0,481.5,292,55
cSEQHv_hPDJ2HsUOTaLBSaXLt_rBDt.jpg,483,1049,505,595,766.0,550.0,566,90
CsFWFK6ouC1jlR2GLcVw74V7NotjwWQS.jpg,183,810,489,584,496.5,536.5,627,95
csg4ilyywRJs9w6ppyLEGvOQvzbOEvdQ.jpg,376,842,474,547,609.0,510.5,466,73
CSh_LlafTexNcbR_N3aKd6_1ivhaOJd3.jpg,480,800,448,507,640.0,477.5,320,59
cSRBpJS7GP13xpZCirlbeo4njkzWXXk.jpg,426,883,434,504,654.5,469.0,457,70
cstVKemD9EdEqYT8HTz1ECm9bZpR6d.jpg,341,845,451,525,593.0,488.0,504,74
CSVBopHJht46pOBeVit3MyB1fPZX_b.jpg,452,821,494,562,636.5,528.0,369,68
CsW198ToQmiNQo4dbDcSbQaYpYBSIjT.jpg,378,718,436,494,548.0,465.0,340,58
cSx6OxMxLP2fOVNwNzUVjYtEW4dWhL.jpg,425,854,420,494,639.5,457.0,429,74
ctBQ1gFVK76RreScoxH_3c_9z9RcqtsZ.jpg,394,821,425,489,607.5,457.0,427,64
CtcHfasvv1SO7eo83VMT1kz9e5yh3aWz.jpg,394,974,521,604,684.0,562.5,580,83
cthlNWSw8LNFGUiRRvLbwqlcSH9keUBG.jpg,346,912,463,542,629.0,502.5,566,79
CTi8lndwlCL8XFR96HzN_qhXtlW1w8b.jpg,427,842,422,485,634.5,453.5,415,63
CTlDBM_GZNWYR2I_YsbL_OSnDVu2YyI.jpg,357,674,453,510,515.5,481.5,317,57
CTNHpRIlLHaaoeSCQTzrHUgSp2fM3.jpg,239,816,476,560,527.5,518.0,577,84
CTSbMZqWbrwjkfjFGJYqGawEVJppoas.jpg,416,867,431,502,641.5,466.5,451,71
cu9N1912hjkMegdPNg3oydMJtvGgLB.jpg,377,820,425,497,598.5,461.0,443,72
cUbfSKylNiPyPb8UnaxQZsFN3gq_2xwe.jpg,432,789,496,560,610.5,528.0,357,64
CuDzNwJDpHmBseseZ6xV1OVe8MiYU8.jpg,431,910,483,554,670.5,518.5,479,71
cUftyHpKkur1sN94mnsKnjxlSJbrT4e.jpg,265,1014,491,599,639.5,545.0,749,108
CuiKdWqFZNdXPilICgQQFRWR3vwGNYK.jpg,440,929,441,516,684.5,478.5,489,75
CUj48RBx2Q1jbsloGQU2GZm7nQNGoL.jpg,447,879,459,523,663.0,491.0,432,64
CujmtQuEBhX75MQNR_cC6iyfvoJop.jpg,440,813,460,528,626.5,494.0,373,68
CuU2jVTjbGUQB4mLUTVZ6no_DsUcRa.jpg,389,945,470,552,667.0,511.0,556,82
CuVfKpzbsUoPqZMIB6yCEfhoLRCrkw.jpg,400,901,447,522,650.5,484.5,501,75
cv9bLnfXEOgEwttIanPQoNVigZovY_H.jpg,430,821,416,479,625.5,447.5,391,63
cvewBxwv_bxoNk4uaLr9QJlZc7qvFyqx.jpg,418,988,511,596,703.0,553.5,570,85
CVNs3QQ_l8muxdHJhz3Qbwy1leXSD.jpg,295,786,448,522,540.5,485.0,491,74
Cvr1sySzhgWe_gxfdc9hB_XivzwzI.jpg,335,735,445,505,535.0,475.0,400,60
CVTLoNFmuSMZeVeXiHg1wcBer67YFu.jpg,446,742,449,507,594.0,478.0,296,58
CvVeBtDFyk_SjD5yd1WH8px4beNwns.jpg,383,758,506,574,570.5,540.0,375,68
cW1jxpClt7KeFUupeCyzym8SrIuVYW6a.jpg,368,854,485,556,611.0,520.5,486,71
Cw74dtE2yFsTLsSkQ_DLarUBMNxnN91l.jpg,228,881,531,627,554.5,579.0,653,96
cw8ujxPEvvEN1bl9_dWJcU8_Yp7OiKPb.jpg,402,923,453,535,662.5,494.0,521,82
Cwdp7IZHg67kjqKOZsXGJOQ45wMgZ.jpg,339,814,444,516,576.5,480.0,475,72
CWEdW2sjKFw6XuruK44Bul_S4dOmrrWT.jpg,464,872,419,487,668.0,453.0,408,68
cwejzOTpdHDyvtePz_Z5dImmCbPDtylF.jpg,378,688,435,495,533.0,465.0,310,60
CWFiWFEGsj8QjXFSoZWcLr9juLU4Hx.jpg,437,879,457,529,658.0,493.0,442,72
cwl_LkDpIr5vydnB4IMwOd4Rjqnkxgn.jpg,287,956,532,636,621.5,584.0,669,104
cwOdHEzP3qlipnodV7DD2MdSQoYeC3.jpg,369,709,458,518,539.0,488.0,340,60
CWSui7Yvd_GCaWG5ehqYtX8_vytn2Ma.jpg,314,884,520,604,599.0,562.0,570,84
CWTxHQNLjE8xtNgV1U7_8eOOLhr8x4g4.jpg,378,846,441,511,612.0,476.0,468,70
cwZz1Cv3qGhlEhk9UCKvELQGCfFkPB9.jpg,484,795,438,498,639.5,468.0,311,60
cX8JvvThk_I6BGSyB24qbRXNqL7RSba.jpg,310,813,452,526,561.5,489.0,503,74
cxjRjBsxJzJyMK3Pu7CZKOfKBchsleHW.jpg,285,1062,542,657,673.5,599.5,777,115
cxMZ9LZOGXGhPqYio43EWObPJQ8eCs.jpg,312,880,470,553,596.0,511.5,568,83
CxytgcROqDhxTL5YPR_zdejtvBSTwIqu.jpg,346,907,469,546,626.5,507.5,561,77
CYae2nZ3xfnw55qY4F1yPP3MuYFtnd.jpg,406,882,445,517,644.0,481.0,476,72
CyBP9F_FqdgHqnJtOtiqmZVpJ1OLJX.jpg,359,685,450,509,522.0,479.5,326,59
cydl9TXuoab2hwUvOqpKM5FnBgxcegU.jpg,399,803,413,474,601.0,443.5,404,61
cYFY6Ncsc5cHddbdk5zeH24DLG425U.jpg,429,825,414,480,627.0,447.0,396,66
CyGOwIISyZuW1Tic5icX4G3eZhZYGayY.jpg,399,813,424,489,606.0,456.5,414,65
cYIrKncquHrNYqnYafdkgdaL1vJS9e2.jpg,372,837,464,529,604.5,496.5,465,65
cylC8J1tICV57sOoILVcqfTyPTdFL.jpg,352,777,495,566,564.5,530.5,425,71
CYmJybmzWXheE5Db3MnfGWwRuBiHJy.jpg,460,881,458,522,670.5,490.0,421,64
CYoiw33dYqDLQPh9U_wGlChZIO16a.jpg,480,782,427,485,631.0,456.0,302,58
cYPq7xDXtPPq1pRZpI83ors8hGVaMW.jpg,383,850,471,542,616.5,506.5,467,71
CySnU6jJ55I_Oy3QEomnktFFK_Q1ly18.jpg,416,957,462,542,686.5,502.0,541,80
cyvwBfJWkwIPr1tWouqSbF3tKLkSMV.jpg,358,868,459,531,613.0,495.0,510,72
cyWfJFoCqPNcM2enPzikLgQVdIRs_S4X.jpg,438,848,421,485,643.0,453.0,410,64
cyWrYpLPP7TM9NoXPwRhPqCzJK_y4c.jpg,380,880,484,555,630.0,519.5,500,71
CYZ3wrnQbSkNgk3xwMoHHbcrd9aDe.jpg,413,826,419,485,619.5,452.0,413,66
cyZ9w8Wqotz_2qajVZIYz3yuPHpmi9Is.jpg,480,827,485,550,653.5,517.5,347,65
CYZKGL3yDCuMS9J5QY_Zp4WhvO_ZZQ.jpg,296,849,468,548,572.5,508.0,553,80
CZ3FBuSBCgK328Bo7dX6MkUMPZ9wKL2.jpg,369,885,456,532,627.0,494.0,516,76
Cz6EPBmBhBEihbQYcgWtDgxB7Mvq8CS.jpg,451,728,421,476,589.5,448.5,277,55
Cz6zCZ6KE6L26ZtJsvvfkl4iQszeR_.jpg,429,956,487,569,692.5,528.0,527,82
cZD2nCU27p1c4Rvik_tqDBx71HoJjU62.jpg,475,758,430,483,616.5,456.5,283,53
cZg1eEqjdGIaWp9hqOrda_rlF2i7k2S.jpg,386,698,434,493,542.0,463.5,312,59
CZIq4JMmjDsuyIrTyIDwGLiwDi.jpg,494,823,440,505,658.5,472.5,329,65
cZPbfagwmoPbztgja6aTmSQEjwy5KZ.jpg,312,851,494,572,581.5,533.0,539,78
CZsol6_hb1phtobwUaDI86K7V9pVlCn.jpg,6,1231,744,898,618.5,821.0,1225,154
CzxFggC794M7yOjVY933V_YOwfzZIF.jpg,413,754,476,540,583.5,508.0,341,64
Czzo6b1zHoHozoBEWTinJi4SIYPPf_c.jpg,314,892,519,602,603.0,560.5,578,83
C_2faKD5IpUK1wdQc8NMJGycudFwz4h.jpg,390,826,432,497,608.0,464.5,436,65
c_dfd4wwSWInhTCqWOkHqyhDSmTbBM.jpg,247,773,459,538,510.0,498.5,526,79
c_SCcF19Dp9QNRoSQ1o6TY6nSQgBIb.jpg,310,953,548,643,631.5,595.5,643,95
C_tefR8YkflPv4D8DQzz1wCKU6VJe.jpg,462,927,468,543,694.5,505.5,465,75
C_u8gf1R2BRmKytYU5v5vuiNoJb2mVT.jpg,373,790,420,487,581.5,453.5,417,67
C_VvNQfGjXEj97_tlwN6qiir2fc_TMn.jpg,353,828,447,527,590.5,487.0,475,80
d12gElu9JVpy6UeyP1rIWdMcHg2a8zWh.jpg,484,923,425,501,703.5,463.0,439,76
d1GmlCRcfn3uBkDx1sdDgVfGUssx4v.jpg,382,845,436,505,613.5,470.5,463,69
d1maMv1Brza73MJ8oZejvqMuVi9v1f.jpg,405,951,459,542,678.0,500.5,546,83
d1UjkFYJc7hB717t7cv5Q63ZmX68M.jpg,450,872,421,485,661.0,453.0,422,64
d1xBwD4eT7zFvzlFXQ4R_SP579MEj.jpg,437,818,468,536,627.5,502.0,381,68
D1YPcNcMVWnHy1GJLDqQOBN7LlsvqP1.jpg,394,776,513,580,585.0,546.5,382,67
d25SuVri4TEmn7EKLCir96zoLhISDR.jpg,407,934,495,576,670.5,535.5,527,81
D2e15spEtRDNsQNodK7j9WxHn3Wj__w.jpg,386,763,479,542,574.5,510.5,377,63
d2fagthqvk4ncecEcEJRGiqVcxzV7R.jpg,418,857,462,532,637.5,497.0,439,70
D2h7PGQnQ3KHHMfEw5Ll6S9Kp3OCYyS.jpg,465,918,429,499,691.5,464.0,453,70
d2j9WB6ONG9hCpLlVOeR1yNiqbTh_fX.jpg,416,753,444,508,584.5,476.0,337,64
D2JETuLQkpHXzfcL2mjl9dQQfF_O9a.jpg,430,754,473,533,592.0,503.0,324,60
d2SVltyxO5FNmOyW7bVx4BiwmlHoI.jpg,347,702,486,550,524.5,518.0,355,64
D2t6szis8QRkvXZaxQYpZBIpTxx3uk.jpg,376,928,458,539,652.0,498.5,552,81
D2W9hW2ll78tSODMQqh6me6mS71zD5Gs.jpg,365,877,486,566,621.0,526.0,512,80
D2w9JKWTZxWZPTymOOeZ2B1Vq6GikN2.jpg,403,868,445,513,635.5,479.0,465,68
D2yRnGo1M1BCFtkODHW24mmmwJCC.jpg,417,910,488,560,663.5,524.0,493,72
D34X1VIgn5Fgs8Q2cPDUCepUyU_PW.jpg,486,979,474,556,732.5,515.0,493,82
D3k8lKXJsQRRnCCTh9S7xDwm_364_4.jpg,435,769,457,516,602.0,486.5,334,59
D3LhqpS4CRrwmdfHeC1iOhaGMsW18_C.jpg,189,999,557,673,594.0,615.0,810,116
d3mmLZ9raut7tU2Cn39zmFsiLZqang.jpg,442,789,452,518,615.5,485.0,347,66
D3TyFEXj2HuySaP2t8rdFqNltNRL11.jpg,325,751,427,495,538.0,461.0,426,68
d42RjcGVO4OOeDSQzujJa8p77l7PQj.jpg,400,1026,470,563,713.0,516.5,626,93
D4eXOGw1EWEX4XZh_VBB_FsqPV9n1vDV.jpg,375,858,442,517,616.5,479.5,483,75
d4LpdTdr_bdFzzRdX9KpW3aUBMGD.jpg,454,876,421,494,665.0,457.5,422,73
D4OUDQrI5I9sxF1NFTx8FxmO8Cll.jpg,534,841,456,517,687.5,486.5,307,61
D4WzGB5ZMf9hQKBS1fJdUDal7Kf_TMQz.jpg,393,816,421,487,604.5,454.0,423,66
d4xhv53_SEfSlGNLtqrk2ECQJvI7Sn.jpg,419,907,445,517,663.0,481.0,488,72
d5ez19gwuKSaIzNTXUbUwoarvqK1Lu_.jpg,461,951,442,513,706.0,477.5,490,71
D5FiiWeYGnwVvHc_5OfL8mtKmJ16gFJ.jpg,425,858,460,526,641.5,493.0,433,66
d5ImFRHEOQUP9qIK97OQF6LCQMmghsr.jpg,268,782,457,532,525.0,494.5,514,75
D5jxp2k5HeWM5ByDtgPgcfmuYWKm5BF3.jpg,462,781,438,501,621.5,469.5,319,63
d5QGn6cCqFX5cOqJoDbZakso7m5eZUDY.jpg,413,885,437,506,649.0,471.5,472,69
d5sdBPg23MOaMOTCBb6ekPDlMYNjyh7.jpg,395,871,437,515,633.0,476.0,476,78
d5SmU5jPdWpVJetDqhol1bR2u_ke7Ty.jpg,341,862,463,538,601.5,500.5,521,75
d6okYbd4NG7eZR_wwGEbONO1LvgruCt.jpg,214,1132,586,721,673.0,653.5,918,135
d6pR9bCMmTTyoUPu3gdd4nuCwrgz7.jpg,392,944,465,545,668.0,505.0,552,80
d6unYx4Xx3kwOJnU8Mi8YV_wosxDhD.jpg,415,826,450,512,620.5,481.0,411,62
d6UTUsOtzgXsevonK1SlWNZd1_PI8wPl.jpg,521,804,423,479,662.5,451.0,283,56
D6vaz_Wthz_Zf4HwtyaWzWUCZj8_IhH.jpg,385,964,520,604,674.5,562.0,579,84
d71yWYQ3LbN7HHWac5a2NrqZfOJxLNtd.jpg,342,841,437,531,591.5,484.0,499,94
d7D5tHmLrOyGgvjeP7beopW5lMRkfd9u.jpg,352,688,457,517,520.0,487.0,336,60
D7FonplHtnw26zjYTfasWDkSswEHh2.jpg,453,998,506,590,725.5,548.0,545,84
d7r2eWHU39IUYwIB7bbYh37uXgKObhi.jpg,327,1022,520,626,674.5,573.0,695,106
d7xjRFZXZ8OomLaq5xRmxi6snQvu.jpg,359,708,471,538,533.5,504.5,349,67
d8NKCa_ImU8TXycQ_96L2v_g9Wllt.jpg,383,941,468,566,662.0,517.0,558,98
D8OyI1xNZYTuYwj8MGOR8ioagzDXPb.jpg,312,785,446,515,548.5,480.5,473,69
D8rJieyOTktHtZX8ElTRQF8lE_P9H.jpg,411,871,441,513,641.0,477.0,460,72
d92xvzVQBZhBaPq1d87Q1vgn5FgX_m.jpg,437,956,496,569,696.5,532.5,519,73
d93tfsYBwMt1kJbcgu2VL7ye8Kil54p.jpg,438,921,442,520,679.5,481.0,483,78
d96t6DVMkKmLbQYHa1Nkta8DIYGZI.jpg,318,821,456,530,569.5,493.0,503,74
d98vC75wn4EvFgcTg2WHUB7YLrcGo8.jpg,298,814,478,556,556.0,517.0,516,78
d9abX8pdynrlx5bt1WsqQtfGiodwQB.jpg,227,930,481,588,578.5,534.5,703,107
D9cPJBot__QbwIHrduDdSCIJMcBPSc4.jpg,393,951,473,554,672.0,513.5,558,81
d9CQC97JT_sShhQSQzyD4FotXzH39sV.jpg,364,801,458,527,582.5,492.5,437,69
d9fLtB1giwrP2vokeTj5cOx_qpG4UW2H.jpg,384,833,433,505,608.5,469.0,449,72
d9If32Ss9RuC7MqRQbg9Q_x9KDNltMk5.jpg,409,712,441,499,560.5,470.0,303,58
d9L9hq6NJEUvSNmXyfxHR9_mYHPvuG.jpg,458,951,487,559,704.5,523.0,493,72
d9oOn_n13fVa4kjKhi9MyJEqMVX6.jpg,479,771,458,513,625.0,485.5,292,55
D9t7fyMnFFJx7ztdHvBkCSOMzYrXPu.jpg,306,785,468,541,545.5,504.5,479,73
D9vPRMpRGPwlTbHICzZFL1uGfw5xU.jpg,384,830,429,497,607.0,463.0,446,68
daB422V_nwZtMc9UQHRO7w8JBGBzr_E.jpg,428,869,437,503,648.5,470.0,441,66
daclqiDxFO61mOR1LUDcFopuTWXLGK.jpg,291,935,528,639,613.0,583.5,644,111
Daz6zBxskXMmgUbO8TyiwIouwJb1pHu.jpg,296,912,506,596,604.0,551.0,616,90
Db3VnQ6C7bUTDPcFFRDH58yDmBcxn6K.jpg,486,820,478,542,653.0,510.0,334,64
db8ItmqEmMwOkNJ768h_4kmjJ1hXdt.jpg,207,994,441,575,600.5,508.0,787,134
DBb4amnxSqJ6K19SbUke7fsMRYgyZY84.jpg,302,733,447,511,517.5,479.0,431,64
DBd6iLYQZbV7JtKFkUq5VQNSprRg.jpg,450,923,470,543,686.5,506.5,473,73
DBdfWWIwlV2meVpUWXlrd1w13UyrG.jpg,298,874,457,542,586.0,499.5,576,85
dBeEImzLSl2MHMLouFhuv7jePSZWPP.jpg,429,838,422,487,633.5,454.5,409,65
dBgCR6VfXmzHniRtE5psOTEj9QRgQES.jpg,393,963,456,545,678.0,500.5,570,89
dbj95Ea99LSzBkdnr9vvrMbWndmK28.jpg,426,760,477,543,593.0,510.0,334,66
DbjaDEdWFcQ23mpNd3rYt7J6JZozrx.jpg,432,727,431,489,579.5,460.0,295,58
dBSNR_CucDgE8zHmWKKQF6b7rZBMv.jpg,530,802,413,467,666.0,440.0,272,54
dbWownBX1TGGMaCzJWodYOIctIV6nIx.jpg,431,941,487,564,686.0,525.5,510,77
Dc9nk_w_HPcpQ589uxxEpx_CvZlwJ.jpg,398,891,449,521,644.5,485.0,493,72
dCbWTJZTD282KNCwVX4RBrTZy5Xc.jpg,449,1006,464,548,727.5,506.0,557,84
DcdBmEp7KP9U1jso1gkHEo5ocMWR.jpg,366,897,463,545,631.5,504.0,531,82
dCdkZ_qDDCk5IaDaimJzF73GQBtqjE.jpg,372,828,437,505,600.0,471.0,456,68
dCEoZUmknHSI7U7ouDkBhCfsp2gXQw.jpg,306,884,522,604,595.0,563.0,578,82
dcgoDLftu8ZXZhypdDVZCIIJ_YfBrGG.jpg,405,754,456,518,579.5,487.0,349,62
DciTolNhQVis3Vk2yJcNL6IzcotUBaI.jpg,412,957,504,585,684.5,544.5,545,81
dCMmVPMZmfgFD4hoEZ5uVPaFnBMmydl.jpg,313,875,471,560,594.0,515.5,562,89
dCo7Sna3e1OuNNVGPqfqrZVDmeYSXqJm.jpg,482,975,477,554,728.5,515.5,493,77
dCOwYpYJqGRzZreWnBNmYcWTzfUg6L2O.jpg,372,928,505,588,650.0,546.5,556,83
DCpdv1j1kMwJJz3lh49F3DuGdV1HhO4.jpg,257,868,525,613,562.5,569.0,611,88
DcSUPh_otZyyB4KyW2n76arcruWDt.jpg,432,711,419,474,571.5,446.5,279,55
DCTtHDwYPcsEsnRqRa6caYjhp4elpZw.jpg,418,805,413,476,611.5,444.5,387,63
DcVI7a1a7jJfjJjElSVKd68mSsN8xUma.jpg,285,790,476,547,537.5,511.5,505,71
DCWJte4JfnK63vpdVCNPWnXbfG2oVJqk.jpg,383,922,461,541,652.5,501.0,539,80
DcWzo81me_yN1o7VoCeQJGXrvFfbuno.jpg,358,855,477,552,606.5,514.5,497,75
dd3VPoQVOizsQJ8ojOONSl6HFyxH3m.jpg,277,1026,557,663,651.5,610.0,749,106
DD4ykmjjI5d7Rg68UyY3VeSp65p7n_.jpg,346,937,527,609,641.5,568.0,591,82
DDc7oFHMhGn3yy88zTLhreOhf9.jpg,436,932,489,562,684.0,525.5,496,73
DdG89xnubpLoMn24wceCHMgl9R5QXFkw.jpg,198,823,509,590,510.5,549.5,625,81
DdLbDjkayqaGvqE6omuhRw3qWJJ_mi.jpg,367,855,432,506,611.0,469.0,488,74
ddP4OIyPFw2oT9nT1frI3SPLOHxRnY.jpg,329,857,452,534,593.0,493.0,528,82
DDQ9aTHTFCWPs2zLnzlxUnrYiFN8B.jpg,435,827,512,587,631.0,549.5,392,75
dDrTIf1XUjHLyN467tXpsbr5lgC.jpg,441,945,446,519,693.0,482.5,504,73
ddwnv81Pn_jT2E_4a7tjeUGnJqOQHYYc.jpg,357,758,419,481,557.5,450.0,401,62
dDWyQvagapRZkfKODyYKlYiJke_uWRt.jpg,389,961,474,555,675.0,514.5,572,81
DE1g7SdxiNVL9QUedywmEfYzsG_Mm2X.jpg,307,847,467,542,577.0,504.5,540,75
De2RscMiosuCmDJ6arES4beT6Nc532d.jpg,441,773,449,505,607.0,477.0,332,56
dEBSw8oj1Bo9a9mP58Qp7c7m2Y1kSEfv.jpg,416,866,461,529,641.0,495.0,450,68
dEcpE4RBeFJtnS5eIdBr3wEJ6nCtMZ8.jpg,423,952,455,537,687.5,496.0,529,82
DEeojlb_blYVq4XQcqasTfB16fN19Wz.jpg,415,910,452,525,662.5,488.5,495,73
DEHdTcLsFkJUaLKnhDglnZNGYBDXUo.jpg,315,842,452,532,578.5,492.0,527,80
DeiZEu_IIYmEZKx3OaKcLH83Ym2YuSl3.jpg,387,830,460,530,608.5,495.0,443,70
deLk9yFGiwvybdYc3cRZo7s3aUeNRwkZ.jpg,305,763,435,505,534.0,470.0,458,70
deqVowg5_3mhVGbodyQzeTlnBDZ3EUH.jpg,414,866,473,541,640.0,507.0,452,68
deZUoSjkQeS6hHvZsChC3_WDmNdKg1c5.jpg,242,1050,542,661,646.0,601.5,808,119
Df9lhNa6gqkilotNNtd_j8RaXwwC7dC.jpg,402,940,493,574,671.0,533.5,538,81
DF9SV3x8frIJH935IpJDIaj6Sap5dF.jpg,364,947,428,525,655.5,476.5,583,97
DFB6fY6wrl8l4oz2nwH3Xe8MgqytS4Ct.jpg,461,771,468,527,616.0,497.5,310,59
DFbMNgmpQCmH5B6UREOFOZQTK7BCcqq.jpg,271,1122,576,712,696.5,644.0,851,136
dFevQcrBa_QGcC8wFO2YXapO9xt9hl.jpg,404,707,434,493,555.5,463.5,303,59
DfEwMsSPsrwiJoOT1DGnNq9HSPjCL.jpg,457,933,476,548,695.0,512.0,476,72
DfI8ItYr2Y5mwSd878VUaOIpXcYvr2kc.jpg,236,842,488,574,539.0,531.0,606,86
dfiYcIdHn_w9SExdyTNERI3TMYhjuV6.jpg,329,812,448,523,570.5,485.5,483,75
dfMdPpcM51ntSP8MO1XU_CRSq4FU8VD.jpg,360,920,471,555,640.0,513.0,560,84
DfnjbrBaQWIhocZwmGL6QTOt3KSPr5FF.jpg,430,899,443,513,664.5,478.0,469,70
dFo_FdXDeO7evmxl4s3YNPFnP66q6Vz.jpg,405,993,465,554,699.0,509.5,588,89
dFpM81BLDPDwOvX3N3qN8LXKm_GI7j8.jpg,379,840,438,508,609.5,473.0,461,70
dfPPHQGSm36r4tf473LDLRxv7SWhnV8.jpg,388,910,496,568,649.0,532.0,522,72
dFxr4vFoqdYiZeQN5Woi3cLkOYRnmZh.jpg,382,948,466,551,665.0,508.5,566,85
dfZXC7Z3NFIoDdsvhdBN8ZvFaSVVy.jpg,350,799,484,563,574.5,523.5,449,79
DgduH3Jjro2RjzajMvg5Io1o2S1aPGN.jpg,448,797,468,533,622.5,500.5,349,65
DGEmPoKacpirBCsIiz6THZ_cvsYlxP38.jpg,331,688,436,494,509.5,465.0,357,58
DGEWPFxMWP725gwDs8wEz2VeTbgMZ_.jpg,536,961,423,487,748.5,455.0,425,64
DggsJYQoX63fuMHkqP1O2WMtXg5KElk1.jpg,435,921,444,518,678.0,481.0,486,74
dgMCzVRFQna7az2wKXgYZB8G6iz3T8M8.jpg,418,778,500,565,598.0,532.5,360,65
dgPeneVwoTce2Tl2sLtdcRNMOQ3uM2T.jpg,392,831,428,495,611.5,461.5,439,67
dgTe5r7bO_sUNV829HFtGzrrqaf44C.jpg,424,862,459,526,643.0,492.5,438,67
dgzWH8TagzE5XhdsQ6OuRQuC8VJTG9.jpg,445,771,454,511,608.0,482.5,326,57
dH1EiVWdZkFLXHfuEbdsc3U59HJdzb.jpg,431,832,494,566,631.5,530.0,401,72
Dh66UlNykP6QZ7H9KQYi1X2wxQzJkJK.jpg,261,940,513,613,600.5,563.0,679,100
dHDGYG3cFjX74Yp_u6e5dDrNp7P.jpg,465,869,418,486,667.0,452.0,404,68
dhfLkmpsqXuIMCy1fHk1gbLvsGoe2vZu.jpg,462,910,430,500,686.0,465.0,448,70
DhgZc8RHtr2ha8thXGUH4UEv2ibQ.jpg,406,949,466,566,677.5,516.0,543,100
dhk6_3ShnO2RxylFWF91nT1Z9iEF4.jpg,405,943,461,543,674.0,502.0,538,82
DhLvH31HJq3gX22Ce2MUzToY9WJ4_9.jpg,347,978,495,583,662.5,539.0,631,88
DhOrJg9_EWPdyGOypOhgS_k4gWBKMr.jpg,182,697,465,544,439.5,504.5,515,79
DI9XSfyS26mTYYwHocnShIeUMSQSge.jpg,380,787,447,515,583.5,481.0,407,68
DI9ZsbmbSjSbi8aeu39T5N1BXZQdyj9.jpg,294,852,473,554,573.0,513.5,558,81
dIbapZuBWrxd_1fDTCnrGyYRKzohUme.jpg,391,952,540,633,671.5,586.5,561,93
dIkhR4QbuvS8z2L9PzHzYycNfuEg8.jpg,424,755,472,534,589.5,503.0,331,62
DikJLtG2RwRsmJUpuhROWDC_jcSCC9.jpg,458,783,478,539,620.5,508.5,325,61
DiNVWM2YqTRVXfGrSksCVMmNlzViF45.jpg,386,891,459,534,638.5,496.5,505,75
dioUvM_oW4SLf_3i1lWjBUxYTDiqK.jpg,374,875,456,527,624.5,491.5,501,71
DitwCCQGGtlj9oilz9JZHw4rD_Pqg.jpg,459,785,432,497,622.0,464.5,326,65
DIUlzpExyB55VKPERHKz_N3uEe7g.jpg,305,746,472,538,525.5,505.0,441,66
diVvJ_9npMg6zj9h1pdwb6HWS7bnD.jpg,328,787,429,500,557.5,464.5,459,71
diWnPYBwisa7ZZUj4X_5mpYnDnixw.jpg,326,855,487,569,590.5,528.0,529,82
DJ3MS8DZB62uNhCymtk5WtvZn7z1QHpD.jpg,451,1020,510,599,735.5,554.5,569,89
dJ3SmwUqS2T9PM5KwdL2nNib83Z8lK2.jpg,346,842,479,549,594.0,514.0,496,70
dj4iUENmVN4GJPrBbamT3rwmRwj3PeFD.jpg,403,739,476,540,571.0,508.0,336,64
DjCbscf3jMNzFCvCxOnGIlf3JBgjx2.jpg,327,778,434,503,552.5,468.5,451,69
dJcxmdg72XF8cbaDl8IxRhXczcFkmk.jpg,413,873,478,549,643.0,513.5,460,71
DjDQk1DNk5bXHPwSrKNdlF5gS6NE94T.jpg,386,807,417,486,596.5,451.5,421,69
djJiCS7ZQ4oWUJaEOgEF3aMl3CIjTbf.jpg,459,860,421,488,659.5,454.5,401,67
DJJqjfZEvsOxIcll4qG2O7BUD3MMdag.jpg,478,768,443,496,623.0,469.5,290,53
dJpHyKnKoLtJQXahu7CuvetiXO4h_DV.jpg,416,722,436,494,569.0,465.0,306,58
DjtTNQjJkCf2_kSX3_o9zXuD2tkmRchZ.jpg,255,849,453,574,552.0,513.5,594,121
DJVtEzcUQBviKfwtkNCYRnRaGi6Zg5.jpg,469,876,450,514,672.5,482.0,407,64
DJzWmYns55hDLkTRDr3q2KHRyNS4YLr.jpg,435,758,475,535,596.5,505.0,323,60
Dk3XBy7b3c_LZq6tjPsrU4q2QYGC6x6x.jpg,402,882,443,519,642.0,481.0,480,76
Dk4DljM1WDdmVNmGrrbeQRaDE1j4k.jpg,562,858,426,483,710.0,454.5,296,57
dk5uLBSqOggYLPG7vMfid56cR7SiH3g.jpg,415,701,433,485,558.0,459.0,286,52
Dk7Yj9Z9gR5e9Y1ahqWcEhXjNqWsHCF.jpg,334,649,470,530,491.5,500.0,315,60
dKFqqgH6GMlgrB33HVRaiRxdljVFZxg.jpg,503,787,428,485,645.0,456.5,284,57
dkJrWHFPw8nJFwrDdHeGXSVtU5HeZij9.jpg,473,813,458,521,643.0,489.5,340,63
dkn3BHJjJce_BPB5WTBZQd7iryoTxQ.jpg,295,850,464,547,572.5,505.5,555,83
DKoMRgCT3Lne1c4Z1eChcxX_c6mVFC.jpg,355,649,461,517,502.0,489.0,294,56
dkSht25jHnqXfv3KHk2GtTpMhOKiZZ.jpg,296,863,476,556,579.5,516.0,567,80
DKTZQVXHhLxOmrUiY6ldsjk6KgPHFzH.jpg,365,853,483,555,609.0,519.0,488,72
Dl1mURBwNS1R73it63MSciwbaJCZ96dd.jpg,409,880,450,523,644.5,486.5,471,73
Dl3bD7rJzY3F27eQ94HCWvWG5cup5t.jpg,329,866,455,538,597.5,496.5,537,83
dL7L3QI8aDJWvTdJi6G7Edz9oWnb.jpg,323,866,459,540,594.5,499.5,543,81
DlbvbZqVGUoHmeTPgaaDXtIKbmIKBGu.jpg,330,776,532,604,553.0,568.0,446,72
dlDHJk9m5pNaRHP1URt2DFtpoY29Lqs.jpg,341,750,422,484,545.5,453.0,409,62
dle6gCRvt_g8GgQdac_3uoUy5Qy4e.jpg,344,833,442,515,588.5,478.5,489,73
dlG77pwpk1N9YPwbQu5BFRo7rDI_1U.jpg,465,758,434,488,611.5,461.0,293,54
dlL8DpTnwo8FVhV11f5MtwJjoUr1HQYq.jpg,440,794,492,555,617.0,523.5,354,63
DLMXhaMOaZD_mODvYLsKQK2FyViMQDP.jpg,417,932,493,567,674.5,530.0,515,74
DLX5CZwD_OTIZ5SsU4zlrqoOhN6aM1Sv.jpg,430,890,466,536,660.0,501.0,460,70
dlY9_VQeZhvef1expt3DPHwUdRvDS2c.jpg,402,832,450,513,617.0,481.5,430,63
dM2QKbsyqpb2ZnhIXkPvDi1nXVL9Fx.jpg,324,909,524,603,616.5,563.5,585,79
dm3gdJP17tsPXWBst49Rqq9vIn3TLz.jpg,472,878,491,560,675.0,525.5,406,69
DMbW2NYF337ek6Q76W8xcF2SFbguHxD.jpg,441,778,480,543,609.5,511.5,337,63
dMQP8ZvEzUUprsyDdYLpS9CTKPPFuiY.jpg,435,747,444,503,591.0,473.5,312,59
dmsSgXyRdqeLTcd_khLbSU2ZtCnDDe.jpg,374,857,469,537,615.5,503.0,483,68
dMXrEafY29FcZg5ezLu5zc3cSkJvMyLU.jpg,319,761,430,497,540.0,463.5,442,67
Dn68dwu8L34TlOGbqJ4nk8pbTdRhq3.jpg,425,935,494,567,680.0,530.5,510,73
DnElmTHIJqzi_CvUtRghc3wMXMpCXO.jpg,341,657,438,498,499.0,468.0,316,60
DnFf4t2R_N38c7YjRhfoEgTg1d2Glye.jpg,411,683,438,491,547.0,464.5,272,53
DniBBFSIErgFmpUxqPkgePrNM2iGVSl.jpg,235,798,466,553,516.5,509.5,563,87
dNJuSDtY6nDFwIWrVbIgi5V8bd9wnXS.jpg,351,691,465,526,521.0,495.5,340,61
dNPc7Ml6FwRGeuxkgiamg12pfusSxtFH.jpg,412,861,432,500,636.5,466.0,449,68
dNrnin3zCjEBB66cH6JumnkvmOJ9.jpg,423,948,498,580,685.5,539.0,525,82
Do1o_cDMC1qI4IRVZrDWxRXscH419.jpg,450,876,421,493,663.0,457.0,426,72
Do2wXTNVZ4kKkoDMcsD4Coj5YC9Lik.jpg,509,809,434,494,659.0,464.0,300,60
dO7GLX23Sl_117dDRBG9QnyZ_KEzh.jpg,418,724,440,497,571.0,468.5,306,57
dOfdxO6g5jsSMeTfWcSCavkVp8crq.jpg,426,944,495,577,685.0,536.0,518,82
dOG6fydQh_cMNZovpEuPGfRuedpU9.jpg,452,811,469,533,631.5,501.0,359,64
dO_XYx78fULWc629DDWaCnBwziqUX.jpg,433,784,491,554,608.5,522.5,351,63
DpaoSIsBxBvIsfykNcvYMKKksX99uJG.jpg,360,840,445,520,600.0,482.5,480,75
DPcWTpM6gulN2ZwTSHVd3k_CPbW4yVK.jpg,327,745,414,491,536.0,452.5,418,77
DPDmHxTpmxKgTMh7_Mfa7DYDstf.jpg,312,881,461,545,596.5,503.0,569,84
DpEzUli72_eXNy89n_QBSxgH_DH4lzB.jpg,333,765,422,488,549.0,455.0,432,66
DPH5l_del3y8dWLXitdz6DLojmQHog.jpg,339,920,483,568,629.5,525.5,581,85
DpIn2dFOQP2KYUM9TFebWY__RdG5NO9.jpg,343,886,470,548,614.5,509.0,543,78
DPLGWqEUv6CUeppN8MN_l7hxco9515.jpg,446,879,424,491,662.5,457.5,433,67
DpNd3eYeu_KFzeMG6Hnkiomdk4zmncS.jpg,482,772,432,488,627.0,460.0,290,56
dpOwlusQvWDdk2YBxy9gnnS_hZStES.jpg,407,956,469,558,681.5,513.5,549,89
DpSYEDlIJ6Hm4amwt2lueaHvynD_bPf.jpg,410,854,463,532,632.0,497.5,444,69
DpUORcBCOkDVPNo6kEXn_dPmzZL9TCGk.jpg,463,754,455,511,608.5,483.0,291,56
DpVWIQdRL82D7umlwaKKtfm83IhweuK.jpg,384,997,490,577,690.5,533.5,613,87
DpwxPUMldy62_YQRiiROpRn2CrYbR7I.jpg,385,837,433,503,611.0,468.0,452,70
DPx_sy32jFZCtBhBf3LTZzW4RYSOpr.jpg,248,866,527,615,557.0,571.0,618,88
dp_nnIYmC2MJk7nj_1dZ7mNkcDoUtl.jpg,242,642,447,517,442.0,482.0,400,70
Dq4Rld5w2V6z47RkZnVtrYOMuK9YMr.jpg,336,853,453,530,594.5,491.5,517,77
dQ6FgbPSXtjIKr_JCLMZI2m7xmsJa.jpg,353,835,477,545,594.0,511.0,482,68
dQ9CXCUUr6B_qtryD4nJL96qa3KtvJY.jpg,315,769,461,530,542.0,495.5,454,69
DQc8H2i7xKvreFGNFnKjnbElc3h67l.jpg,309,767,430,503,538.0,466.5,458,73
dqfMH87JvF5UBMQYFsHS_C4HjBwCGY.jpg,398,736,482,544,567.0,513.0,338,62
DqlkO_S8byMKhRC4CVOtuIeNW9.jpg,402,1013,530,621,707.5,575.5,611,91
dQLZW8atH5ea4FBmerV7DnlvhylD.jpg,406,756,486,548,581.0,517.0,350,62
DQmqnowcthJUx_U8ppU6KBsPLwsO_.jpg,387,897,489,562,642.0,525.5,510,73
DQpU6eFSjKvdDPExSkkmylF2o6Rg3Nm.jpg,466,741,427,478,603.5,452.5,275,51
dQRjMLcdew24Q57SidFkmTTsI3K7s8.jpg,375,708,456,516,541.5,486.0,333,60
DQt4x2JOhWJ3YDQVqObLWUjyNU_oLnf.jpg,184,784,477,560,484.0,518.5,600,83
DqukgzyIw8pLe85reiO1O8PulZcc.jpg,415,756,451,517,585.5,484.0,341,66
Dq_RrZwWaNfSvmFzTmZcPr5s76WbBUHp.jpg,420,930,484,563,675.0,523.5,510,79
dRB1frlwKKDkscaY85M2I8QVs9kFgBZi.jpg,329,746,446,510,537.5,478.0,417,64
dRb_n7fUUXjXJRFNvkLnqZmGgIbB9xZB.jpg,455,803,488,552,629.0,520.0,348,64
dREGMalx73N7gHI5shHPf8vl7iOk7lO.jpg,407,818,420,481,612.5,450.5,411,61
dRGRSQZiwrWiZhD7w3ZXCPce16GU5L.jpg,364,842,474,547,603.0,510.5,478,73
dRHrFMKh1CPXha9Noh8v5kV6feB4l61i.jpg,386,862,440,512,624.0,476.0,476,72
DRI5cMvLBOswFJqBBTt84sf5eWVutIca.jpg,455,763,428,490,609.0,459.0,308,62
dRJTJMS7YaHxd3gnCti26PKGoeYF6.jpg,421,944,487,570,682.5,528.5,523,83
drL1useBqv3Yd7q9wsztbzUR3BWJ.jpg,410,706,448,502,558.0,475.0,296,54
drl5BfvKnNVECGNu473HmNHohQgPxo77.jpg,447,784,477,539,615.5,508.0,337,62
DrMxzVUYIk767K6roqvPNLvjoxppjgX.jpg,387,821,431,496,604.0,463.5,434,65
drO7hnWrawYjeY_GUpr_714t5TuW.jpg,456,903,462,530,679.5,496.0,447,68
dRtUM4FyZPYOMLdSSYM8YIivJmZqmzf.jpg,463,800,450,513,631.5,481.5,337,63
Ds4BL6QxExwllD4DNSqHlwky1tXbpwP.jpg,485,799,450,509,642.0,479.5,314,59
dsDF14fYltWz8rUTpSKEh68HHS6GeTg.jpg,309,892,464,555,600.5,509.5,583,91
DSlo2e7GfpRjxKXzMYMN3pRyLZ5XTa.jpg,467,916,429,498,691.5,463.5,449,69
dsRHO7Gd3PDrm13EJovs8lVDV2oVsood.jpg,358,710,459,522,534.0,490.5,352,63
dSVa9_1bDsDnf2Sj2rGTNfc5vSUkeu.jpg,273,847,522,604,560.0,563.0,574,82
ds_NrcJFDqlbF7tWUjn2bKkpZxaQfxsh.jpg,395,879,481,552,637.0,516.5,484,71
DT5Jq_KsXylayny7g1IQakLyptqa.jpg,387,741,459,527,564.0,493.0,354,68
DT9wU2rh1jTMYfomSOUOSkWEsYlyQBt.jpg,372,822,429,498,597.0,463.5,450,69
DTfSNGlUrPOOjrgEqHj5swabgtNmsJ3b.jpg,339,680,473,535,509.5,504.0,341,62
dtIjlusfxWNHO6sSW6G1E2gkdnoDrz.jpg,369,827,470,540,598.0,505.0,458,70
DTkBGWppdU_3M3BjwQM2_thcF9NpD1v.jpg,390,782,415,474,586.0,444.5,392,59
dtKLKvcNC4cTBZKTGkGkl7Lk5qT6U6r.jpg,471,824,477,541,647.5,509.0,353,64
DTPPZneo9qex6Bz_DRQhIoDfjBINS_e.jpg,340,697,477,541,518.5,509.0,357,64
DTSJK1Pn4atBjRqHWZjMCbfFiyhqLfp.jpg,370,799,465,529,584.5,497.0,429,64
DttGaaI1ChrBkgdmGkXbm_4WPVaWlV_3.jpg,368,775,420,483,571.5,451.5,407,63
Dtt_6w3Z4LbuYGLhjsznkE3dzRqxZsyD.jpg,413,995,522,604,704.0,563.0,582,82
dtx7233JYyUluhgdXvoBc4qKwJu1f.jpg,486,796,455,516,641.0,485.5,310,61
dTYKj9QwxPtyJdg5elH8ZHTBvyUoFUpf.jpg,293,896,469,559,594.5,514.0,603,90
Du7iChpBIRl3WfUcsx7w5MOef9uovOu.jpg,402,718,448,507,560.0,477.5,316,59
Duc3OMcMON687Dxmy6xg9XYwOJP.jpg,374,888,439,518,631.0,478.5,514,79
dUhhgColt3Mb_rOn_ipy4hiV6VFqj.jpg,414,856,428,497,635.0,462.5,442,69
duhOMq43JeVhIIPXHlMXnxkT33RYold.jpg,456,949,482,561,702.5,521.5,493,79
DUiwoznEaQrzQmstRy9MYa6_DZJiveXq.jpg,525,932,414,479,728.5,446.5,407,65
DuMBXmDhcVQt2NSfNC6hGL8GHTiB8.jpg,453,885,429,496,669.0,462.5,432,67
DuOdNYZvlJgeratVM6BZO65S5lWxHDqs.jpg,359,675,428,491,517.0,459.5,316,63
DUOmm6jPyG7zrHCqtE2_9BktktZnoum.jpg,263,783,462,540,523.0,501.0,520,78
DuS3QlU_LImMCj5gxoqYD6wDSmT9dEL.jpg,386,803,421,491,594.5,456.0,417,70
DuzourzKgk6xDKb7L8WHITFZfy1odi.jpg,429,862,428,495,645.5,461.5,433,67
DV1j8XMxTEGrdYODWoTMjRj2K5uoYJZ.jpg,420,881,464,534,650.5,499.0,461,70
dV7qZxK9vZfZRN9M43SzCiYiN9apw.jpg,399,825,424,509,612.0,466.5,426,85
dVDjEuGhlFdfTPMwe_xYv2HeulRlW_.jpg,380,875,446,520,627.5,483.0,495,74
DVfxR6_HNr72l78jSaFKXYHBPwbtWf.jpg,330,810,445,518,570.0,481.5,480,73
DVhEvgGqaU_tw11HYw5mOaRP1JEwYr.jpg,214,790,473,558,502.0,515.5,576,85
DVHOmMgmTNmN3RolwKg5reWdQw7FvSuo.jpg,409,857,423,495,633.0,459.0,448,72
dvIJFWjeHsNXh_WC6ddXGOmkM3K8MF.jpg,429,808,485,554,618.5,519.5,379,69
dVjdMqvb1iODj9Ejsu_ZR84BCn1_i.jpg,377,888,455,529,632.5,492.0,511,74
Dvmqjav3RXhECHwbJbUibOTjMSyTCjq.jpg,404,767,494,560,585.5,527.0,363,66
dvNv4Lzlao9JuZQzqed6r9CDzqOWbKc.jpg,286,808,460,535,547.0,497.5,522,75
dvqirnYKnQhYouCgTdTsieEhhfEO1m.jpg,303,782,428,502,542.5,465.0,479,74
DVV_aOcOzFxwdk6M5G2zTaPe6VZoOBlj.jpg,353,1180,590,716,766.5,653.0,827,126
dvxIs_smPGg4GGNSCRvnpSe7KVVdMk28.jpg,461,921,427,502,691.0,464.5,460,75
dVY3E_Wfp415YXjt9Y4evGBTnQTXi5L.jpg,283,780,432,532,531.5,482.0,497,100
dVziHyNDbscbR65XQYwoHD7GUs8vdYSu.jpg,338,874,500,576,606.0,538.0,536,76
dV_5ccJx72EEfiTFbyQ5fwteSCXZvuN8.jpg,372,884,458,531,628.0,494.5,512,73
DV_ZreaJwoMK4Jzy6hdBzVcPzORaNpla.jpg,409,734,467,529,571.5,498.0,325,62
Dw1C3lhRUmZvwZKHIdKHryXWmFgLRU.jpg,342,737,442,501,539.5,471.5,395,59
DW3oxPwtsgY8W_DRhkeQ7KwrFn7R9v.jpg,351,941,522,607,646.0,564.5,590,85
dWcSdCkvpGojk6WdtoEq5oBo_Hsye.jpg,306,752,460,533,529.0,496.5,446,73
dWDR4QJmGnNf9pUi5o3wigeXZZrrcQm.jpg,442,830,514,582,636.0,548.0,388,68
DwDYBBf8UXD6dsDabdDVeCeujhL7vr.jpg,333,750,430,493,541.5,461.5,417,63
dwMdHrcZ83TaRKfE46vbSojNuX9LG3GJ.jpg,399,865,476,547,632.0,511.5,466,71
DwtoN9JSe4muO2M8O6GY_QktzZIa34f.jpg,251,790,466,545,520.5,505.5,539,79
dWwB5MOXhDmRGZXYszZw18zjit8lOtn.jpg,442,784,483,545,613.0,514.0,342,62
Dx2LZ1wSn6Dp_RBg8h64JU_mmfrlbxS9.jpg,420,1012,521,608,716.0,564.5,592,87
DX8KGpuxaSt57SZzaC6yXff8JjlyuHz.jpg,319,975,525,634,647.0,579.5,656,109
DXHdacCnYb9XQ93tphexNPqq87sOZWk.jpg,451,820,448,514,635.5,481.0,369,66
dXhkU6m_bUr8r8S8N7Jd_lPCwLltbKh.jpg,378,929,459,544,653.5,501.5,551,85
dXhrmdfFmSRvezFdpuFh3nQIIezCYv6.jpg,393,718,440,502,555.5,471.0,325,62
dXOUpFvhjBwyJvczYgd8KN7Fr11V_i.jpg,383,920,460,540,651.5,500.0,537,80
DXzcOGQJVNvD2J1KnYTPGgczVEYTBn.jpg,398,743,456,518,570.5,487.0,345,62
Dy2HmZ46bZeUZwa8EIsi7xTkT7dJ_avX.jpg,399,762,461,527,580.5,494.0,363,66
dy6XO7LPSkOVkeKwJ1y5FlT5xn8Jsxxj.jpg,377,744,492,558,560.5,525.0,367,66
dYGmkr3afIy7K7EX8MZNB4YIVvQMbNFi.jpg,447,771,472,534,609.0,503.0,324,62
dymEON1GHpWPtHo1mWSEaVC_UbhDO2.jpg,359,884,464,536,621.5,500.0,525,72
dYssahedXoOf9WCyhcGrvNkFdu9tc2.jpg,392,831,427,498,611.5,462.5,439,71
DyWRRQl3VXsjwBvYxHiibx6NvH1Fu.jpg,468,790,447,510,629.0,478.5,322,63
DyWzpsR9jGC2Xb65VDLk6xmaDlst9Fc.jpg,425,872,465,533,648.5,499.0,447,68
Dyy16mbOH1LnaQF7w4Rcy2mpBqWiu.jpg,456,802,490,554,629.0,522.0,346,64
dyZHTTSF5Zdu2iSOaEcbowrrbP8tjR.jpg,443,931,443,518,687.0,480.5,488,75
dz5ydhoKRw2ryqiqwXPfa9377vP7LLUx.jpg,399,939,507,588,669.0,547.5,540,81
dZ7VZxthNIwQrarj8oE5nzoTd_WFsmy.jpg,434,763,481,541,598.5,511.0,329,60
dZ9VaN8EupOmii9S1skhSFxgxS5Yk7.jpg,437,924,443,517,680.5,480.0,487,74
dzB2bdjjnJOPw4UOiixCCBws5Z5RnB6b.jpg,400,860,441,510,630.0,475.5,460,69
dZBF7TMupGgNgRp2LKSVl_uubFmnjIi.jpg,296,1231,601,742,763.5,671.5,935,141
DzCKmzHrOPNTVFLCeCvZrThJKbPfUxY.jpg,218,1140,559,691,679.0,625.0,922,132
dze72cP8sNw8Nq6eWh8ma_sN_fZPq.jpg,391,819,417,479,605.0,448.0,428,62
dzGXG4MWEPqjZzv4nNJBz3hCZojLGb.jpg,434,967,502,579,700.5,540.5,533,77
DzhPUJBnjeROT2vHrst3nujNCRETz.jpg,374,933,502,588,653.5,545.0,559,86
dZiPHHXgBWP5WvGfe9YK_ikbspMFs.jpg,426,999,476,558,712.5,517.0,573,82
DZM32_fnKBWeUlWMothWF84XM6JU8l.jpg,339,851,471,547,595.0,509.0,512,76
dZTtgH2JJcuipQ1xZmbhrgcVLlD9izb.jpg,405,980,521,603,692.5,562.0,575,82
dzWgDz668vnO2gqqLMsVQ2TrDwuaWTYf.jpg,394,946,509,592,670.0,550.5,552,83
DzyGL9ashwRZfzYBChqkhOV1dS4ClE.jpg,437,747,471,529,592.0,500.0,310,58
DZZnrS3LaCxn7SH2M3bqhpyIaewn7e.jpg,404,875,473,543,639.5,508.0,471,70
D_CSy5tuFeuVEhmfIGipuCe_1vF4DLsK.jpg,439,716,419,474,577.5,446.5,277,55
D_dq7_BCFlRp8p3EdZkjr75OC7ti_P.jpg,366,851,442,515,608.5,478.5,485,73
D_SSJo3zobo2iMexosGGtzqpobFovk.jpg,373,741,494,565,557.0,529.5,368,71
D_TnzkcqYWfXKOT3j67IiB95u2Z9.jpg,242,791,471,550,516.5,510.5,549,79
E1e4jIgZfCUSxlgG3_7zEWe7OFps8dn.jpg,360,668,428,490,514.0,459.0,308,62
e1H5oaG9LScMjucbqWW4PvfHhwD4ij.jpg,387,938,507,591,662.5,549.0,551,84
e1ndWdOMCWbEb6QjePnFHeDmPK5XBEH.jpg,471,903,450,521,687.0,485.5,432,71
E1qBiYNtx3fYMM3DcLla1rTvIJFCE2s.jpg,365,932,516,596,648.5,556.0,567,80
e1QTNV9etZJ1QoegXmhSCOPsoS7sKN.jpg,227,1221,605,750,724.0,677.5,994,145
e1_bX1Q6ybMLQcLO63X3BBfD5PioQfgu.jpg,303,897,482,566,600.0,524.0,594,84
E2fK_8tvbzVKC1vmPKQO7TIceBUyrN.jpg,512,820,445,503,666.0,474.0,308,58
e2FoB8_w9oJlhQ4FmE1GEIIjiLfOC.jpg,390,932,468,555,661.0,511.5,542,87
E2GzX1JlDzOoGU_rT9pmYBVj_WPVRxN.jpg,422,864,431,510,643.0,470.5,442,79
e2lQiHfLCwgYf2nlwkfIqolD5Ct1b7.jpg,422,731,446,505,576.5,475.5,309,59
e2mBcr8chdbaGIE7QEsH6JOcketZkoy.jpg,293,779,444,518,536.0,481.0,486,74
e2ohyNIuFZ_5amDPiGUQSc5GyW__SrS.jpg,423,750,455,516,586.5,485.5,327,61
e2PMBx8SjD3WF3GW6E5qrNuBxRYx72Gr.jpg,451,768,465,526,609.5,495.5,317,61
e2RX7LL917xTuoMsVu8QBeTiJmYlOfY.jpg,324,829,455,526,576.5,490.5,505,71
e2SdjGCFqo2sq6G2f_m_JXlam3dKCl.jpg,374,977,493,577,675.5,535.0,603,84
e2Vzjiupzf8lgb54fTzjUb949zcyNE.jpg,355,886,457,537,620.5,497.0,531,80
E2VZy4oZrZn9IucbbG_1zNdIYhnDYFr.jpg,406,902,486,556,654.0,521.0,496,70
E2Y1cOjNOUezW9vPD3yEUJHraWbQzh3I.jpg,473,768,456,513,620.5,484.5,295,57
e37G_jYg6aWuWC25SkcbvJYsrNVjaci.jpg,409,697,431,485,553.0,458.0,288,54
e3BaPIB16b366IEjqyBbqDGzgKHJkPy.jpg,404,830,422,487,617.0,454.5,426,65
e3N2pE7MImwWfU_WrHy4goKsX4CDb.jpg,409,854,430,500,631.5,465.0,445,70
E3QR6l1LyOjgUa4zmEco2QtXLs2ejg7.jpg,422,857,414,498,639.5,456.0,435,84
E3Wf5wuih1X_Bc7zbR12VvoZujT7Qpt.jpg,442,797,457,523,619.5,490.0,355,66
e421HNs6m5LJuOHWVtqdKDYPNnqmVH8.jpg,374,807,430,495,590.5,462.5,433,65
e46jpiHpWkiNuPvbakPJjdtDC8yklrP.jpg,372,939,474,562,655.5,518.0,567,88
E49j1BjJUaxlxPqxb1qpkwTNe9udp.jpg,388,759,434,496,573.5,465.0,371,62
E4imPiLn9NPKyt6hHvLDhZHYtWUfOOiG.jpg,387,877,485,553,632.0,519.0,490,68
E4jMPsaRFudkdwECc7Ssro9ERjlYflx.jpg,414,800,511,581,607.0,546.0,386,70
e4qEKyNEgTKPu9FXRZ2TDrWW5SyhnM.jpg,359,913,469,563,636.0,516.0,554,94
e52DvCsNgHFoGSITxqxo7eLbs_S7bEp.jpg,463,1058,452,563,760.5,507.5,595,111
e5QYwpRUQXuQLHt3ZyfaGeH2NQOa2G.jpg,429,867,466,534,648.0,500.0,438,68
E5V5oVZnwPcGujW5rH7YTHnMgS5l.jpg,129,868,534,639,498.5,586.5,739,105
E5WWErOVEOObm8c5vie9iFn9y_ei1jT.jpg,479,872,471,538,675.5,504.5,393,67
e62MuY8J2j2PDZxGf5Wfa8LYucWDe4.jpg,361,797,428,497,579.0,462.5,436,69
e6DVIVq8ctiYP4vF9fsj_ENJ5eGWakj.jpg,349,889,488,567,619.0,527.5,540,79
e6rjPgmEXvtrLjVtdUyPfsVhpIYNJvu.jpg,415,920,488,564,667.5,526.0,505,76
e6w2hdnB3hgZnpTo5iw1xSOKonc4j.jpg,425,766,458,522,595.5,490.0,341,64
e6_znKkPIb1htUcRSzJ9dVHukSMsVGM.jpg,446,875,422,492,660.5,457.0,429,70
e7kbmNRgKeBXLu8KkN3qNNvSfjRn3jIn.jpg,339,876,461,538,607.5,499.5,537,77
e7sseJOXd1Cnn2Uis3dFx3M9memvK6v.jpg,387,703,448,506,545.0,477.0,316,58
e8MEaZORzQslnOw4uchcVraf1FbJkLN.jpg,312,809,436,514,560.5,475.0,497,78
e8rC91QhWIatiIB7Z1Lg7RIHTXNYcj.jpg,422,772,471,532,597.0,501.5,350,61
e8xy_FR4l3u2CTmIVX3o7Ns2EOxHY.jpg,329,733,440,500,531.0,470.0,404,60
e8yYL1EMJ1gf_7gl7Jid2HYuq1T6Gt2e.jpg,398,935,459,537,666.5,498.0,537,78
e8Z5f1DVq9iVrXymKawKtsqZvPV.jpg,415,847,453,516,631.0,484.5,432,63
e9Hi4DSuxG7yi2Df73eQBTqiEfhIWZK.jpg,368,768,423,484,568.0,453.5,400,61
e9tqQfDRmiVSwiBSmjZUxjGr9wLHffo.jpg,365,843,437,508,604.0,472.5,478,71
e9tvm_fz8T7UbMVLu7xrXOWsWFcew.jpg,466,773,430,488,619.5,459.0,307,58
E9vV_RlaU1krqi7btmtzKeIqbDZ39.jpg,403,756,486,550,579.5,518.0,353,64
eahtTMBVyuSc9zSudqVvkDOQi_UPJj.jpg,372,902,503,578,637.0,540.5,530,75
ealfnEOy2K2NfrLZ9RxMlwPlDXorPg.jpg,453,911,459,540,682.0,499.5,458,81
eapmpPBPoErOPd177NUYPQrpI1bLnv.jpg,214,794,492,570,504.0,531.0,580,78
EayGf2TQlJlGKm_EzyxsDuiVFEjmOY.jpg,370,779,420,484,574.5,452.0,409,64
eb45Vw3auTtPOsYj7a3nsuDrlw83tM.jpg,318,939,533,624,628.5,578.5,621,91
eb6dtzDFkksEM7I4e4xe9wPsxU_b.jpg,484,812,472,531,648.0,501.5,328,59
EB6sOqkgZRzhMge1F_zICXcSvvO8JT.jpg,397,703,464,521,550.0,492.5,306,57
EB7SCh2fyOvaJNeFxFf2FXuW8jGPXvx.jpg,439,849,419,484,644.0,451.5,410,65
ebdV2vwrm3FIqVMMcEHl69NJnM4G5C.jpg,333,780,456,522,556.5,489.0,447,66
EbewNs4jywL5vQBbQmz53wY6G62lRavU.jpg,381,665,433,486,523.0,459.5,284,53
ebfj6ZBbQ2RnFve8P26IY4lpSt9Bf.jpg,382,724,487,547,553.0,517.0,342,60
eBHBYisnDyPJ_9cUS4RVurcavkC_.jpg,406,781,505,576,593.5,540.5,375,71
ebmiEWx79w2U8praM3UD8yRZ63X4vw.jpg,442,823,513,582,632.5,547.5,381,69
eBuFYoZdb1QTSFyvhqQR8QKM23sDM.jpg,514,799,423,481,656.5,452.0,285,58
eBYbPpqOS_rUHXiy13HCCJMCMl83f42.jpg,526,818,448,508,672.0,478.0,292,60
eb_ByRIe2tJ52XLn8VbpcjWj3MxhepW.jpg,236,977,524,631,606.5,577.5,741,107
eC14iXDFPkTJBMnBRF7aZRFKpapNU.jpg,371,906,461,536,638.5,498.5,535,75
Ec6OiQ7_Ofs6_uXoBpstVJgpnQ7OWcwX.jpg,399,952,462,551,675.5,506.5,553,89
eC7izPxXHj6YfhyKnwlygiXZ7NIvgsl.jpg,271,781,459,534,526.0,496.5,510,75
EcdmieIDfuEvJVGHBFiOmt5mfKXjmI.jpg,253,791,466,564,522.0,515.0,538,98
EcdO46iYg4RP5HvJyclZuiHO47Bodt.jpg,301,1021,513,639,661.0,576.0,720,126
eCF1tTIvxdlj2CXIyIuepkkyZ42tTX.jpg,396,726,476,537,561.0,506.5,330,61
eCgNoy9tyBPzuPeukBgpQbbiy7kcD.jpg,469,807,456,517,638.0,486.5,338,61
ECjvknSg3Il_U1lNnGOJDDbeOrru_ER.jpg,309,898,479,562,603.5,520.5,589,83
EcK8NKnzr7YLLsvCUiSljRVaPT_Th.jpg,445,851,412,497,648.0,454.5,406,85
eCK_P9XwJV54za8b42hNSZKYJEUhHj.jpg,391,961,521,603,676.0,562.0,570,82
EcNYGUhZIjTgPqQl7WHN7UjXJnoVjF_.jpg,453,755,442,497,604.0,469.5,302,55
EcpChQvjrZgvqkbBhbFfmXkcz9gaex2Y.jpg,346,841,485,557,593.5,521.0,495,72
ecU4OWlqiUGB85XpwEafXNhUBvnRV5.jpg,300,820,485,560,560.0,522.5,520,75
ecXS4smZfrk3RSD7vHox5y64yfk3OjxU.jpg,348,860,444,537,604.0,490.5,512,93
ecyMxW4EE7bpou1V2opXsHp66qUC7uN.jpg,363,847,446,520,605.0,483.0,484,74
eczeE_gwOjb4IT6mTOo4bbCEcbJrKnf.jpg,461,988,498,580,724.5,539.0,527,82
Ed2jQzct7NHOp9ihS63o_fmr7xV8uJlD.jpg,410,809,420,484,609.5,452.0,399,64
ed9BIVcePvsO5YPsWHfcgr7k7FoXFI.jpg,319,861,505,585,590.0,545.0,542,80
eddum3ObfgLKGixliTT1iWBOGnpe1Bf.jpg,351,706,475,538,528.5,506.5,355,63
EdmsaRyWSUsx9opDpQPOgtuRGuauzj7.jpg,245,814,472,567,529.5,519.5,569,95
EDoVXpKQxDH_JS8oeyVZ8i6cYG4W.jpg,383,893,444,519,638.0,481.5,510,75
edQGb5kFL6aSnUQeLvi_8Y2xYuShoF.jpg,412,865,430,500,638.5,465.0,453,70
eDvvLVfQTz4zNVXowu1VS8CCglWt7Gu.jpg,414,938,492,565,676.0,528.5,524,73
eDwD3H21JVYvX14Fk_YzlrEFLG2Bh87.jpg,376,806,458,524,591.0,491.0,430,66
Edylf8Mpkm7vkpeSp9JUm6_FWJvmLJq.jpg,364,872,481,554,618.0,517.5,508,73
eE1TFQLBMzWE65Rfy4IeIcBcTlR8qS.jpg,322,848,457,533,585.0,495.0,526,76
EE69ljYWTt4UwHUcqZYLLzopBi_WLB9.jpg,462,854,415,480,658.0,447.5,392,65
eEEBRYJeq_tabg6kqg8gLpGDjQZ8Ck.jpg,419,858,461,531,638.5,496.0,439,70
eESbnkj7wjv67VqB5m_lenBKEvtcCivr.jpg,435,757,448,508,596.0,478.0,322,60
EEUbkVYFGIJU5WQLKxw1fOm2YBbyoRR.jpg,471,820,494,557,645.5,525.5,349,63
Eezp_2oa4SJxwJewph81ER9yEJqEI.jpg,437,811,474,542,624.0,508.0,374,68
EF9iHQyRcCj_6JXffoK7KZRoJYG6wP7.jpg,381,915,456,535,648.0,495.5,534,79
eFGRfedBxI3L25w1ZB7bx5aTIglN.jpg,382,825,432,499,603.5,465.5,443,67
efMLWs9_wZv_owk8Ckwbv4XmGDw2zi.jpg,202,962,530,640,582.0,585.0,760,110
EFvpOIUhdzsH2N16ed2shzZNp3Y5TIQt.jpg,423,909,455,525,666.0,490.0,486,70
EfVrfg2tsph4jKyw3N_kxuSmyHnYM4c.jpg,224,793,510,588,508.5,549.0,569,78
eFXxwQCLNBmCN25boHtCyeSQi4lbE.jpg,407,925,454,532,666.0,493.0,518,78
EfXY1YCPldahcvlqQUS8gIToaVHFD.jpg,419,743,475,532,581.0,503.5,324,57
eG1ep2ZbfRwkJDYHsQH84tatiDFEI.jpg,282,860,428,551,571.0,489.5,578,123
EGC3VWydhKVXzmovxHQ8tFSnGy4X3BV.jpg,408,845,463,529,626.5,496.0,437,66
EGFHn9ljBYRVy1SmIgyNhnTTc6PTx.jpg,433,746,443,503,589.5,473.0,313,60
egFKMxgwoSvpiTXYuYa4jFruYpsbd1rt.jpg,358,866,450,524,612.0,487.0,508,74
EgHnggr9T3N1oNZfEtmZnvbtFQJdr.jpg,334,841,487,560,587.5,523.5,507,73
eGMpp_B47FYCC4i2XRLRCwllJXkieIv.jpg,439,792,494,557,615.5,525.5,353,63
egmtOobfFKGwkqhb8feOmvxKYB6a7B.jpg,404,916,489,563,660.0,526.0,512,74
egrNvBpyFye35coS7JzQZO5U3gw2rxEM.jpg,360,835,447,518,597.5,482.5,475,71
eGZpDLYylrj1d_cjnLiX_WNfyGe8XjW.jpg,306,731,442,506,518.5,474.0,425,64
eh2qcMibQdet8EkErxibOysqEYDrROC.jpg,317,737,436,497,527.0,466.5,420,61
eH6_VJC8aGWgx_dRQtte_qO_NtZPG.jpg,393,818,449,513,605.5,481.0,425,64
EhFaG2l17dl5Fq4ea5xV4K9aVVVF7n.jpg,406,882,445,519,644.0,482.0,476,74
eHFCD1gCx5Hf5ZgQEBZzXM_WezGTrzLQ.jpg,364,869,451,523,616.5,487.0,505,72
eHM6lmjRsrlka6wswlXeMbmTWNVy6KUm.jpg,379,812,422,491,595.5,456.5,433,69
EhPhJl7jKqd2zHW8cznb_6XuSEMsx3OO.jpg,419,936,452,533,677.5,492.5,517,81
EHQ5zg1GXBM8Z1ScM_uuBIqoGguhaCv.jpg,382,747,476,539,564.5,507.5,365,63
ehqLGcJ_RLikz1eiTP5FstOJkw8oQ.jpg,386,675,442,498,530.5,470.0,289,56
Ei2kvnYzU4j31YeasFewaWarKrDJQm1.jpg,476,831,465,528,653.5,496.5,355,63
EI31rWP1R5twswy3dShBeU2lGflceo.jpg,423,877,435,505,650.0,470.0,454,70
Ei5aXnY_J7euLJCVTRSrEw4ueYf62O.jpg,339,766,450,517,552.5,483.5,427,67
eif7yMEhfyOivH3o1J_77eU6cqJMFQ.jpg,379,817,419,483,598.0,451.0,438,64
EIGcZwih1CDsSM4n7zaq8JHr1GTm3_8.jpg,434,941,449,525,687.5,487.0,507,76
eigZrxu1O8vtseqmnnoV6uif1Kd.jpg,372,915,425,515,643.5,470.0,543,90
eihH98CYeuug1kNjiWowmsupPG3MSpo.jpg,442,936,488,562,689.0,525.0,494,74
EiiL33cjzXnWg6Gy1FjOflPqMqTHv7jg.jpg,241,964,532,630,602.5,581.0,723,98
eijKoiL5bFvkNKXJ51HeSQkuvHqk4J.jpg,363,722,494,560,542.5,527.0,359,66
EipUgo8W5gorOqatMsVRh_TRQUUWbxHQ.jpg,377,692,447,506,534.5,476.5,315,59
EIQcq2PCFplezSOu2HXjFrYWXxYRmW.jpg,398,895,445,538,646.5,491.5,497,93
eIqO_CL1o1hk8thc7a4FYLT5pCozGDt.jpg,452,764,464,524,608.0,494.0,312,60
eiqSy6Y3EG1VhfQKYOYvNWwvbH2vRs.jpg,276,769,444,524,522.5,484.0,493,80
Ej8jQfFJbaplrEc8yRKGu9t87ll_xzbO.jpg,392,827,431,501,609.5,466.0,435,70
eJb8ocniSasB73rVgt8uTQHHBmdunhQG.jpg,440,821,472,538,630.5,505.0,381,66
EjbebzYh_X_wbX99tLExLqD6wdR4s7.jpg,407,842,426,511,624.5,468.5,435,85
ejdaMYIenclQnmxuUfNUwR4F6icZZt.jpg,423,982,507,587,702.5,547.0,559,80
ejE1nd8qY_5wQsIzZMcSubLT1KjKClfI.jpg,421,711,455,510,566.0,482.5,290,55
EjGNEg3GqBFHnGO21j6cYPHkkuh.jpg,385,920,506,582,652.5,544.0,535,76
EjNjQ642OrHd4Mccx95MJ8TXm8RVV.jpg,480,896,421,486,688.0,453.5,416,65
EJppyXeTTU2yK3BNaZl98etF9T19Ty6.jpg,441,904,444,514,672.5,479.0,463,70
eJRPJ2gBWjPYrHs9CZHGjmB3W6Qb4Z.jpg,398,769,507,575,583.5,541.0,371,68
EjSqBt8quJnfmYC9bEm7_RIij7TSIwLd.jpg,422,871,427,498,646.5,462.5,449,71
EjxQMyBtamPWqhIEJy3ZXiXHoQB_KVp.jpg,427,718,427,486,572.5,456.5,291,59
Ejy3gzwH41eXesnszDPRHqLY8lOsp.jpg,402,750,493,555,576.0,524.0,348,62
ejYd9nrF7pQkQdT14wFtWymDfzyEmty.jpg,260,826,467,554,543.0,510.5,566,87
ekfbRKx3uWOL6sVP3F3LzT_ldcaboM4.jpg,245,790,464,548,517.5,506.0,545,84
eKhzy3LQwVnNkjQ5FIV8GfHD9fUse1ml.jpg,404,879,474,546,641.5,510.0,475,72
ekL3aiHwRzvxTPQFS2oSzXCsEKo4gmG.jpg,417,867,466,537,642.0,501.5,450,71
EkmO9TQZ7vFTX889nbfoS9NNYHGVjOKM.jpg,374,880,490,566,627.0,528.0,506,76
EkOJisUc9B7NxzOvw_5N2dhNRNw7Rwcb.jpg,399,730,447,508,564.5,477.5,331,61
ekq3Wc5alrRujUdPLVtO28ks2VOSxMR.jpg,421,892,441,512,656.5,476.5,471,71
EKRVgZgtz1ThTmZzOxfiaaC7gTY2ifI.jpg,336,823,441,519,579.5,480.0,487,78
EkZhkZEkPZFw_5whZPXY6zJyHCRi5Ee.jpg,329,862,501,577,595.5,539.0,533,76
eK_ZsJiKXD1paHpYNXoeCiEcH8QhoTH.jpg,342,852,491,564,597.0,527.5,510,73
EL6OWgMZINURbQyqcMqzwRF7rdzr.jpg,405,828,425,498,616.5,461.5,423,73
EL8HkTP1kWmXtc4TkRotWMCdph.jpg,369,878,492,564,623.5,528.0,509,72
elBtuNQ1JocQqUH_Pmq7iCngtYOwxU.jpg,447,857,422,486,652.0,454.0,410,64
eLe8ryiQZvLZTjmHwu6Gwk5TbvgZoo.jpg,429,772,460,523,600.5,491.5,343,63
Elfy5pprj7Uh7dE_kkH7vMw2RIS9m5G.jpg,330,805,467,536,567.5,501.5,475,69
elGm9xOgipTrJIKYtWQlYbijnOVz2IY.jpg,386,947,462,565,666.5,513.5,561,103
elhL2QgFIHbdGeO49ECjkCP1TWW6NVc.jpg,420,744,479,540,582.0,509.5,324,61
eLHw6yYI6_usZZhIb1PiJiOdLKMNEW.jpg,431,804,509,579,617.5,544.0,373,70
eljuWbLlWKukwho54jljsKzzr1r8WUxX.jpg,402,858,468,537,630.0,502.5,456,69
Ell_Qip99hrcnX2x8EUgVDGLo3W3_hu.jpg,300,835,489,569,567.5,529.0,535,80
elML5QZedQB2iOJkNFdaOnT77J9eWz3p.jpg,328,853,490,567,590.5,528.5,525,77
elQH9W8u9NlkRhYusY8WGCguu4_UqtU.jpg,415,728,463,523,571.5,493.0,313,60
elQJ_4qcMKwqMq9iQi7YCR622I_Poj2h.jpg,227,855,502,588,541.0,545.0,628,86
eLYlwW3YKB791RQgDojK_hXclIW9RxI.jpg,394,943,511,589,668.5,550.0,549,78
em1O8zWzyUPTGDsimYDP4hXpXwk2Sh.jpg,402,839,420,509,620.5,464.5,437,89
em21_9gIzOlh9dK5PLmMpmwyXHFHuZ.jpg,342,759,425,489,550.5,457.0,417,64
em9cjyKtyjiEXWoPa58ULYesfl4QiF.jpg,378,843,434,508,610.5,471.0,465,74
emamNiZvGO1Yb4EH4w8NuDfadM5Bxy.jpg,335,867,465,542,601.0,503.5,532,77
emCToLVe2pznSibomdSGZbNd_v4EV.jpg,443,766,447,508,604.5,477.5,323,61
eMFD6k3svLogkjrrm7y7fucuymrVaIm.jpg,284,778,445,520,531.0,482.5,494,75
emm3m1vzSWdRwrY4QMHmIi7xZneFa.jpg,417,847,423,491,632.0,457.0,430,68
eMNhbDwIKatbHBTU4fllKTGGtg4sVum.jpg,296,834,458,540,565.0,499.0,538,82
emQeYrTOVJo3zf55w4zBLGG7PWQB6qi.jpg,335,852,448,523,593.5,485.5,517,75
EMsnN3qczHxXqPm_n4IgSyqlXUWlQNYD.jpg,400,737,456,518,568.5,487.0,337,62
EMsVy95LFiZLd57Hst_NntDhcFt3aRO.jpg,444,842,416,480,643.0,448.0,398,64
emuYVCXmZ4t9cIM56MRsl5CL_NUKIpL.jpg,448,813,461,527,630.5,494.0,365,66
EMWEmZPphuFMNHDDVkcPVe418TpVPzY.jpg,304,869,472,553,586.5,512.5,565,81
EMwghynYUIsCmEiOakbEQ1nExeXEWbc.jpg,297,692,491,559,494.5,525.0,395,68
en4nJpWNcJLMRUVneB7DnNG_QBjfuaSR.jpg,364,893,502,579,628.5,540.5,529,77
en4qGODU8rmwUSbYoF_njh_i1qu9aVl.jpg,456,814,493,558,635.0,525.5,358,65
ENFcJ_uGhsxubEoVzVog6pUpluVd3dR.jpg,333,842,494,565,587.5,529.5,509,71
EnfPkXaN7nXZWGpGnLIVUZzzUHFSRZM.jpg,402,899,445,525,650.5,485.0,497,80
eNikjuzNBElHkqDgtffBkzx5Xm.jpg,414,955,509,593,684.5,551.0,541,84
EnMh9TZTWa3mJZoQofTDKXMP8_1r.jpg,425,897,442,514,661.0,478.0,472,72
ENr1IdKfvMYetSflyGQ6irehfZTfNs.jpg,379,673,435,490,526.0,462.5,294,55
EnwW25r9MaivNIQZvB9M8KyjFJkHT.jpg,317,828,449,525,572.5,487.0,511,76
enZBtbPnUeT5NedWhpyCHw7BO2yBsM.jpg,336,929,485,578,632.5,531.5,593,93
eOc86vo2pS1k3muszLdqlrGERytqfO.jpg,379,821,461,530,600.0,495.5,442,69
EOKq5QexOa_7hiDIXvxmkxB8jR1NVJ.jpg,362,930,478,562,646.0,520.0,568,84
EoMuNFPkqh5XRZ_UPTdDvsenrSRncVwY.jpg,359,889,462,541,624.0,501.5,530,79
EOn4he6f6qPQUqvveTL5T8SklT9BNTl.jpg,396,816,423,488,606.0,455.5,420,65
EOowsmcNRggHpZRwTnQigfIeCsn5KD3.jpg,480,764,449,504,622.0,476.5,284,55
eORZaSuuqRDlPPX5edrxmbD1sKVG_h.jpg,358,796,432,497,577.0,464.5,438,65
eOxdoocMFT8VISSJiuxHSblWWW7nyYH.jpg,314,656,464,525,485.0,494.5,342,61
eOzlaQIWGy2jQG9gJ8iYfKsufbYTwco.jpg,492,801,437,498,646.5,467.5,309,61
Ep2M_gXtXQ9YL7X5t5wkXzdsUUzYQl.jpg,344,836,476,547,590.0,511.5,492,71
eP2_nB9K7xVYbmxdpDJJLxUgaLfkoL.jpg,406,684,428,480,545.0,454.0,278,52
Ep5WeHstR91vh5Mf6Cy_vZJ_HM_goYt.jpg,459,834,475,542,646.5,508.5,375,67
EP6ZOlMHeawjEiLnJgc_xF91NeZulV.jpg,469,770,455,511,619.5,483.0,301,56
epBf1KS1HLwpasnN1thcTamriYRx9cpc.jpg,491,817,449,509,654.0,479.0,326,60
EPeSLNeBxTLO47hHnyaoojznKkZzx4.jpg,452,883,424,492,667.5,458.0,431,68
EpfUszhRCmZGKQZX4yUJHKIyFT9Xo.jpg,440,985,456,539,712.5,497.5,545,83
EPrLDpnjG3jTjbYkiqRebesQL9bKt1c.jpg,299,819,458,533,559.0,495.5,520,75
EPVoYiOgZIxjY8NWDOYPKIqcjsf4haov.jpg,409,709,458,514,559.0,486.0,300,56
epxK9vN5wrKK4uk6yT1hSN9Eo7Hgh.jpg,468,799,479,538,633.5,508.5,331,59
EPYFxppvy21GYbWtt8QNUzSr87IeEqO.jpg,319,691,453,518,505.0,485.5,372,65
eq36CyqmhQbDzeSSJJG5NFgFDuHHuz.jpg,423,939,482,560,681.0,521.0,516,78
Eq3lGRY5l3BG4usx135pHbaG98L86xH.jpg,500,800,435,493,650.0,464.0,300,58
eqG121LOnHT3bvmUOPLH5BrqdzG8u.jpg,445,779,451,516,612.0,483.5,334,65
EQGPGZBfC1saMClcavcVqGO9Yicw8t7.jpg,445,748,434,493,596.5,463.5,303,59
EqKJz3EeSEs168DVuNxYFTdPDc7BP.jpg,413,744,450,511,578.5,480.5,331,61
eqNX4VtrJmYCD85tKfwhdZh7ICraqfWj.jpg,504,798,423,481,651.0,452.0,294,58
eQNzotI7ctIbl8ZY4oQRNQC8uKzo.jpg,341,786,457,522,563.5,489.5,445,65
EqQLTeZCzL8PZkhMMrjOT4xp2Qlh_.jpg,305,845,463,559,575.0,511.0,540,96
EQx46Dcnnd7IRfEg7dK_Ucn436Y_r.jpg,480,928,466,535,704.0,500.5,448,69
eQycRSb1R_dIeM1LrWJKmccd9qjBEc.jpg,477,893,455,519,685.0,487.0,416,64
eQyMfJwv62TqU1Clk9L58OqXoFMWTU.jpg,401,970,516,597,685.5,556.5,569,81
Eqz5_mSauKGTBsqMVUMdiD1p3wq8ih.jpg,440,846,419,483,643.0,451.0,406,64
eqZOFwzcDlIU4omhhN2zIjGrPUKZKWiL.jpg,408,924,458,535,666.0,496.5,516,77
eqzXG8LBiv_vbINpqSrxxw95Tp7gGHk6.jpg,401,737,450,512,569.0,481.0,336,62
er7Jts7RmhuEk9K25i7h3LDq4OjliF.jpg,143,854,528,628,498.5,578.0,711,100
ErbV3lWjxJwYQf7T4uTE4FhLNUESZ9I3.jpg,319,761,433,498,540.0,465.5,442,65
ERE2lhJYd9zgkCuXHn_EyDbWCYcq3o.jpg,398,934,463,541,666.0,502.0,536,78
ErHC2NxDbR63C1yb52s8ZToJOhG3q_.jpg,469,781,464,524,625.0,494.0,312,60
ErHVWGCWGr3JS5LRLpG6lSVTXoLVwPw.jpg,227,644,489,571,435.5,530.0,417,82
eRkigNGxWfxYluyTUc5iqYsfaBMe1b2.jpg,377,888,496,575,632.5,535.5,511,79
eRoSqB8nBqtweue8BRv_nORIpCB7j1.jpg,412,728,439,497,570.0,468.0,316,58
eRURGyVivF213MXZuO1U1VdDmb2PvRM.jpg,419,900,473,549,659.5,511.0,481,76
erW7EbjxcQdzjjrDtq2g8OlQEiyoRQE.jpg,549,879,439,504,714.0,471.5,330,65
ERyEgC6rDHEMdbLV2mG1vVQk763Wh5.jpg,490,816,470,532,653.0,501.0,326,62
er_blMK_mrOUVg9G5N2ahJHqkE8fXhG.jpg,329,741,420,488,535.0,454.0,412,68
es8O_ZSvBFt62wV1Q8k8cSXfnJBRMe1.jpg,490,800,440,499,645.0,469.5,310,59
esatRSsJ_YLDoxJs54OLQWKUfx1.jpg,382,904,494,574,643.0,534.0,522,80
esenGqpRP7XNF2n6okmaWB7SR951Gq.jpg,373,966,489,576,669.5,532.5,593,87
ESFpHRJWCIH_kmbD6ti_1_c8wInVVI.jpg,315,805,445,521,560.0,483.0,490,76
EsHGmCSxMpiE8Sc5xguoysuGwPTYnxXI.jpg,335,829,472,544,582.0,508.0,494,72
eSOVfHRKzD_Zr_uUI6QMtN15bHJh7M8j.jpg,284,808,482,559,546.0,520.5,524,77
eSUC5_jUMsG1oYGC6bDI1kCqXZo7lgY.jpg,462,792,442,502,627.0,472.0,330,60
EsUdZUYFzjFm5pNthOzacFKTashGG.jpg,447,901,433,506,674.0,469.5,454,73
ESwKTnimZ5GXWXwyJE59i4mdfFcdcv.jpg,439,742,435,493,590.5,464.0,303,58
eSXnWjISkFmxdYx3rO8IB2uiXGCcCpo.jpg,452,784,475,540,618.0,507.5,332,65
ESxSVVpfiiQcnMeqhp2N1T3bXNpxIR.jpg,417,921,451,526,669.0,488.5,504,75
eT3Fyf6EzFnkhHXnUceBFcMuLHvdKj.jpg,409,916,490,563,662.5,526.5,507,73
Et54wQ8m9iwfP6c_nLNjwThJORF7a.jpg,287,766,446,520,526.5,483.0,479,74
et5p2kJJVrd6RU2JsH4fFllCT2feB.jpg,349,866,450,527,607.5,488.5,517,77
etaLzKtQVvhl6gdMGo5bXFaGn4goxgI.jpg,412,966,511,591,689.0,551.0,554,80
eTcbns9yMXZqn7sIYOPoFUEMmJRD5mDE.jpg,482,833,481,545,657.5,513.0,351,64
EtIyU87I4CadehMbwJii4ayzNcowJw.jpg,454,736,429,481,595.0,455.0,282,52
EtOek7QdXJHOXha5ID2ggtEqaXDlND.jpg,454,902,463,534,678.0,498.5,448,71
ETpbF5Bsx429e6W5xCx5GE4kWCqeXp.jpg,374,818,424,489,596.0,456.5,444,65
etPmH_uOy5pGN8ws1cPlRdZEdRY9zQ3.jpg,418,818,449,509,618.0,479.0,400,60
ETqgggFCZuR7fZOo8sb5ofw71rVQET.jpg,308,727,438,499,517.5,468.5,419,61
etRdPMpbpwYKmJ_B_nY4S2327FHaV9k1.jpg,381,804,530,604,592.5,567.0,423,74
ETr_j5TQVNpeXWqSynfpa1ITjZwvhZN.jpg,352,742,414,476,547.0,445.0,390,62
eTY_JTOcJurbRO4mBmKapMjPNES_.jpg,421,991,519,600,706.0,559.5,570,81
Eu6Wl1x4joaTTd5XF2UJrJINVQ8ZyX79.jpg,460,884,418,487,672.0,452.5,424,69
Eu9SSgDksIg8zS2RWqFh8l_TynFHtmP.jpg,444,828,414,477,636.0,445.5,384,63
eUCUaJvR1f7kvMQEdGpP6r427PLO.jpg,282,789,452,525,535.5,488.5,507,73
eudcyOV1_le3RfGS9BvIkP2UtvBItWjL.jpg,335,905,479,560,620.0,519.5,570,81
eUhzvhmKnxvzQchxxOHJ7VRtITJZ2.jpg,364,892,462,538,628.0,500.0,528,76
EUIP1K2sO3JckRajkBKyLgGYjFd_eU.jpg,402,853,467,538,627.5,502.5,451,71
EunB_FY5HeCZhGtJop189rdShe7Kg.jpg,431,872,430,499,651.5,464.5,441,69
eunx7hb4Y9RUiFpZINYWMIHNaKae736.jpg,376,905,505,581,640.5,543.0,529,76
EUs5DrG8n_OGXr66kEpaFa9FYnbDb.jpg,402,980,526,607,691.0,566.5,578,81
eUsRzRPsHHqxbmiFbXPmJKSvcClDd.jpg,537,864,464,526,700.5,495.0,327,62
eUvmWRc9HU77Mh5kjH3zKV6bB2bFglt.jpg,408,831,424,490,619.5,457.0,423,66
euvTOStOlkPF3MYGGUCNGjUDwgTaiLs.jpg,446,777,475,537,611.5,506.0,331,62
EuXJLm_zYsDi7lDtxLnw4Lb9OR_8.jpg,469,905,458,525,687.0,491.5,436,67
eUz95nTWM3FIGH66LzlqPecclXpPzK.jpg,431,774,432,502,602.5,467.0,343,70
euZr1npJlTvQud4R64R1Z6PIixlGXy.jpg,395,937,457,534,666.0,495.5,542,77
eV1nUI1WeWuz_V58kF1s2Po2jIhaIQj8.jpg,411,735,447,507,573.0,477.0,324,60
eV6_pvffrcacmltJfeFHi3V9QGvT3.jpg,403,880,471,546,641.5,508.5,477,75
evgsTsN9gxEnsS5O67Vf1R4LUzbMUj.jpg,349,863,412,495,606.0,453.5,514,83
evL2ieiqDqC4wzsBNvgCff1EkHoR4c.jpg,376,715,485,548,545.5,516.5,339,63
EVPWpqb4vTMktBkFNjYX32Zx3Gt5yx8G.jpg,379,794,449,513,586.5,481.0,415,64
evShYvd48KlclnC7J3op5LrrzST6Mmy.jpg,462,813,444,512,637.5,478.0,351,68
evv2G56J1ViYkYdyim9zu_VHcKlxe6uC.jpg,360,786,450,515,573.0,482.5,426,65
evWOJDm_dd65yE84pZHUP7MdkG5WT8.jpg,354,872,457,535,613.0,496.0,518,78
EVy_bYMdtheR5fyOKUQigUtWEgmt.jpg,253,906,503,602,579.5,552.5,653,99
EvzeCHHIkmV5O7cu_W5wG6qGNUUzm.jpg,424,717,428,483,570.5,455.5,293,55
EW33IN9pMdEsO_whDPFoROEFJxS8BXVb.jpg,383,749,471,537,566.0,504.0,366,66
EWihKx3TnwnBuYDaXVd1ImtHZnKr4.jpg,421,859,419,506,640.0,462.5,438,87
eWNVVJlsDzFe84Ipp6UXs8g91kD18f.jpg,385,832,457,533,608.5,495.0,447,76
eWNxYgf6XMGVxroXGN3dVFTf4ltfun4C.jpg,271,984,523,627,627.5,575.0,713,104
EwO7JDrC2mgy5EPRYTG1ZIlyztTe81.jpg,381,676,456,511,528.5,483.5,295,55
EwQtZ7bXllUB7xJihQtkC1f2Y9aYdfVH.jpg,491,808,445,504,649.5,474.5,317,59
ewwlE_LCHNepMqzEzONk5DtseCrq35k.jpg,321,743,422,491,532.0,456.5,422,69
eWXnR8hjLHp59jsvtV5xMrYoJEOE.jpg,254,867,533,621,560.5,577.0,613,88
EwYTUzDzHb3uO5f7fBRtZdM5tiFRMJ.jpg,461,894,430,496,677.5,463.0,433,66
Ex3zsnucLDtkjwndFNKJY7Q7Ybpe6X.jpg,402,856,462,530,629.0,496.0,454,68
EXCuGZz6r9KXJtdtdy6Y7BhWPJNIQVI.jpg,325,804,447,518,564.5,482.5,479,71
eXgrFemXgzmmFDwlWoqNS_XC6onwK9.jpg,411,905,461,530,658.0,495.5,494,69
exj9HySDgZkGLhgrNq9gciEOs41cECs4.jpg,320,888,469,550,604.0,509.5,568,81
EXjkavlO_lyWG9RokiEMgNClEwlijWd.jpg,386,910,457,536,648.0,496.5,524,79
exKb3S42rZbHTCsjvdrs_ImdBxiuwHPT.jpg,417,908,486,556,662.5,521.0,491,70
exM81m1f_sFK7a3zcEZ68HXuRGEh.jpg,414,835,451,518,624.5,484.5,421,67
exmLw4O2nI21L_MceH6gbbMnrFcbiL.jpg,331,847,444,546,589.0,495.0,516,102
exmZRrwqEIoqmsvy3qJYaet1eSRFW.jpg,251,837,519,607,544.0,563.0,586,88
eXpiI7UH8xF53tpIZ22GQOIr8FuZUe4.jpg,456,768,440,501,612.0,470.5,312,61
EXvepo87bGWcNdkhPYT8vG3c4xyv.jpg,273,782,455,529,527.5,492.0,509,74
eXWi15ulJS7SsuKw7gfwMkOWCdvBGLj.jpg,480,805,473,535,642.5,504.0,325,62
eX_Tlka_4wW7EWXN2Z6Q5pbERZCVrFR.jpg,343,803,431,504,573.0,467.5,460,73
EY8UO5h5HvopXH5RNY1C26lJMOWdZSC.jpg,414,902,453,525,658.0,489.0,488,72
EyCTyFlSQwrJfzSLVpj4HLxHs7H5l4a.jpg,341,856,479,552,598.5,515.5,515,73
eyDZ3ork3cyyJjdXMMVPqzFfBed25Ck.jpg,588,1062,494,576,825.0,535.0,474,82
eYDzglJwRmzDM2udBXb_qQjNsO2E7.jpg,393,722,449,510,557.5,479.5,329,61
eYHIM5_tMy9IWHMs2oGmCrHFBJxHGwGj.jpg,229,800,460,542,514.5,501.0,571,82
EYVZb37t7B9RVDOhwkUd1tVIxgOdK.jpg,336,666,442,503,501.0,472.5,330,61
EYxP38pvXRPIMCt6ZYxWrjY4qaVJpnG.jpg,432,733,436,492,582.5,464.0,301,56
eyYEa8sCPPoB2aUKlXzOx23xrM32x3YN.jpg,385,864,448,518,624.5,483.0,479,70
EZ59vkzyWsNrz3d1MUHTvVBboiPVRPR.jpg,334,819,464,535,576.5,499.5,485,71
eZj_eLrE5lliouviDI9T9kjYY7pe7zJ.jpg,326,847,497,573,586.5,535.0,521,76
ezLoi4e2RkqjrngftBgd_eSbZfKOYC.jpg,395,791,519,589,593.0,554.0,396,70
ezOvaa2T4GMMYIONymEJxyXyeoj172.jpg,418,814,517,589,616.0,553.0,396,72
EZpBCmKjW665dTbFRw86QmDj_XMviX.jpg,411,959,509,588,685.0,548.5,548,79
EZT4GtEeFLFhfrUxNceMRt7NII1Xbg.jpg,379,664,430,485,521.5,457.5,285,55
EZUmxblzfyJ1aJXcJFiqL6jDpsb8463.jpg,394,803,420,490,598.5,455.0,409,70
eZV5O2QS6aphEYXj6M6xBx4qiQ4emVCv.jpg,314,905,518,600,609.5,559.0,591,82
eZyVgx5MsIm_FtJkn_ZKyaLwOegIX.jpg,444,778,470,530,611.0,500.0,334,60
e_g1nw8wetWvxsCoVKTdJeaUrUTb8w.jpg,397,1003,484,572,700.0,528.0,606,88
e_ODFc4fBkiSGtIvo5eTleDx98BD4.jpg,454,833,513,581,643.5,547.0,379,68
f1bm5EXC6Yeix9wSN5YwM5y9LRJmEPc.jpg,290,824,450,534,557.0,492.0,534,84
F1WdGm_Esp5ffTW9Ym2fz3TqCvROI3xC.jpg,374,663,436,491,518.5,463.5,289,55
F1xm4dUhiQdu6suwJcoe6F166cD6mGX.jpg,344,759,425,488,551.5,456.5,415,63
F2L5zp95pwrgYhyOF5M5r918r3MJ6MQi.jpg,471,775,462,520,623.0,491.0,304,58
f2usyMDRtkV7o9JQ1hNHGnOGkoXi.jpg,415,787,494,561,601.0,527.5,372,67
F2VYZc_1P1iWLvVQDhNXnmDMY3gSCHD.jpg,281,772,443,517,526.5,480.0,491,74
F3D6c7ji8K_uWm8KEHvctsIxnfihJ.jpg,403,728,468,528,565.5,498.0,325,60
F3fZah4onqrQtK4Sd8uu2KntanKmlWY.jpg,457,796,482,547,626.5,514.5,339,65
F3icI8i8N8aHN1Hh2EQKJmdNFE7llF5V.jpg,363,935,517,603,649.0,560.0,572,86
F3icqzDpRLBdfvr_B2Shwiqsf65pilmy.jpg,428,838,449,511,633.0,480.0,410,62
F3jFJRtnETmQtc9dNaX9RVMLUFcMvniQ.jpg,376,850,473,544,613.0,508.5,474,71
f4HClrv4SPHGFd9nHy1Bdgtozhipmu9H.jpg,339,685,468,529,512.0,498.5,346,61
F4jsOO6bVjsR8acY_Hfrz4mXw6hs97cH.jpg,469,885,421,494,677.0,457.5,416,73
f56LLsjcn25DyKr_nRI_rEK9ubu.jpg,308,898,486,574,603.0,530.0,590,88
f5af54hdlTIMQGaS511abnu3PQSq_FM.jpg,465,737,441,492,601.0,466.5,272,51
f69c_pDQp_GeuS1roxyg4oiqIMfG6N.jpg,341,887,512,590,614.0,551.0,546,78
f6gQSTDeuL6POlgJ5v5CXQwe3Zy2.jpg,394,954,508,591,674.0,549.5,560,83
f6VFzN3c2bNNqVpaSbcCJ4cWJqyiblKJ.jpg,277,785,463,537,531.0,500.0,508,74
f6zEaXebphuGqa57JZazU2K1L48SLca3.jpg,506,831,444,505,668.5,474.5,325,61
F6zo7Q5rULvFhCQEBjPN8aHmsqqjlss.jpg,409,818,421,486,613.5,453.5,409,65
f7X3g6N2FhzmJ1zZ14FrrEXZL2aoI.jpg,380,976,487,588,678.0,537.5,596,101
f7Xp6Ni2XJNnfI5TGFsDVWZEYxlmLVD.jpg,405,975,518,600,690.0,559.0,570,82
f88EJz7UNTHIR8B5VP8XpfWWuHK3itV.jpg,377,688,467,525,532.5,496.0,311,58
F8iMG1okzzkN9ms8UnqRnTdEJUyzw7B.jpg,424,816,479,551,620.0,515.0,392,72
f8KVtfMghZtJLs6oXh2ZvVLExBnLSODb.jpg,374,846,439,509,610.0,474.0,472,70
f8LHndcdfF_7Gse2pWCzs9VG7kGj_.jpg,479,800,468,528,639.5,498.0,321,60
f8Ranqy6fCSbxayRrrBfQD7UZhHzl9.jpg,466,911,462,529,688.5,495.5,445,67
f8w3HmGjSbcDBYwQBcHcUHlFoHco1O2.jpg,463,961,479,554,712.0,516.5,498,75
f94FzFyoFHU8cIpD1bIE6oYkW4t7o7Ld.jpg,383,830,436,505,606.5,470.5,447,69
f95RLvfUI5dvwanWvchgt5ju1f9RS.jpg,416,886,444,513,651.0,478.5,470,69
f9b_h6T58T__53aXOmjNotNCXCdqJ15.jpg,181,993,554,678,587.0,616.0,812,124
F9DTy5l_4iWKzH2DHttc8E_kPKpeZbm.jpg,373,873,459,529,623.0,494.0,500,70
F9f9W8UIqmBPKrg_hB9o5kukiQTE7I.jpg,382,833,433,505,607.5,469.0,451,72
f9HB4jC1TwYJHO7GlV2qaxBwZwX7YMV.jpg,454,814,461,528,634.0,494.5,360,67
f9J_JSOmZGmk1dvOLMM6FThEvwutt.jpg,386,684,437,494,535.0,465.5,298,57
F9R3GSd45E3lX4Vigb3SVBl9o24lGqw4.jpg,224,986,528,638,605.0,583.0,762,110
F9TSqzq6znhYIFidIqNNc4Dprp7fLt62.jpg,393,932,499,581,662.5,540.0,539,82
fa2WVI9l6n5wJ7y5v2e4_WT2HD7fV.jpg,332,870,464,545,601.0,504.5,538,81
fabBDlq4SiStPC_LfZNYtGDxV35wJLw.jpg,394,929,507,585,661.5,546.0,535,78
faTy7mLVxv2SX6egFaYEyHUNUQyb3ou.jpg,363,904,503,585,633.5,544.0,541,82
faU4WqlKyMTWjnLNvlMh7whc4uxITfv.jpg,364,833,440,510,598.5,475.0,469,70
Fb4cESzIcC55yH68U8MWb5BInF8HnQDQ.jpg,390,929,462,545,659.5,503.5,539,83
fB5bPIkF8wMIXau8lWCUVx1ii6o63iOn.jpg,525,861,470,533,693.0,501.5,336,63
FB5mY32T2IFPwC4Ng1RimZFEgnHw3YX.jpg,279,771,442,519,525.0,480.5,492,77
Fb7lPcnKeagduEQ3OmrhySnVplbi8rL.jpg,393,732,453,515,562.5,484.0,339,62
fb9S7hkuMHdZFe4q41BpSq9RtUx31.jpg,322,946,489,591,634.0,540.0,624,102
FbbMkNmpZT9brOr6hkjBX6598R8yyV8N.jpg,276,787,485,560,531.5,522.5,511,75
FBiIXzY_j4MrdDs2tKj41BXjkcCnceL.jpg,356,756,417,478,556.0,447.5,400,61
FbOMGyb44COfmQTn6PIz4XGTL96IpYD.jpg,295,881,459,546,588.0,502.5,586,87
fBrbrV7tnzgTtkZmmtsYxT1rinleK_k.jpg,212,1009,554,669,610.5,611.5,797,115
fbVRYGoM67QGvtZEnY9ly1MbCxZFOu.jpg,434,710,423,479,572.0,451.0,276,56
fbyw26O7pGMiwr8UujqfQw5iikurs.jpg,46,1231,730,884,638.5,807.0,1185,154
fBYWSjfFyuLqxpsaB_yIVqDlgg2o.jpg,428,892,468,537,660.0,502.5,464,69
Fc17Iw77L37IxXBRoODuonacPyepEYpp.jpg,457,1025,513,597,741.0,555.0,568,84
fc2THrnUZ5nxTbmwRwd8dZk3xSlzQLq.jpg,437,745,444,501,591.0,472.5,308,57
fc7ztrdXUWCvRgaai2szCZ7sEK9Dk_.jpg,279,867,528,608,573.0,568.0,588,80
fCbYw5SxcWb1NQJCzF4ENgjf2qNV188e.jpg,413,914,451,526,663.5,488.5,501,75
FcdUpYqPX7W_HkhdtBQqegxmzmfu9Th.jpg,428,922,480,552,675.0,516.0,494,72
fCki5E9sd_fV8SqBGL3m1wN439RVf3h.jpg,207,1076,577,702,641.5,639.5,869,125
fD4ZkhJy3oJHq8YWhy_jD6g86pbInG.jpg,443,759,471,529,601.0,500.0,316,58
FdbBG8LZRYg8CHK75Y2CdjsaPrC66C.jpg,412,851,429,495,631.5,462.0,439,66
FDbEElCzmuXknzujGlJyutcsPVGbyu.jpg,378,849,442,513,613.5,477.5,471,71
FDbWS1gHTfLQsC9pW18H_MZwRNZb.jpg,419,752,456,513,585.5,484.5,333,57
FdJ3WeMy38DJYwJnzug8iHffHZZTaYnN.jpg,400,761,488,551,580.5,519.5,361,63
FDLNLnWLnPXXFnmkcXKdd2iP1z8dSZ.jpg,404,931,455,535,667.5,495.0,527,80
FDok4UpW7yumgvQMsGBYf1dnThc44Hw.jpg,395,837,429,498,616.0,463.5,442,69
fdTjzrXZr1al6VBBbTTFyvgC_da8sX3x.jpg,402,719,468,529,560.5,498.5,317,61
fDTTlOUKWedzOBLLBUUDcsRPcHPw_.jpg,437,783,487,550,610.0,518.5,346,63
fDw4yJ62Wp738EiYI4htbPT8FiVWFw.jpg,403,800,435,495,601.5,465.0,397,60
Fdz66ob4kfYKpnydj_sBLRDxTH7I1pYG.jpg,387,699,451,510,543.0,480.5,312,59
fE1jvlmSinL8rqeVMFeF1VspT4dqV.jpg,422,899,441,514,660.5,477.5,477,73
FE1OykNMEvb88osJlUabKzBFUMazlf.jpg,333,912,469,573,622.5,521.0,579,104
FE2i8jPzagRhGeSgk6POtDrIh1qZyn.jpg,489,785,451,507,637.0,479.0,296,56
Fe5I9yy9l4yad6yQxpryC8H_1Sv7Q.jpg,259,838,477,561,548.5,519.0,579,84
FEBuG8sW36FFYIOLT9rOlvMrnn7yTgu.jpg,483,904,420,487,693.5,453.5,421,67
FeGk6HSFDt6MFErUmUCixp1y7QkE5u.jpg,438,766,475,536,602.0,505.5,328,61
FeI7Pb4orQqbylJyl2hPvjVYfPVGEeHv.jpg,491,827,478,539,659.0,508.5,336,61
FEmpRqXkDs7QFSqUZMPnmjWct_s_O.jpg,316,631,440,499,473.5,469.5,315,59
FeP9tso2MzrDH47ZywLN6sCxecZN174G.jpg,424,837,440,504,630.5,472.0,413,64
FESGckdpKBGsSsQUe55sz3VSvuIOV.jpg,458,842,514,585,650.0,549.5,384,71
FEvYX6UR98axs_gUDzv51zba9CgmnIo8.jpg,373,833,465,537,603.0,501.0,460,72
fF25aVBfBTpYrBdy2HbskziEQYsS1z9.jpg,413,897,447,525,655.0,486.0,484,78
fFIdb15fL2zXHOmNRo5g7pdWBCvt1iNN.jpg,314,769,436,503,541.5,469.5,455,67
FfJnaO2VV2lNaO6xIXOG9e8jY3M_SEVG.jpg,428,798,495,566,613.0,530.5,370,71
FFP94Fnz8hX4ce4KJpuFrBZUc9vPEWp.jpg,342,738,488,558,540.0,523.0,396,70
fFpVy51X78u5zLlRhC2m2tnJ5u7ufrN.jpg,369,920,512,590,644.5,551.0,551,78
FfvcmHPLI5_YgkhlTI6TtHSO4lWfD4.jpg,393,688,426,482,540.5,454.0,295,56
FfVEM2gYexXz5hLsl8GQfRlks5w5T.jpg,470,871,411,480,670.5,445.5,401,69
fFZrMZo44RcVudFMHDLc3aepN49caj.jpg,330,773,437,505,551.5,471.0,443,68
FFZTqSKVwCOhjmo5ONVDc8bTuXdRan.jpg,375,791,447,511,583.0,479.0,416,64
Fg1jUniZZtTV3NGpX9DlrUT2B5GKibqi.jpg,370,986,531,640,678.0,585.5,616,109
FG639c5aZvXwug17QQajnLHmul4svj.jpg,406,840,425,491,623.0,458.0,434,66
FGF2zQfeiQm7zeqPHFSJ92M7zhFhBl.jpg,272,775,456,530,523.5,493.0,503,74
fgF4hxvr22bOpq22tjwsn3cpfZFw8H.jpg,428,712,431,483,570.0,457.0,284,52
FGFgheS415HD2wDadKl8cfwVlSTGoVGy.jpg,469,875,492,558,672.0,525.0,406,66
FgjmlrfWZ3VGdVg3yaYxOcCjmKeOUa2.jpg,405,807,419,483,606.0,451.0,402,64
fGKi58wvJmLaeiGGE9Dg4Mg34rbu_.jpg,376,918,470,551,647.0,510.5,542,81
fglIXmOX7Kb_Wy7Ja1z2D9OKk85cWPuQ.jpg,376,658,431,484,517.0,457.5,282,53
fgTOwUdWP6povDMcVCsNkzYwnuGaUVoo.jpg,400,928,464,544,664.0,504.0,528,80
fGwvC9IHy9b8s4XWD9OEbmk13_Uic.jpg,364,832,471,544,598.0,507.5,468,73
FgZdXVjei_3tcgCFJzfmlolnC8gzgX.jpg,375,913,454,552,644.0,503.0,538,98
fH8uj1fGxqN45NONxGQPeeMqjvINuBzz.jpg,392,876,446,516,634.0,481.0,484,70
FhCYJ_uQXDSh6n6sWcEn_UTlQF_9Dd.jpg,329,790,445,514,559.5,479.5,461,69
fheJlt9K65RNivu_otxbdc7DiErQ2j.jpg,198,842,505,602,520.0,553.5,644,97
FhEO97ZbYmoDnFeT9nnMoya79isniV.jpg,386,812,416,478,599.0,447.0,426,62
FHKMfIP6UqrmJvaK2QxSBE_CxaeoqRvk.jpg,423,843,425,489,633.0,457.0,420,64
fHNSNWlMMqagx33XGdYCw3pJ9Pw_jd3.jpg,383,803,417,490,593.0,453.5,420,73
FHqt_zQYpZUBshawzzf46Hl61laEl5Z.jpg,462,783,472,529,622.5,500.5,321,57
fHU5Ry_Ys6mXvqsQaj95azOZrhOIst.jpg,357,744,416,477,550.5,446.5,387,61
fHUn6otV8dNFVOmWloOTZBJ79dcG81.jpg,356,889,508,587,622.5,547.5,533,79
FhyTu8to2e88ZrxCGjq4jeI3_he9CJ.jpg,390,738,489,553,564.0,521.0,348,64
fH_LxBJEGJySl3wplhxpt6yzdhO3dDu.jpg,325,904,477,563,614.5,520.0,579,86
fI4ucXdZpDRvziUwt5ZsVF9PYxvRGSv.jpg,291,766,429,500,528.5,464.5,475,71
FIDSdemCgKRcwGNP8tXOUlidKkLD6iML.jpg,386,979,530,612,682.5,571.0,593,82
FiKxat81rRQc5iDS3nJ4VbdkG663yEHP.jpg,242,1021,530,652,631.5,591.0,779,122
fInkVLcYdqgpy8duvCKQhiDnsXJNzc.jpg,369,735,491,555,552.0,523.0,366,64
fInWm_qcFTV9GUO6Kan7oEZ3c7eLSj.jpg,376,698,444,504,537.0,474.0,322,60
fiR8Kyv9Jv6Dyn_jv9imyR7xC9pZdP.jpg,382,954,467,572,668.0,519.5,572,105
fIsiheXjcfPoFxt_xcnicC3ikJZRal.jpg,424,889,438,509,656.5,473.5,465,71
FiUV8au65JKZq5va7qT8_HLt5UXRI7.jpg,284,801,570,670,542.5,620.0,517,100
fiwrVNvdP_eqMvVYXpfvKNrce6NFiZG.jpg,425,860,428,495,642.5,461.5,435,67
fIxM12gUHV8rRVMnrZH2xdodQowu5.jpg,355,794,427,495,574.5,461.0,439,68
Fj1brFW1l_5Uvm4YEizauxiFktv_EH.jpg,322,749,419,483,535.5,451.0,427,64
fj3t9fJy2UqOJYZ8ths_GUSZITzLF9.jpg,388,923,450,531,655.5,490.5,535,81
Fj7k9JESPtcsYga4zepGRz2VgeUi3E.jpg,473,755,427,481,614.0,454.0,282,54
FjBC7wvsppfjmPLZX5OsqcPSrmw1.jpg,448,876,424,497,662.0,460.5,428,73
FJd1DaCn8neSXE9tJpxbpGLEcrlBeqtz.jpg,425,872,429,497,648.5,463.0,447,68
FJI91HThx2lt3RjP6dxSytGRv_hxgoc.jpg,468,883,419,486,675.5,452.5,415,67
FJIEfBoDIGpnGEI3o2jVOEOH9YQIje.jpg,409,840,424,490,624.5,457.0,431,66
fjiU5VbFOT2aBHprDRfSbCEHN_3dNS.jpg,465,799,481,542,632.0,511.5,334,61
fjMcmFIXzWm3rNpPTlMjPFfkRz76ZH.jpg,373,746,473,541,559.5,507.0,373,68
fjosyjjgR1RlvjVPifVcyvE5yOOt.jpg,443,887,432,501,665.0,466.5,444,69
fjPpfqoTHQlqZWzkKRXM8jBvdrdS.jpg,372,931,512,593,651.5,552.5,559,81
fJ_7FoEJlziM5_XuWIxngkh8823woi6.jpg,410,707,441,497,558.5,469.0,297,56
fk6ZQDZCTbox7B_Rb57sDkBtUnOjzX.jpg,390,864,473,545,627.0,509.0,474,72
FK9kH1h6oEsE2PoVevzKRt9sbEtm1N.jpg,432,734,440,497,583.0,468.5,302,57
fKezf36YBoykwMNFPm7X6_B5PLoiDMcZ.jpg,421,948,496,577,684.5,536.5,527,81
fKf1UIY8rYfZpRHxO7_3l_Mrwnr2QmX.jpg,465,868,417,484,666.5,450.5,403,67
fkg4mRO4b5dSvoBdz2MtZV5H44n6Qt.jpg,348,933,519,602,640.5,560.5,585,83
fKHFh1EBwbuBzQMdcRVOFhUtXKQ3Qi_f.jpg,516,893,505,576,704.5,540.5,377,71
fkJXVc6Ch6v_YBabP1bFkEiYRWOrzqjk.jpg,404,765,475,539,584.5,507.0,361,64
FKkoXmETxMOCGTK4ilCDFblUsFdxwWK.jpg,433,880,428,494,656.5,461.0,447,66
FkMBH5dtGNOn5PahdLY5hlXwwUEMRC.jpg,362,893,453,530,627.5,491.5,531,77
FkrRDrg7dMsVhXa7Xd3wSxe8HYR5F2B.jpg,478,819,455,516,648.5,485.5,341,61
fkRX9Lv2O8VGqUkzFha3LDzUQOL_nFW.jpg,376,878,451,524,627.0,487.5,502,73
FKT2vfUfFCMNR5j45g1IF1VsfWugwCj.jpg,344,865,459,535,604.5,497.0,521,76
fKXO56okLF7cJiKBGSwjoIvHcxErUt4g.jpg,271,816,463,544,543.5,503.5,545,81
Fl2EQgiezMy4ECMt8Ir_W7DUZJzMs.jpg,482,788,462,518,635.0,490.0,306,56
fL4kJqI7lqrxFkg35eQp6mSzm5BW79DB.jpg,285,764,425,497,524.5,461.0,479,72
FlDbk_ZmdpGuehVl9UaOdZlfyXIPv2o5.jpg,341,855,453,530,598.0,491.5,514,77
FlfVj5KwxERBEqthp3SUmFZ1vpMzfmv.jpg,361,892,456,541,626.5,498.5,531,85
flLKlX2OrNqlfZs6xynebo92QJ7vPNDC.jpg,187,879,519,619,533.0,569.0,692,100
fLN9h3V3pbNaxYbqcKQSPFlbODMGEc.jpg,453,784,453,515,618.5,484.0,331,62
flPJT9hw8qYfGnOyfwqtnT8QkS_27Gxl.jpg,342,749,421,481,545.5,451.0,407,60
FLy2SiiWIx7dbTuKqfX44T4U7rddel.jpg,363,856,449,524,609.5,486.5,493,75
flYKsxqaPBMLvXkkNsUyF4nGQHxVkYvk.jpg,479,976,481,561,727.5,521.0,497,80
Fm3RqfoJbo5r5XE2t1dMhOFp6iCBmr57.jpg,376,871,452,525,623.5,488.5,495,73
fmbaglWQ2hMS97aRCdbybGXbqrQv1O.jpg,374,901,456,537,637.5,496.5,527,81
fMg6mUTq_xwSwR4dstgYZK_aFyTnDtt.jpg,510,828,433,494,669.0,463.5,318,61
FMHxXWqZqGIGH8D7zF3yypbzcKobRJS4.jpg,394,941,509,590,667.5,549.5,547,81
fMiVLslO63Vw8t8ndU3q6SFj12cKPO6.jpg,289,746,475,544,517.5,509.5,457,69
FMj9EcVwyvDpBGJrhmrbPj5RHmoHMlbx.jpg,467,798,463,520,632.5,491.5,331,57
FMjiGqxjuX6ClG5staU3FwjBiFCvUhX.jpg,333,750,425,490,541.5,457.5,417,65
FMnyMIwPVxUDvhe1kPkzWmOeGyhg5Zk.jpg,411,827,420,485,619.0,452.5,416,65
fmWkOXe74mkF5PG7m88eFShhYIwiGg.jpg,274,875,528,612,574.5,570.0,601,84
FMwOVShz8nFQreeEWKzO8VSMCIXgRSs.jpg,456,919,476,546,687.5,511.0,463,70
FmYUYErzLuaH6n__h1Qtn8DrbzDX1jc.jpg,339,873,466,543,606.0,504.5,534,77
FMZIEltFSN7ZvwBKGy9cSNJtTChUUiN5.jpg,365,774,525,595,569.5,560.0,409,70
Fn4f3tb5c66xHNV17JfYfL3Tg6TQgkos.jpg,491,815,446,506,653.0,476.0,324,60
FN9PDGhZSHu3Wc7FBi1n3YlrLl6SDH2.jpg,409,920,492,564,664.5,528.0,511,72
FNcSzEuXSQ2kZ9aw9jZiSYIb_lz9QYth.jpg,338,804,471,545,571.0,508.0,466,74
fNd6puvZFPnq7iI_N6hBcMp_vo_eBZg.jpg,456,907,468,538,681.5,503.0,451,70
fNENerfFqjzEXjxZfw3p_GTXod6Vxl.jpg,416,850,430,497,633.0,463.5,434,67
fnhLeGlkGqzebiwTZJw_zcZP8jadeC6.jpg,407,882,442,515,644.5,478.5,475,73
FNkagd6roczBgRIKm7oEUdfqvoOK1ZDc.jpg,411,733,448,505,572.0,476.5,322,57
FnpgGmb35t1R6MqNpczfHxl7xSI.jpg,428,789,455,521,608.5,488.0,361,66
fNqKEp1F7po1L4gjTE6WCrgYFlG_wG.jpg,426,846,455,522,636.0,488.5,420,67
fnScQXquOvX6h1xF9NhX9WhsSuFrNL.jpg,302,763,438,510,532.5,474.0,461,72
fntJZ6YndJu2hwMDOWeVSCiBZi_vJV.jpg,164,1043,583,707,603.5,645.0,879,124
fNTumuFj4wgDz4pFNJ9ydmOyVI9U.jpg,437,887,434,504,662.0,469.0,450,70
fnX31jYy5v7EFCGcX2m5pM4ZqQP7M.jpg,322,742,426,491,532.0,458.5,420,65
FO2Ly7dnlc93xSpf_DuaafYoYiuNpYz.jpg,343,773,428,497,558.0,462.5,430,69
fo3d8_yExO1ZWC4lHD_od1dq2Yf27.jpg,301,860,465,550,580.5,507.5,559,85
fo7m1V3Ro1rjhFVzr8CDPvL3mroTS.jpg,392,759,497,567,575.5,532.0,367,70
FoHk3rxDuOugIdxxu1rB2svUJFfCNh.jpg,377,1054,528,623,715.5,575.5,677,95
FOj3YY7ythdIEP4c9tmS5g7lclemkE6W.jpg,362,684,446,505,523.0,475.5,322,59
fOjoQODgdvYSB7IZUMqxCW3jst3HLUZ.jpg,459,795,473,536,627.0,504.5,336,63
foMfdpIq7JGNs7Tae4yDiUn4ndnyl2.jpg,453,936,429,511,694.5,470.0,483,82
FOm_heZ4CGskMxoZCvudWivtKdsS.jpg,376,825,421,488,600.5,454.5,449,67
FonNsi5l3GRqFFwmJqQPiQ2ukR3Lz_1.jpg,405,716,442,500,560.5,471.0,311,58
FOoKiKShxfxlGj7iQZhUBWSIpr8Ex.jpg,408,898,440,515,653.0,477.5,490,75
FOtOsaBr5Rc_7rjdREKX4SJ8qgFbNaX.jpg,460,895,424,491,677.5,457.5,435,67
FOuaFnrHxZPPKZD4Y49SDDGYYTWz6.jpg,482,891,418,481,686.5,449.5,409,63
fOufZKkWLCcvippzWUkKPcfXxygHn_.jpg,290,742,435,505,516.0,470.0,452,70
FOWLtu5FK59oRdzzK6xGrGS8OVqM.jpg,471,800,450,512,635.5,481.0,329,62
FoYm7vVlfrrJvGljBqh9rId4hFONP.jpg,409,934,493,572,671.5,532.5,525,79
FO_Gc9snUdq6WVTPsTYUa7P39Nn.jpg,423,828,423,493,625.5,458.0,405,70
fP6yjwPRhgRSck9dmO9ep4xOvZBUzu.jpg,422,824,450,512,623.0,481.0,402,62
fPDa29oQI7YWUxmVtKMtNuOvUG7IRT5.jpg,232,784,472,562,508.0,517.0,552,90
fPJQGsn79qKLxMm8wxnhGFhPmlIl.jpg,324,927,534,617,625.5,575.5,603,83
fpQWSLsbNp2SVlQYDqZr7ftxXJSuXC_2.jpg,405,856,424,499,630.5,461.5,451,75
fpSvf1WccgUwNmxHojBjuqHDyid55C3.jpg,278,827,471,550,552.5,510.5,549,79
fpvTWxX8zU6nPma7p22Ha4WnIYelVk.jpg,268,826,508,597,547.0,552.5,558,89
fPXusmpvdfQ3NXO9_C_vELKoq3JIFbm.jpg,437,760,438,500,598.5,469.0,323,62
FPY1xTQBoWaTU6YetYKu9h1wYkeiNE.jpg,372,796,450,513,584.0,481.5,424,63
FpyKSMB9EnV5wp8QBeRQPBKQ_IleICa1.jpg,241,792,469,561,516.5,515.0,551,92
FPYMWBhDokwaFEnBwgbMTZFLukm9ri.jpg,333,859,461,537,596.0,499.0,526,76
FQiJ4zvcwIF9M1kyw8P8u6gxuyTZrwJ.jpg,315,859,492,570,587.0,531.0,544,78
fQNJkmTPWiMNzufGHOkLIIKEHKOZXf.jpg,269,662,497,569,465.5,533.0,393,72
fQNYvQDOs37dRuDKuXXOQe_8oLs8p88.jpg,475,793,474,533,634.0,503.5,318,59
FQxvpO8l5sUeE_zv1ktzh86oYUs1.jpg,395,940,506,585,667.5,545.5,545,79
FR1vx8mYrlEkrE5zhTGrTiDTGo8j73.jpg,364,940,512,597,652.0,554.5,576,85
fRa4k3OCIz_EsCSbri5G9wwXTt_qUrP.jpg,353,676,446,506,514.5,476.0,323,60
FRC4EKaFu7gwEbvNzZS9ahQCdEjS166.jpg,416,850,423,491,633.0,457.0,434,68
FRcVyXXzgBtK1g2nj5PPWt7TIsd71HG.jpg,425,780,454,519,602.5,486.5,355,65
frEs__3CgDNknuWc9_fwi1RXFLUfyMH.jpg,451,981,452,535,716.0,493.5,530,83
FRLwqeH3V5QQf36qOWDXgbPRGhpe9U.jpg,465,750,433,487,607.5,460.0,285,54
FRnon9EuJHdKsszRkrK4dQXnjWJWK1r.jpg,431,785,469,532,608.0,500.5,354,63
FrPeJ6_ZFRxF4DIF3XaGz4hEjviObf6M.jpg,349,897,500,583,623.0,541.5,548,83
FRTFzloutt2xHx6hCGV1QOlBiTiGNe.jpg,408,878,458,534,643.0,496.0,470,76
FrTwZgujGWpc2yaa9NP4jsEHLf_XuN.jpg,383,877,464,536,630.0,500.0,494,72
frXjdfqqEEvnIyyVgxqitbLMPja8D4SG.jpg,424,921,482,557,672.5,519.5,497,75
FRyYRbQlos92FpyG3NFFyrUk22Uw4dF.jpg,395,693,431,487,544.0,459.0,298,56
Fsfp1Ko7CSU7FogrFfNmSExFuRYECy.jpg,480,789,460,520,634.5,490.0,309,60
FSlc1mHYLjPEVqTEnff7ynWO5Gt_rhJq.jpg,440,745,457,515,592.5,486.0,305,58
FsMlG99EUIkckVtKvkTRXUCSuhrEKm.jpg,342,880,510,588,611.0,549.0,538,78
FSQqYqtFLNjIxpscwDIWzcbqXsx1nw_.jpg,376,897,490,564,636.5,527.0,521,74
FSU5dsJ1WkMvDTQJIbmwU9hmqNetjK.jpg,474,815,474,537,644.5,505.5,341,63
fsV9qP1ddE2Nc1QiHa348_qNaXWzw7Ex.jpg,408,823,421,486,615.5,453.5,415,65
FsVHH1zsMtvbuJs6ZnsHKlHdPzdpns.jpg,396,913,452,530,654.5,491.0,517,78
fSydQg_I5WqT6hq3GQ9pMRG69Dk7WMV.jpg,320,658,454,515,489.0,484.5,338,61
fT3uKmUeYp1LF122eN9LSkmQ3krXLXjM.jpg,318,758,431,499,538.0,465.0,440,68
FtCHvPyyCZjgyMJQ88kzOBTTfO4yHU.jpg,370,745,481,551,557.5,516.0,375,70
ftCoYK59pHSfaFMHBxTWorrNJwbtwI.jpg,449,886,457,525,667.5,491.0,437,68
ftgsOsDfKsvZdeBNUH2VmPaWh71Yit_.jpg,537,958,450,518,747.5,484.0,421,68
FTjcrUgwp5ydbCJ_5MdYm97ZunDbH.jpg,393,801,431,501,597.0,466.0,408,70
ftQMjbgkDI1OkpH1w4p8EDzt_nExTP3S.jpg,461,822,457,526,641.5,491.5,361,69
fTSsiQ6mKI2INviSEIbgOgjz2l3gxFn.jpg,454,973,485,569,713.5,527.0,519,84
FtwtHMFySac88Bd2NmmCL1fdbTsWWSK.jpg,441,774,445,507,607.5,476.0,333,62
fub6BxD9QrjWxCwxX_VbbU8IMBJ9VkS.jpg,432,792,458,525,612.0,491.5,360,67
fUb93sjCK3o3ohqPIBlejbW1iFoMIPe.jpg,400,682,434,488,541.0,461.0,282,54
fUdFybQ8oPSemB8c5Grd9yBLSoKvgTp2.jpg,403,918,492,570,660.5,531.0,515,78
fug8njW8Rt4QnBJe16ydpcH5wY4yfwF.jpg,322,870,468,548,596.0,508.0,548,80
fUGHbZjTt6pEHQ1sWmvdREE97RhU1.jpg,214,803,483,568,508.5,525.5,589,85
fUibrVcTaHIpd7QFpctsKMfoorwKXzi.jpg,342,918,466,562,630.0,514.0,576,96
fuJ29Fb9uYQxdBucO4MypWc8UKZH8g.jpg,429,884,437,505,656.5,471.0,455,68
fUkEGtVRkTwzscwyHgs3ZVbKfR8WaOC.jpg,465,783,466,526,624.0,496.0,318,60
FUMPF6iwl9J3T2B8N6QoUPUgLLRxaff.jpg,448,987,441,536,717.5,488.5,539,95
FuNtUyo7BEnmBfSbl53J5HaaVHsGGY.jpg,171,728,502,583,449.5,542.5,557,81
FURHMfWLcTRHCz19sBgMxdvnLpMvW.jpg,440,735,453,510,587.5,481.5,295,57
FUzKE1L3MdXSThTgJMymZcULbuCOJ.jpg,403,818,420,484,610.5,452.0,415,64
fv4TyXEF_vURFuayHinMwumsgzPfQLCS.jpg,329,855,475,557,592.0,516.0,526,82
Fv5kNqZiIevqrI4rbY5GUqQENtYoV.jpg,380,826,429,500,603.0,464.5,446,71
fVg2pM79NLRdMj_6o56RvdvZY7LjaHC.jpg,366,774,419,481,570.0,450.0,408,62
fVJFOej_jPznrmYrff7E2jTNnwRoTs.jpg,380,824,431,496,602.0,463.5,444,65
fVJstdt3GrMoPc9LPl9B1VrtdSk.jpg,379,923,460,546,651.0,503.0,544,86
fVoI8jB6iu6ub4vktqrqblV4weJypk53.jpg,423,725,436,493,574.0,464.5,302,57
fvOwpWmUefQ6f8iFBglF64v5Mp__M5.jpg,412,859,429,498,635.5,463.5,447,69
fVshM2yOaUdGvVQqGlMIYIC4X71DycMI.jpg,248,805,467,555,526.5,511.0,557,88
fw17rc45Z4ngloqbfoMLq53Q3ZHV8Pgh.jpg,349,903,465,546,626.0,505.5,554,81
FWk5wpcJhWfC6nEYlFZqXuGRPfhqIZq.jpg,402,801,416,487,601.5,451.5,399,71
FwQFGfrOCGRRaG_NHYs6IElX_H4ERo.jpg,259,790,489,569,524.5,529.0,531,80
FWqlOROkdp5zIeJQqsIQgbfTW6TIX.jpg,484,804,447,508,644.0,477.5,320,61
FwsxrpSJe5Pt7GZxRq_h3aVja4OhrBUy.jpg,388,928,459,560,658.0,509.5,540,101
fwvYM5_J6ysIcVYgTvootE3D_COSOvJ.jpg,413,945,499,576,679.0,537.5,532,77
fwwRxOWbUQbNRfG1hzW1aOfhZBTRLjZ.jpg,473,769,424,483,621.0,453.5,296,59
FwyEgyrQC1KnqpiQM_eXMQk5x833Ly.jpg,390,769,480,546,579.5,513.0,379,66
FX8cqmGHyE2vd4mDMu2Df8RCcWQJhJb.jpg,456,857,412,496,656.5,454.0,401,84
FXBMt4Jr2a4yWi9ugxKxSyKZsJNG.jpg,167,1071,578,704,619.0,641.0,904,126
FXjikTKzexn4ZuEa7Y6lh7u7MftQ3Ja8.jpg,333,762,419,506,547.5,462.5,429,87
fXL4KGuuPZhR_z7d4bjylULbJgOM3cl.jpg,389,684,423,479,536.5,451.0,295,56
fXs17JKVbHGJUtsDwQ33qxexDUCRd3Jt.jpg,383,685,435,492,534.0,463.5,302,57
FXS2796FQHq8NJR3WbvBsx5EoYye.jpg,377,906,462,537,641.5,499.5,529,75
FXV1oxkMntnTSuU48jc4bs4fQIU9Hs.jpg,459,805,485,548,632.0,516.5,346,63
FXYh3llFDJLq2_2b4m7wr4pEFQWZz23.jpg,376,901,498,574,638.5,536.0,525,76
Fyagn3HHgFasghpwafXVgFTDhzZQ2.jpg,392,678,428,481,535.0,454.5,286,53
Fyghx6npVWR8C7CgBuMDgE5pkZq62mMr.jpg,364,704,457,518,534.0,487.5,340,61
fYPRpzIiaBRUhK8RzNIa9FDT1MdD__Tt.jpg,315,761,434,499,538.0,466.5,446,65
FySPHTQnT4rbpz5FEFxql2L4r5YYkz.jpg,399,744,451,515,571.5,483.0,345,64
FyV2mmYMRXdYj_QPoE5o8S3CnZpUKE.jpg,396,868,444,514,632.0,479.0,472,70
FyXvcQ63cPZvCkdPM_9Sl8Em8iZrqM.jpg,463,801,462,521,632.0,491.5,338,59
fyZC64Gw_XT9SSSdXTOPyhiQTOaCe6t.jpg,437,723,433,486,580.0,459.5,286,53
FY_YIwmv4iV8HVoFYGnrn2nfv684kE.jpg,343,759,430,491,551.0,460.5,416,61
fz7nKykI7cWNO5XbgKK8jWzSZHmgBBk.jpg,397,764,444,513,580.5,478.5,367,69
FZ8U3YcCdnTzJzW26yFT1URxY78CY2.jpg,431,912,478,553,671.5,515.5,481,75
fzasirz8mOXWDT9uEnMtzOtZ4JKS29.jpg,402,789,410,471,595.5,440.5,387,61
fZDDXRVSkRdvzYTtcfVuaIqSXG5ZhNK.jpg,413,884,440,524,648.5,482.0,471,84
fZeEwmzPOZDD8DUDJZq1j3MdkX4YjU_.jpg,474,874,461,533,674.0,497.0,400,72
fZg88au7DiBBaiQcZBGROnTB1et8.jpg,406,835,425,489,620.5,457.0,429,64
fzILsNnoolgI_JbEZCPtKIFxIHgialo.jpg,398,754,497,560,576.0,528.5,356,63
fZjoGs9zjoY41BVddO14km_KVsnDBPMF.jpg,441,754,463,523,597.5,493.0,313,60
FzsTFVgRszcC5Oo_YTyV5S3CNyYS5y8d.jpg,428,940,486,562,684.0,524.0,512,76
fZuvQViQ5cLyNGre1DKxctgcJ3w2Kga.jpg,426,743,470,529,584.5,499.5,317,59
fZVPovEXeIIfSOqWXTjhjYwxRKQO3viZ.jpg,430,862,420,491,646.0,455.5,432,71
Fzw6wv8jtMMW1I4dNl9VB9V8EC7vyD2h.jpg,447,925,480,551,686.0,515.5,478,71
fZyq7PXFSfB3HE8vNNm3S341nELbuX.jpg,366,1092,507,632,729.0,569.5,726,125
f_lP_hOXsH_I4llS145aOyafaDpp9w_.jpg,376,667,426,481,521.5,453.5,291,55
F_VeU4QW__y7ukwOy3XycBCRj7s3tiM.jpg,395,708,443,501,551.5,472.0,313,58
G12g5zZjPnlELkoqqiUkjJkskabgDE58.jpg,448,864,418,487,656.0,452.5,416,69
g15ePG_4H36d949zO2XSBrL2tMgXJkkb.jpg,475,781,452,511,628.0,481.5,306,59
g1i6U9c5Y1G9urIicBBN2H9WcwpwI5.jpg,373,674,443,501,523.5,472.0,301,58
G1jwoqNMTQWZKaM5_FOIP9Yq8JaNE9.jpg,306,890,520,603,598.0,561.5,584,83
G1kkaC24qZO4cru6uZt42YmIcS46Pz.jpg,336,893,510,589,614.5,549.5,557,79
g1NOoS9lQvn7cOK4rqF_Tct6n13zrviI.jpg,378,837,443,511,607.5,477.0,459,68
g1o2qz_QTShK3RRnluVit6waNRGYyyE.jpg,388,876,443,517,632.0,480.0,488,74
G1oFTGPu_H1Y4Up98ZiM32ygohvM4HT.jpg,184,988,553,667,586.0,610.0,804,114
G1sbqDJXGaJhFjFFfu3Fi9MO1U6m8TY.jpg,316,718,439,500,517.0,469.5,402,61
G1vWwz_cXNLavUrv5KJpnQUyQHbS2t.jpg,460,864,410,502,662.0,456.0,404,92
G1_bnJJGEhqYMxPJbz7Cg9uynwwb53R.jpg,431,927,486,559,679.0,522.5,496,73
G238hRuz3taYfZEExdg5UIo9XlvXdZ.jpg,381,752,418,483,566.5,450.5,371,65
G2Mnlz6nkkb_DfTbH6ozPu7vYE7CR.jpg,372,818,428,500,595.0,464.0,446,72
G3716rNqNVPD4xEErhSU734LntnLPFP.jpg,458,806,457,522,632.0,489.5,348,65
G3bqGbcBZoMLS_xQag77H19GvwhXUPjB.jpg,428,764,485,544,596.0,514.5,336,59
g3ETvXC2tQTXHiLJHoBsEmORKB85K28H.jpg,404,757,490,557,580.5,523.5,353,67
g3Kkd6p955aCCqY53z2nVxkHn8oEgLhL.jpg,503,844,489,552,673.5,520.5,341,63
g3LJZ2BIjXx1gqwELq_5oNEGEiVEnneq.jpg,426,805,445,517,615.5,481.0,379,72
G3M7HQ9H1Jrml2gDBM5llumff7r3Xhw.jpg,387,762,511,580,574.5,545.5,375,69
G3YspUOgI4M3GsnZ8PFWNx5bwsTGHLe.jpg,317,839,456,533,578.0,494.5,522,77
G3zGFC7ljevT7nY4dNNG7h2qQd2WeL.jpg,404,880,439,511,642.0,475.0,476,72
g4em5S3UHQf_BUoenvfG1qghCExBgyyr.jpg,295,838,457,538,566.5,497.5,543,81
g4k7m2dPxFNgfmgbZBF4TuFti8sC94.jpg,467,903,426,496,685.0,461.0,436,70
g4KonxOyrwevc43Td5E2jRpYyxxm8b.jpg,451,876,418,486,663.5,452.0,425,68
g4mZmtYdFV88IJRMtiSX6L2OP1xuo.jpg,342,786,433,503,564.0,468.0,444,70
g4tlLwfhjhmimvCHSLyeZTi2SGVYDKKH.jpg,467,812,461,524,639.5,492.5,345,63
G4XKdqmGetu_aZQhjW6cRm2DGF1knJ.jpg,409,704,424,481,556.5,452.5,295,57
g57qv9NcglGZT2WY64sfRcnS_R6rEovg.jpg,351,876,462,537,613.5,499.5,525,75
G5IcFzwav9jjREzYUd45KVJrJGZKIo.jpg,405,843,458,530,624.0,494.0,438,72
g5MHOHRFyEzqcMgjFMb9T_IB2Ch17j.jpg,220,846,479,596,533.0,537.5,626,117
G5RUj6z9I45zQnwKfYbThbzrNKLd.jpg,436,942,491,568,689.0,529.5,506,77
g5vsYOorbEcrot_Wfez9u7KJyZhgobx.jpg,443,786,472,534,614.5,503.0,343,62
G6lBskZ_2uM6LZWt_juSDPI_4tjsOqS.jpg,485,811,473,535,648.0,504.0,326,62
g6tSQ7ZG_sRXEMNQNsVCy899974hj.jpg,288,943,518,607,615.5,562.5,655,89
G79zPOSGbvYTQFsxE_716_t2_i5S.jpg,364,810,432,502,587.0,467.0,446,70
G7amExvwNc2MD3_UyWQFsW5rYsJIv.jpg,362,970,539,624,666.0,581.5,608,85
G7fRvEYBsMn4S8lcsXDpkZjUwt9dC_Gn.jpg,277,831,511,592,554.0,551.5,554,81
G7iacfnFU6quuUwotl_eZsonw63DWCD.jpg,477,881,424,488,679.0,456.0,404,64
g7Lge5SNRo3gRlsvXov5yG5pTmWCtquj.jpg,343,789,431,500,566.0,465.5,446,69
g7lurtdxNENFd6W6Rwh9nHYjb7h6BlU.jpg,307,777,441,514,542.0,477.5,470,73
g7OzZKEqYjpzWk17o8GEy3RoeH2Qdd.jpg,368,884,491,571,626.0,531.0,516,80
g7reX4zKz6bxqsYs5CobelRt5DTGP.jpg,235,908,541,642,571.5,591.5,673,101
g7W2WLidjNrxcYg2gh_NnO7OEKo2vw.jpg,388,896,437,512,642.0,474.5,508,75
G863Dqiwu_YduTBq8hCvTy5DD1HLYz.jpg,472,878,408,492,675.0,450.0,406,84
G885o8hRKPIYKmjRO1cpr6UGCCgN7I.jpg,337,822,464,540,579.5,502.0,485,76
g89Yh_NInd3FXUdX7mihCProD3gXgmv.jpg,419,805,472,543,612.0,507.5,386,71
g8PQimLyXlsEyquiBZS9m91OSwGz_aU.jpg,409,821,414,475,615.0,444.5,412,61
G8Xo384_r4_v5886IBYIVMc7Fl9oDP.jpg,436,789,458,521,612.5,489.5,353,63
g8y7wbtVgSvLLQvNNX_K_YxKWqStc2I.jpg,465,749,428,480,607.0,454.0,284,52
g97RyNVLrmKo8OYpmBkOe6q5i_IFga.jpg,389,743,489,554,566.0,521.5,354,65
g99M6mMb2XQJwt2kFadIeCsQ4RbjQq3.jpg,374,794,429,493,584.0,461.0,420,64
g9a_T41ENjGVgnVgsyi3F8yzeTM6wm.jpg,507,801,454,512,654.0,483.0,294,58
G9dKvFdy2jMTphj4yMcPJTMNIQcnl.jpg,245,792,472,549,518.5,510.5,547,77
g9EbtqppmuxfSrCwcrwCn8Jrx93.jpg,400,917,454,530,658.5,492.0,517,76
G9FzdPIB4pdDcU4ytqTHE1gXwJ6S5ZB.jpg,502,793,437,493,647.5,465.0,291,56
G9hCT4N1yT5_BFjjppDtVDFCILZJ9L.jpg,281,867,509,594,574.0,551.5,586,85
G9iiP58SuGFWHagUqhB2PeH4pJ7m4d.jpg,265,822,466,549,543.5,507.5,557,83
G9rVY1Wl5id1Hec6uVPvYyiSJsZdH2V.jpg,394,907,457,537,650.5,497.0,513,80
g9vRFqVjPp5Et2EKYKDMP13vgfuGUy8.jpg,411,777,466,532,594.0,499.0,366,66
G9xSSS5lxBin1KnNFNXaTTFGwIdOsYo.jpg,454,751,452,508,602.5,480.0,297,56
G9zntJ6B3pCbRBXBac3SklKxKXqfCMp.jpg,408,882,438,512,645.0,475.0,474,74
gaISK5gawNZWh_KLEgtHs39Ew9hwu9.jpg,493,769,438,494,631.0,466.0,276,56
gaXwMXQLU8qW8NZx5OgCLrPWaBDcKuo.jpg,313,906,492,578,609.5,535.0,593,86
ga_3zgLYmyb1nOE4iei49f_B8RsSS9.jpg,432,908,474,544,670.0,509.0,476,70
Gb2STsCKNG3Dj262TnZlH4FfoYGPOQBv.jpg,242,784,459,544,513.0,501.5,542,85
gb4dhC5GGGE_yi2NB7iPgoy3Up8dDmk.jpg,161,915,429,551,538.0,490.0,754,122
gB72lSVRkdtue5pEwm5PPjBaT3p_kK.jpg,368,673,442,498,520.5,470.0,305,56
gBbi9nLCil3l8QqQnZZyrLe1xOYJ9UmB.jpg,389,735,461,523,562.0,492.0,346,62
GbjBxcPM15fj9P1MCVlR9mJE1pj8Fr5a.jpg,193,726,498,575,459.5,536.5,533,77
gbmbTvVPg4vrf_3bf3bfCc1LjWDRe.jpg,398,690,454,511,544.0,482.5,292,57
gBpdI49Tz4j4cX6wI_59TF7ZzzKpRl.jpg,407,853,427,498,630.0,462.5,446,71
gbt3brfl_qBWHpTBjlvHPWIatXxqw3_w.jpg,456,908,431,501,682.0,466.0,452,70
gBVTwpSimKQuN1h2MjrcZ45QMzbfOHf.jpg,240,914,505,608,577.0,556.5,674,103
gb_4LaVVuCQ9sZnB5dZeHN_YrVV9KQB.jpg,449,979,454,534,714.0,494.0,530,80
gCazOVLbpjpOmLNzjHkZaqpERHr6qjF.jpg,427,837,423,485,632.0,454.0,410,62
gCboGcI5rexx1Kgik8JBagZxulhakh4o.jpg,471,1026,499,589,748.5,544.0,555,90
GCehWV4EPfDKEdzqatJmihN1xX_eijiX.jpg,424,724,444,501,574.0,472.5,300,57
GcfSQvVoBd3CBucZuTnana7DEooVuhyI.jpg,418,808,520,587,613.0,553.5,390,67
GCkB7J7weROnD7qBo5LsNy9u6LlrL.jpg,339,857,505,579,598.0,542.0,518,74
GCsazOn4G8CRJ_qMPpBUM6Wc2DaaUe7.jpg,358,856,449,521,607.0,485.0,498,72
GcXJ6PNrXNEVv9Uguft37zBnjILdWu.jpg,227,800,475,561,513.5,518.0,573,86
gcxkPV6J4287PZScl3nacikDyyzihcd7.jpg,385,741,486,551,563.0,518.5,356,65
GdgaiH2zJKdmgQK5HnLueufxuM6dGcHW.jpg,431,884,432,502,657.5,467.0,453,70
gdGw7kYMl7rokoeixf_tI_dqMli3.jpg,323,813,463,541,568.0,502.0,490,78
GDH6Zbum3LTVKgTBhz8JS8VoYFi8wy6.jpg,447,763,468,527,605.0,497.5,316,59
Gdiix1P2oPcaMoyliSN2LeMGxcje9R.jpg,193,1012,556,679,602.5,617.5,819,123
GdIu1gpey4LbfH9g6OmykmhIQgrwxJBQ.jpg,372,912,504,584,642.0,544.0,540,80
GDJYxf1eYzwYypvmiMyVZ6CtIdObX5.jpg,358,806,457,525,582.0,491.0,448,68
GDmSFn36JJWDfdhER5tH5nO8k9NYCQO.jpg,366,778,423,488,572.0,455.5,412,65
gDn_EGTmN9YPxPL9F14vZRzRKQYbNDv.jpg,377,821,430,500,599.0,465.0,444,70
gDopNTCxJkmpF9RXz4xCkheNdWBVEzN.jpg,322,884,510,592,603.0,551.0,562,82
GdUqzu_d9PoXgcOPhqMDvNhWUKPhmND.jpg,272,797,469,544,534.5,506.5,525,75
Ge2uyIPV2r3zdHLpgl44zQp3Ur_ES8Y.jpg,328,666,450,513,497.0,481.5,338,63
gE6HYzVuZ5NuJCFQvRdfwrD5O1jUvK.jpg,369,807,431,501,588.0,466.0,438,70
gE7Q89udgRSqgolm2_z4aMYD7GQr4L.jpg,407,849,434,507,628.0,470.5,442,73
Ge9cui6cNuEz6bU2yM_79gJYO261W9.jpg,412,857,430,499,634.5,464.5,445,69
GEBlrndFIFyH7KZ6wIwpWjEc1TyJpI_b.jpg,415,903,434,510,659.0,472.0,488,76
geC44rYcpOcH_Zsrl6J8H4irYp3DHdvD.jpg,339,848,499,571,593.5,535.0,509,72
gEggxjeoLdS6L9p1Ez5g9MmlFedmWBR.jpg,449,765,466,526,607.0,496.0,316,60
gEIBkCJNr6ECyU4PRW_w7rl8ZRx619zG.jpg,482,779,456,513,630.5,484.5,297,57
gejwNoJ88bQkSr4qyhxvrmzWRUn8eog.jpg,279,1097,574,704,688.0,639.0,818,130
gekTtPb5T_FX9y3tQPKFpZqP5DQBtM8.jpg,412,849,428,497,630.5,462.5,437,69
GEkZB5Rt3lzqeQoFucc8vCPjLhezIqU.jpg,468,790,448,510,629.0,479.0,322,62
gEPfGBWL4MXwEKkgzmYplcOkt34NRB.jpg,311,788,482,549,549.5,515.5,477,67
geQvM48YHnMK77jxDR7r8bOpmCZMK73.jpg,453,886,428,495,669.5,461.5,433,67
gErmGvq36gQfqmdifmZ7dyxn2X6kwq.jpg,373,924,502,585,648.5,543.5,551,83
GEywwxWL4mogT3jrotqenfSyMSGta4e3.jpg,368,879,458,535,623.5,496.5,511,77
gezFavaSSzysDlkVH8jVyWqIrbUekTOh.jpg,323,842,500,575,582.5,537.5,519,75
gE_CkkywkQawi2XLYh4xMoYYVrrv.jpg,214,987,541,652,600.5,596.5,773,111
gf31JW8LCLLsFrnF7nXwbRtzCXXCaB.jpg,401,958,471,550,679.5,510.5,557,79
gf4UqGW_nqcsISy62qafkqDKOcb9vzf.jpg,470,789,433,493,629.5,463.0,319,60
gf7rjzJchQHE4Q_vwnJPGiUdipZk5.jpg,236,806,472,556,521.0,514.0,570,84
Gf9E7KH8ZqzsD4VGi4idkSEmcoJmUCL.jpg,492,977,440,517,734.5,478.5,485,77
GfaJIyxmEfOYE7E_M4RVmpL4yyu1.jpg,393,953,510,589,673.0,549.5,560,79
gFB_T7jkyhbU8SZo7IfVx2CSpzHF34.jpg,360,934,518,598,647.0,558.0,574,80
GfCiqFhTgqex8sxXeKs3jaIi4aahmL.jpg,487,814,472,537,650.5,504.5,327,65
gFhlzpr612jhJzCW6Mk4kCF869Td.jpg,321,883,467,546,602.0,506.5,562,79
gficvightUCwBMUr_Vr1yamiZ2ctqCV.jpg,424,805,507,579,614.5,543.0,381,72
gFjo5FuSGf8X1_HeiTutOuGc3ELUla9.jpg,343,648,435,491,495.5,463.0,305,56
gfkilpg8PZowcOqngXuQKdN6agJKR4B.jpg,367,752,416,478,559.5,447.0,385,62
GFNfrSJUXKwIbVoziaw1wHoD5xBXVN.jpg,441,945,453,532,693.0,492.5,504,79
GfQKDFEMeCp4z2jPsCk9qeojQhCCUx.jpg,504,831,447,510,667.5,478.5,327,63
gfT3JI5jnrpiE4SKZfhLqSQXBanFDzNW.jpg,428,872,436,508,650.0,472.0,444,72
gFuMfyp87om_HfsqgcJo4tfVPx86KeIe.jpg,428,938,458,534,683.0,496.0,510,76
GfzkWypwCVqjDzuQFxOiuhEfv_HhxS.jpg,434,901,439,506,667.5,472.5,467,67
ggDCJ7YsfXTpwObI8vMNjOcSWfKjoqL.jpg,395,838,462,530,616.5,496.0,443,68
GgezPq1IznrMn8W1VLDCK9NC9aeL3m.jpg,414,703,431,487,558.5,459.0,289,56
ggH41EqOoZ7HoT7T75GYe91ryOl99F.jpg,445,768,458,516,606.5,487.0,323,58
GGhMcWjcRdw3OEg6Fw7pE44omWtVBnP.jpg,399,954,515,594,676.5,554.5,555,79
GgHTvEDZYn4nKUwQCIxy9Stwms4rCjs.jpg,337,856,455,542,596.5,498.5,519,87
ggic5iu9fuuNLjDttfsj2FtFLcajutS.jpg,327,758,430,497,542.5,463.5,431,67
gGnGWeW3t366eQUtnGu6Fd7EVMaszLcG.jpg,454,788,479,543,621.0,511.0,334,64
GgpwtpBU6iy_J2bX3RHS2_QHGcMKKK.jpg,502,895,504,578,698.5,541.0,393,74
GGWnINLDmqpklEiRzfvttJ8vnVUcW.jpg,462,804,489,549,633.0,519.0,342,60
GH1bhH5nd4I66I41LCWxQyfJnTEu_bxq.jpg,350,898,466,545,624.0,505.5,548,79
Gh1jz6iDfCg1tyt7H7bHGSy6cTB.jpg,410,829,420,485,619.5,452.5,419,65
GH5uWPkoTdcsFtb4zxePmKgQKjyYaE.jpg,364,923,460,573,643.5,516.5,559,113
ghE9FkrFI8xnoRQPvgdR5CitzPD5jymm.jpg,467,1006,500,585,736.5,542.5,539,85
GHEHV2cSKWydGEePU27zW9cEaSjuwDyJ.jpg,482,815,472,535,648.5,503.5,333,63
gHk4C2GkHfnIydVNjWVVQ4lwYfLjclpb.jpg,439,785,459,522,612.0,490.5,346,63
gHn6FKl3DToVyTEhcDYWX2qXZG396.jpg,316,653,449,512,484.5,480.5,337,63
gHV4gCcbcLiyZBrKSTHECtYViJNq6Me.jpg,426,720,432,487,573.0,459.5,294,55
gHXgQUfkCGVHxBruy51Ru98FuLoMj.jpg,412,1130,558,670,771.0,614.0,718,112
gHxHDKo4Z9l2EJCxDzoXsbe9x1P2d_KV.jpg,471,810,487,551,640.5,519.0,339,64
gI44ew8LOsCRLuJKsam4j8zeWlhQSk7.jpg,369,850,450,522,609.5,486.0,481,72
GI4g5QHI2YYTqFvDsezLXwpLZR5ksyC.jpg,365,851,442,518,608.0,480.0,486,76
gi4QXkXY5dde4D8aKXVKeb9sQjr7NL.jpg,424,757,476,540,590.5,508.0,333,64
gIb7QiVkthBxwFQ_KIL6RQQsQYCCdu16.jpg,513,832,462,520,672.5,491.0,319,58
GifdIPSTcb8hsn6qsJChYp4vmiz3EDHq.jpg,480,787,460,518,633.5,489.0,307,58
giI7qtnmTx86UQ9YLJT7twzjayTQdW8.jpg,397,953,513,595,675.0,554.0,556,82
GIMUNk_CfW3HmZuzY2YxweXiMyI3SxY.jpg,453,916,433,506,684.5,469.5,463,73
GiNFULqmgfYTNQ7kazPSOTtGcP2Jk6u.jpg,367,670,442,497,518.5,469.5,303,55
giNVtm2vdJCYSC_UY6l5pPkeCB_vt.jpg,404,732,446,508,568.0,477.0,328,62
GIpdeygt64b4xFQRomawWQmQ4QjDBsS.jpg,299,845,462,549,572.0,505.5,546,87
GirQ4MTQkf2pWdP2v4gRpcbJH4YGw.jpg,474,845,458,527,659.5,492.5,371,69
gIrVVavIDi8xdEWFfSgFqFRzRWCG6Q.jpg,286,763,442,518,524.5,480.0,477,76
GiTHM6fveCQn2RZuh_wmDDaaCPos67w.jpg,462,900,430,501,681.0,465.5,438,71
GiwO2wij2Y71OghKgBD3QvOca5W6gORI.jpg,451,835,483,547,643.0,515.0,384,64
GiYRdJ1ipUOESiYEL5UQiWjS2uE7V3D.jpg,308,850,488,579,579.0,533.5,542,91
gJ7rsi2Ld96SW9b8sqdKnC4XbL7kWas.jpg,211,830,483,578,520.5,530.5,619,95
Gj9GctCYZUH3UEXCZ1PYOmeCHDLWGF.jpg,448,762,459,516,605.0,487.5,314,57
GjdzMdKst7usPHFP_U7UuceVwX1_Jv.jpg,452,790,459,523,621.0,491.0,338,64
gJm2pTaqetYfVubG3vsMzQq5XXdUrvL.jpg,449,813,456,526,631.0,491.0,364,70
gjMyvwiNz4gKsIF9sOCGMFMY6W_xcnp.jpg,362,959,482,570,660.5,526.0,597,88
GJOeQYUmhvqyc_GCkFia6MhmJNxQC65.jpg,426,926,452,527,676.0,489.5,500,75
GjyOHgmd5wdgvJZwy2mnvMfUj1hz.jpg,339,734,491,564,536.5,527.5,395,73
Gk4fDLpRsUv87CEd8BkdYspBB8NNuEa.jpg,325,917,477,562,621.0,519.5,592,85
GK8KJk4i46zIxxu2rI28pvm5vsZct.jpg,452,886,452,523,669.0,487.5,434,71
GkfxE7g1fMIq7r_mhdIls2owHohchFO.jpg,425,815,450,522,620.0,486.0,390,72
gKH2XxUMY32HbvsgaiCcHO4qfcnHX11.jpg,410,837,455,523,623.5,489.0,427,68
gKsZJJ4PeGmUSI_9HMFle5hsQ9JQW3s.jpg,313,644,489,550,478.5,519.5,331,61
Gkt6SxVrg2SDOshDamd6Ecjf5E13xVx.jpg,234,1010,543,665,622.0,604.0,776,122
gktz2d3rcDVpw5skvahevcOLxgwtiv.jpg,417,817,449,510,617.0,479.5,400,61
gl14RTsp83_N6QzYWNCK2kUVZ5j4Fcu.jpg,377,861,446,519,619.0,482.5,484,73
gL3QKQmMM_SBmdvU6mkHB2sq62PFeRUC.jpg,352,844,451,528,598.0,489.5,492,77
gLBvF8ZsKsfajepydej8jRve19GFW.jpg,338,773,448,513,555.5,480.5,435,65
GLHDOZYrXUjjqTcP1nZTxmxEWkBZ4WQ.jpg,417,916,451,525,666.5,488.0,499,74
GliQwItSPjJhyNijLbIwMzhkyCvHj7E.jpg,409,726,450,509,567.5,479.5,317,59
GljvwwHcXrJ7N8kXJYZxZ3y8q6i7x7.jpg,411,891,447,524,651.0,485.5,480,77
GLJZG4fe1QO836t7BU474JUBTcBbaB.jpg,422,754,468,529,588.0,498.5,332,61
gLlnbIFq4SnzOZtV5taw_GI16I7jrVc.jpg,303,658,476,537,480.5,506.5,355,61
gLmjKeLCLrklBG5Z6E2t66IyYSUBLozE.jpg,210,1073,574,702,641.5,638.0,863,128
glnd7r1PLwtrC81oa6Y4BDvQaIPKe4I.jpg,283,766,443,519,524.5,481.0,483,76
GlNifG6S1jXwDDvDJkvU6C7eK61qord.jpg,392,806,444,504,599.0,474.0,414,60
gLq4iz9ETTrnSMDaE65OqjFqBthhFmkR.jpg,349,859,484,557,604.0,520.5,510,73
GLqI7QLmTvSIOqc7Kv3zTQ4IO3ebIN.jpg,399,963,508,591,681.0,549.5,564,83
GLQmV98CkRfEGlnyObQfTn9pKNwRRaId.jpg,245,790,461,544,517.5,502.5,545,83
glrlOSHm55jyhXpDwMNlgIuN723xKZ.jpg,301,780,463,532,540.5,497.5,479,69
gLrOUolLTzEDX1nF8LreGYwnSkNKH.jpg,458,1007,507,590,732.5,548.5,549,83
GLszlwsP9p8yzVUMBSQCjjzi4lIJc.jpg,386,834,431,501,610.0,466.0,448,70
glWdSrE9FcCgJBXIGyainZ7DoV1QzP.jpg,280,797,463,537,538.5,500.0,517,74
GlyVLJ291LZl2aOmfG4FsMO9GCLL.jpg,474,794,441,503,634.0,472.0,320,62
gMLS8MHjZMhXewm4InUYTNx1ZYtunr.jpg,464,795,480,543,629.5,511.5,331,63
gMqDhPm9vfOSMhPOx5TWgzpJppOI82_.jpg,395,744,492,553,569.5,522.5,349,61
gMR2IyYuovabdxMh2xklYzixJOtGD.jpg,365,809,432,500,587.0,466.0,444,68
GMtIcw_zmb6m7_QlIm6igKuV22H9F.jpg,396,931,468,540,663.5,504.0,535,72
GmTPY5r7m97ko2ftN6uceLX1o6mLFM3.jpg,392,828,462,530,610.0,496.0,436,68
Gmyf9U9kvFX6FBvRMPVqilCOnjBnZod.jpg,471,827,491,557,649.0,524.0,356,66
gmzNhJxp33GMeZfQN5EGv_gm3BoEaNwM.jpg,353,858,490,562,605.5,526.0,505,72
Gn3tgfRvGya1qqJuHJe95vlL4zUUdcfD.jpg,471,794,447,509,632.5,478.0,323,62
GnEIu9rH3nT75at85gCMWk7ZwQCZnuBw.jpg,415,804,514,584,609.5,549.0,389,70
GNhtC5rZokMKf9kZ6hLaw_LeWoSS_bO.jpg,392,715,436,499,553.5,467.5,323,63
GnJWT2ihahdxHm4w5j8uFRuSHHSbB.jpg,434,969,502,580,701.5,541.0,535,78
gnLWyN8q6ykiEcJ4H1UFcI2cppM3oHT.jpg,338,1149,622,747,743.5,684.5,811,125
GnYlTdtwaQ73nUj4pTYTb7Ni5Rz_2U.jpg,292,859,477,567,575.5,522.0,567,90
go5ol9msn_EfxJlD4z_BbUrCjyF1B6.jpg,409,707,437,491,558.0,464.0,298,54
gO7KKEfFdt2JOzWBXJc31omeevu2nz3.jpg,439,777,482,544,608.0,513.0,338,62
Gob5s_4xFHtIEabaqo8qsC8cwDWiqghi.jpg,484,784,443,499,634.0,471.0,300,56
gobPafne2QVrIfl7gkbhPKG6ZmPp.jpg,454,885,430,496,669.5,463.0,431,66
GOcsSoDCsRnjaojJqBjmS2EMM38xz.jpg,431,932,451,524,681.5,487.5,501,73
GOekPwH_S8P3DGEO6p3CFdQjJ4NHdKw.jpg,335,841,498,568,588.0,533.0,506,70
GoEo6SDbT8Uh9uozKWpyELKIqcJaI.jpg,302,845,456,535,573.5,495.5,543,79
GoFnEVrhTDdS8vw28PmXUwekCid52k.jpg,306,758,425,499,532.0,462.0,452,74
GOHYfnclQCMcgelVBLYphBrRDgcjB3.jpg,308,783,438,512,545.5,475.0,475,74
goIfNmCs6VXT7vv49enIZudgLL2tUWjC.jpg,476,800,461,519,638.0,490.0,324,58
gopt5Rm3_umFowST8JyyoIDXBPH86T.jpg,527,966,454,525,746.5,489.5,439,71
gORtzTVc2o2beefLzL6ORSE7W4rH9a2.jpg,495,802,465,525,648.5,495.0,307,60
goTPosNzaSf41XVj8jPvIVLYLoCRNP.jpg,415,1046,495,592,730.5,543.5,631,97
GOUBtmV9jhiZtddj5_lFgD5xPSyovps.jpg,423,737,465,524,580.0,494.5,314,59
GP7UqgwpRrbG3LwWIL2B7sP6u4Mp1XZ.jpg,309,755,427,518,532.0,472.5,446,91
GphhaK5OIc3nTqXdQPeEzohjpKceZM4.jpg,419,837,422,486,628.0,454.0,418,64
gpLukiGGYflpTL19pCYv5kbjb61tLqO.jpg,411,778,486,556,594.5,521.0,367,70
gPtRyJDbKxlzJVNMH5YPxLYeL4.jpg,438,757,446,504,597.5,475.0,319,58
GPxMxbXWC6fzso477I14wryfFXYcgjn.jpg,330,842,453,524,586.0,488.5,512,71
gpzJygohCYWDg3fc3IFXKCG3t9E.jpg,466,904,458,528,685.0,493.0,438,70
GP_MjIyJGztxVpsDr7wkkPMB7X1nOHz.jpg,409,955,507,586,682.0,546.5,546,79
gQ2kGEWQ8Qpx8tOa4BShHwxXwQPV7hIg.jpg,364,1056,498,626,710.0,562.0,692,128
GQ3wKdHrzggvoV7CmwqbJvlV6GI32Ly.jpg,510,808,437,496,659.0,466.5,298,59
GQ4PT9kJ4PNS5uF27ERCzCf8Dswx1lI.jpg,461,924,412,531,692.5,471.5,463,119
GQd1PQaV89xUlsBqXuyuTkNt2Isrli.jpg,443,885,432,500,664.0,466.0,442,68
gqdRyapOordoegW4B4c7hd5Yjw2VO5.jpg,427,857,428,496,642.0,462.0,430,68
GqDyNqoSuiyzSP6kohB4_cDk8O2f2dD.jpg,377,928,510,589,652.5,549.5,551,79
GqE_TYQB9jNdyn7i4oe7vxqgsQQKJw4G.jpg,352,789,457,521,570.5,489.0,437,64
gQm_YfcauJcr4jS7HeFiOH1vSnd1l.jpg,421,956,496,577,688.5,536.5,535,81
GQrgd27Pb_wgwuctSVe4ewGm2SqB2.jpg,393,739,455,520,566.0,487.5,346,65
gR4o9D857TIHTrgpOMIHhtCbkUPMnD.jpg,394,917,461,538,655.5,499.5,523,77
gr7IiSf44tuX6IcOeb58cSeQB5T9t.jpg,434,940,483,560,687.0,521.5,506,77
Gr9tj8t5ytLLy4KC9JkHT4N8fJePt.jpg,467,910,463,533,688.5,498.0,443,70
GRc7oM4sSLtzeN826CfivTousDU.jpg,357,695,459,519,526.0,489.0,338,60
gRemaGRXRS31EltSKYeOZ_8ZwYb9Wu2z.jpg,435,915,445,516,675.0,480.5,480,71
GrFkaZFFsKGxKnOxwl3tkSURwKshWNm.jpg,365,894,450,533,629.5,491.5,529,83
GRHGB7CN5zhuTytoUHgxMClTdaNLF9b.jpg,341,794,432,503,567.5,467.5,453,71
Grktxvzk3NoLq_OR6Wtvt_65mco1Lr.jpg,433,975,508,589,704.0,548.5,542,81
grKy1XcyXs8YtxTOct9Flj8iHM6pNBx.jpg,337,911,485,564,624.0,524.5,574,79
grmKN5fPavoDXBVEzI5gh3NJPHHgnOlr.jpg,467,775,462,521,621.0,491.5,308,59
GRNVDl2wMfZm6R6SNRwCS25Ur_XSXiK.jpg,314,874,475,565,594.0,520.0,560,90
grQlptShR1Z3uCpWzFDjVWGnYEVHuu2.jpg,395,853,470,539,624.0,504.5,458,69
grTm7msoPZBgyWCnOFvaaS6ILSyY.jpg,338,735,418,483,536.5,450.5,397,65
grVz6C4bbTclNZeeskHvMfnbbhYG7J.jpg,375,930,512,592,652.5,552.0,555,80
GRxTOYa3fZz9ncJEMmzmorUBi2m.jpg,378,854,445,520,616.0,482.5,476,75
GrYYfhVjaJnCesP88pE8cCc5MybuChSK.jpg,351,851,456,530,601.0,493.0,500,74
Gs3kkxgm5OIyccKOeouxXzWleU3nwPUd.jpg,438,726,457,512,582.0,484.5,288,55
Gs3P17Ti2ED9TPg6BZDqdTDqmoHrV6S.jpg,354,671,440,503,512.5,471.5,317,63
Gs8bZ6MvPXbKFOymWlKJS9DvakVYz42.jpg,348,864,455,530,606.0,492.5,516,75
gShsshubOakppcHqvraiT1ZyggGO7JyX.jpg,243,759,469,545,501.0,507.0,516,76
gSJiDX73JQ3KlZVO5ye2EY1vxuy_8.jpg,454,752,438,495,603.0,466.5,298,57
gSNS1olB8SkFxLtTDTrI2PfvkWl2bD.jpg,443,774,475,536,608.5,505.5,331,61
gSUEBfZchI8x7RePfX8CLdDBN1jXsY.jpg,413,828,420,493,620.5,456.5,415,73
gsvUO58mmNpbu7PybmQ5FsJU7vefkDZ.jpg,357,912,459,545,634.5,502.0,555,86
gSXEqE6Z7fHusVGH7ccKxxBjN6R1XQF.jpg,363,932,468,555,647.5,511.5,569,87
GSXkTRWyxwt7WX9gLYry6YUYqoRLWZ.jpg,396,768,506,571,582.0,538.5,372,65
gsyfD65DXhsO34sEn3FpiaxWNzBlCMo.jpg,409,843,428,493,626.0,460.5,434,65
gsYKSNkdw1Hm1nxD_j2tXvXGMeMJTd.jpg,417,870,437,507,643.5,472.0,453,70
gSzIvBsSEnRb1xrZjQngsE3Cef_xRuE.jpg,325,760,432,501,542.5,466.5,435,69
gsZxThvWkOakToZETr9Cfq6XRE5i8f.jpg,437,771,456,517,604.0,486.5,334,61
gT3eWgWViN42TR2PG9b65bfxY4J6F.jpg,305,835,467,545,570.0,506.0,530,78
Gt5nTfTpa67Los7_DbgUEgGMs_IPBQ.jpg,391,940,509,591,665.5,550.0,549,82
gTFTJ3WVCy8qLnfznh8i5Xzrtckxod.jpg,316,805,465,538,560.5,501.5,489,73
GtKQ7rJjTjbMONS3VTVuiTZglFXk2eR.jpg,391,752,496,563,571.5,529.5,361,67
GtQ1eMrlLQqPLPPqY6wrU75h1lyuJl.jpg,302,806,453,526,554.0,489.5,504,73
GTqkxrhqQH4_CS7VVtyhpZxe9ywktZE.jpg,432,907,475,543,669.5,509.0,475,68
gtSCLk7djMyaa_wejkBk15glE_2XPR.jpg,440,713,429,481,576.5,455.0,273,52
gtWoqnSyB_tlz4ESEf9fJPWc11zDKPP.jpg,244,717,461,535,480.5,498.0,473,74
gTZ5h886fgou1CULR9xXgo4cz_LyXd.jpg,295,850,475,554,572.5,514.5,555,79
GT_mLVsX6ZeQTHFWoNQRD9kwiI5jTK.jpg,197,820,501,588,508.5,544.5,623,87
GU88dofE4bBOKz_czK78mDgjyrWBuYd.jpg,456,772,469,530,614.0,499.5,316,61
GUbcmyWLWcLybnnv_rKlpyX1pvtJ8EDs.jpg,439,857,454,517,648.0,485.5,418,63
GuGymTytanE5UFTI6b_PlCUDmsdx5Rd.jpg,321,680,481,544,500.5,512.5,359,63
gujtaWoXDCbHiwXjibilKsbJ3DFof.jpg,379,795,420,484,587.0,452.0,416,64
GUmCR_8yIkl38iJHXQDB1st9dTg3lGdJ.jpg,410,903,456,529,656.5,492.5,493,73
guOpb_oJUPTaoKzBRMGkjNfzkBNbT.jpg,352,765,528,600,558.5,564.0,413,72
guopG4px7OKz81RLMgcjN1nCIoRRK.jpg,367,942,520,606,654.5,563.0,575,86
GuQpWrUK7crOto4uhWLDwq8Vt2NpF.jpg,276,651,505,579,463.5,542.0,375,74
GurU1sU2VzG7aWVCLx3BaLWmTijnKx.jpg,348,761,423,490,554.5,456.5,413,67
gUry5CEKM3tG4KsbB6r6CD_pwg9B2V1.jpg,435,764,477,537,599.5,507.0,329,60
gutTUJVu7oM6utne1cqPWPkkQ_urXoL.jpg,396,959,473,559,677.5,516.0,563,86
guVLEmHNKPHTcDRIYl9lv1nZgNpKj43.jpg,296,769,451,522,532.5,486.5,473,71
gUZOEVlyaZyDLPmT_bN4Bgop54xbLKD6.jpg,428,867,463,529,647.5,496.0,439,66
gU_ijQIhwMex2pFvCz5tFKixxW4YhSBQ.jpg,475,912,432,498,693.5,465.0,437,66
gu_tp8pggavR64MxCcpjHcs9GPdqm2H.jpg,367,928,469,552,647.5,510.5,561,83
GV2qkzO6OLlb56KCEodGS_SSvsdGeir.jpg,476,830,478,541,653.0,509.5,354,63
gvc1CPCsX3d5o8j_fjsm4huq7Uj.jpg,438,849,423,486,643.5,454.5,411,63
gvc35vKf4DYz2xDurioftHmSw1pFVx.jpg,574,870,426,486,722.0,456.0,296,60
gvEoekoXRFNVPOQuIiCdVvqNZqJO_yhk.jpg,288,885,471,557,586.5,514.0,597,86
GvevGMv1XtLN4bvsEf7n1inZor_jmB8.jpg,352,894,459,540,623.0,499.5,542,81
GvfU5QzQF7MPKUKCrKSpfYpi8n5kn.jpg,371,931,479,566,651.0,522.5,560,87
gVI1njbeXfQfSKCBMZT6WYSOsUVG7N.jpg,473,816,483,546,644.5,514.5,343,63
gvIHrTkIwBzEtNSY8XWwIGjGOMJ5Gtn.jpg,345,989,540,635,667.0,587.5,644,95
gvnc4_W6dIzOlLR_d6NOw3XsX3ZSQ1.jpg,446,974,447,526,710.0,486.5,528,79
GvpGK5eVFUlQ6NhnEkZzR2dRj44DiCFD.jpg,428,926,452,526,677.0,489.0,498,74
Gw4WE_wKQcyngtaOf5DBBUMpLIByoF.jpg,426,879,465,533,652.5,499.0,453,68
GWcweMwYisHCX_uHl87vEcp9dtkeT1.jpg,307,827,471,554,567.0,512.5,520,83
gwfx1BMqCZUnbYlq9RiiJ3wxGX7lqxPB.jpg,414,851,458,525,632.5,491.5,437,67
gWLnDi2HNa2KjZqtUfENlEYx1BBOG8.jpg,202,962,514,624,582.0,569.0,760,110
GWQ_yE3OeQascYg_nx6HcTqZ4GBV3WHG.jpg,390,789,417,481,589.5,449.0,399,64
gWuhxGrEGkCQBQ8_fyH3cG2CnbgF.jpg,427,888,427,499,657.5,463.0,461,72
GWUUaP3i5XzfkX5iizxbN_2L1uhhFj.jpg,478,912,455,527,695.0,491.0,434,72
GwyjNm9pMCdCX5GK51lohe1CMwklSZ.jpg,351,916,471,562,633.5,516.5,565,91
gwZQ6GZx23Kw9G1fqgzXY_cBKRrM5mz.jpg,341,750,421,486,545.5,453.5,409,65
gX5Vq_PgtFEksFmkg_I_DxNi852_.jpg,459,774,457,516,616.5,486.5,315,59
GXahFa_6QlhYmuyTCwnI7rxiqdhK_q.jpg,386,822,429,498,604.0,463.5,436,69
gXF9LWbu7SbeCnldyzPGlKgFTRZ9QfeC.jpg,390,887,480,553,638.5,516.5,497,73
gxiw6INZ9hadwOCml_hEfOc6To_oGR.jpg,286,777,453,524,531.5,488.5,491,71
GxPYrR82EtdKuFeFG1bzS_e1wk228aC.jpg,269,768,478,552,518.5,515.0,499,74
gxqQ2vC3wqoERQ76X2Uhn2DH8IpVNFDZ.jpg,402,765,461,525,583.5,493.0,363,64
gXR88GrD6rEvGvTqzSHbvwCzU394ZuB.jpg,481,932,427,501,706.5,464.0,451,74
GXVqXpgyf55lZ5Sss5oU2IMP51CNSH.jpg,452,879,459,526,665.5,492.5,427,67
gxV_2bHewozGQ67yZzWKQIpsXyLsfs.jpg,458,792,445,507,625.0,476.0,334,62
GxW4GITee4_erCSORMmWeTBL_CDCq.jpg,395,931,451,537,663.0,494.0,536,86
GxwlQ5aoZRVcEwUWUe8ajG6M3hQZNbF.jpg,307,817,498,568,562.0,533.0,510,70
GXZaveLhTqQq8LmcmuFBIEVcsEJTz.jpg,353,765,444,503,559.0,473.5,412,59
gy2xI3952zmUfVDbzOqQRWixq81o.jpg,365,749,515,583,557.0,549.0,384,68
GYd3oHul4eQc1fdF95b4CRyDvg1VQQT7.jpg,364,898,461,545,631.0,503.0,534,84
gYgIxSdItoQ7zJr3hvN79O_8UQfpM3aZ.jpg,371,707,479,542,539.0,510.5,336,63
gYKiX46V3H6KBS6djNLDx38Hnfq36h.jpg,393,862,438,508,627.5,473.0,469,70
gYMiwUuy7DF4bH6GbeS_I72DSizKsY.jpg,429,744,439,495,586.5,467.0,315,56
gYNap7Y3bXOxs2nxQbH4_cMt9yZbSr.jpg,447,834,465,535,640.5,500.0,387,70
gYtqfsfqFqlToFGzyqOBh4LQx35mH1.jpg,413,856,428,499,634.5,463.5,443,71
gYTXF_P8g5JKRgTdu6SWYxD3arLFv2.jpg,395,918,478,558,656.5,518.0,523,80
GYupmnjWB65kNDKyYwoLhD3JEpJKkd.jpg,317,782,436,508,549.5,472.0,465,72
GYUSDCSEGrx65fmqUTrRjmcbO1uj9YBh.jpg,420,812,441,501,616.0,471.0,392,60
gYvgEi2Q3c8PTgCxZrjR1QfEg53mq2L_.jpg,383,789,416,481,586.0,448.5,406,65
GYXNZNxuYExodmbw6d9wrWoRPtugdwP.jpg,400,714,448,508,557.0,478.0,314,60
gZ3JahaFMHcNknNlIp2IvZf_Qt5WwQ.jpg,448,938,487,560,693.0,523.5,490,73
GZ62N4YXpTcnqLupVCqz6ByCgi4GMcF.jpg,502,803,451,511,652.5,481.0,301,60
GzCGnkqtfRjLJUFKsPvPRNph5kHuo_.jpg,406,966,471,551,686.0,511.0,560,80
GzGWcv2lU9Z_Hc5P3X4ZbfLSlBTDk.jpg,226,799,476,571,512.5,523.5,573,95
gzndSVWTZOtCeJUjJrWDSLrgfNzKOe4.jpg,431,872,428,496,651.5,462.0,441,68
gZnhnOjY3xlOt6TckN4ISmBNyi1EyYvd.jpg,421,918,453,526,669.5,489.5,497,73
GZSVuWE4STzUhybP9RV3CB4YYzHjnTBx.jpg,417,865,438,504,641.0,471.0,448,66
GzUjrz6k86uITPK3M1M1ZiShsaRamx.jpg,301,765,435,508,533.0,471.5,464,73
gZzpheM33vOICZSfSjqQuJBeORNjCWD.jpg,454,894,425,496,674.0,460.5,440,71
gzzqr8gN1lilvtaS6_kw3ZMv9oRYC9.jpg,396,857,464,542,626.5,503.0,461,78
g_duE917oYOG29O5W6p5YIoaYQTWnim_.jpg,328,752,424,489,540.0,456.5,424,65
G_mire1EL4_Vci2Hvmt9kFeCmvDNFRY.jpg,376,663,435,492,519.5,463.5,287,57
G_PY6Ta8XXFQ9m6qJNHUYXII4jnXDy.jpg,414,970,514,593,692.0,553.5,556,79
G_ZrKicwzr52nforOz11f9GWcRG1v89.jpg,308,860,492,571,584.0,531.5,552,79
g_ZSQQmet9WG2USQzdavg_7lMHbXPG.jpg,441,811,460,529,626.0,494.5,370,69
h1Gic8pvybZiW5oQWV2YQ3cjVWhFMQ.jpg,363,883,502,576,623.0,539.0,520,74
h1xNggddqauv61Wf_vZeO__S5Tv_W.jpg,389,910,458,537,649.5,497.5,521,79
H24tLxCuhgo8m5YJdqSlkQDmEUml6ZD1.jpg,463,773,429,489,618.0,459.0,310,60
h291KNtwNVJRp9MMRBDVJsRvj8iyhg2M.jpg,279,779,455,530,529.0,492.5,500,75
H2MtdGCohCkBenzCGtiaj6yjm6fU4.jpg,407,886,438,512,646.5,475.0,479,74
h2ofQuHD2Pn48EjzF6TM_BuRWNC9LfL.jpg,410,753,454,514,581.5,484.0,343,60
h2ovO76UyXja3iGy_pxVVTI25fyHLC.jpg,383,894,494,569,638.5,531.5,511,75
h2oxu_JNzp97PMfj64NbMbruy8Due1N.jpg,377,824,431,508,600.5,469.5,447,77
H2VLs3RicI54ij9kS3tVCgQjd14X7VN.jpg,384,666,428,481,525.0,454.5,282,53
H3hcTfXf9FIodZ4q1F1czdX4zobMRq.jpg,358,885,454,532,621.5,493.0,527,78
H3iiRdPSTYp1YxFMyXr9Ksl5UGvO7O.jpg,213,896,538,641,554.5,589.5,683,103
h42LKri4r1RLHer2luP4HiK2nJnm4EU.jpg,436,753,442,503,594.5,472.5,317,61
H437zOrTuRdLkWN5rJZmv1gnaUfmu.jpg,376,824,436,510,600.0,473.0,448,74
h4amJuc149d7WoGQPB3_3KHM3L1W44.jpg,421,839,424,487,630.0,455.5,418,63
h4BipiqFkdY4YQhacjNXBd3DZgE1U7_.jpg,397,925,466,547,661.0,506.5,528,81
H4Gp_uQOtqiomnoS4MRfou_pwB2YRSd.jpg,386,726,453,514,556.0,483.5,340,61
H4lumsF_TLO_YYzfPJyvjmjezINVRXk.jpg,333,763,431,499,548.0,465.0,430,68
h4WhFTdl9TE8sT7tbGW6mvOGDMfq.jpg,386,837,467,535,611.5,501.0,451,68
H4xT_P_Vd3ouwKuIeMUokNCuQfEC8XH.jpg,409,777,462,529,593.0,495.5,368,67
h52DamsgdFWC2sK5zgki5z7tctV4BF.jpg,341,907,470,553,624.0,511.5,566,83
h533SC_JKHvtnyvMv8slPS1Mdl2u.jpg,386,904,494,568,645.0,531.0,518,74
H5GRF6tOJqKjhaeDX5nDpjKda1j.jpg,402,674,441,492,538.0,466.5,272,51
h5QR_7ZhL74xz4ItssCau5XmiNwrX.jpg,344,864,460,538,604.0,499.0,520,78
H673xi7MMc1i8WyUrkJHDNnabJbM8N.jpg,417,727,441,498,572.0,469.5,310,57
H6I2TZHxSd4UT1avThT5gt6wliISvv_m.jpg,338,712,502,568,525.0,535.0,374,66
H6i6uZNtByrSDROagEzJRSk5RXmXh.jpg,350,934,520,602,642.0,561.0,584,82
H6lVstP9BiKgvzGasVmyGfQe_uZ7vah.jpg,419,838,453,520,628.5,486.5,419,67
h6SHrpOpRzRgfNwpd1Cpi9eWpyrSyP.jpg,368,914,496,578,641.0,537.0,546,82
H6vyI7MzFj42fSl53mOy3BZLEy9WozM.jpg,359,846,470,549,602.5,509.5,487,79
H6X8YVpQ5SsXCLrJWuEbq5jroVbd31.jpg,353,892,454,538,622.5,496.0,539,84
H6xz5dKNRRDOYecLxoNDVIv2WiCgei.jpg,431,857,455,518,644.0,486.5,426,63
H7ajDXk6PJM7_RRrl18sJ6mYsMrlNvTh.jpg,380,754,459,527,567.0,493.0,374,68
h7HESC4vuxz2z9YXQKTwKZE_8F6Xubo.jpg,389,862,472,546,625.5,509.0,473,74
h7HR9xhmxyjILVZV4irkF9mkbp88O.jpg,422,889,475,547,655.5,511.0,467,72
H7Is1v1ypFbhBVvQt8VJp14lW3mlOTL.jpg,372,870,470,547,621.0,508.5,498,77
H7xZBrgsKaSSV6hfVxrkgrEd9BS9GuS.jpg,480,810,449,510,645.0,479.5,330,61
h87MMj969WyxSYdX8QOmnKD9f6mOo4.jpg,424,922,489,564,673.0,526.5,498,75
h8o8SPdx8roqc9gLwitFN9m9f7xccy.jpg,345,876,458,533,610.5,495.5,531,75
H8pLVJmHOJaUFoRFUufugEqXdBC.jpg,324,890,501,588,607.0,544.5,566,87
h8ppY6QB1ZxSMrOZp7LY3TIslSHW4.jpg,392,870,438,510,631.0,474.0,478,72
h916R9whkrEhPEuRK4fHsSlIu4DzZBl.jpg,438,918,446,517,678.0,481.5,480,71
H9nBHXrhSKraIOYurgF53YxO4kEbZV.jpg,535,912,499,572,723.5,535.5,377,73
h9U8T_5Pgxgx641nUCMqbnu8I2OeO2n.jpg,453,751,459,517,602.0,488.0,298,58
H9ZYzkBfTGGCKUcMNl5S3BOvl4Zz2.jpg,317,749,429,496,533.0,462.5,432,67
haG7aKsfhzBa1cWscNLuRBND4fqgxJ.jpg,313,631,442,501,472.0,471.5,318,59
Hak4pLMvijziV1O7YObTNLgKQm5Ea.jpg,392,834,429,511,613.0,470.0,442,82
haZFXiR8b5I9Wt_g6WVf7dnRznw4ervM.jpg,415,932,484,561,673.5,522.5,517,77
Ha_wSiQBuofWv_i_w6OxjlLC2srySg.jpg,351,689,452,512,520.0,482.0,338,60
HB1ZVhytf7_cOZLJyzcakyszyyBw52B.jpg,270,775,435,513,522.5,474.0,505,78
hb761ENPVH4esZ4QHN7_DYmJBsfWTf7d.jpg,447,910,471,542,678.5,506.5,463,71
hbEFZNS4CQhUqlLkZinC4kvdKDr1i2.jpg,488,816,436,502,652.0,469.0,328,66
HbeXhUSISN_fXtDt8jJnKkJNugtVb1r.jpg,332,649,438,499,490.5,468.5,317,61
Hbf5P628iVi8kkZYRfeDRXc_f_XN77lI.jpg,223,797,482,562,510.0,522.0,574,80
hBmbdURGS8mzFzFwwcnqIbO73DQUUFU.jpg,450,784,453,516,617.0,484.5,334,63
hBNgeF9WnOhBRF_Uf87rOj4kKMM65cjc.jpg,369,830,470,538,599.5,504.0,461,68
Hbnkax7XfaoCsmQ7KvNQkS8IXDVBsrho.jpg,405,814,417,480,609.5,448.5,409,63
hbSeaOI93JBammOZeNmn_w2NEwwIhTsp.jpg,354,840,481,553,597.0,517.0,486,72
hC7WCSOhy_9RdZ2WwPa_eWistHauI1_X.jpg,392,917,502,579,654.5,540.5,525,77
hcbRBGBNK1tRFCTOLR4LxrlbHHLRfV.jpg,353,780,461,528,566.5,494.5,427,67
HcFOiQn7QkXYdBB6ajfiUiI5T3eLrBa.jpg,486,818,475,537,652.0,506.0,332,62
HCJ45UdrW6iUW67FwXUIEgTIuIuD7eT9.jpg,408,897,435,510,652.5,472.5,489,75
HCKXRaZh1PjpC3HIYsC4XkF5hmBZzwX.jpg,446,771,458,518,608.5,488.0,325,60
HcqsxBKhMe4UjnpS_xFS5TQjawwS3Zqu.jpg,403,783,489,559,593.0,524.0,380,70
hd4d8H3TmyeymEM8eeWPtg8LeGCOa.jpg,376,788,423,487,582.0,455.0,412,64
hDa_yRDxGgLHMisJihgf4cGHzHPhj5xD.jpg,422,793,469,537,607.5,503.0,371,68
hdjGfOlj2TnVYFgRMYDltywQN6rIV.jpg,345,859,490,566,602.0,528.0,514,76
hDlnMe5q6TQq9aXLv2snlfnvLggDTYa.jpg,431,750,468,526,590.5,497.0,319,58
HDMQvmcwbUo78EjHfXOdIuitJkTvfBn.jpg,436,901,476,545,668.5,510.5,465,69
hdn_HiwG3DSYCpw9IRJNnKf6JrVNgw3.jpg,393,778,498,573,585.5,535.5,385,75
hdOiW1Z8Gw8KKtFe__GnHZivejWNxN.jpg,408,943,459,542,675.5,500.5,535,83
hdQxC256lcatv8yMU1HZYlh4Umcb8DV.jpg,388,853,462,531,620.5,496.5,465,69
hDsY46Bt84Nj_a9ITs8Q1_HOPXas2o7o.jpg,352,849,450,523,600.5,486.5,497,73
HDxbheKrTvSvgaCkwUiQlX82HjHTdEuR.jpg,497,787,425,483,642.0,454.0,290,58
HD_JFmaSnGz9CealDGkkTNjuRqcvMC9.jpg,429,860,425,492,644.5,458.5,431,67
HE2XIhRlh3DeyTIMW7Iwt8hKqlQpxYH9.jpg,418,854,460,525,636.0,492.5,436,65
he59uihFovWfKV3syw3t3fyCISVPLk.jpg,479,814,478,541,646.5,509.5,335,63
he6F6ztuDOO4SVoESaqMhSS5eHlGNZ2.jpg,394,743,489,551,568.5,520.0,349,62
HEapNjU1c7oxSHB6egomZxHHcrOJFz1.jpg,237,1047,640,763,642.0,701.5,810,123
HeBNc5Z2BzPi7vbNk_aT_U9dK_jmDq.jpg,286,753,436,529,519.5,482.5,467,93
heDyUPpfcTCS92z8nxpyzt7Nh4EJbhfh.jpg,387,713,423,486,550.0,454.5,326,63
hEHuLsK5mn5MXTfw9w_EJEFvZD5Q.jpg,301,780,438,513,540.5,475.5,479,75
Hej5aqeiBzYRLPs96es5IHhtb426fEI.jpg,339,1123,583,699,731.0,641.0,784,116
heJRpV6XRz8dNRg9jI5KHFYC_Kfs2f9w.jpg,390,867,438,531,628.5,484.5,477,93
HEKGJfg2ePKRnnzvxRbYxYwU5XwIc4kt.jpg,387,688,431,489,537.5,460.0,301,58
HeLtEpCG19cIo71oTN2_do3joGQCfrMt.jpg,324,829,454,533,576.5,493.5,505,79
HEMuGSmN8_Yn5anbq1TsgWgefLiPX.jpg,396,774,512,584,585.0,548.0,378,72
hEn7fvFtSxIBQhs8NKP_KTWED9DloyjC.jpg,324,900,516,596,612.0,556.0,576,80
hEOMi_oc4UV1kGHPwS9ZxFDoJ7erGc.jpg,325,902,479,563,613.5,521.0,577,84
hEpSKnsgzO72oFQSvT4i41n8QET3cUp.jpg,438,940,458,534,689.0,496.0,502,76
HeR_HlQzDXOkX7oh8n4cehVetyelPHH.jpg,380,693,446,505,536.5,475.5,313,59
hESaxYMD5KRLSYPD759qriYENduqDNe.jpg,452,849,482,555,650.5,518.5,397,73
HEt57bMSjJQZBuL9uaD5t7IZcdoX24C.jpg,311,762,439,506,536.5,472.5,451,67
HeUOfw_fPJJBDXqtXhas3Oz3U3Y9qTh.jpg,335,899,505,588,617.0,546.5,564,83
HEZKQRCRnSPTJ_e4Gjphsa279N18dIQo.jpg,479,806,468,528,642.5,498.0,327,60
hF2sxx7EOXmLSwu_EYwnCLJYCIOUenH.jpg,468,778,444,502,623.0,473.0,310,58
hFaeBPFJkhm74cTBtCRXODsV7Id7XhgR.jpg,531,889,458,523,710.0,490.5,358,65
hFdQWFsFk7zZLxu1TItRVWbo1JTpr3.jpg,438,713,423,476,575.5,449.5,275,53
hfG726cHHTPdQH6x9cTYJvcEjOMno.jpg,367,837,437,510,602.0,473.5,470,73
hFJmEliNMyLSc4Y6E81atmBj4t5PquiB.jpg,346,742,414,489,544.0,451.5,396,75
hFK1bkGx_YRyi1w1x5rv57lpHOCamZHB.jpg,440,1038,493,621,739.0,557.0,598,128
hFsMXTMjktduKq6QZjSaQdRViIisBOlW.jpg,504,885,508,580,694.5,544.0,381,72
hFWymwIieQHqb_sDmzNMbHmjrVynEq6.jpg,270,1109,575,707,689.5,641.0,839,132
Hfx233HM1WPa4YeXFm7LTTv2ENBXGI.jpg,420,812,472,542,616.0,507.0,392,70
hFYCoYinJSKpstbddPK_pTSLtMv2Mf.jpg,368,929,468,560,648.5,514.0,561,92
hF_ubJfGcImpuhIyDfJPaJUs1nTZYx.jpg,436,856,426,493,646.0,459.5,420,67
hg3_pswcynCdc9mUevWl4eEV65JVw75c.jpg,437,1018,515,611,727.5,563.0,581,96
hGNWcbd8TofLxRF6vXyHYV_p8tbW46I.jpg,369,1030,551,644,699.5,597.5,661,93
hGO5mNoaBzkO7jywqDbCPM769dyexFP.jpg,499,787,425,482,643.0,453.5,288,57
HGP4TtnCOTXYbaLiU9JQNXuWGx4L_l.jpg,499,780,447,501,639.5,474.0,281,54
hgqrpcDbG3z7qEEpSCUvpaOZNB1wFV.jpg,429,836,419,483,632.5,451.0,407,64
hgxeLHen3aTpKThEczX8cOI5P9BHNir.jpg,552,791,369,441,671.5,405.0,239,72
HGYm5KksqX_hYqi7LFuwxP1JN4GYuaQ_.jpg,422,898,478,550,660.0,514.0,476,72
HGypNy7qelhZl5ubJRBsxx8OTwQW4qh.jpg,317,850,462,539,583.5,500.5,533,77
Hg_cM2zwUxOeoNTmbNZrQhvoEybUwUeI.jpg,401,801,419,479,601.0,449.0,400,60
Hg_nSqih7plecbNzTbl5EjYy3YR.jpg,489,1025,492,576,757.0,534.0,536,84
hH51wKqL9I6MpVJOEMzSPogvzxTrQ6I7.jpg,447,839,413,478,643.0,445.5,392,65
hHEg9ZGySkjcNxy8mDrbg3JZX2ecFo.jpg,333,830,480,548,581.5,514.0,497,68
hhjl84ev3o523B9jr9NvOmvioaXlIUM.jpg,488,766,418,474,627.0,446.0,278,56
HHkTGQtVICUEpKIHj95Slpqo9iIL8C.jpg,277,658,471,544,467.5,507.5,381,73
hHLgKsTUk12WzgP2HTly6YDHX3liast2.jpg,424,751,446,508,587.5,477.0,327,62
hHMhvB69BBi7KZa9FwUKHBEFKMFn5H5.jpg,348,675,456,513,511.5,484.5,327,57
HhMIdSLHblOeUSP6w6waf1pGIJkXPw.jpg,353,968,491,581,660.5,536.0,615,90
HhO9_HVU_hCMWUq3Jvic_PlrI7dEjW8.jpg,291,777,444,518,534.0,481.0,486,74
HHOsWTyEhhd8N45HtEDRaItJtXX89TP6.jpg,392,856,443,514,624.0,478.5,464,71
hhQ4Rg5VaEPpG7zMOhZdRHs3s_fp1D.jpg,299,814,486,564,556.5,525.0,515,78
hHRvHxH197YlcJZhWqywjSLlKwCjPu.jpg,387,835,437,507,611.0,472.0,448,70
hhT8lkd95v2rwakNBkSPkH7uwHgpnYZ.jpg,475,914,458,528,694.5,493.0,439,70
HHvfc5Go6dxkLnBE8FRM3mv8zokgaE1u.jpg,412,830,453,516,621.0,484.5,418,63
hHVqFDWmmYmadhLJvWVNgrlqJTTn2T.jpg,265,796,468,543,530.5,505.5,531,75
HhxYf7ISqPtIYSgzmfIISQBnkdFB6KQ.jpg,385,930,460,544,657.5,502.0,545,84
Hi2wVhxEyRNUdd_rzdBwzGKm1p6zKy.jpg,393,850,465,534,621.5,499.5,457,69
HI6eto1G1h2oaFHZsSZC4d4qHY52wm.jpg,362,974,533,621,668.0,577.0,612,88
Hib_ZO3kOB5KoLX9CrPgzQTkmxaX1J.jpg,483,852,502,573,667.5,537.5,369,71
HIE5ZkVvmINv563S4BV3IzFKH3D9R4Xd.jpg,374,832,439,509,603.0,474.0,458,70
hiesmK5TOE53qmFaLWvIrZuFoEsV5NX.jpg,478,825,483,550,651.5,516.5,347,67
HIl2DF1jGH6XBC4TQEj3jqcMzfI2g29p.jpg,347,776,450,516,561.5,483.0,429,66
hIOjvBaWsLkaHvyu7_jm_yMJPNNtmYC.jpg,443,773,443,504,608.0,473.5,330,61
hiQpC9WixZIRxgGO_JI2WoqJCvv4KQ4.jpg,509,937,455,526,723.0,490.5,428,71
HiUbbJcbOhjqWmNElMUNRHKV5n9oWH.jpg,312,951,469,562,631.5,515.5,639,93
HIYHpsjMumXcQLZLIrE_DzkQIw6n.jpg,417,807,511,587,612.0,549.0,390,76
HIzGXgVBHDRdFGIHl46rKiU3uELFgB.jpg,408,847,463,534,627.5,498.5,439,71
hIZP5W4ETSRrgLeTZtiskMzJKK9WReg.jpg,471,783,445,503,627.0,474.0,312,58
hj2QqLh6w68NXJrzalsoEtb9lNadGv6.jpg,299,672,488,553,485.5,520.5,373,65
Hj6da6z57vu3EKYG28xffQn7ODFBSuR.jpg,443,905,432,506,674.0,469.0,462,74
hJ7DRS7C_krfEfeiNG15EullzfBeF.jpg,397,1062,549,649,729.5,599.0,665,100
hJc3gPSLsydtVu7kpP49ulSlpE5U9Pe.jpg,444,811,456,528,627.5,492.0,367,72
HJeICvCbQPcDXaZusqBL_JiBESsyTju.jpg,422,877,427,504,649.5,465.5,455,77
HjeSZmISw27OlBOIdMUZ233Ie_FL9Ko.jpg,378,911,503,580,644.5,541.5,533,77
HJjRWq6mNtvBT_2MHURWJWmVoSvgEsI.jpg,324,767,451,527,545.5,489.0,443,76
hjkVueSrFafMxsUBdhTQr_XIgI9zuoR.jpg,344,787,461,527,565.5,494.0,443,66
Hjl3pgP8TYLc7k_lpciyCbE8RjsGDH.jpg,387,864,435,510,625.5,472.5,477,75
HjrW5VqIIBGYLGxg9657f6p6T1Ru.jpg,277,918,496,595,597.5,545.5,641,99
hJueJsuKQafehXnBauhIVBBBF9CsP1.jpg,462,905,462,528,683.5,495.0,443,66
hjVkMsiP9n2rmiWZuFpj6ltbxjdgjW.jpg,335,662,437,501,498.5,469.0,327,64
HJwQhWHOTRqMqfP8bKboZlaLuxP8YR.jpg,219,882,511,615,550.5,563.0,663,104
HKdrDHbTDGcbqxMnrWB4XnHGZhCgdLY6.jpg,398,966,471,556,682.0,513.5,568,85
hkIkPH2Enysfhgtvkg9sbfhnIrr9XpJ.jpg,274,797,450,531,535.5,490.5,523,81
HKqRa2xrFdm2tBxEJopdt2e_dCEGUDl.jpg,360,843,482,551,601.5,516.5,483,69
HkSIDWBYZDjOj8fupaQxJ4UFLwEszM.jpg,447,960,488,565,703.5,526.5,513,77
hKTuZgg_tpsvtL_RnPzHoOw1mzLtBv.jpg,436,752,438,499,594.0,468.5,316,61
hkUQqCL3F_mOaXP7uQRZkICnle_7Wn.jpg,382,798,422,487,590.0,454.5,416,65
HkvPaYptgnPpjPLgYz_RQbQDvgbyZX6O.jpg,246,824,476,579,535.0,527.5,578,103
HkWZKkySeErZ4Bc9SPM1yQrVYaPZaM.jpg,411,930,492,571,670.5,531.5,519,79
hKypBdXi5Q1P6estBNC4Eh_cYSfOLtV.jpg,437,836,488,558,636.5,523.0,399,70
HKzyQocT3OGOSERRKtlRD6JOVi41v6.jpg,333,840,456,529,586.5,492.5,507,73
hL5p43iddcDECVznTqq2Nn92g1_z.jpg,300,829,458,536,564.5,497.0,529,78
hl7nVTBKMqjcZQ2NR2QuTNrjWXWlG.jpg,482,853,501,566,667.5,533.5,371,65
HL8OOaEIpbLs7Wm75MvPdeNp8qqa.jpg,306,766,440,510,536.0,475.0,460,70
HLFzjjYiaHFJsegnRDpqR7HYjSXLKQ.jpg,415,875,448,520,645.0,484.0,460,72
hlH585uTzXIXLwcaUJMuMZbxeNM_Y.jpg,366,678,462,519,522.0,490.5,312,57
HLm7CIdKRJhOMydWNpPSHni2joUea.jpg,446,912,471,541,679.0,506.0,466,70
hlmEcvff42VYC7m_fIUVwfIuOaLwN.jpg,406,847,432,502,626.5,467.0,441,70
Hln5OusrkJg_mYGh56wDnZBnDESW.jpg,390,939,454,535,664.5,494.5,549,81
HlNJijmVYu_rNiSaKzwQ_ly71GnQl.jpg,351,709,465,531,530.0,498.0,358,66
HlRhkBunnKvM4OOfrHkVp3wO5t76ZVm.jpg,366,840,442,512,603.0,477.0,474,70
HLuzMtyHxurOlM8B1x4_LGLg6iwg9CO.jpg,415,848,426,516,631.5,471.0,433,90
HLZ9scQkTuLVHrQu6QFRQYU8Bd2qo.jpg,395,947,511,592,671.0,551.5,552,81
hL_eB9QfUJDmcc4U72EL5T1vNysBUQCG.jpg,267,756,447,523,511.5,485.0,489,76
Hm4sYwKLSYiIogNk3elKvwKo5Fo2.jpg,355,885,462,541,620.0,501.5,530,79
HM9cHSX13HvrEEgovwrFy8vFwcxk489U.jpg,453,765,470,529,609.0,499.5,312,59
HmC1eQEQHEaq1CqUk63eMk7fVtXCJr.jpg,451,879,455,523,665.0,489.0,428,68
hmeBIllJN7HFwvzc2Ny_xkGC1Z4DoQox.jpg,479,830,458,520,654.5,489.0,351,62
HMFmH6LJFMbr5pCQxLEcJPqZejMrwjP.jpg,304,758,434,504,531.0,469.0,454,70
HMhyQ193kshnGhZk4ptzPfnixhqdy2.jpg,435,981,464,540,708.0,502.0,546,76
hMi_Ov2cqOZDp3QlksybtGv24bbGM.jpg,522,806,422,480,664.0,451.0,284,58
HmJ7WoIyZxanT8LWB8uacYrIdhanJv3.jpg,476,813,453,516,644.5,484.5,337,63
hmJl8Lvh7iHDGxbsuqNz2q2LKDKDpL.jpg,298,868,475,555,583.0,515.0,570,80
HMjO8X6oG8xzoasI8pZbgfCvdEIgDI6.jpg,379,791,447,513,585.0,480.0,412,66
HmlIWfEdzmDQMecTofEfwmmrvbel_.jpg,421,868,431,499,644.5,465.0,447,68
HMQKLsJwE58Vf5yEwDCazpUMn3mwPFb.jpg,364,823,425,495,593.5,460.0,459,70
Hmuamft7mE4sczBYhj7WK6kca3187HW.jpg,451,768,440,500,609.5,470.0,317,60
HMvYQsBiDhW4kvjlWIISOMDzoeeLGVL.jpg,421,835,421,487,628.0,454.0,414,66
HmZioYfJX9U3RaqIzCGvCaJahleS1gQb.jpg,375,944,522,602,659.5,562.0,569,80
hmZk_Blh9PrmT1PIz7wr_l7pwk1D4vu.jpg,429,756,443,503,592.5,473.0,327,60
hN2lnbHlaZ8LMr_54KZCR1ZgR_lokYY.jpg,345,841,453,528,593.0,490.5,496,75
HnbudkuV2jR6inRFHEUeDMRqSZgnh.jpg,491,793,460,519,642.0,489.5,302,59
HnCtpdodC681ZIwMRhzbclDBaRiarxHG.jpg,392,674,429,481,533.0,455.0,282,52
hNEsILLvybj8kvBssKSQ5aZ_Z2Z2eJi.jpg,296,820,491,565,558.0,528.0,524,74
hnGfBDiQwIK_73yPp1bdvRg2JNTXgBX.jpg,439,932,481,557,685.5,519.0,493,76
hNiN1LeWSrPVBJeqjgxPghTO9oXVd2J.jpg,437,953,456,534,695.0,495.0,516,78
hNnP2gpm_ebPRQcmBkF3Le_VQcPRRM.jpg,333,1149,553,686,741.0,619.5,816,133
hNpMGEK95aqCLvz5aih3jTywhqY2YTO.jpg,445,1035,523,613,740.0,568.0,590,90
HNZEy4VIoRRIGQfjwT64Em6vvKiEYx.jpg,225,763,491,566,494.0,528.5,538,75
HnzLRhHmQsx_4EZ_J41YmwYLh3FFL.jpg,329,873,464,543,601.0,503.5,544,79
hnzXCR8_eHjs6GqjpxEbwpnqdtCk.jpg,272,786,460,533,529.0,496.5,514,73
Ho15nrjvEKtTT88hlHksr3CtprIujQPa.jpg,476,754,424,478,615.0,451.0,278,54
Ho1R23Dc79l79pFg6FG1ct9nzjXRGl.jpg,371,889,460,537,630.0,498.5,518,77
hoakJoocL6iosBfri4k7_OTlod_XX1.jpg,376,921,508,589,648.5,548.5,545,81
HOaUNM4gleTX5Tq5EDtjL1zJrx6jz9u.jpg,365,828,426,497,596.5,461.5,463,71
hobLKBXPTnexLuIebKpPUp6av4zR97.jpg,464,751,427,481,607.5,454.0,287,54
hoeq8IFMFakN9hmrJkPknIkVbeDUkp.jpg,475,832,459,522,653.5,490.5,357,63
HohMpTimMDsfLx_WXHxGwjSzLZbBL.jpg,339,1126,603,726,732.5,664.5,787,123
HoOq3rnmfEy9lCyiH6K46RCM1yfmVe4.jpg,278,795,458,535,536.5,496.5,517,77
hOskTNCECPk58952pUxv2KXHX_TuxND.jpg,439,899,471,542,669.0,506.5,460,71
HOuNsWpPggq8kGfl9JMK2TfIyG3e_Ouv.jpg,451,985,501,582,718.0,541.5,534,81
hp1aMWjDddZFUOTs119VyFv_oLhVRwjY.jpg,326,755,431,496,540.5,463.5,429,65
Hp5aohg4heLNkWZ2xeKIR6L_gcz8Sh.jpg,322,798,428,499,560.0,463.5,476,71
HPEPgwsuf1hMsxTS8Q6dKh8d8fn.jpg,267,779,458,535,523.0,496.5,512,77
hPiNyVuCn39x3SY7835_NMX92BHH5I.jpg,459,883,452,519,671.0,485.5,424,67
hPMzRoNHg4DqO_9RQmub5qz5tR9r1d.jpg,442,774,474,538,608.0,506.0,332,64
hpnCxv3wbitC2bwDTd_5VQQaXtBQv_LR.jpg,463,918,434,505,690.5,469.5,455,71
HpP4C2RPnMMompHDxNvCnYZgCULga.jpg,379,919,513,592,649.0,552.5,540,79
HPRsnJho7Ju6fxZv9qfbYp1lByjg_K3.jpg,368,933,514,596,650.5,555.0,565,82
HpsL3RTmVrtVJnpnpO6_YnijHBqSem.jpg,488,782,454,510,635.0,482.0,294,56
HpwSU8NiD9X5QwF9dnctSYjGYZTbSdNd.jpg,436,745,467,525,590.5,496.0,309,58
hq8owOSmwggWHCJfD2VpknKNnKT9HPg1.jpg,463,884,452,521,673.5,486.5,421,69
HQBjUjqf_JWPKE_yWJ8D9BxUcZdk7B.jpg,391,825,459,526,608.0,492.5,434,67
Hqgg1wGZxFWjrm2CRMSYpxreqxUWY.jpg,436,883,462,528,659.5,495.0,447,66
hQNWVzBYCke9NUwqTBWvDJWSy5V7tB_o.jpg,305,771,472,542,538.0,507.0,466,70
hQRfN74NVHoQ9_muGirlyoP3kzzPvvJV.jpg,438,940,490,560,689.0,525.0,502,70
HQryGVQIQo1KafIolmLpbvl9udnbhY.jpg,447,871,422,489,659.0,455.5,424,67
HQZ4SK8PBbNgjDLTanterUsG3D7fVOr1.jpg,375,906,460,539,640.5,499.5,531,79
HRGshbbHXw9RBtWCIk_nSCnR7fixP.jpg,448,874,424,489,661.0,456.5,426,65
HRkZpaJcP1K7JcKIe48lmZjroj8vP.jpg,367,745,511,577,556.0,544.0,378,66
hrl4dEtQSqmwZ5bfn792PhY2X1u6WD98.jpg,376,814,419,504,595.0,461.5,438,85
hrmBPuEXxPW1OcOezmOuuP6V2osx5PC7.jpg,405,894,447,518,649.5,482.5,489,71
HrvjECJifg6usGfgJGwHzIf3Tma14ly.jpg,485,885,418,481,685.0,449.5,400,63
Hs2jRYyW65yt_bvW1ocuwV1_mbHYU3M.jpg,321,909,526,609,615.0,567.5,588,83
hs5knQhLcFG2uqHml8uQju9y1Nz5D9b.jpg,385,824,430,499,604.5,464.5,439,69
HSE6gfwo6CuKDaRdUziekrojwrn21D.jpg,391,905,452,531,648.0,491.5,514,79
Hse9CqlimJvQybzvtxiGNmNI6FPejtR.jpg,387,860,439,511,623.5,475.0,473,72
hSFrtBsnHypueX3UXnRLjq2ICy4TN.jpg,387,891,444,518,639.0,481.0,504,74
HSHKve1oBX3kBMtxv3dBEHVbe1vTSaf.jpg,519,894,467,537,706.5,502.0,375,70
HsK3F1YUbdsFy5af_kLRghZpO1iv.jpg,380,899,460,534,639.5,497.0,519,74
hSmJalr72kgm9GMBd9KLKeWBR15gjH.jpg,432,908,478,545,670.0,511.5,476,67
hsndFXYqR8HHyVHFubIgjxWC256T9PH.jpg,486,842,488,553,664.0,520.5,356,65
Hsu33S9EPu_M_jdHLq8_q8zYuVkqLUEz.jpg,451,872,458,520,661.5,489.0,421,62
hsxh_dimGvlVrkpao_9H3yw_ns3mqB.jpg,380,812,427,495,596.0,461.0,432,68
HSZl_IegPcnYPHUYO84dZ9mM4xClL8n.jpg,379,872,475,548,625.5,511.5,493,73
hT1iJTUFHIaBHk_1GonxzslWPpKbCYO.jpg,385,903,456,534,644.0,495.0,518,78
HtbSVDsqs6rH4kyhz8emPMKOu_8EzVBH.jpg,422,942,493,571,682.0,532.0,520,78
htEg_5N5mpz5BeinWpojNIRKKsMO.jpg,347,888,466,542,617.5,504.0,541,76
hTEYpZ2wyMzLHQcIvQiO32PgHDFVlsD.jpg,363,789,453,517,576.0,485.0,426,64
hTJElLFMICFMwSTQaHtnKVeqBXmEcR.jpg,438,755,444,503,596.5,473.5,317,59
HTNPIlemrqCIkvHF9scQQfvEifvgf6.jpg,260,819,518,596,539.5,557.0,559,78
hToz4BBZva2jagueDhngPIu5_v4s_sYH.jpg,301,894,485,575,597.5,530.0,593,90
HtPseER69RxoCiuYw_oeJbHuyvv5_QI.jpg,438,779,459,519,608.5,489.0,341,60
hTvF_YWZwYxSkaakQsQH91RL_mupCUF.jpg,451,726,421,476,588.5,448.5,275,55
hTXPjEybBJvnYhbx1PxbNcr44q8v9.jpg,315,796,469,544,555.5,506.5,481,75
HtZ7U3gnSruUUIIYL_rLZykMfhFfxvV.jpg,432,803,480,546,617.5,513.0,371,66
HT_95gLjXamfjtliuVrqnqQlwqrWEeEf.jpg,403,734,459,519,568.5,489.0,331,60
hu1gE1vFoHCpNMXYwipMXqJWtt3n3jN8.jpg,424,959,490,574,691.5,532.0,535,84
hU8WegTzXCJkxeR1N8ET4kLquPXG2U.jpg,412,906,449,529,659.0,489.0,494,80
HUfnZT_3squiQBRkaVYdmyTPLFKUP5.jpg,418,853,422,494,635.5,458.0,435,72
hupTV6ChgzfYkZUeJqTmlytvQiGID.jpg,350,875,454,531,612.5,492.5,525,77
HUQKGr2VGTmwF9Kg2IjzWI5JrVIO_X.jpg,460,830,508,575,645.0,541.5,370,67
hur2HLEmtiTsKkzPLtxL8LRYigzmMh.jpg,452,769,440,503,610.5,471.5,317,63
huuWrgfygj_LLsJkZykurUFlP.jpg,450,816,465,534,633.0,499.5,366,69
HUYjx9RMjEtQWMxNiV5zWU_3boOSUbxI.jpg,453,856,415,480,654.5,447.5,403,65
hv4VtQ2EeUyImiTZ2ey_VLThIntR1FmL.jpg,430,916,480,553,673.0,516.5,486,73
Hv65Wka5lCRIXZE34hDe7jn9Pl8wFe.jpg,336,852,456,534,594.0,495.0,516,78
hv88KQHp6jDRiala4ivfSQmNREtnq_l.jpg,373,849,440,531,611.0,485.5,476,91
hV93LgTtx3tNUf1nedb4V3enVm6JC73Q.jpg,384,933,466,548,658.5,507.0,549,82
Hv9EfROh2znF7LP15CTwIXcLvsgME1im.jpg,350,896,510,586,623.0,548.0,546,76
hVCw3b_IRV2JE_pJvbpnSneGlYiDny.jpg,435,817,411,479,626.0,445.0,382,68
HVfHRJU3L_cnce28TB7Lx9Xm3gbWwxOp.jpg,431,912,483,557,671.5,520.0,481,74
hVhjdoZYHnx6pN33R6YWpDaEcQQsxtE.jpg,388,664,429,483,526.0,456.0,276,54
hVKLmzbx5CSq1T96hjlhUk_sffH6NQJ.jpg,431,878,430,500,654.5,465.0,447,70
HVL7F6z7Ef5bHBdXvmtPGxa6qw18H.jpg,456,811,485,552,633.5,518.5,355,67
hvpDVZlVwxffN_1wbtDmDN2nZ2kJLKD.jpg,403,833,423,486,618.0,454.5,430,63
HVpUmT1HPGvSH1fM2DuwYKzjW6Paet_.jpg,401,792,485,557,596.5,521.0,391,72
HvQ6sxziB4qhqiJF3FUIIC82CBd2Bxmj.jpg,367,931,468,567,649.0,517.5,564,99
HVvJOjBH6jnexnrwm6LZDW4CtmDBbQ4.jpg,362,769,417,497,565.5,457.0,407,80
HvVNsRWGXjlPU1VoaHGu73sQOKni6xF.jpg,392,777,413,473,584.5,443.0,385,60
HVWEFjz8t7oCFtd9a2iT5E8qTSvNPK47.jpg,239,784,463,543,511.5,503.0,545,80
HvWMXsstRmTDgqLcmloabeOWRmdhEL.jpg,397,799,442,509,598.0,475.5,402,67
HvxFwbeER1KVKtbbghaa8bXrVJzkGej.jpg,329,635,470,527,482.0,498.5,306,57
Hw62EFdlW_qskTpX6fpTYvLfhfxEh.jpg,397,829,463,528,613.0,495.5,432,65
hwaDmH31z7jO5PjUqCMJJNHwu9DXLKyr.jpg,364,1013,506,611,688.5,558.5,649,105
hwb3wUK9vik75oOJsG5Ijk1uBRc9eaWY.jpg,406,814,419,481,610.0,450.0,408,62
HWK1heNdE3rZdYwFgbYYS9JvuZGxHlQ.jpg,269,794,461,536,531.5,498.5,525,75
hWmKgGPmZg8eYYL9lS4NzNk_XNbF6Rz4.jpg,285,777,449,523,531.0,486.0,492,74
HWQXbcToJXYqtOOpHSMY_f368Gw4hG.jpg,433,815,477,550,624.0,513.5,382,73
hWrP2FwprQYjq7mrnqVDqKwi4fNt3CEp.jpg,295,796,475,548,545.5,511.5,501,73
HwueB6bgyxGKOLj8QI_2jGJ79yoixng.jpg,410,727,442,502,568.5,472.0,317,60
hwVszk3etsvLdOzNzbk5adv5m1FEIUp.jpg,419,765,456,521,592.0,488.5,346,65
HWwXcvhFpXCTDpP6qDTDtqY62U.jpg,355,876,462,540,615.5,501.0,521,78
HX7Xvrtohf65Cnd9Nsk1j4Ze3BXgBjKn.jpg,318,849,489,560,583.5,524.5,531,71
HxCOUI7wQouSCKUC9sSNGk_RQshJ33.jpg,288,795,482,557,541.5,519.5,507,75
hXgvCqvOJWbxbxlKZyNWkSQ7MRpht_.jpg,333,762,422,487,547.5,454.5,429,65
hxHoVfTT_x63OxqrBth7aDHbO5JgZuQN.jpg,252,823,506,585,537.5,545.5,571,79
HxJ3wme1N2mRz6od7EwnipKaMPbzT6.jpg,330,745,416,479,537.5,447.5,415,63
HXQrjJxVREtnNvt9XyVMDK1Ng8D4g3R.jpg,419,924,446,520,671.5,483.0,505,74
HXskbCJ6saeOpnsJBtTvRe3LYu5Xoe.jpg,361,899,461,541,630.0,501.0,538,80
HXzNVXJfvVz1Ra73Fq6Q9POEHkqCUPZ.jpg,415,847,428,494,631.0,461.0,432,66
hXZW1I_I45_y6JbaT_n9fcFgYy6ksXe.jpg,460,883,426,491,671.5,458.5,423,65
Hy2LmcrpVJhRLaoJSeMvQqMj2rRE6g.jpg,408,736,474,536,572.0,505.0,328,62
Hy4_K8NqDi_4iQom9lOENdqiuBzsIg3j.jpg,430,768,456,516,599.0,486.0,338,60
hy8e5hy9umXidFhsobdyQJzD2m2tUVs.jpg,400,832,423,493,616.0,458.0,432,70
HyBl_1JUvt5K53t3wYkaKuYhw6SaBEw.jpg,251,913,512,611,582.0,561.5,662,99
hyDeqxuqs5cj_PGRMwHwy1Tn4LhfTea.jpg,422,800,508,578,611.0,543.0,378,70
hYFrlNrTXtBoKTPpujFO2VbwnzDfo.jpg,411,861,466,538,636.0,502.0,450,72
HYGIXkUJcxfujmcPWCTBIWTeC8U8SM.jpg,445,875,456,521,660.0,488.5,430,65
HyhwGvoHmmbIZZtOc31EU3ikq7CbCS.jpg,369,783,446,509,576.0,477.5,414,63
Hyku6pKLsgDvbcV_alyKeaIFNPz.jpg,381,955,506,593,668.0,549.5,574,87
Hyk__rG9HrkURxyhpEYUV7D2RvzG_RL.jpg,171,785,511,598,478.0,554.5,614,87
hyPu6qv6pfll63Lt_g766XBv5F32me.jpg,482,831,487,550,656.5,518.5,349,63
HYtlDa3NU2BKm84aa7COU66qlgiJ.jpg,447,836,484,551,641.5,517.5,389,67
HYwEMoSc2i6ZlaOErFu7Bnks3MODHK.jpg,366,945,516,599,655.5,557.5,579,83
HYwU5f4fzuh_x1Lpx1rd4a6N2y4UjVj.jpg,373,907,499,578,640.0,538.5,534,79
HyyxfTfSFs5C5dLKxLiWVerUdmPnl9R.jpg,330,691,463,528,510.5,495.5,361,65
Hyz452yT5SRYdNVTqUl8PS3KbO2XhE7.jpg,352,764,422,487,558.0,454.5,412,65
hZ1aeaRHl5MeItvVf59DfhCLjT7KFMUK.jpg,446,786,481,542,616.0,511.5,340,61
hz4XhsOpTj34qFG_mHo6us7OOFawjdy.jpg,424,928,452,524,676.0,488.0,504,72
HZ58SGan5Npn_OXDsH4OPSRDiXpeRoU.jpg,369,905,463,540,637.0,501.5,536,77
HZFkRisnTDBpnTxzBKFrZTBc771hu.jpg,363,861,472,545,612.0,508.5,498,73
hzh2i8SGVy_YmhnVdKlKv3myRTb4Ly.jpg,393,812,422,503,602.5,462.5,419,81
hzk1H7rZ2p6zu7ersyxcoj46Iexf4.jpg,311,712,441,503,511.5,472.0,401,62
HzUB5IcP7PngEaYlKt9urMEZESI2WBn.jpg,397,906,492,565,651.5,528.5,509,73
hzvF9uuigVn4miIMOwoG9La3lst6X.jpg,250,797,475,554,523.5,514.5,547,79
hzvuCn3QS92TnDaf8KWKINeJZswKsMOy.jpg,396,834,429,498,615.0,463.5,438,69
HZz5v5_qlcFosvOpK51P1Kb7ijDzJG.jpg,397,744,456,519,570.5,487.5,347,63
Hz_wPrPrjQeJYZqRjaxY_dVeFM5_Raz.jpg,441,851,418,485,646.0,451.5,410,67
h_8XnNXdEIjcdoTQaohKuvExRwMw64.jpg,423,749,472,534,586.0,503.0,326,62
h_JJLUe9yXRHbI2x_QxY72YxvepKsT.jpg,376,788,423,488,582.0,455.5,412,65
H_oc3jPpfEqjSPHP7vinROlxivI1qrq.jpg,218,1005,519,645,611.5,582.0,787,126
H_Z46hHvzfMtCll4wfH59R5xxIGmssr.jpg,398,707,466,524,552.5,495.0,309,58
i12kZdlzWkrQuTaMrxXOfCUOG2COgu5.jpg,451,894,463,530,672.5,496.5,443,67
I19uaEZ4zWb8b75LOj13Cp1LdhZXPSRm.jpg,419,872,464,537,645.5,500.5,453,73
I1cBD2Bu5NsNzZbZKNvkSbuqpnaT91r.jpg,259,846,476,558,552.5,517.0,587,82
i1hvWf9sHOg6SrlpcVVL6H6Vl7Rb78.jpg,433,752,448,508,592.5,478.0,319,60
i1hZXKgifsnC38CQWl7iCrSKj13z.jpg,387,828,434,502,607.5,468.0,441,68
i1NngvT6aPxwffJda__xKR95qVl2HZ.jpg,357,727,474,543,542.0,508.5,370,69
I1YB5GYktFta58vzCzPNnNOmB2Mv7.jpg,451,929,477,550,690.0,513.5,478,73
I2by1_2rQWJsMHVHs1pxq9i8GhBQGSJL.jpg,313,951,497,592,632.0,544.5,638,95
i2F6669detQkLiZoNHG82xxqoGGU3PI.jpg,401,804,420,484,602.5,452.0,403,64
I2gMODTpeDbCJYQyQp5GIzoubNMd.jpg,438,945,435,535,691.5,485.0,507,100
I2gO6dUGCWO9sKsBYKd9eGBPh_cXeMU.jpg,385,690,462,519,537.5,490.5,305,57
I2iUlEn__So4ntFZc8mlvakBebevqL.jpg,409,973,514,594,691.0,554.0,564,80
i2NiuC5j7PvqDfUBQnenIGwoQwxwokd.jpg,327,890,473,554,608.5,513.5,563,81
I2yOKrpQzXceM6WFiRpq5cxksXgN.jpg,261,1034,527,652,647.5,589.5,773,125
i2YTpmrOM2Z9Webd7aojy1qKFPYI3.jpg,354,757,447,512,555.5,479.5,403,65
I34eiX9GLJEJwOmv_k1sBiGnp62Sm7.jpg,392,953,512,597,672.5,554.5,561,85
i36dGqiZIXrwtwsTMihS4rFt6tYvyI9.jpg,433,848,421,487,640.5,454.0,415,66
I3am446MzkaJDdtxhBoeL8MxtnMIUU.jpg,443,932,483,557,687.5,520.0,489,74
I3gRdQGwlSUg3e7SDavBbhgQgrrX5H.jpg,452,919,435,510,685.5,472.5,467,75
i3IFiOYp5G_iSX8w6RrETxON8S1cxCH.jpg,444,968,456,534,706.0,495.0,524,78
i3qzRMu9Yssbo8KznSEZWWYxcWEnHK.jpg,423,944,490,567,683.5,528.5,521,77
i4aHHDGsMbPJp4JE4Lpi4VpiIJr3Ma.jpg,282,772,456,528,527.0,492.0,490,72
I4d19cDTYUlw5inw6BHMbttJabZKJVu.jpg,209,1027,576,714,618.0,645.0,818,138
i4YpMKnCQDMICPsnDb8DWpOkpoU4C.jpg,279,1081,548,668,680.0,608.0,802,120
I4zlQXC4kGXo4s3lhK9uhCWN1am632x.jpg,432,744,455,514,588.0,484.5,312,59
i58XNfjI7SFnx_EKO44_ovOS9oRixJV.jpg,222,795,515,597,508.5,556.0,573,82
i5ahbPG5nNhf6cbzJNiot2DmJlm9fx.jpg,464,933,440,511,698.5,475.5,469,71
I5hLKkG2XNDImX9caNlZ_zyzwS7dVC.jpg,487,770,424,479,628.5,451.5,283,55
I5khpDVLzblNaQVrwWzjnGP89CWdj.jpg,477,782,441,499,629.5,470.0,305,58
I638w5LeaGnrlGDlReiofvCGq7_hiY.jpg,358,883,504,580,620.5,542.0,525,76
I6FBmstmj5QD418IqsJ7TooLacPoC.jpg,478,752,422,476,615.0,449.0,274,54
I6I8iGGLNb5IUwVczjlNXyD44HgDVgwZ.jpg,276,770,453,528,523.0,490.5,494,75
i6Ismmppez2FlTcoTblN95lTzp2I1zwy.jpg,407,816,420,489,611.5,454.5,409,69
i6p1sDo5fN25EuuYP_Kh_qUwpMo_4R.jpg,378,902,491,567,640.0,529.0,524,76
I6suKRooEqrNbPu4nsImf7DqmEDY2jU.jpg,334,857,477,555,595.5,516.0,523,78
i6XvHMoiqVaKMfoT8mIGbdmMPo3hPDz.jpg,363,782,435,513,572.5,474.0,419,78
I7ck5gSg9hDNoUZrmPu7ezvcU6MlIdj.jpg,477,835,493,559,656.0,526.0,358,66
i7eomhZYshbqCKrSFXBmKrPCWn13zQ.jpg,415,746,451,513,580.5,482.0,331,62
i7kN__YoKLLJXqsJ6IDUf8apVVXPJDR.jpg,498,818,450,509,658.0,479.5,320,59
i7m3Vnfh2HyucXP3UpK99LWNCwV8d6VH.jpg,349,853,452,523,601.0,487.5,504,71
i83juEcs_8ui1YMXKHgRkvZl3HTKjf.jpg,458,801,491,553,629.5,522.0,343,62
I84tfCplnFbLvC1FLXlTKanEuSJ1L2.jpg,432,910,477,551,671.0,514.0,478,74
I8Gut2Os2S4E48SE7YJ7p3DfrcqHQ4.jpg,385,922,464,542,653.5,503.0,537,78
i8Oct6kGxKFTSrI7nEbRmdmY5t28KbV.jpg,404,798,524,594,601.0,559.0,394,70
i99_QcoNaQbHL12r9DtG5ylPVtu2qht.jpg,382,779,490,556,580.5,523.0,397,66
i9DhyU7Ff4cpQcT2cJbdO854RwkBbmy.jpg,396,731,450,511,563.5,480.5,335,61
IabIwrp48PhT34NU8aatGVdnY2G4Rpr.jpg,364,845,444,515,604.5,479.5,481,71
IaeVHFBh7T318VGh12PBSBWJiovtoL.jpg,447,936,482,556,691.5,519.0,489,74
iafJnauVNpQJ1boLy7_Z5mcMpoWZdc3j.jpg,374,904,463,544,639.0,503.5,530,81
ia_qy7ajGK5aTM1THoifGs2IOBDdi.jpg,480,925,461,532,702.5,496.5,445,71
iB1zVU_mXc24SdY_trRz6W29e1GXr.jpg,420,728,423,480,574.0,451.5,308,57
iBkbzVQcB6Qfsr7QHL9hbxiuPrUmo8x.jpg,457,730,423,477,593.5,450.0,273,54
IBrggQeneGQDdodJJUux3WwEdp9y5TB6.jpg,399,701,459,517,550.0,488.0,302,58
iBVy1b2lVVwZR_C1LWBQ48kMk9czKOd.jpg,433,963,489,571,698.0,530.0,530,82
IbWeIW_n8GqQMCKIrmQ_BpsSFq7Y_gB.jpg,328,794,414,517,561.0,465.5,466,103
Ibz8ZtiHNV3Y5j1yMQMmeDDwZ23CQu4.jpg,298,879,473,556,588.5,514.5,581,83
ic6IjpQiggPxc7CCJeFzbRcyRddNMhc.jpg,309,689,437,500,499.0,468.5,380,63
IC9NhZ_NceOvobQLttVNcYChRDTog.jpg,453,960,455,530,706.5,492.5,507,75
IcplwJalLhENwDVva8JI_E9syBuLG1o.jpg,400,841,426,497,620.5,461.5,441,71
iCsh62NzqCYlgglSH2ZNsTSRCyjclJr9.jpg,268,858,481,569,563.0,525.0,590,88
icUVf62wrI7b2NcmfxodBHjoH3lK4d.jpg,391,822,423,492,606.5,457.5,431,69
idaHFuQfbatoc9pBb1xPcDcduXVl_Jn.jpg,371,905,461,540,638.0,500.5,534,79
iDBBKL2J2RhgkVdYgK3X42kY3XZXc_xT.jpg,357,919,510,595,638.0,552.5,562,85
IdbCCj5HIw3GgrmbtwpzMBhlEmrdOn.jpg,320,751,418,512,535.5,465.0,431,94
iDNPCEhd4bIXk2ssqBGHh4ks7Fgy4r.jpg,511,803,449,508,657.0,478.5,292,59
idraToM7r8RZe6PprpTxb6wbym9ke.jpg,462,889,452,518,675.5,485.0,427,66
iDwKkPEULG1JLvDx1UZTeWYn3L1cD6l.jpg,402,714,465,525,558.0,495.0,312,60
id_N9zJiQDJk3tdwxwnJsgS3FmQga6.jpg,450,904,467,539,677.0,503.0,454,72
IE3atdMr_nWgV9vdzFfkq6Ty7gtG.jpg,361,895,460,542,628.0,501.0,534,82
IECD49wLZJbDaZoq_xgEgdhO4XJRz65N.jpg,385,940,468,547,662.5,507.5,555,79
IEEqJNICoTeXp2EKoYOJQy_mg9TzyqT.jpg,291,806,455,531,548.5,493.0,515,76
IEHtknC8gP7p9TB5mUqYL2nUMGbx6.jpg,402,914,458,534,658.0,496.0,512,76
ieHTp9HSUpnpjEbu2fJzeHhaith3Osk.jpg,480,814,474,535,647.0,504.5,334,61
iEMLFN8sQEVnvDKO8LKeOzHV3avh1X.jpg,412,743,449,510,577.5,479.5,331,61
iEpGLnwTkXRsZW1mB4_aXkPR9wDZdWX.jpg,376,836,468,542,606.0,505.0,460,74
IePVCxzQ1LRzzf5h6kEK7MpHeZBhOr.jpg,435,879,435,501,657.0,468.0,444,66
ieQtNBIF9tKXvfUox5MLHNikT8QH1f.jpg,341,863,476,555,602.0,515.5,522,79
ieRQjDUB5qOLQl6LtNmwBsGMxbWZKsBk.jpg,466,875,451,512,670.5,481.5,409,61
iErszyRhk8B7bPT4jnT8I8r3Dtz_1.jpg,369,808,427,496,588.5,461.5,439,69
iev81VYl4DZPwi95rg6xaFyhhrEVo.jpg,480,888,416,481,684.0,448.5,408,65
IeVN5OgqbRfMFSNnkfhfK9jE7e9disqa.jpg,478,760,449,502,619.0,475.5,282,53
IeWI3OnphbGXQBULItDR_mUbNUhbp.jpg,461,775,460,517,618.0,488.5,314,57
iezKnJS1oSHTeUKxmbd4EtGZv5w2yn3g.jpg,451,891,425,494,671.0,459.5,440,69
iFdLRbvfYLbNcLguyTpCEhYNNidWJq.jpg,339,898,513,592,618.5,552.5,559,79
IfEhiTS4bz4DT76gynqEbn8JaPXxe81c.jpg,355,811,429,503,583.0,466.0,456,74
IFfPREHYg8_D9GECa_o3qTrhN1ck.jpg,404,825,420,490,614.5,455.0,421,70
IFJLFszlZS3JaoEQN9wotaTjwZtLPbnX.jpg,305,805,474,550,555.0,512.0,500,76
IfLJVDP2zHPgJ4IN2whPP5ytGr5Czb2.jpg,438,917,445,515,677.5,480.0,479,70
iFmhzU2UeFD5UJndHKGH8wgwyik8K.jpg,297,831,486,565,564.0,525.5,534,79
ifOEFuF3HaXFZhwdMc8YlJvlqab5MC4.jpg,379,830,463,532,604.5,497.5,451,69
ifs2EQzTFImvdiy5qFDvhgqw5k_c4W.jpg,445,841,519,590,643.0,554.5,396,71
ifSefe_N4L9MSl8xjfWQaNBRmUraV.jpg,362,887,461,539,624.5,500.0,525,78
iFSF_UqgJX8u1xZtq5yuwj5bHTfxG.jpg,351,931,474,562,641.0,518.0,580,88
ifUt_v_G_PDwFeHZ1Wqdttl_JpcFo8.jpg,318,869,499,580,593.5,539.5,551,81
IfWBxF9pUlkQr3wuLhuqxdo48xRyQ3.jpg,380,809,419,483,594.5,451.0,429,64
ifXP5DN6qdoaRCNasN8YIRwyxOdwlN_f.jpg,420,908,477,550,664.0,513.5,488,73
IFyFtruL77GS82UhBk4xsP5em3Haf.jpg,409,846,466,532,627.5,499.0,437,66
IgBUpG9P13bNY8Fcdj4gEO9yM2Qusgpx.jpg,411,880,440,512,645.5,476.0,469,72
igKSZjcFf6fOuozteDbjqexq5Fg9d.jpg,391,808,423,487,599.5,455.0,417,64
IgQygdKdsR2KoDSEfQlB7oykhXv8ON.jpg,342,900,504,587,621.0,545.5,558,83
iGWbd8R25u593l7jxWEx7BkWERqoRI.jpg,442,735,448,501,588.5,474.5,293,53
iGWuJUoFeBtNJgWhPN6HzGQeBJdoQocc.jpg,353,759,449,510,556.0,479.5,406,61
igZOejhLQeyT4N8HXgw47bDuFbGJI.jpg,492,815,469,530,653.5,499.5,323,61
Ih4wFd7xX_X3nZwLvViu_LpW_JX66.jpg,405,850,435,503,627.5,469.0,445,68
ih4ZUFLMynB3zB8xsSX1l_lwg6koyui.jpg,406,823,420,486,614.5,453.0,417,66
IH5yjDIjvRUZe4m3JfulhWPtp5DPM5O.jpg,365,870,485,561,617.5,523.0,505,76
iH8Wo1NZ1UybwkCTKyrZ5enD2kGz.jpg,484,825,483,544,654.5,513.5,341,61
ihaQ8vPyHT7TjP23glqit23gyLh3D39.jpg,395,985,530,616,690.0,573.0,590,86
IHC5qekaJPWL84JQuiMlUdjXVUaZrw8r.jpg,357,875,457,530,616.0,493.5,518,73
IHc5uQ7YzaWeWIerbMpL_I8itQVs66.jpg,399,956,516,594,677.5,555.0,557,78
ihCmIBCRZu7ZJDi4hSmmTGLxup4YnCUU.jpg,385,749,502,566,567.0,534.0,364,64
iHcW3sduBvr2tMe9ltYhqjD_z_dntT.jpg,443,782,440,506,612.5,473.0,339,66
IhD2U2mHQFRQu3bWQ4F8Y5XRlpGLcg.jpg,386,796,418,483,591.0,450.5,410,65
IHJrOK8mOf45WXKxGTelRW5nTwkidL.jpg,483,895,458,523,689.0,490.5,412,65
ihlTbTaPoVQ7X178q8LYbiI_gJhi.jpg,308,836,490,564,572.0,527.0,528,74
IHMPyfgZoOxh3vEHpL5_rYQ41XCW3dK.jpg,476,764,431,485,620.0,458.0,288,54
iHQ7F5ndu2JccnPFBRxdFDp4NjSrS.jpg,381,878,447,537,629.5,492.0,497,90
IhV_fb5I8vF76E562BD1aFcjPRWNMF.jpg,458,893,459,525,675.5,492.0,435,66
IhXFoQtIBuysP1tCi_uaDyhRif6Bn.jpg,467,957,474,552,712.0,513.0,490,78
IhZsMmz4XkuKGmbCRR1h6n7D2zCKw.jpg,324,867,491,567,595.5,529.0,543,76
iH_u8pWQ3kGxTvPZF4j1tbg83EUQyyby.jpg,415,921,451,532,668.0,491.5,506,81
iI15rBpP8ld41JaBCiyVY6y5h7Zy8ZP.jpg,317,869,468,546,593.0,507.0,552,78
Ii473grgQGjbOy5ciaW9NkhZDLfo1FD.jpg,283,654,463,536,468.5,499.5,371,73
iI5gOYMtjB1gsEgGaM34bGSvuhK89Si.jpg,446,890,429,498,668.0,463.5,444,69
iIiyWZD8PFufZKRbS2Op1PUOogDpFJ.jpg,348,864,449,529,606.0,489.0,516,80
IijFVLIwgvdOFKS93nge_1HaKtVyB.jpg,453,887,457,523,670.0,490.0,434,66
iijLLGdHJdp6XzHyUOSLWEhFzHlwXh.jpg,480,826,483,549,653.0,516.0,346,66
iiKUOF4L9xw1vs2nsvdtBkzfuZDow.jpg,403,707,443,502,555.0,472.5,304,59
IilOOCodv7tpa8PRwgn4XlUDrdCfecg.jpg,275,690,534,608,482.5,571.0,415,74
iiMIg8cu_UUzzTgJWzskMHx9L76Ft6Ur.jpg,391,883,481,553,637.0,517.0,492,72
iIVxMiHzdMfgfXuMslvr2s2iGdQzXf.jpg,456,847,413,478,651.5,445.5,391,65
iiZ2CS_SGthLxsaKv2LpgMR9uCVgLp_.jpg,376,850,423,506,613.0,464.5,474,83
Ij1aC7jD5BMvII8uf6wPtXnSOw4kv12.jpg,421,726,437,493,573.5,465.0,305,56
Ij4CWKnZaV3iQjK6Sn_eYhyLnkKDtFOW.jpg,327,892,500,584,609.5,542.0,565,84
ij4_qJNWOMJDkTOYIJudFXRlLFrjqT.jpg,500,805,459,518,652.5,488.5,305,59
iJapJY5fvjbR7mRuEItvm7UzbrbYD.jpg,330,849,489,565,589.5,527.0,519,76
IjbbUbVWY67rKgQ3oZLaa55lP1KpNSjS.jpg,411,898,444,520,654.5,482.0,487,76
IjBKiL6z8W4YEJu5oqIcoWH4V33MPeGD.jpg,359,809,455,519,584.0,487.0,450,64
iJFHohfSqdoBEQnrnYrKdCeqNtOWU.jpg,438,775,457,520,606.5,488.5,337,63
IJFRMQfyIjBW9rVERJCbWZwQeB_CXGuT.jpg,394,952,464,549,673.0,506.5,558,85
iJLiZDnC8wPMxvLCwj5KClO9OYRXe1.jpg,480,996,448,528,738.0,488.0,516,80
IJSGNtbDC3wbKprzHsKdwZOpOVyZ.jpg,367,855,446,528,611.0,487.0,488,82
iJt8vZbucXjFW41lqlDwsRWUlHHG51.jpg,272,823,468,548,547.5,508.0,551,80
iJttnl76sgSi_eEw4nheoqDDmSUSchLP.jpg,165,1150,591,722,657.5,656.5,985,131
IjXRrwGNKaegnq7YvhNBkwTXIlJQnQ.jpg,407,928,458,535,667.5,496.5,521,77
iJXTiRufgK7bPzjNxUijyxFGY_tlmz6.jpg,390,737,488,552,563.5,520.0,347,64
IK5RTFILtYj9Q2E8WY1iwxxIimRpMsm.jpg,395,932,464,542,663.5,503.0,537,78
iKdPssiDDeuFfnzX49Z_l2UNzvZRU.jpg,476,798,442,504,637.0,473.0,322,62
iKIIol_qPTDmiCyLMoKHK2qqi7KCdJ1.jpg,359,1057,510,618,708.0,564.0,698,108
IkiqqIyq3p9Fn6lGzsrNlk462HxEgRq.jpg,375,781,419,483,578.0,451.0,406,64
ikkOc8tS2gzEcVcTNoHa7f4ujjygmG.jpg,456,884,424,491,670.0,457.5,428,67
ikNBOjNRskcWxg4Cr7zMm5MVVddkMi2.jpg,591,1069,496,578,830.0,537.0,478,82
Ikqe6LOD9SW9vdr2o_EanY21UOpLD8.jpg,372,899,498,574,635.5,536.0,527,76
IKqu_aMmUbNnTToysUS43hmDZzkBbh7.jpg,428,884,466,536,656.0,501.0,456,70
IKs8qejkTOvYgGWgYwckYhvbCqYKC_F.jpg,398,831,427,494,614.5,460.5,433,67
ikUMD9j4MUv31YujUEdrkqMkmh7ayic1.jpg,399,903,485,563,651.0,524.0,504,78
IkvOh4hs2EThigK4lv5bMVknnjQ_mw.jpg,271,732,451,519,501.5,485.0,461,68
ikyLtNt3juntZCFQTXglNGWpbzDac4jc.jpg,388,900,489,563,644.0,526.0,512,74
IL4rerPvXZ3KYndnkeo8F7N6SxyamL.jpg,346,798,436,509,572.0,472.5,452,73
il6Iempdxg7c3GOCbyp38SXoGiEHTG.jpg,332,686,469,530,509.0,499.5,354,61
IL7UBLFE__mOgfYoSPOGO8Pp1rL97.jpg,451,755,467,525,603.0,496.0,304,58
Il86FFyiqdsrFoWM_IttNz3rFw5Nj.jpg,446,746,460,517,596.0,488.5,300,57
il8sMYSX1CzZCk4Y2pqgjGa8aQdKoc.jpg,406,708,463,518,557.0,490.5,302,55
Il9WKLzHpLSYt3ZieE1oge7oYoWWj.jpg,398,814,419,486,606.0,452.5,416,67
iLBqOlFYy8iPwN_iPLBgCm7vqlJc3vWv.jpg,429,899,440,508,664.0,474.0,470,68
IlBX77gqqyi77rVoeJBMjmzvET3vaP.jpg,403,815,419,493,609.0,456.0,412,74
IlOB1YgXk2NeY8RuOnpj4ey6jtqinJ.jpg,478,809,460,521,643.5,490.5,331,61
iLuRCVt1HMVDERC1M6im8bi4BD29wTO.jpg,437,747,459,514,592.0,486.5,310,55
ilxeFovKbciaWkl9Y2ea6hoSa6VU6b.jpg,489,815,465,527,652.0,496.0,326,62
iLzPORZruiZFvwyfGlzQZ1TYzFuF6u.jpg,424,787,467,532,605.5,499.5,363,65
ilzpTO1s4Tr5hlO154xQ_OUe1LdJP_QW.jpg,428,938,488,561,683.0,524.5,510,73
Im8Lz15NP4JjHbtaSriNNEFXHKbQ1q.jpg,480,787,446,502,633.5,474.0,307,56
IMbKDPsZWB5Eh77MBtm7hj8WTJV28_.jpg,361,799,461,527,580.0,494.0,438,66
IMhtP1XBZmSS7_N_ti4zXJ21XeMOBCl.jpg,347,872,451,530,609.5,490.5,525,79
IMjQF8QQmNjJsiOJ8gYKidOQxKn__J.jpg,429,923,490,563,676.0,526.5,494,73
ImPbEK9nWa7Fx_tQGWIvZB1mgzvr.jpg,401,718,463,522,559.5,492.5,317,59
iMpdGTzY_hfmXfl_YRUbtLDJPSOOJ_.jpg,364,897,487,567,630.5,527.0,533,80
IMVDnxtCkiObQH_L7vs8kg_8b6VtWVPZ.jpg,404,767,453,518,585.5,485.5,363,65
iN5Fro_qq1X2D7nbqjsT5Qoaom3LvEDb.jpg,385,810,424,490,597.5,457.0,425,66
in7154KfcqzQUQdgV7voWzIjs1kknF9.jpg,421,699,419,474,560.0,446.5,278,55
IncyQJCS3glkZ3Y51WIZkJxIZKJseS9.jpg,344,901,499,581,622.5,540.0,557,82
iNdfclWejadFBIRxVWVhjaytnHpadpar.jpg,373,858,465,546,615.5,505.5,485,81
indGzZIg95YFij1IKTEdy9z5pBKKU.jpg,412,947,453,533,679.5,493.0,535,80
iNdwiubLeNb92SFPI7ihzy1UpkDmgQO.jpg,416,750,476,537,583.0,506.5,334,61
iNg6ziteKpr4LpvZgnfjHFQbVIIQPI.jpg,309,766,437,510,537.5,473.5,457,73
iNi9v_nnmOmSEFe1pucLSrmS_MPatb.jpg,307,844,440,519,575.5,479.5,537,79
INlJM1GRZzIaqG5uwv3r8DQGUgtaEo.jpg,296,825,480,555,560.5,517.5,529,75
INpXpuS8nM2hjwK548z3UhRLzd2JX4.jpg,343,776,429,496,559.5,462.5,433,67
InPyBWGDxKCSZUbt5jSrWjiPzNzCxW.jpg,369,771,440,502,570.0,471.0,402,62
inRwL2MNrjavrRhZnwwEXBLKXt2C9X.jpg,434,845,439,514,639.5,476.5,411,75
inWC5wshKaItxbs4dCNorDniGU6YRx.jpg,316,840,462,540,578.0,501.0,524,78
InyHcR_xVPWCe7_FmjIioWVhkeWmSi.jpg,475,877,521,597,676.0,559.0,402,76
iO2dsf4S6ZieVKwOu5IhGkuIL88waqb.jpg,288,844,468,566,566.0,517.0,556,98
IO2_aNz2PNlLYUIXIWZaaFELwZZ8cg.jpg,283,803,460,537,543.0,498.5,520,77
Io5OXV6PY25mWL5a1uFRwgH4mVLoEam.jpg,613,1031,461,535,822.0,498.0,418,74
IObIaZydDBT9SrRBnXaCQePxuSrgE4.jpg,310,727,527,600,518.5,563.5,417,73
ioclRKpXwz3Zsu4RY641GHebh6XW79nu.jpg,285,797,454,539,541.0,496.5,512,85
iOgfMbHQImZaVsnlNp25e1gH66wPhHt1.jpg,477,941,436,510,709.0,473.0,464,74
iOGZYk9nFkeKULfRjaxl3fK4eYBYBgWw.jpg,439,786,464,527,612.5,495.5,347,63
IoRJlMexZFY6BjfxcnRPV_HRCL26E1z.jpg,416,928,483,562,672.0,522.5,512,79
Iortn6rR__zZZ5aUJm1PgMmDDjB.jpg,447,814,470,537,630.5,503.5,367,67
iOSN9auOidycRwJ4eSzJI2NVS8fkZcqI.jpg,434,744,433,492,589.0,462.5,310,59
ioUfDFlfM4J2QUNs__TsJRLUiw3NWr7.jpg,322,860,483,564,591.0,523.5,538,81
ioX36d6XorK37pyQDRhfMLDlEn2q_VmO.jpg,386,825,424,512,605.5,468.0,439,88
IP1csDvC8mOyxz7G3XiCtgiZVfoji.jpg,438,974,495,578,706.0,536.5,536,83
IP5OYcrfsXIsKduG6oVXTXMzHf6X5WIp.jpg,366,870,484,558,618.0,521.0,504,74
ipfaUDoHIeaHdyXmyJLEtOXxrBsXhDGo.jpg,407,921,446,527,664.0,486.5,514,81
ipkv125XvWro1D6zl7X2mt7m_znetQr.jpg,300,891,487,570,595.5,528.5,591,83
Ipm3hC3mtXWUGFHjfLJPzWKmE7OQDu.jpg,353,916,510,594,634.5,552.0,563,84
IppLB6E_NBaYnjLycvfTNGirIDz7mW_J.jpg,314,895,474,555,604.5,514.5,581,81
ipTh1iLuL8NIk4OqvIrhODPVgjJCgeU.jpg,381,835,436,506,608.0,471.0,454,70
iPTM1JoGbKHoIfdov5JB5oSm1rRjBC8u.jpg,235,813,479,562,524.0,520.5,578,83
iPtZ8z5HERTtGR3PP5SbFMthDDlp5L2.jpg,339,870,504,581,604.5,542.5,531,77
IpUZob_QeZPkpEJTpjbNBiUiuQ6XN.jpg,419,859,460,528,639.0,494.0,440,68
Ipu_FftL3ZuTd7HrvGYE2_c1ckI2pVtM.jpg,452,813,489,558,632.5,523.5,361,69
ipxyHac5LeF93EElCW2qQH8rLod8t54P.jpg,449,898,466,534,673.5,500.0,449,68
iqBB8sH66igdKOjfjgKSkGnSZx6jJ_.jpg,329,849,495,568,589.0,531.5,520,73
IQczNHpJGszDdbdlLQk_9MbCR5un2o.jpg,232,806,480,562,519.0,521.0,574,82
IQLts2EW3HPz67FT7OncMmt8sOwBzmG.jpg,333,886,469,548,609.5,508.5,553,79
iqQqMYJdYxr8eFHEKCKnOkw7q1ka77.jpg,353,793,427,493,573.0,460.0,440,66
iqw_vjltsUVDmShv41UZphwszPcLdCI.jpg,403,879,480,554,641.0,517.0,476,74
iqx2VUT8uwHM8Mmx5I4VDjhrma5xrph.jpg,440,923,449,520,681.5,484.5,483,71
ir23jeDjfD3D6KiVPJtUiL9BSCCcH.jpg,423,817,415,487,620.0,451.0,394,72
Ir4RXtYjsOLHiHXZ1aCSbj15z8OerOKB.jpg,447,854,418,485,650.5,451.5,407,67
ir8pcHgfvh_Yz8R3p1aaQ4qt2rajppH.jpg,388,925,463,544,656.5,503.5,537,81
iRGpIBSe44mu8oyakHvnM6n1TV2gx.jpg,438,782,484,546,610.0,515.0,344,62
IRh2zDzCpVxEwcydpu4YWwXILOHBDgs8.jpg,313,852,462,544,582.5,503.0,539,82
IrlhaGta2D4u7XPhimcI2nLWN_neDMP.jpg,349,849,437,512,599.0,474.5,500,75
IrlI1SYph4UyNegsEvR47wCg9D5loK.jpg,326,862,487,566,594.0,526.5,536,79
irlyguO9jEhwHDfriVT7KiMiDRydmlv.jpg,445,923,443,513,684.0,478.0,478,70
irmE3miKMVl1_KTCVtWf1KL4FoxWW.jpg,395,928,452,533,661.5,492.5,533,81
IrOgW4m6ZbUgIFKiG4tzyuUXis4zvxo.jpg,369,918,503,585,643.5,544.0,549,82
IroQmxUUTzvVvyLFXZ9y6EeOO8It1QY.jpg,482,823,443,510,652.5,476.5,341,67
Irr9x4TYjHttfGlFe4TKMlrbHNK_omd.jpg,335,689,494,560,512.0,527.0,354,66
IRuWbzIVgjEmWW7EkE7qfpNqoGbcasJH.jpg,243,794,463,545,518.5,504.0,551,82
iRZqokSFZ7LG1pgEOvNvsEVgC3enFI.jpg,359,848,445,518,603.5,481.5,489,73
Is3D_veVI1SDRDMlEjhWKBay7qv_Of.jpg,419,922,491,563,670.5,527.0,503,72
IS85JNkdi36OghhnGPdZ3mVZh7CL5M.jpg,478,817,442,507,647.5,474.5,339,65
IS8tNtwyRoltuRQsKfSql_ybbBCDRp.jpg,308,680,447,520,494.0,483.5,372,73
isjyj2YDnh_wQDyc2XgvFh5GdthRwH.jpg,424,966,458,542,695.0,500.0,542,84
ismmTpNqPrEnyMRKbS2hHDGpwd_rcMwo.jpg,401,917,453,535,659.0,494.0,516,82
Isv5RDBUzhqxRP5OOiBdv4QYT9jT_.jpg,421,726,443,500,573.5,471.5,305,57
iSxhsUcjoIPLncG2gXRq6_tyGdnkcz6h.jpg,295,801,443,519,548.0,481.0,506,76
IsY3GqzqdGcoKQa8deus9dqYIvJRx3.jpg,403,693,433,488,548.0,460.5,290,55
it8hvR9bfwagUhQw2T9VxGtnyo6vCUT.jpg,342,646,433,491,494.0,462.0,304,58
It9ldDeaCjmoWwnDroSlibagGDUc92aC.jpg,393,759,461,527,576.0,494.0,366,66
iTdZzzZn86hDOnKWGLdzFgMw5W.jpg,380,875,490,562,627.5,526.0,495,72
ItEoqcT7zooJzJ56fZXJ7babC5tBzJa.jpg,385,774,517,585,579.5,551.0,389,68
ItFvywbTcavaYweb1hipD7ewbfUwQbTy.jpg,337,864,461,534,600.5,497.5,527,73
ItgladsSecVeUSidI2hvCCipoQl5E3B.jpg,329,876,510,589,602.5,549.5,547,79
ItHvxBYzzLrF8vb1vr58WjFm9BMFd39.jpg,500,962,465,541,731.0,503.0,462,76
ITnMor4i_UNyWa3iRVS1IIHr6jiaOd.jpg,476,788,470,528,632.0,499.0,312,58
ItOId6s2oQYCecFnBoYvXVPeCCWwOF.jpg,424,853,425,492,638.5,458.5,429,67
iTOX4uE_qut1HKRJEGFPgWlIONBDxz.jpg,413,850,444,508,631.5,476.0,437,64
iTPmqaS9Xte8tTNWT_LHvgF8EJ5BBt.jpg,395,755,465,531,575.0,498.0,360,66
iTrJqDN4IRfj56gItUZznt49aXj1Wy_.jpg,440,810,433,494,625.0,463.5,370,61
itu6LuFzE_IwYJhwtPdHwFjvpvQ4Z6P.jpg,425,845,419,507,635.0,463.0,420,88
ItUPNjPCxRQdTEBEiEUaKlMe7R5Pims.jpg,378,1058,494,609,718.0,551.5,680,115
Iu7HnVnuegIKVMYGpa39GhDzIT36kM.jpg,440,876,460,527,658.0,493.5,436,67
iUCmvmkjkwMLSnMzQWc9vRXVgj2wlwM.jpg,479,915,430,498,697.0,464.0,436,68
iUFtiDMyxPB2G98yvPJyvIzfbeTdGD2.jpg,466,775,427,490,620.5,458.5,309,63
iugHfDUsXi3B2FcYegmkXERSpYWCiCC.jpg,398,836,437,504,617.0,470.5,438,67
IUGjg4CKpQ6KQ8hL2QCQFVteUSrKaJ.jpg,485,804,472,531,644.5,501.5,319,59
Iuhbf6WchvRtSsu6PxyziY91BT6L.jpg,422,807,473,540,614.5,506.5,385,67
IUOQYPj5OTj8IGKOm4Zm8vrOE8K3Qpx.jpg,448,807,503,568,627.5,535.5,359,65
IUwOEBFa2nci6H1us8ivqgPiXfGM2.jpg,354,840,444,520,597.0,482.0,486,76
IuXWIwZBzW68wEP3lrkp1c8HghVM74Z.jpg,407,850,433,503,628.5,468.0,443,70
IUXzMu6LFg5x8MTlayIRNHcmHIsyI.jpg,487,842,494,559,664.5,526.5,355,65
Iuyby4RfghE3QoWDCmYHdTQgidub8.jpg,360,817,443,510,588.5,476.5,457,67
IU_8OKczCWFkNTdJULOyrE6mJ9e.jpg,399,897,482,551,648.0,516.5,498,69
iU_cxs4DLYFBQb8djyHNJZRmk8fSud.jpg,386,867,428,500,626.5,464.0,481,72
Iv2TNeg7H6SpN6t9XN2_Ypg8Ln7pPC.jpg,377,677,441,499,527.0,470.0,300,58
IVEXmfUsgwIxyxK2o214uRSh3KsHpSu.jpg,462,794,475,538,628.0,506.5,332,63
Ivg9lqQTeTFidiIZlTZKMORprPF7.jpg,410,830,449,512,620.0,480.5,420,63
IvKzD7RuWZ1sMyntxZzeIeDuDKS5k2.jpg,285,774,482,553,529.5,517.5,489,71
iVr_phYHGhhK6adlzHza9Pue4OmWuG.jpg,400,837,459,525,618.5,492.0,437,66
IVShnvm4No1O41Ukhej85JcFdYs3oKM.jpg,402,712,472,530,557.0,501.0,310,58
ivtlbzx5fE8oPfxcTkk_HIO_ytGPK.jpg,441,798,490,555,619.5,522.5,357,65
ivVrae374VCBDUqCU8GIOfT7ivs3FCL.jpg,329,781,464,536,555.0,500.0,452,72
IvW4F_VLiSfUJdcjPD7b33B82fngg.jpg,353,916,472,558,634.5,515.0,563,86
ivWYHQDNffcQ8EuStSv2Scn1digH6m.jpg,429,844,415,483,636.5,449.0,415,68
iVxqf64kw3RBNl4iHyFYYPUv1VH.jpg,426,900,446,517,663.0,481.5,474,71
IVy2d3MoYbnmt8e8XjdykEelgQov9jnf.jpg,513,943,457,526,728.0,491.5,430,69
IVyF21NexDjx12ZDU3vwBTNkqaRbeCmw.jpg,448,797,487,549,622.5,518.0,349,62
IvZ3rxRBSUL3OBTuQzdwe7HN7vsrBd.jpg,415,899,430,501,657.0,465.5,484,71
IW1tpELiRcrxC4crUQdZWp7GfgpEjQ8k.jpg,360,935,518,601,647.5,559.5,575,83
iwa1mdBYP_lk2bmrg6EqlIQ3J2h.jpg,331,768,426,503,549.5,464.5,437,77
IWEKmFlU351FyKnDXCbt8_jRGj6GLlJ.jpg,344,880,449,525,612.0,487.0,536,76
iwjhgpD2WQcucYRrtoWRbmpyOxaVw.jpg,194,843,509,603,518.5,556.0,649,94
iWMYE_3_Z6D_xjcq4Jtr6BxoDDzSrPF.jpg,138,875,517,617,506.5,567.0,737,100
IWqb8EjHPlKiBOGkoFqUmRsVNYrgfyl.jpg,384,739,483,550,561.5,516.5,355,67
iws19GJ4joGIWTg3uKSgMHhIcDoKFKX.jpg,436,964,498,581,700.0,539.5,528,83
IwTlOLDMWyzEUNBtLUmOE7zGSpvCOv.jpg,393,778,417,478,585.5,447.5,385,61
IwTqrNQciLW1YQ2bI8hQyO2kjYcCGB.jpg,258,961,517,622,609.5,569.5,703,105
IWXMUiIn8Ybpj_gVmPCKhwZLW2XSQj.jpg,365,666,435,491,515.5,463.0,301,56
Ix7_BTUqqNsvxu4YM3c9PQ8BIXYp5RmR.jpg,532,1004,436,515,768.0,475.5,472,79
IXgHNl2XNau44BPwf9Rx4nLo_Onk.jpg,448,965,461,540,706.5,500.5,517,79
IxlziGtV67YpbhE5chHP4eJhgjgXouX.jpg,399,745,450,515,572.0,482.5,346,65
ixOalXJs6sM7xKCLfwRJRGjBIK6s8.jpg,356,868,459,532,612.0,495.5,512,73
ixpFSng_N7TdDWtV155eWVJk9WOq5GK.jpg,420,1027,531,623,723.5,577.0,607,92
IxUokkOTx45BWCigOnW6W4O_4Ci5d8.jpg,274,810,488,569,542.0,528.5,536,81
Iy537coJdmx5lTKPIdaBOU9EhtVO.jpg,378,812,419,498,595.0,458.5,434,79
iy6UDjFBoU8oC3gb_OCbwHi9HMKi8z.jpg,512,820,442,499,666.0,470.5,308,57
IY7g8ps6ECsCSCqhZetRlI5nc_P4ep.jpg,401,925,499,578,663.0,538.5,524,79
IydMFEZ3SGZP1PyiQdLbMpSrix1ZW.jpg,279,799,459,536,539.0,497.5,520,77
iyFjHlMR4gf2Gwf6eqK64KbHOm36R.jpg,299,699,446,505,499.0,475.5,400,59
iYnp7DEHDZcTirJUs5nbDh3sf9519wI.jpg,320,788,448,517,554.0,482.5,468,69
IYRPFZqo7kF3eqaUHJNmxyCL2nzVPSws.jpg,470,802,449,513,636.0,481.0,332,64
iYSkx_z516_b2ICGoBt2Qmh4xN5uLYQ.jpg,311,886,505,586,598.5,545.5,575,81
iyYrq8Klebozs6QLNeC1abMkXumKEY.jpg,359,905,488,570,632.0,529.0,546,82
iyYTxVGWdaxYDUdFOSxgwo29mmU6r.jpg,393,879,483,555,636.0,519.0,486,72
iyzDK4F5LN64SLSaDgpLPNjLZ9MaeTu.jpg,348,724,515,581,536.0,548.0,376,66
iZ3DPo44K2XTQmCK36WUp2woZofBVcN.jpg,428,848,453,518,638.0,485.5,420,65
IzbZhV_X3N1ViTa_3etOlSSBGDkLu.jpg,372,764,439,498,568.0,468.5,392,59
IZkpYofGytUagtdFM2uSXqF7pPqPL.jpg,435,795,466,533,615.0,499.5,360,67
izOoJo4yMXCMZQwSduNU_BrDNqFlw2.jpg,343,653,431,490,498.0,460.5,310,59
izqktLGtpYnmO_5qovSnBUdPOZzxQ4j.jpg,422,829,418,484,625.5,451.0,407,66
IZX15VpYepEGhq2eVG6LerdQk364E.jpg,172,832,510,599,502.0,554.5,660,89
iZx8oYoH7zdGRql8i2bPhyuZXypyXYZ.jpg,404,962,514,593,683.0,553.5,558,79
IzxRunDjWYghNQy3SiioqZEguSuPV4D.jpg,298,903,481,569,600.5,525.0,605,88
i_e63_EKKHZscClZdhetfTOwk7Br53.jpg,443,774,439,503,608.5,471.0,331,64
I_FIwJOgFtwLRkkiVoEIyzDi53uoOq3o.jpg,445,888,463,529,666.5,496.0,443,66
i_NImIfEl1LIYKjIkdf_zBOTFiY3cHE.jpg,469,794,443,507,631.5,475.0,325,64
i_ryNkdSBkLlXuvyet7gBsDvFXhcqkD.jpg,404,837,427,495,620.5,461.0,433,68
I__CIm9aO1g7qBOSYXYnFGv6ficLmM7.jpg,430,872,414,479,651.0,446.5,442,65
I__HK9yRlWTebpwEdNMjcMroo5VSbN3.jpg,411,976,513,595,693.5,554.0,565,82
j13Of17QvDrrtOGsop3D9yGpdFF6iuu.jpg,406,875,427,508,640.5,467.5,469,81
j15eJWUS7pYwnp71Nd7zGmNHhMTuS4ZS.jpg,379,859,448,520,619.0,484.0,480,72
j1b7sRT3IKWstOYQgfqcFSTaYqJaZk.jpg,411,850,429,497,630.5,463.0,439,68
j1f5U3k6QH2Tt4CuJZ4RsEQo__pcZPg.jpg,385,696,440,499,540.5,469.5,311,59
j1I2enVNB5eDpmasTUZMTfFuzupGHNu.jpg,324,783,463,529,553.5,496.0,459,66
J1z8xyKtzdpZDCMgh9Iq77BdakvMu.jpg,341,864,494,573,602.5,533.5,523,79
j224B9Njdi3KfG_q6vlnaSFd8Tg5eQ.jpg,420,889,436,520,654.5,478.0,469,84
J288DUiE2nkKlONspwubagR9FHuZgE.jpg,431,961,496,574,696.0,535.0,530,78
j2CM6G55tcW9q5Bfnsjoi9JPXI2EyM.jpg,460,893,424,496,676.5,460.0,433,72
J2eeNTHWgpeq2mDrvj1hqbahgWv_me.jpg,374,824,420,487,599.0,453.5,450,67
j2j6OpVFrPpL9RxCGMCzVOSMyRLOsuO.jpg,544,845,450,508,694.5,479.0,301,58
J2x_VV3XEkUYPdeKSbcwobnpXMdpc.jpg,393,767,509,577,580.0,543.0,374,68
J36wJDXrsN2axQQTyj7ptSML14pw3f.jpg,478,800,476,536,639.0,506.0,322,60
J3ErwgBWcvJd46Cdg7mSorD9Y6mkm.jpg,421,853,426,493,637.0,459.5,432,67
j3IvK17B6bjDNQVjcbCD2DSQRJHjQL8.jpg,409,693,422,478,551.0,450.0,284,56
j3JcXc8vGYSYeDmOkKhQgPSmvi5wSeFZ.jpg,381,924,462,542,652.5,502.0,543,80
j4JIWI5h2ziewKkc1r_LIgLyjrJ45KV.jpg,417,730,443,500,573.5,471.5,313,57
J4We8Mgc9ZynjXFf7hTobdamUt1ST8.jpg,400,815,420,486,607.5,453.0,415,66
J522B5VME1h8wyNOWltXU9HqGHj6wLjf.jpg,327,875,460,540,601.0,500.0,548,80
j5Fl3hhBL2ydEddDc1h_eukr4GMHWP1.jpg,444,851,423,485,647.5,454.0,407,62
j5HNwey3xQdM5MnDR799rDfagy1_eKJ.jpg,433,921,445,518,677.0,481.5,488,73
J5QKcRL5WhX4_W9JsExFYgsrML19a.jpg,387,815,418,484,601.0,451.0,428,66
j5uF5YMLBDVJ87FE12rhDIphugvN8NS9.jpg,419,876,432,506,647.5,469.0,457,74
J5UvnfisnvSXmffewBYVZDqYhwkjY.jpg,458,883,458,523,670.5,490.5,425,65
J5w56IkUBZCRn4sRUhRZBVtMLtSk1W.jpg,438,746,439,498,592.0,468.5,308,59
J5yPIlKY57QYUHYtQu6VQoB1WfaiFmK.jpg,329,903,509,594,616.0,551.5,574,85
J5YZwlM4j9v55qzcn6ICRYZbfLDBI2W.jpg,501,867,487,556,684.0,521.5,366,69
J6mh9yWUmrVJIi__Dod8k9Y9B2aoEQ.jpg,369,723,453,520,546.0,486.5,354,67
J7aYEDNQY8t949lLpis5L7yekZ87mn7.jpg,436,869,454,521,652.5,487.5,433,67
j7gX_oWJhI96dnJK7H25POhI2BXN4.jpg,423,863,431,497,643.0,464.0,440,66
j7HINqYHr98PdDU_IlSgH8cvJSOUO_K2.jpg,330,882,464,562,606.0,513.0,552,98
J7NOyHiJEPrJGZb7te6_g6b3zrcUBT.jpg,445,779,455,517,612.0,486.0,334,62
j7sHh4qdTpL6J3DpE2caVi5YxwRzm37g.jpg,302,910,475,584,606.0,529.5,608,109
J84iHfNzlkclFKgnwNyFHuvjQk.jpg,535,1027,473,555,781.0,514.0,492,82
J8b1J8V5XnVt_YyzoKsdBFZnsGRHGDFl.jpg,437,810,500,566,623.5,533.0,373,66
J8hRVCGNbxBCXVizXsuIoT2g95Sa1.jpg,440,800,491,558,620.0,524.5,360,67
j8vc2cmNOTbMH8z71345Z5NGCC78TIr.jpg,435,963,450,528,699.0,489.0,528,78
J8Wp_eioU8DywBRHJyBrSZLsSFduhol.jpg,390,684,428,484,537.0,456.0,294,56
J8XtMJsyY2d92X7YqpQsrPbH4JZCXqG.jpg,379,807,417,479,593.0,448.0,428,62
J92fX1ZYY4lfhOcCBwTS73CZwu39mmt.jpg,416,815,417,481,615.5,449.0,399,64
J98StId6K7njpX8B9b5lzwNYfWn2U.jpg,310,1105,546,667,707.5,606.5,795,121
j9Bu1Z844g18qd6ntTzwn7EvYKbLo.jpg,454,786,452,515,620.0,483.5,332,63
J9eTRQWlCb2L1lzCqgCg1CtEe9b6h5.jpg,346,774,460,527,560.0,493.5,428,67
J9f8daBiPbMhqVdedplzlW2Rvu_vrg.jpg,368,911,500,577,639.5,538.5,543,77
j9K27EZoPjLwXuxCN5JGw7pQIrvxFd.jpg,456,912,473,543,684.0,508.0,456,70
J9nXHxDwqKQVhgUYxtrODQLekd4ge.jpg,437,733,430,486,585.0,458.0,296,56
J9s9hdExZvceLy_4Mv_8MMeMHqeiyU.jpg,461,795,478,540,628.0,509.0,334,62
j9xHWGi5yuGKfnOpCbhUWkaE4OSw_5.jpg,358,878,494,575,618.0,534.5,520,81
j9xVzzNfWooZ43Vnrphl4iTm2a4j.jpg,257,829,478,562,543.0,520.0,572,84
JaI7MarBdQasP4rooKbRbOmHey2BlD.jpg,445,753,440,499,599.0,469.5,308,59
jaNpygOx46DDbCi_BEcSG2eogLatF.jpg,332,904,518,601,618.0,559.5,572,83
JaTHlRQEbjhQQKh4zaUFJigxk1Jg3de.jpg,409,768,471,537,588.5,504.0,359,66
jB2tVXy5_I6ql29Z9TULFuWOoq7uys.jpg,423,831,415,482,627.0,448.5,408,67
jb33Uj1UMtwTs9Db_NJWkc2xxNhb7LE.jpg,440,867,422,498,653.5,460.0,427,76
Jb4cwPMo8P9d6dKtunrkNv4hk3kE.jpg,396,940,459,539,668.0,499.0,544,80
jbkbnc2KhfCKEHGV5Q24yPhP3Gboryn.jpg,451,768,476,534,609.5,505.0,317,58
jBKkpDFqb1jPayQwORqGsKQRdm71Hu_w.jpg,404,828,420,501,616.0,460.5,424,81
JBQddrpgCPyDYRwjso64mhxIROdekpg7.jpg,350,938,478,585,644.0,531.5,588,107
jbQNzFt86aYCrttbMnKbkeGxINC32nZ.jpg,446,860,423,487,653.0,455.0,414,64
jbwxTHS1D_4RF2zOlvJjR82Yc4ZjZXK.jpg,443,945,486,562,694.0,524.0,502,76
jbWyKjYSDaIoFshTprJ5PLNh4Bmork.jpg,417,853,430,497,635.0,463.5,436,67
jbYL5RbMF1_p1CqZGHVyIwkuZ5KTjLDT.jpg,509,779,422,477,644.0,449.5,270,55
jc2JmSHdzly4IsYIzNNncyCrULCXWCy.jpg,344,759,525,602,551.5,563.5,415,77
jc4GhavqqrCy4SYg3c1H9xQpevtaEa.jpg,344,727,470,537,535.5,503.5,383,67
JcBDFe4TU218phLwmkg7GImNcNJTOof.jpg,498,836,454,518,667.0,486.0,338,64
JCBT23kEbvlJwYHIQhBD2t1BimS7LL.jpg,389,924,506,585,656.5,545.5,535,79
jcdgsXrv8XFMUyeacXhvcQ1IIUp66q.jpg,435,741,463,519,588.0,491.0,306,56
JCEr4U2GqKY9BjxNlZyvLFHHBY4kErV.jpg,315,762,436,501,538.5,468.5,447,65
JcfDRihqo2eLhBXFesPgd46uIRrLN.jpg,384,824,433,505,604.0,469.0,440,72
JcLH6F3OdUO18L7HG4kL3QbEQauqIbvy.jpg,528,1029,453,538,778.5,495.5,501,85
JCNVBtJpBPwOa7tKoSNUxY4ivi6OEOY.jpg,383,699,468,526,541.0,497.0,316,58
JcRs5wrOU1XZyEiPqZHHXvP5RgTVt5a.jpg,287,877,480,567,582.0,523.5,590,87
JCWdqh9YFUqhK2wlBGH1zIFh5hE8d8K.jpg,370,711,483,545,540.5,514.0,341,62
jd5TEMeojy_wKhuzhNNZ5f3fxPH9aCBe.jpg,353,669,443,501,511.0,472.0,316,58
Jd6OWVOJXbdztfB4tHe2XkiDjtxNIbq.jpg,337,872,463,539,604.5,501.0,535,76
JdCBjsxXYy9BkKK5XibHn7179PK6Y.jpg,423,736,440,498,579.5,469.0,313,58
jddTotJxYX73wBCCltxMJDJiv3SvFWG5.jpg,377,821,431,499,599.0,465.0,444,68
JDfBQX6TOKWe_4vuMmyJjE5EdEM_Trl.jpg,384,920,495,577,652.0,536.0,536,82
JdkEoZMrTcyZ2F3v6WsdvyLz4NoU2S.jpg,254,791,457,539,522.5,498.0,537,82
JDMQv8O3n1_91xSusCMei9ul8JzSygm.jpg,484,760,418,473,622.0,445.5,276,55
JdOIDHukZgnNlCWOsLLlWcDlKkg6VO.jpg,290,828,458,544,559.0,501.0,538,86
jDpglTwR5iFNL7K_Emo3HlxbqweN.jpg,372,808,460,529,590.0,494.5,436,69
JdPZwpo2Yc7hM8SLjujqnFKUMdyTcoS.jpg,460,785,474,536,622.5,505.0,325,62
JdQ7sN4eSIyX2QPyFJW9fEc53EHpIa.jpg,453,814,460,527,633.5,493.5,361,67
JdrwLsTCUHmjXjU2F3be4ZcjuBRYvPkV.jpg,273,780,453,532,526.5,492.5,507,79
jdsL3M4XTe3ZjmXcL88hZw2_YStIpc.jpg,199,786,484,571,492.5,527.5,587,87
jDX1K6T3a_8JuBg_PV74bPbMVlwY9B.jpg,363,808,430,498,585.5,464.0,445,68
JD_r4StcCvCPoTBevdmWrIuLkEbk28.jpg,317,809,444,536,563.0,490.0,492,92
JE16S84tpi7TJTgOdWxsQPjzZdI7nNhX.jpg,397,820,426,490,608.5,458.0,423,64
jE1WmenIk_MSaMw2Ev5PUUqLXeqtRkpG.jpg,450,852,412,494,651.0,453.0,402,82
jE6axtYuU3GWWfooOrZULrcK49HvQFI.jpg,481,803,469,528,642.0,498.5,322,59
JeJ2YYa54ZawiQXL__GkOP_nNzkwL.jpg,380,842,470,541,611.0,505.5,462,71
JEtuqCpvyEyzD35JlHGhRT9TlMDDmyM.jpg,342,881,490,566,611.5,528.0,539,76
JEu8L3pt_ECDXUm9Wljxo5KLvJCge.jpg,462,723,420,473,592.5,446.5,261,53
JeULkWon3on_N4OMkJOzz4alCyzWYQdZ.jpg,194,739,507,585,466.5,546.0,545,78
jewSYZinLnysU5eqkRLjrhFIn1k8.jpg,520,800,436,490,660.0,463.0,280,54
Je_DMo7auqrkOZX8WivJYwPwmHf3VL9.jpg,354,843,456,530,598.5,493.0,489,74
Jf88EOl_U9xM8i4XDUVhUYEgJJNSmQ28.jpg,365,804,458,528,584.5,493.0,439,70
jfBvCNVIahh19CcfX8Rw6sZiBnC_i.jpg,295,754,425,492,524.5,458.5,459,67
JfDeasLLr3SGVgkc9CYONq8voFnu8v.jpg,368,771,423,487,569.5,455.0,403,64
JFdh5Q4i9HDOUnZEP7_Kx4Ukf_Rjof3.jpg,458,782,453,512,620.0,482.5,324,59
jFoQpDfGRYBQsVi6fcbt9ViFUgj8um.jpg,447,839,443,504,643.0,473.5,392,61
JfyCcpKEdX7MVUXsdckFBmtUTqvMxBXk.jpg,491,888,514,590,689.5,552.0,397,76
JFyngoiLvS6mOTqEZrWitVfRtXaOaML.jpg,421,960,505,582,690.5,543.5,539,77
jFyomXlKOz72VR9XeGMRzFJjw9U.jpg,434,888,464,536,661.0,500.0,454,72
JG3Hp5f24JdIclEFUSfgbW7eDMnnNcI.jpg,339,881,462,539,610.0,500.5,542,77
JG4bbfyDcndVBOpr4NLcWrwWxLgIi.jpg,432,922,439,511,677.0,475.0,490,72
jg6Tvl2wLEbk2RUGImMoeN7vGHwwCvY.jpg,479,796,450,510,637.5,480.0,317,60
JG8kswGqlcxinS1q87j7UuybfTUGjn.jpg,413,901,441,519,657.0,480.0,488,78
jgDBJs82niLSp_8a4I1DfObe4H1v.jpg,450,887,451,520,668.5,485.5,437,69
jgDPGtj7kvJWt4pPucZmtmH46r5QqgO.jpg,309,1065,529,662,687.0,595.5,756,133
JGdrBKGuetCmP9_T2OjdcQqNq8KyY1pC.jpg,411,916,481,560,663.5,520.5,505,79
JGoOxhay1xIX8VSyigYcrDPgaIG5wEX.jpg,443,802,498,564,622.5,531.0,359,66
JH6dh3MWQ3CTPpZsjVyDEjwsTxshlZKS.jpg,472,840,485,548,656.0,516.5,368,63
jh9E4qkuQL27wxWzJDDMCa4yLJUrpw.jpg,462,871,417,482,666.5,449.5,409,65
jhBF37uCf8DMpwQRJKOEKpl5o17TdEpE.jpg,424,750,475,535,587.0,505.0,326,60
jHJy_mqDXuhtPINNbWKSZlT5RCLHv5F9.jpg,406,908,488,565,657.0,526.5,502,77
JhMUinoaoJYa2OB_54rld2nRIIHw.jpg,388,761,500,566,574.5,533.0,373,66
JHNWGsWde1deRiedNXDBZ18ldkCWePTN.jpg,376,833,436,507,604.5,471.5,457,71
jHOaIpw1paFWTgqNOalM4v1snY89ol.jpg,421,938,453,531,679.5,492.0,517,78
JhOZWGSrTWDU3bJWKKyx_6pUMtIzWSP.jpg,418,875,470,540,646.5,505.0,457,70
JHRkq61dKIj17lx_moYz93w9qejrOSh.jpg,510,961,497,578,735.5,537.5,451,81
JHSy1ghTfToNdYx2jOVPbkdjc27utJ.jpg,383,758,474,536,570.5,505.0,375,62
JHW5jhQxLJmclTuh63fL_aCMmBapgqY.jpg,372,875,486,564,623.5,525.0,503,78
jHxLTT2EzlDHreIgEy_Fy2NSFTcNUpp.jpg,415,934,455,531,674.5,493.0,519,76
JHZcHLM_nwCgCMm4MmZyPkXYBKPUFMR.jpg,251,877,525,615,564.0,570.0,626,90
Ji5EQ5isXDfhZy8ZOjZLqMNbWtI4.jpg,275,806,456,532,540.5,494.0,531,76
ji7ZHpsFMdpzL1esnVhWmyh8MTSULM.jpg,276,1021,532,652,648.5,592.0,745,120
jIaOZ4rW6lTnRVsEinBwCwXrYxNLf2r.jpg,429,933,477,558,681.0,517.5,504,81
JIDyB9qp8wMuLXWNVBW9VCsGFL5K.jpg,361,911,465,548,636.0,506.5,550,83
JiHwWsqDh5Dx1n7RvuLSQuyzQrYn.jpg,407,892,483,555,649.5,519.0,485,72
JiInpHV89qIFZy5BgVGydElYV5twrC31.jpg,368,808,429,500,588.0,464.5,440,71
JIkt4zfje38JXKGdKVRignxrU88Y.jpg,444,968,457,539,706.0,498.0,524,82
jiM32jzyVymQ6JQd7vwZzNYYdUJW.jpg,431,893,438,512,662.0,475.0,462,74
jIokTvUyjQopIeBmy_4fJ39efsL8dy.jpg,441,793,458,520,617.0,489.0,352,62
JIPXXwWog5gVuS7EyFretnZ9iLEpK7.jpg,384,897,490,563,640.5,526.5,513,73
jIUktv8aNTWQ9mPDk1N9ZyDiwtMljS8a.jpg,452,749,432,489,600.5,460.5,297,57
jIVyHOPlH6tkyOF6Mik_EY2LN8hyS.jpg,359,874,460,534,616.5,497.0,515,74
jiY6qvS4D6r6JFld9an39Y6Hn3oUQsh.jpg,377,811,417,481,594.0,449.0,434,64
jj3aBNCsIy4bfYmQYVRk8CVkHRnLIi.jpg,419,872,430,497,645.5,463.5,453,67
jJ5fwsN7m1hcdsskuK5gBMJcJxYJFSM.jpg,420,876,463,533,648.0,498.0,456,70
jj5XnLcOnCkXq9otly7p9PmGkvOutn.jpg,412,902,489,562,657.0,525.5,490,73
JJ96zsJqsgPpmpgvp1jCScV3rUTcr7u.jpg,326,889,516,600,607.5,558.0,563,84
JjEexjMfFmT96OaVko3Xu7xyjPSmhS.jpg,368,665,459,515,516.5,487.0,297,56
jJjV5WLWJlRKX5Qo9a9MzvR6dVWzbio.jpg,310,723,432,498,516.5,465.0,413,66
jJMYgvkLlHG6QbtTZ_WIlJbFHUfYEraF.jpg,404,868,442,511,636.0,476.5,464,69
Jjw8g5wlk5ktrFieZFlOL_jWD6o8v59R.jpg,337,828,451,524,582.5,487.5,491,73
jjYePahbWQ2X6iZDFWUEv2JxvlIEBi.jpg,428,833,448,511,630.5,479.5,405,63
JK78jqtgtlpWprerQHcBXpWCI3ciWPHB.jpg,388,872,442,516,630.0,479.0,484,74
jKCup9ruGMxYruSiSdLrfVBXgNpja.jpg,354,847,429,524,600.5,476.5,493,95
jkhWmaKXWuVHSYJJR6OdCU_pni64jv.jpg,442,924,480,553,683.0,516.5,482,73
jkKYz39MSoQxtOPksase7iFNvGYS8Xtf.jpg,453,880,423,497,666.5,460.0,427,74
jklMqyUqKMDjnPRj243UnvzElhB2uzc.jpg,378,817,422,494,597.5,458.0,439,72
jkVZPkfJP1D_2N2XYXqDjdX8hMfOrqm.jpg,431,932,489,563,681.5,526.0,501,74
JkyQycMGdHnl5RmDWSxIiB_xGP_U8icF.jpg,395,865,470,543,630.0,506.5,470,73
JL7CHGUG5wBovHJjDXy9De9l3YgsgrF.jpg,440,859,451,515,649.5,483.0,419,64
JL9kJZnwJ68EdjyPnWRdEq4RvocfGaf.jpg,376,857,476,546,616.5,511.0,481,70
JLbQmiGsn4opQrVN1HHSNmBhMeq9lCs.jpg,433,837,418,482,635.0,450.0,404,64
jLdS2qjK2_oSZBk1TB593R7cTMzJ3.jpg,403,851,437,505,627.0,471.0,448,68
jlg9Sm_9ZkYYopt6oDmHS7TQo2reFq.jpg,457,895,427,495,676.0,461.0,438,68
jLJIYmlrC8SruMgfF32t2wksZ1p9qko.jpg,470,919,438,506,694.5,472.0,449,68
jLR2PObS_EljStVqBQJpubutYgNdFbmY.jpg,454,762,462,521,608.0,491.5,308,59
JLrzk2nLOIxtjJbn6asvNwbWyz3.jpg,418,954,459,538,686.0,498.5,536,79
jL_nOvVLjR77_o3azCRnUiq1UVGb27.jpg,159,936,540,660,547.5,600.0,777,120
jM1iTuDNoBn3_TUYLRlJmjdlkSR5x1P.jpg,322,857,464,543,589.5,503.5,535,79
Jm8M7swdsBkVJIZp4h5hOs_kUNWZWml.jpg,470,1029,494,583,749.5,538.5,559,89
jmDftwmyT17hEHOdYVJhe2lIcpThhx5J.jpg,386,759,445,518,572.5,481.5,373,73
JMDJdxhpcNTiDcC8TLCe2rFZqMmSDjOy.jpg,402,905,451,529,653.5,490.0,503,78
JmKCbs4wZzuDk522X7Yv_nqdirdfIc5.jpg,266,800,466,542,533.0,504.0,534,76
JmStU_E9GHF5Vn35NHSIwLH3F6FdGzD.jpg,335,687,466,528,511.0,497.0,352,62
JmTPwiHqZTWvQiv4E8o3VECib6SUyOcy.jpg,323,768,454,525,545.5,489.5,445,71
JmVspPUKkrXmwxOzIQgWRQqV69YkTiq.jpg,480,899,423,491,689.5,457.0,419,68
JmyIRtzBEFIkVEjWBmjPSS3TUQzxXNnu.jpg,479,800,468,527,639.5,497.5,321,59
jMZcLP8Om248IPKNOZkfmE5Fo3sO77.jpg,424,756,478,539,590.0,508.5,332,61
JN4mwPZls2PLRhmDvKLiksQu9PBSg.jpg,366,837,437,511,601.5,474.0,471,74
JnacWPuGn_4gOcZtyMMzE2zc1Gbe8d5.jpg,300,768,438,509,534.0,473.5,468,71
jnlFwiJQubZkS3yLWCoNxBtTvvL766.jpg,435,847,421,485,641.0,453.0,412,64
JNLrDqZ_i7c_xD5nTY_EHeJGqOG3ljOL.jpg,494,811,466,525,652.5,495.5,317,59
JnNynEawiiGsmfoe8V1V2ONF11Nyu.jpg,147,1162,673,808,654.5,740.5,1015,135
jNot5yvs_Hy6CD3m68JlkWFp_cqEFZJE.jpg,467,1054,526,620,760.5,573.0,587,94
jnZLDZ4PO1qk4jfFWLOtJys72BPvY2nn.jpg,418,909,433,510,663.5,471.5,491,77
Jn_R_sHzgioHCM2ejLESzXEuM6iHzVX6.jpg,348,753,425,486,550.5,455.5,405,61
joImnPmxouf2ROPXuhHNiRbmxBZfo69.jpg,430,874,465,533,652.0,499.0,444,68
JoiU2IRx2wG42_BWkK81Xu1ET9wVTZ2.jpg,463,977,478,560,720.0,519.0,514,82
JOmb9nXJcGykhBNsu2tkweHgsVdtR.jpg,500,808,440,497,654.0,468.5,308,57
joNZP1ZSMwfyxUqMNQLGDCkzGEsHrp.jpg,247,806,504,588,526.5,546.0,559,84
jOOYw5VTkc_w1eEqrnbYyZQWxXataQf.jpg,380,934,477,560,657.0,518.5,554,83
JoUUP7r4tRucVE7DTYf8FQLPoDqQ9Va.jpg,435,834,415,480,634.5,447.5,399,65
JoXQP8kdGGir95GFFxyGtToakPRNe9.jpg,494,899,439,511,696.5,475.0,405,72
JozyLxp3hZ_fkjHWG6BzzobDzWs9Z.jpg,445,857,452,513,651.0,482.5,412,61
jp1iTq2ZZFkn5H2pbLd8lZj_otGsLx.jpg,465,832,504,570,648.5,537.0,367,66
Jp48hunVbfBWEcd1D_PsZJXlURKdVE.jpg,341,789,420,513,565.0,466.5,448,93
JP61DZHKsHT8DWhv4786_2KYKYaG2yf.jpg,380,821,422,487,600.5,454.5,441,65
JPaaU9XJjWJc6D3YGyiu7aF74Dqsu4.jpg,405,819,424,487,612.0,455.5,414,63
JpDFmz5rWNO7V5yyhFcv5rbNH3S2mpJ.jpg,351,757,443,504,554.0,473.5,406,61
jPDM31YJBwXXeB2G341rhkRfkW9a.jpg,232,805,471,556,518.5,513.5,573,85
JPFbSGeOcGRfcJ9hzqMXDNzCF9dCdIS.jpg,413,757,468,529,585.0,498.5,344,61
JpGXLErK9GQclWE58lYBHJItzan8Mw.jpg,285,776,453,524,530.5,488.5,491,71
JPme3o_nqLObEoWGNs9PYZl2TYarLVT.jpg,334,679,467,529,506.5,498.0,345,62
JpXMOduNwu5qWN79tODNB_uuv_2tKf.jpg,303,908,480,568,605.5,524.0,605,88
jPzjGWlmBBDsiK78vHliTsaf5vyvx.jpg,445,800,457,522,622.5,489.5,355,65
Jp_VI7tGJngWjsgVk2_5YW1VMXFz1ka.jpg,411,741,469,533,576.0,501.0,330,64
Jq3v_2t7d8S_9Wbm3T8jcZvFlFhj3_.jpg,431,771,472,533,601.0,502.5,340,61
Jq48Orq7MaaCup5Yla3QllJhNb5wqK.jpg,432,828,518,589,630.0,553.5,396,71
jq6u9H31pzoMJtHoqi_svdoXMRaleRBa.jpg,402,895,446,524,648.5,485.0,493,78
jQ9P7795aQReYIei3QQNiyDtwYovd9.jpg,297,847,469,559,572.0,514.0,550,90
JqCpzx7Z7qgLRVChSlvQGdD3NC6noZ.jpg,361,944,525,606,652.5,565.5,583,81
Jqgk9rJOoc3QFt_JkTmUC9Bx8RlEiin.jpg,407,930,458,538,668.5,498.0,523,80
JQgs8inSlojH_qU2jhSaHVXg2nmHeLi.jpg,290,796,458,537,543.0,497.5,506,79
jqIbljYS4Gbjs3nIVz1819mXDduWOkoR.jpg,240,945,522,618,592.5,570.0,705,96
jQlL8IGcOUBzSWxKvwqSkxcuolwmbt2.jpg,381,942,472,557,661.5,514.5,561,85
JqPxnVTFOYXbj3Wb7YjYmHBehHLUeHOi.jpg,415,773,491,556,594.0,523.5,358,65
jQUMLPDTiHTfGeQ7vEl_ZCDMyKaI3.jpg,477,798,466,524,637.5,495.0,321,58
jquqL8ewrTTMkice5XfVURriM7kiH.jpg,418,866,430,500,642.0,465.0,448,70
jqwT6h8SI1rpTy9aJRgs3iPwlssb7XhX.jpg,307,873,507,585,590.0,546.0,566,78
jrD8b4ri51dxqRVpwOb5_DPx_eoBjfh.jpg,331,785,458,527,558.0,492.5,454,69
jRDpd4jDgFilr29Om6EacrdRpsNga.jpg,379,912,497,573,645.5,535.0,533,76
jRJkq3ci8v2NZ8XxWmiQEihh_6Yt4aW.jpg,311,814,446,528,562.5,487.0,503,82
JrjubPL2OMwz3_ixkdVBFbjIv_JRCf.jpg,371,879,491,567,625.0,529.0,508,76
JrlYvmUbGOTT6j25mJJ3IzDX7QW7nJc.jpg,419,828,421,487,623.5,454.0,409,66
jRq4fXOwyeBHjiXtkRUzM_DFXuH6oW.jpg,425,797,503,570,611.0,536.5,372,67
JS3BJjLNZmIrPtfNKyoCqYSkzFTOZPI.jpg,469,779,447,505,624.0,476.0,310,58
js3eqOVo8ahrYn3VwrCQ2TRnJJvyo.jpg,343,742,422,484,542.5,453.0,399,62
JS75ZmJ4suT_uPzoetD7d1fEnX5t1vJu.jpg,341,757,426,488,549.0,457.0,416,62
Js8LJM2Uc6b_2PioP_GCWovD8v2.jpg,373,873,446,521,623.0,483.5,500,75
jScVn5G6bJfIM7adLWiSdPIjPoEb7zU.jpg,434,743,435,493,588.5,464.0,309,58
jSgzkn8kfNYzP_Xz1J9UsEMyFat1MhUC.jpg,377,789,435,502,583.0,468.5,412,67
Jsi1HdQEzXOgRH2UNH_U9FSvhK6fvtQ.jpg,312,753,428,497,532.5,462.5,441,69
JSIGWTkqIjczjjy3Vn1VS3zI_gfCpVu.jpg,459,784,441,502,621.5,471.5,325,61
JSJYLhZOjGytZGF8utJEDB3DlCePe.jpg,454,843,514,587,648.5,550.5,389,73
JSkTPEoWRHW3BYNy_afQpujEprtfXut.jpg,391,916,488,570,653.5,529.0,525,82
jsPgoBD95re2IvoSaDWYfhXMbKzibSB.jpg,433,933,452,527,683.0,489.5,500,75
JSts8MM863MnLHHQustH2kzfPREwzJm.jpg,365,885,451,529,625.0,490.0,520,78
JsWFzV2FRh8ZKQTmEnf6bampT6zXx.jpg,468,857,495,563,662.5,529.0,389,68
jSYWkPwvaVa8voad_bDXOwPpmS3SRJ8.jpg,319,703,488,556,511.0,522.0,384,68
Js_ChwU99GEjSfWV3RMjF4KV94tSgPQ.jpg,369,909,460,539,639.0,499.5,540,79
JT7RnEFufZRSoMDurmEH5jV5tYZPbnz.jpg,262,814,512,596,538.0,554.0,552,84
jTFK6_hNFk4NMqS6qHMwYSSrhHuHWG.jpg,495,874,505,576,684.5,540.5,379,71
jTHbpKtodpByTupqaiNO5kSJFs2DFKC.jpg,401,858,465,534,629.5,499.5,457,69
jTHiY_KxPyh9I7PBV45N6JwFDG6VtGW.jpg,394,782,515,585,588.0,550.0,388,70
JTi5nkZrRHeJTZugjzxyJxwmdXupGmcZ.jpg,449,869,423,489,659.0,456.0,420,66
JTINUceWRWLlQ4sFkioFV2Qgz3p_5GJ.jpg,360,875,456,532,617.5,494.0,515,76
Jtkb7X59IPoq9hbOyPZ8SfvnQTqOBnXP.jpg,404,729,468,528,566.5,498.0,325,60
JtKvFovKs5F49LsOhY8bv4De2JZIiJ.jpg,349,877,488,567,613.0,527.5,528,79
jtPs5bNpZf3QFXDqFD5a1sN9vloSCu.jpg,344,896,514,592,620.0,553.0,552,78
jTzUIaGxC5FBOuml5YI6LovoKB_TZZm.jpg,419,847,430,501,633.0,465.5,428,71
JU6t88cFk1QNQ7cwJdfxYbmwC9Q3Hekt.jpg,424,968,509,592,696.0,550.5,544,83
ju8DLjwGesBUjfiHhqs5HzO4NeHYxal.jpg,316,714,427,493,515.0,460.0,398,66
jUBYL9XBHRhZ9xia5F5l8YCznxpH3Rh.jpg,457,800,450,513,628.5,481.5,343,63
jUDSpJuDoYGEOSGaiqvja5_v1vLXLtM.jpg,417,694,429,481,555.5,455.0,277,52
JufP6z8cgnUwW3shCc8i7D75DbyVY1T.jpg,455,1058,482,572,756.5,527.0,603,90
JuHxMJ3f4rgzCuP929sRzb_TxHRNBYpF.jpg,387,706,444,501,546.5,472.5,319,57
juIJp_qYyYdDWamXfoJs5OkYRDFG4j3.jpg,409,880,441,512,644.5,476.5,471,71
JuiXT41iEXRmOFwwJy2TE6WIfCx9UmdV.jpg,404,934,502,580,669.0,541.0,530,78
JuoBPWpNDlhPUgQKXpfjIBx3nCTUDZ41.jpg,303,963,484,583,633.0,533.5,660,99
juqQNvYhCKtw77FbciX2qQXQFypKcy.jpg,304,808,459,540,556.0,499.5,504,81
juRHOFP1_wOunLec4afRCvgar8FJeC.jpg,392,668,424,477,530.0,450.5,276,53
jV3DJlDKYrsZPf5d2_iWnYU9_XvTkg2.jpg,276,781,440,516,528.5,478.0,505,76
jv4G9hJYRMyQKQ8FQOqOZysNTH3OaB9.jpg,312,876,475,555,594.0,515.0,564,80
jv4VJl_UtKkzaEI7zQOFeTRBpX6x.jpg,402,844,427,500,623.0,463.5,442,73
jvbhYUxh_dco9TqbLSLMZxnYLPh2Kt.jpg,369,911,467,553,640.0,510.0,542,86
JvCKOkbmZtikqYELejoKVUtq7l6g_.jpg,451,822,506,577,636.5,541.5,371,71
JvCriEjxLgmugUZ4oeEwbIQ1KNyfTDJf.jpg,402,912,453,529,657.0,491.0,510,76
JVdKHvhKgidjCcCsmuU9KlLal2QL4D.jpg,394,730,455,516,562.0,485.5,336,61
JVetHbiiusbjhNBQnWgncxW3LW8g.jpg,291,1100,549,667,695.5,608.0,809,118
jVg_h15zvhCOxmsphf8lK9fo5wPSqm.jpg,394,853,431,503,623.5,467.0,459,72
Jvmim9iPZnNT6LB1MZhmI5u2vo4R_4O.jpg,393,934,449,529,663.5,489.0,541,80
jVtnd3ORXmiWziUJU84WWWpZrYv8V9do.jpg,219,803,515,601,511.0,558.0,584,86
JvXj1u1uqLV_6QIijQh5QD31K9FYWT.jpg,457,811,485,550,634.0,517.5,354,65
jVxSlXzIOdnPPFcfhEHCih8y1BUxm7fZ.jpg,378,799,426,496,588.5,461.0,421,70
JW74nV9zT_hUTJmmXD5DcETL97_ylj.jpg,320,907,484,568,613.5,526.0,587,84
Jw8Kk8QemSKG6ZucKJg7Q53FjFZqTZt.jpg,270,803,465,541,536.5,503.0,533,76
JwbUMpRfkTQknD_SHxdDVCYPkfIJrp.jpg,366,747,475,543,556.5,509.0,381,68
jwkGT9Yx1ldPljtdYvzvdn9wGIfkjT.jpg,411,731,449,507,571.0,478.0,320,58
jwp4JFFefMSZqMRiGNnuGKIMByX_O.jpg,345,767,455,519,556.0,487.0,422,64
JWP7eOyfTPsr8ylOUpNv1y7dyThbnQ.jpg,344,864,457,535,604.0,496.0,520,78
JwP_bMTcPhVuKC4Tlvs4fg4hMjvcgy.jpg,405,759,455,518,582.0,486.5,354,63
JWSrjHI33ZECdx6lFdcVqpmHqG9NJ7u.jpg,246,807,509,590,526.5,549.5,561,81
jWxrt89DmWis26IZvYBrGQbkba_9yUQS.jpg,487,818,446,509,652.5,477.5,331,63
JW_TefK8xFuYmBeIXypp9yDkwI99xYO.jpg,315,866,471,550,590.5,510.5,551,79
jX2_sNjyi3Ygt5dP5FE1eMfPcJ7yS9a.jpg,371,941,518,602,656.0,560.0,570,84
JX7Lm34jZ7J274t2IK4T8iaaJZBcxk.jpg,399,879,445,516,639.0,480.5,480,71
jXD4iqwV8QJ3WIIY8yyvRNtSMD4zX4ed.jpg,378,870,442,534,624.0,488.0,492,92
jxdEXujFdfWdeRo8VZlCsGJujy3hDNZ.jpg,339,854,445,521,596.5,483.0,515,76
jxDhZDvGylx_uOTsPTsXDINbgjLHuLm.jpg,328,869,464,542,598.5,503.0,541,78
jXfP117BkcxBh4PUBxtGDavoxV1doJ.jpg,361,813,432,502,587.0,467.0,452,70
jXHc5fs4WxzmRuiYKLj5FQWOhyQO7e.jpg,376,828,437,504,602.0,470.5,452,67
jXjwqV4NPDfnWyJlHH7Bf83hTCnBIaW.jpg,370,890,494,571,630.0,532.5,520,77
JXM1jqixDQ4eVvQDNhozm2jK9hcg.jpg,430,942,493,569,686.0,531.0,512,76
jxnVfxObRXJCzUIRfBuzOFsLvXDY6lYU.jpg,464,1013,507,590,738.5,548.5,549,83
jXqfETUfcP4EGo_UMzI7ySBHO3vtol.jpg,450,753,441,494,601.5,467.5,303,53
JxRpVrLg_L6nC8Lbk49xbY7G1k4SoV.jpg,444,1017,467,554,730.5,510.5,573,87
JxXTnE5THf3LmY3926FYM3UYi23W.jpg,464,868,447,507,666.0,477.0,404,60
jxyIBmW9j6izPLmSdGcnuEmKJECKpw.jpg,221,924,522,615,572.5,568.5,703,93
jXz9Gui_Gm_8q2InLmIBlJ2KquHof.jpg,451,897,423,494,674.0,458.5,446,71
JY7VLucBC4XcZXp3xKlhdctDCbhfUM6h.jpg,481,871,456,517,676.0,486.5,390,61
JyFjgqbhF1VVj58y69vzLLiCoBTRlEN.jpg,372,913,464,546,642.5,505.0,541,82
JYFtgpzHhqjGByrkUnPzYWxIBETvEP.jpg,434,781,482,546,607.5,514.0,347,64
jYslaaoqHYfL4xotdy2qRlIluQjnXL4.jpg,365,817,459,528,591.0,493.5,452,69
Jzb4d6OgkSHiX3UmXjvPkm3uDMaLQb2.jpg,307,896,481,563,601.5,522.0,589,82
JZDqnwFVbuW3tos3go3ILPMliBIV4Sz.jpg,409,846,462,531,627.5,496.5,437,69
Jzgiw9ZgV2SahcUrIJc4IQNmb21nEZKc.jpg,362,822,438,512,592.0,475.0,460,74
Jzgqz1X6S8l5Kc3b1rscbNYxW2bBz.jpg,382,728,487,548,555.0,517.5,346,61
jZHoVO7ZhIDNeaIsUKNKZZIEdU76IY4H.jpg,517,872,492,560,694.5,526.0,355,68
JZTUL8PPh8UD4OFIS2KpNHLVRZk5mOIi.jpg,310,794,464,541,552.0,502.5,484,77
jzUB7Rvp5EOezgWBrVpHpGJqhLl2k_.jpg,476,772,438,493,624.0,465.5,296,55
JzWmILzZiGc6HGitjawf_wFDiXbEPFM.jpg,389,848,432,528,618.5,480.0,459,96
J_7UIPL1LKzgH2ereHZUtbfyIdQd9b1o.jpg,488,819,469,532,653.5,500.5,331,63
j_DTkUNM57gKsMG9E93BYfTL1HqfvK.jpg,499,960,437,509,729.5,473.0,461,72
j_J5hjuvLP25PLBE6SnLkTBuaLJvfkb.jpg,298,805,486,564,551.5,525.0,507,78
k12ornxRp62FYvoSWOzErDkb9nz2HLV.jpg,214,803,467,548,508.5,507.5,589,81
K19SS8VPwn1SjqTYiWm7IqkoFI2.jpg,182,1076,584,713,629.0,648.5,894,129
K1abt_HZ9NY2gxuXlXWx77PQqYJXQvW.jpg,413,922,453,529,667.5,491.0,509,76
k1KMLfY7G539d11VLJJ3gbnTLWfhrEPP.jpg,446,907,437,505,676.5,471.0,461,68
K1RORCJqv8WHI1iksYG8ltbrBnQzSUM.jpg,360,792,415,499,576.0,457.0,432,84
k22mEfYwyZ3ZdxKs5br6iJv4TJWwDi.jpg,378,975,520,611,676.5,565.5,597,91
k2ahL9OJVBSCqMI7nJuofyV6prhx37z.jpg,234,1125,585,716,679.5,650.5,891,131
k2KcSUlk1XCT_kHSu2Rk9RnhE9WQ5GEI.jpg,352,867,495,566,609.5,530.5,515,71
K2Lk4mViPbtXutR3BhH9rZl9ajpOIWW3.jpg,331,801,472,543,566.0,507.5,470,71
K2P65wgPeuwrW1MPXzd9Uz_bpDVfV.jpg,344,684,462,524,514.0,493.0,340,62
k2tbUzZr2cPFJfxIDq9Rs9sEKP3Pow8.jpg,374,670,437,494,522.0,465.5,296,57
K2UDzfR9OIa8Hud7B6iw6vgazGaT7u.jpg,457,892,451,522,674.5,486.5,435,71
k2zvTxiD9JaK4xXVw9eebwSP1al6og.jpg,382,810,427,494,596.0,460.5,428,67
k2_DtLx_2jvgeoR3U59BHFPabWU6t.jpg,376,852,443,511,614.0,477.0,476,68
k39QvEcPJn62zbtTFNQ8BRgjv8kiiRy.jpg,434,810,475,542,622.0,508.5,376,67
k3b_ryCl9hUWVcV7zeKtONrm2vnrhw_F.jpg,480,771,444,501,625.5,472.5,291,57
K3hDo14SEgxz5kiFaeV2GSDtz8GsDCP.jpg,383,822,429,497,602.5,463.0,439,68
k3htdwMru7jVhZQUppVgbOEsZOhaVNi.jpg,353,864,498,573,608.5,535.5,511,75
K3my6WWrDVGebVr_XFBbvpuwpCcOV.jpg,387,676,432,486,531.5,459.0,289,54
k3OiNZYSbXe6DopfQG_3r26vcsaLm.jpg,343,901,513,593,622.0,553.0,558,80
k3WjG7wItitqJTUw2iSJJOZz5jDoNr9G.jpg,433,874,428,495,653.5,461.5,441,67
K41U3LP_jKYEEKY41IuWfpi_97WqFjx.jpg,405,773,498,567,589.0,532.5,368,69
k45h676hGybN3H1hRQkgpUBu8cqBJR.jpg,417,957,456,537,687.0,496.5,540,81
K4dyhlwhGvX5sqXZE5svdz57jR.jpg,419,805,484,553,612.0,518.5,386,69
K4i2netSHxnIOJjqRj6giEL3zU4g8.jpg,371,972,487,575,671.5,531.0,601,88
k4p8QoNenWpg82O1CXrJqXwJLoZ1Sr.jpg,433,774,431,498,603.5,464.5,341,67
K4ss891SrZUpCl7vW2OUurZMeBUs1XB.jpg,352,843,475,550,597.5,512.5,491,75
k4U9iccem66Ke59d_ShDvXTxo4l6.jpg,425,792,496,561,608.5,528.5,367,65
K4Y6L2EMQOR1PKS92XEw5vgGR4rBcPO.jpg,266,778,441,519,522.0,480.0,512,78
K4ZyqEOjdoCYcnv3fsECdI9fccqSQv.jpg,302,665,458,524,483.5,491.0,363,66
K5a3FoVzHz4qaz29cFDrdwKLC86SOqa.jpg,417,862,432,501,639.5,466.5,445,69
k5IMY9H2z3gdjwisyvZiHRdcSkou8.jpg,344,797,436,506,570.5,471.0,453,70
K5Jf8KkKZFyGX63fsHsDfqpdczaxr2.jpg,275,805,460,537,540.0,498.5,530,77
k5ZmyIrEbogLnwajkxmX7Nrnr9trZ.jpg,426,792,488,554,609.0,521.0,366,66
K69WgExV1wuqoxkTDS_tPjIG2Gb_H_.jpg,369,877,445,526,623.0,485.5,508,81
k6GHWUtjSaEdnM939gCIXN1av5GLVe5m.jpg,433,777,463,524,605.0,493.5,344,61
k6obN4gaGfPn6sGzilsq_ZSvugWWqI.jpg,427,903,436,506,665.0,471.0,476,70
K6taxjpWfulOxtw937CGpXGX1Zw9UxPe.jpg,400,779,475,543,589.5,509.0,379,68
k73cBy_18jCJS_4haVOjWfoOmkTVsYBU.jpg,223,1049,563,686,636.0,624.5,826,123
k7ba4eeRqQ9BPNzT4t6Rfh332hLjy.jpg,418,865,432,500,641.5,466.0,447,68
k7ioNQPqeqEYhLVzz6BNxF2SrmhkmEEK.jpg,500,787,426,480,643.5,453.0,287,54
k7UGnGdNxRVBFfdD79iUo8x8CMwVxTP.jpg,327,738,424,488,532.5,456.0,411,64
k8EgfNvHeOF5gWbzdECEMuOI7NxL82Q.jpg,346,868,443,519,607.0,481.0,522,76
k8q28nKMY3Unc6WNOXevt9GMZbHDzx.jpg,253,782,457,536,517.5,496.5,529,79
k8ZeIHFuh2RqQQRUBgSCIbZhxitSiFn8.jpg,364,879,451,556,621.5,503.5,515,105
K921hBUMcLKV3R18YV8Wpygk7wpkj7k.jpg,213,785,513,592,499.0,552.5,572,79
K9Ca5mifYDiFr5vzlVbFJGovHQVmI.jpg,374,844,440,515,609.0,477.5,470,75
k9nzsGNEVCVjecdyXb_37bL6BqTBOt3.jpg,521,943,458,524,732.0,491.0,422,66
K9QkGjVK6R_tLMndZv6k6PUROpKrUkt.jpg,464,770,436,495,617.0,465.5,306,59
Ka3g4qKQk7YyeZoJSuEJLhv_QUyzNj.jpg,409,916,490,567,662.5,528.5,507,77
KaHTNLM2XjlSFsi7JGZhUtSOGzIT9Z.jpg,340,851,449,522,595.5,485.5,511,73
kaktVGRgNHVHKfMtUmOtTVlP6HQRxJD.jpg,444,884,457,526,664.0,491.5,440,69
kamIiojRuiO4v_rC5Yf8ZhHOshrSSdcO.jpg,239,948,431,538,593.5,484.5,709,107
kapUXiJyZVkodi2G_gabljkrVzwxKm.jpg,478,750,440,494,614.0,467.0,272,54
kaV3OapbC3zqazLrjoOQ5ttvCN9Sy.jpg,420,853,427,497,636.5,462.0,433,70
KBBwaY3dqrsmaHYgabc_k2zyBaLym.jpg,212,1006,557,675,609.0,616.0,794,118
KBkCLthxMwiBrkIlzbh3LJK4mCVJ.jpg,359,797,426,514,578.0,470.0,438,88
KbkQt2xSNIHFvLe42DW8Tsq4cWzWQ1r.jpg,342,753,448,509,547.5,478.5,411,61
KBN3ipk6EnuNa_KhZ1f5tTE_mrqYkrB.jpg,341,726,487,562,533.5,524.5,385,75
kbPafMHDN4ns85UFJKtdlgYUFp_qX.jpg,372,907,494,577,639.5,535.5,535,83
kbpHdWaNiqUzPxwk4agoBpRneS7dxe5.jpg,367,916,505,588,641.5,546.5,549,83
KbpMP8SxLFDHeErnyqOPK5TODG5l9.jpg,331,851,483,559,591.0,521.0,520,76
KBPo6jFmFeiLk7_W3Fnur5TCdTHldbxf.jpg,391,927,451,535,659.0,493.0,536,84
KBQfBWfaewuoTP8uMpZTWjEEuFgIf.jpg,290,812,455,532,551.0,493.5,522,77
kBSMa7XfEIMpLcPhWlTXh2on6EyjH4.jpg,426,865,424,501,645.5,462.5,439,77
KBSPs73rct6fw2bWO86DrRyNpUuJqO5I.jpg,457,964,456,536,710.5,496.0,507,80
kbUyGaHc6oK87zOkK6SfYtwG5zWYX.jpg,300,809,452,530,554.5,491.0,509,78
kBwIChZ_gvqm4tUUJjkk7fi_PPMMu.jpg,306,838,454,538,572.0,496.0,532,84
kBXJpejG86vmUgMQPFxEsvWvLtoqgaa.jpg,420,904,477,549,662.0,513.0,484,72
kbzhUZVBB2SwL4gi9U5nrlzdj6uBn23.jpg,396,676,428,481,536.0,454.5,280,53
kbzm2CSfvR5G1lCh7dm7ZgEhf24iUv.jpg,341,793,467,536,567.0,501.5,452,69
KC3mUHBxDhDZhrybIRkOLgZlwGVoxG.jpg,308,812,487,556,560.0,521.5,504,69
kc6XSYjhnYupYPMV4bo9UTazjuQ59EMe.jpg,417,784,498,565,600.5,531.5,367,67
KcjW3wwO9sZpnd97QKJHhl2Xyiz_TE.jpg,469,818,489,552,643.5,520.5,349,63
KCViWNetMElmlZT3Rfl4k5MW9xJ4p76.jpg,429,916,478,550,672.5,514.0,487,72
Kd5dfn7vBFuiXsFwLMmmrUG1PYhGaCD.jpg,383,905,456,554,644.0,505.0,522,98
Kd7GDY2HtvjUTRBgRDDEKGGN23ey3a.jpg,409,764,493,555,586.5,524.0,355,62
kDEWlaEOLarKpZ9mlWYPHgkxCwzyrJS.jpg,384,814,424,492,599.0,458.0,430,68
KDsFhbpgg_eSHFtvp7_SG_4YW9ZWVnh.jpg,404,755,464,528,579.5,496.0,351,64
kDsmwXLKqLw2dVEMqWqqWSrWZJi9wT.jpg,262,807,473,549,534.5,511.0,545,76
KdtgUOzqCoSxQlgN46vL_ui71mgPjou.jpg,406,934,488,567,670.0,527.5,528,79
kE15ayWiXa_LrQ3tBbYk6oJMTxTTCe.jpg,441,933,487,561,687.0,524.0,492,74
KeF1Q2urS5pV22SN8i73iwuc9TxTS3Y.jpg,380,962,484,567,671.0,525.5,582,83
KefdfeugquSnNOF6yBCkOdXGrZjM4W.jpg,543,927,419,487,735.0,453.0,384,68
KeLOGw9m7Pj7uhnRcZWBMYT3aI.jpg,348,870,456,530,609.0,493.0,522,74
KEn7LBRz6ViN66qvEubaXcMHPLUcTCk.jpg,374,960,517,606,667.0,561.5,586,89
KEOEZfi_1b_KnP76CcUTHTHErX13pLF.jpg,363,926,465,549,644.5,507.0,563,84
kESodKOc28r6SOQ2QjX11ixgJo2I.jpg,462,822,468,531,642.0,499.5,360,63
kesYxiYymyWLzErb8N6uk75b2bao6zU.jpg,424,865,432,500,644.5,466.0,441,68
kEVGFZkRjfJjM57IfqgJuYnlf3IKcwn.jpg,303,889,518,606,596.0,562.0,586,88
KfBZEHRQdgR_ZVNe9LSdfqgERSOvsh2e.jpg,452,916,437,508,684.0,472.5,464,71
kfpSt5_u9yiqocjfaSa3CSB8ybhKmP.jpg,472,911,465,537,691.5,501.0,439,72
KfSB72ETRFyDcOLmGKH2XwC_RIrcs5j.jpg,388,826,434,500,607.0,467.0,438,66
Kf_lEs3zfjHJoJ_WgPxce8ZbvC4alJ.jpg,377,911,461,542,644.0,501.5,534,81
KgGdO9O1SQy5MT1OQNzrhZ6_MnxqqUp.jpg,403,804,418,483,603.5,450.5,401,65
kGheoFzu2kukpK_mqXjftoMeGGksbR.jpg,403,819,425,488,611.0,456.5,416,63
KGLmGWqhgrUpGOsmqrMKcRp4OYCpDw_.jpg,384,919,459,538,651.5,498.5,535,79
kgNXsbBRQKGMrVypWqX8stsF5BVaUf.jpg,462,783,431,494,622.5,462.5,321,63
kGoJvfkhn6q8pOmkFGTl8o3326FH.jpg,172,892,519,652,532.0,585.5,720,133
kgW6wLGcZ3zhaa9FH2S8hjOz3B6Hem7X.jpg,371,869,452,523,620.0,487.5,498,71
KH6h8xwWD54MCJt4QRLUi8wqrV8hbfDW.jpg,458,727,419,474,592.5,446.5,269,55
kHbnw1z_4Tw3kgyLhNhBfjI3gQdsp.jpg,285,835,478,556,560.0,517.0,550,78
KHdBsPXawfbigsKxOQ48QlSWykU_UDrz.jpg,425,929,479,558,677.0,518.5,504,79
KhEC2lKDMEFoShtFF6FMf8nn37_ISF.jpg,415,773,459,525,594.0,492.0,358,66
kHIEqellXlw1iuBj1HccXuHMsCcRWe2.jpg,479,856,499,565,667.5,532.0,377,66
KhJOgPp93Q7mTBGU5F9L_szvnNlUj7.jpg,384,917,453,548,650.5,500.5,533,95
khKfGb_gm2oQwvUHQZ61KVpXjjud6de.jpg,510,1110,499,598,810.0,548.5,600,99
KhTFbjxdh3kkfPjV8KYxHCeMpENYh.jpg,424,727,458,516,575.5,487.0,303,58
KhUQMR1M9fcjG5CzUo4fYKT92a7Ihu5.jpg,408,685,426,477,546.5,451.5,277,51
khznBcklaXkqCx5ncgihZEETyt_tfbQ.jpg,493,798,458,517,645.5,487.5,305,59
Ki19ZQhBTSkBlDE7zEzIdQ_qItCQ8s.jpg,450,804,486,550,627.0,518.0,354,64
ki3_JkTZGbkdzpUtfMpI6vjGzeFkqY.jpg,370,906,464,542,638.0,503.0,536,78
ki6mshQxBNcnvuGxltxHNJiJDpcUE58.jpg,376,875,449,536,625.5,492.5,499,87
kI8jjzeR85BuOI2VVzyWgitWINjbGrYk.jpg,360,853,451,523,606.5,487.0,493,72
kicl7mjhD4oJpNiTJCsHFkp7_tR9.jpg,398,1007,535,630,702.5,582.5,609,95
kiH95HIGuvdZsiiw_yKj_UWkgC33.jpg,392,824,431,496,608.0,463.5,432,65
kIJekKL9kebSSkKPhRQjzsB17CZhQ8.jpg,361,830,439,512,595.5,475.5,469,73
KiklV7qRBEWU9JSZ2FDkwsrcK4Ny2Lg.jpg,385,863,449,520,624.0,484.5,478,71
kiNgKyeh_CZX3yeWeuOp7DdYverWJ.jpg,407,879,474,548,643.0,511.0,472,74
kipOOvxy3fITXxMruF_ExnygLTaHxj.jpg,319,856,503,579,587.5,541.0,537,76
KiQUqXOg3oPYu7iSRZF3pyJ5NDSSVhx.jpg,477,782,457,516,629.5,486.5,305,59
KiWVE_QBNgJ2B_Vg4zgeNkH8UuvW7gF.jpg,359,886,461,540,622.5,500.5,527,79
kJ5cOsQb2qTWp4CpKHf4F9UXeHCvzJd.jpg,251,700,463,531,475.5,497.0,449,68
kjf5XtUpZzaV1enOQcfwwgbxsJj58o.jpg,416,790,467,533,603.0,500.0,374,66
kjg17VOHh2DvjvagBSlNPEBzttGQCD.jpg,463,822,499,563,642.5,531.0,359,64
kJGGvRMSXSGvvoLpSt6gtd46P4bp.jpg,480,806,473,534,643.0,503.5,326,61
KJJJqRfuWVG8le_RQ4hWeFn8m6Fc5fgd.jpg,424,896,469,542,660.0,505.5,472,73
KjLu3igXM_iMjaTDnTJwBOEymVV8MS.jpg,330,1040,456,592,685.0,524.0,710,136
kjr9eKdmOvqyn3hOVWRHjVIqGETD2Ss.jpg,349,1039,558,664,694.0,611.0,690,106
KjtSCRNtQ4Uoq5Ppq7vO8sKg3PfXR.jpg,447,883,461,527,665.0,494.0,436,66
kjXqoVqQ6qhE4Fne_yuIJmdYx78fi.jpg,471,866,418,482,668.5,450.0,395,64
KJyP2Qizuy5PdueLO_l6wY3XFQrXq6lX.jpg,48,870,567,681,459.0,624.0,822,114
kK5jDoTsp_HBJ5qUiRURK8dM1pHb8N.jpg,503,814,434,496,658.5,465.0,311,62
kk6fMGGVQueyQ5z6oXFRoBzLO9kbIX.jpg,334,962,541,631,648.0,586.0,628,90
KkGZuS3wr3GXEXMZa5yaPqs36C81uZ.jpg,457,910,455,528,683.5,491.5,453,73
kkm3kRn4UZyygckEdwDQ1YheuBvfm.jpg,376,842,434,525,609.0,479.5,466,91
KkmkSh68bZYG1ETSOi8qjzNFQCh63G.jpg,394,941,446,529,667.5,487.5,547,83
kkrizpaT7TGtd_mYq6M9TPR8gg7pwcBc.jpg,452,833,507,578,642.5,542.5,381,71
kKtEJhhVnZuEa1obVYewSX58f8IKPvPB.jpg,454,756,431,488,605.0,459.5,302,57
kktfK3c51o7bG527kUJBj1Ien3e7Pm.jpg,366,717,451,516,541.5,483.5,351,65
kkUKJO4wFXN3wQLINXk3OxJ22iVCe.jpg,507,968,468,542,737.5,505.0,461,74
kkW8LpSDHWSltwVXBOfi77mjMMLSY_uI.jpg,445,961,453,533,703.0,493.0,516,80
kKwLedLOs3FWizFViFWdQiahVVddxF.jpg,256,797,470,546,526.5,508.0,541,76
kl3PnDPFyc1r59a6G2WWBFsQJmgLl.jpg,404,914,483,563,659.0,523.0,510,80
KL6V9oecu3Mb5Zczs_zOjtrQ9pGwTt.jpg,389,812,421,483,600.5,452.0,423,62
kLeWhQz8u9pfC2WOCnbt3_TXzhJXuh1.jpg,291,768,442,516,529.5,479.0,477,74
klQqnc_9iurGiRsKtjQeXjEanO5Rse1q.jpg,530,840,462,521,685.0,491.5,310,59
klRpl6tKsQd8cJ5YzDm8P6uhZlfsu.jpg,452,856,420,486,654.0,453.0,404,66
KlzoG2FKe8pldafYkreYwJ1_D5XRwSBb.jpg,393,949,464,544,671.0,504.0,556,80
km262gNiHhEjxSdWEyNDwrUtzq8NZd7Z.jpg,295,863,557,643,579.0,600.0,568,86
KMBmL6RSF47eczIdxwpz6Kt7s6LEL.jpg,405,850,427,516,627.5,471.5,445,89
KMciBTffRmOgVW3Z5m5ux7QaQQhLPGHT.jpg,368,906,485,567,637.0,526.0,538,82
kMkbDdmd1S5OQX4GrOvRuz6ch1FYk9_.jpg,428,867,461,530,647.5,495.5,439,69
kmLRfUf891NQTBJZpNdFpdbZRZfVB1g7.jpg,336,914,476,564,625.0,520.0,578,88
kMq2LcmBwGW7P7ELnxWNZHLOOTOFQSv6.jpg,304,755,423,489,529.5,456.0,451,66
KMsjcx_Xc_lJnZFJCo8Y9Y8i4kjpIRO.jpg,404,781,510,579,592.5,544.5,377,69
kMsphKWWJ7sRNHoM6c1grf8VpYVIBJ.jpg,35,874,553,666,454.5,609.5,839,113
kMtFR1M1bV2kJ4x9uhLcMZpaUN4P2.jpg,405,829,423,486,617.0,454.5,424,63
kMVBiRTT5EpnSuV6F485ZJurEp9M.jpg,447,803,493,559,625.0,526.0,356,66
KMvmlnDET4MxeWh4KsK9CxzVXPfvb.jpg,436,843,418,487,639.5,452.5,407,69
kMvqQ43OMV3XTc459cKrmCyntgwjg.jpg,388,889,484,555,638.5,519.5,501,71
knDy8pZzVLOc3eL8ostxOwYhJdIoM9em.jpg,412,883,469,544,647.5,506.5,471,75
knhe7kZWGsiB7UwmyG4mxllfmvp9vuX.jpg,397,708,443,506,552.5,474.5,311,63
kNk1iwNt5xva7bOjBe3VWlVH85ZNF6.jpg,484,787,460,516,635.5,488.0,303,56
KNPr1_d5tjK7HbVm89dHzubtaTgVm.jpg,357,833,444,514,595.0,479.0,476,70
Knrd3SztOC2E_EbhNQ4cZNOaN4somazz.jpg,277,758,444,521,517.5,482.5,481,77
knSU5Jeox7Yj7UF41b72cUviuDhyGG.jpg,320,660,453,515,490.0,484.0,340,62
kNWYK3we8nIlHZwm6pN7nbitwyUg8T1.jpg,363,824,469,540,593.5,504.5,461,71
kNXu6hkGG6ktjrkpFRjbFzQsKqNYL.jpg,337,730,434,495,533.5,464.5,393,61
KnXwE3coC648OmNtX3qxrmgW4LmX89bN.jpg,439,938,491,566,688.5,528.5,499,75
KNYPqR5_WCxF1Pz7ihktjwNt91FO.jpg,449,754,468,524,601.5,496.0,305,56
KO52Hca4t3OHLsMi3Qd9O1Te7OlknrW.jpg,463,901,429,499,682.0,464.0,438,70
koby8hZymkFWybvs9Vqo_dCgf5idk8MO.jpg,381,904,498,576,642.5,537.0,523,78
kOCZfPEKvBFtVJ5Js7aJ4IE3nHwowgck.jpg,290,776,469,542,533.0,505.5,486,73
KofxUPnpmTVWY_cOCiXltHczBIltN5.jpg,425,923,490,563,674.0,526.5,498,73
kohI8EslXdUKe3gTIySWy24fixLjXUE.jpg,282,840,461,542,561.0,501.5,558,81
koMRfG7brvzRb9XpwdB3TxOP78dU9K9.jpg,468,961,475,552,714.5,513.5,493,77
KONzeQ46UolgLH7qgpxy7nm5_3D13r.jpg,393,819,426,494,606.0,460.0,426,68
KOqa44MBGmTEtNh7dGr_Qu_kQpqB1l7.jpg,405,942,451,533,673.5,492.0,537,82
KOqlXJSW8TjSomOPwFUXKgmle5PvTRH.jpg,484,784,438,495,634.0,466.5,300,57
KorFCBb7KIKrM8F5jDnDR9ozrC8Tf.jpg,503,803,448,508,653.0,478.0,300,60
KowSRGoNvm15K3Ir3uNg9tfRd5_p9gm.jpg,368,829,439,510,598.5,474.5,461,71
KoZI5IQtdMHWblcE1Nhz17TcmTjw.jpg,382,918,462,544,650.0,503.0,536,82
kp1Iqu62SEiYwm4Fiw9fgxP54XSOZUQ.jpg,449,921,425,495,685.0,460.0,472,70
KP2rtOHM9vdhn7nEqRTa2hxaV6j7cV8.jpg,427,724,434,493,575.5,463.5,297,59
Kp9ZFhBnmMyUxu8VjTMGoyzXRmwEClP.jpg,367,846,466,551,606.5,508.5,479,85
KpcFLlNy71g97qTNHurMl17vUIjXs6.jpg,452,934,445,519,693.0,482.0,482,74
kPhqlYKrwfKKoDdh4XxSBkasu_LgxWr.jpg,351,845,442,516,598.0,479.0,494,74
kpKqNegnwIYx26aLWShRW1Dy_OMsVK.jpg,301,801,452,525,551.0,488.5,500,73
KpltUVgE42eT5kEzsSVlbuMiWIXXQdb.jpg,448,878,420,494,663.0,457.0,430,74
KpLTYZecwkW1exBvx7ubMQ2yZOV6dp.jpg,422,900,463,534,661.0,498.5,478,71
KpPvbcteaqFVpQs6vOPWRNfDzRK8oD.jpg,367,823,433,502,595.0,467.5,456,69
Kprq5V1iOCn85_uXzGaFbOM2imQsFaw5.jpg,406,682,441,495,544.0,468.0,276,54
kptMWSyjLIyncIELb4HWYdSJIioynN.jpg,406,945,467,546,675.5,506.5,539,79
KpvjwvXGXFl8HcCP6Z26NFJyDGdqJ.jpg,279,763,445,519,521.0,482.0,484,74
kPYiag4oCzls1v351rfTBWRBSQqaVvT_.jpg,452,793,458,523,622.5,490.5,341,65
kPzwR6sYphjtdfZSD6Y5jUJqR77OhCx.jpg,455,864,419,482,659.5,450.5,409,63
kp_MlL44wjDdtFdTQg95V_XfF97yWJk.jpg,384,943,451,540,663.5,495.5,559,89
KQ6ZQmZRKuPa2J2kone6_yIT52wlY4.jpg,442,924,450,522,683.0,486.0,482,72
KqEvnLkOZ3XNfTv1ZFeMa4J26hVm_COR.jpg,476,891,424,495,683.5,459.5,415,71
KqjenqQ8h2NFjKbuhI1RMNLK9eigW4.jpg,385,940,512,594,662.5,553.0,555,82
KQoISSsjEIUrDG35_5ZM6xQjH81Mogg.jpg,395,925,497,578,660.0,537.5,530,81
kQpRXRihMb9d5pPVtoo7ZJsRLcyRkTp.jpg,361,940,511,601,650.5,556.0,579,90
KQQMQML_gpcadeGd_IVj78HaB51Qp9r.jpg,454,753,439,497,603.5,468.0,299,58
KqvXWgfV2OFXlIBhfTrqgjfwEElYs_.jpg,436,761,454,511,598.5,482.5,325,57
kqWqlPVO2I7c43kiMhhNv4eTGzI6KS.jpg,285,1061,529,642,673.0,585.5,776,113
kq_GjcbC2GX_XqjSt6uJoc4LqpraZUkC.jpg,378,1017,492,588,697.5,540.0,639,96
KQ_ZOdHPfUcQIB_EgxqGdGe4QG3Vm8.jpg,239,803,467,551,521.0,509.0,564,84
KR1M4PJKolxObhUdJplm7uXhzB4Iv.jpg,455,885,433,497,670.0,465.0,430,64
kr2dwbbr7IXDIug3mqZPDVSLbkwOay.jpg,423,924,451,525,673.5,488.0,501,74
kR3rz9i66EcRgFfyz_tNGSRysqiZIT.jpg,350,787,432,500,568.5,466.0,437,68
KRCX5Pc2dxhhUNxPH1y8ysxopinmimS.jpg,491,895,413,478,693.0,445.5,404,65
KrJqcuTFUfNRbNybmv8OUMruNuaDzd.jpg,383,817,425,513,600.0,469.0,434,88
KrTXgMQCPML7p_m2Ie9uh67dV_33bp7.jpg,328,746,423,492,537.0,457.5,418,69
kRxHlD2rC5lSk6RgQmkPdpoFUmKZry2.jpg,435,928,453,525,681.5,489.0,493,72
kRyqpH1rrfwKogPO7NwfFStEpLRb1Ch.jpg,350,855,456,530,602.5,493.0,505,74
kS3oV_mWvg8oKteswGJbwC_2oNrxI.jpg,220,854,527,618,537.0,572.5,634,91
kS9PQQlExodnz2hoVLvlhbVx1YgemwUF.jpg,466,985,452,533,725.5,492.5,519,81
kSBE9IwST9yul5aWsxD85zPGfNmtCsC8.jpg,253,720,457,528,486.5,492.5,467,71
KscDuwjbwdpnnqnJiNbRe3ORu7SWSwZg.jpg,420,916,449,523,668.0,486.0,496,74
kSd8KLgZ9SYHUt2VVMvlrsy5eLTqJK.jpg,243,849,490,572,546.0,531.0,606,82
KSHcOODDI6HgD9WWP1gzNMIq6EERlsk.jpg,460,799,453,517,629.5,485.0,339,64
kSjLwW7knymkKtYJcYWz1mtYnoB3VHYE.jpg,462,794,482,545,628.0,513.5,332,63
ksptDRa1NWiEfqHz6BnQ2aiSecsB1.jpg,314,888,466,552,601.0,509.0,574,86
KSQyXChcogrPDHewbEfKFuuhOFw9o.jpg,234,993,534,663,613.5,598.5,759,129
ksuTgL_bkZ_XnpinX1adstBgeMhz5v.jpg,320,882,508,588,601.0,548.0,562,80
KThLRnw_qmG2tQh9xadKw3RqHylKm9x.jpg,431,829,416,480,630.0,448.0,398,64
ktNvY7qYWhB4ZDIUbP4h1WtPxnSsars.jpg,378,928,503,584,653.0,543.5,550,81
KtPexCi1vqf8qjhUsLQMzdXRSDCfe_BJ.jpg,197,808,476,565,502.5,520.5,611,89
KtPsxtWXgMICXB17oO4L6b1kUXdaPPH.jpg,400,862,469,538,631.0,503.5,462,69
ktTDPkP5bz1hxtOywX4H9PYCZ_upyq.jpg,390,910,494,571,650.0,532.5,520,77
kTtkNtSJeNKoRiCdcnMZ9WjpCsIiH.jpg,382,736,495,557,559.0,526.0,354,62
kTzax1vkFOCvDJIUYy_KUtdm8GouSpd.jpg,309,830,459,546,569.5,502.5,521,87
kTZEORnqN4WE6VJxrqqwi6zJd359L4k.jpg,368,791,446,512,579.5,479.0,423,66
kU1p6DJx8aMN6p8GQT1t9RBGN6nBOwK.jpg,408,876,472,542,642.0,507.0,468,70
kuCzl_E3irscSGihTGQ6GCzCUVNs8.jpg,326,779,423,521,552.5,472.0,453,98
KuebJJzNinCFHSEXmrz1OXKgpSC9.jpg,438,835,443,503,636.5,473.0,397,60
KufDrfc6NUpg98VRq2HRMFOMcmhgQrQ.jpg,367,777,418,484,572.0,451.0,410,66
kUHsommgG7ZNdTsbT36OgrcHgGk92NCS.jpg,469,951,478,549,710.0,513.5,482,71
KuQ5irW_Hy7CqBUjvLgm5CRiECBNEEp.jpg,494,790,437,493,642.0,465.0,296,56
KUwFWUWXj_ae9_HLaQejWUFWvm5a8.jpg,430,910,475,547,670.0,511.0,480,72
kuXorYgnNJst2M1MOcnbHnuTdhLWlE.jpg,297,832,459,537,564.5,498.0,535,78
kUzhDsvsddMlEGBnZEdzGcUYNIM51T5.jpg,463,757,431,490,610.0,460.5,294,59
kU_MivwmTgeoIaomCdEzhsNQFN8XcNT.jpg,441,745,460,518,593.0,489.0,304,58
kv6hJkEPXQ9aO2Iq2GpJOXhExqc465PE.jpg,317,876,469,551,596.5,510.0,559,82
KvBNOQewQPCUwG3I1CpESd7TzYl7SN.jpg,372,924,465,549,648.0,507.0,552,84
kVCBRl8eRLVbOXbPTc_q7EcHEHnS.jpg,346,657,436,495,501.5,465.5,311,59
kVdx72TeIKHD6yedzBRVfGQDH3Nbqo54.jpg,392,861,438,510,626.5,474.0,469,72
kVE8EGJLm2iav2NC5uWnU2toi6baVL.jpg,423,850,421,490,636.5,455.5,427,69
KVi338TNVr7lZO76fEkO7fYeDO5Ta9.jpg,395,894,452,528,644.5,490.0,499,76
KVOJdyEYbI1akmaSfty4vfHqD1uLrU.jpg,380,822,434,501,601.0,467.5,442,67
KvroFB2wUncV1zlLTjN8CLSgfMRYgOR.jpg,368,793,448,515,580.5,481.5,425,67
kvSOxWmvzKXX1_PX2456UkOXEhwCsn.jpg,458,878,457,521,668.0,489.0,420,64
KVWtxEDuoNvZmwGIbNrhHiTfmwvRDC4.jpg,361,765,438,501,563.0,469.5,404,63
KVxw7GenTbQE1jmc73x72vRvhHgDCWT6.jpg,375,682,435,492,528.5,463.5,307,57
Kw5yrPMYUO5l9U1q6jwhakngHBJ1Bo.jpg,423,951,499,579,687.0,539.0,528,80
KW7pzeHr8uYsI2mUGpTHJnqPE4EzPf.jpg,305,1057,539,657,681.0,598.0,752,118
kw859xdfsmIGV7zdE13mXcp7vm4UDO.jpg,314,869,463,546,591.5,504.5,555,83
kwDMBDo1ispNuyI12PjRPU6QENorGt.jpg,306,909,533,617,607.5,575.0,603,84
KwelGmoeHpvskQnqjfvlGQv5lK8RcgYP.jpg,476,885,420,482,680.5,451.0,409,62
KWfnH39djtNwRieuHcImRnzyTyuhMt62.jpg,327,686,439,501,506.5,470.0,359,62
kWgVSDTROrzTzWofeXfanEF2HcvtPK.jpg,358,845,474,543,601.5,508.5,487,69
kwkg6cn6HphQXisMF4LaxcZoEy6Ifc.jpg,344,677,457,517,510.5,487.0,333,60
kWlIv7lH8_gBQ8hYh_uQ2BHB6cvusKT6.jpg,415,809,512,586,612.0,549.0,394,74
kWNdgs4HyW9ne4TQtzX3PhJo6WBjCNN.jpg,302,827,507,582,564.5,544.5,525,75
kWNqtO5fdOoB8Xw4fi3QtW6qExPzzer.jpg,478,842,472,536,660.0,504.0,364,64
Kwp1nsRhjvKJgvSgSLHs6wMxIDdutNY.jpg,365,877,456,532,621.0,494.0,512,76
kWTNq6iDmefPmHjxj5Y6eVKktO1NSzJ.jpg,391,888,448,524,639.5,486.0,497,76
kWYh6EOxPrC2QIuJ14ucvWUTy9oo.jpg,465,860,416,479,662.5,447.5,395,63
KWZLjy7lI37h4lEBwam8WUhavrivU.jpg,361,834,441,527,597.5,484.0,473,86
KX1bGMxNDeQCHtD1KoF_xJ7Vkyhktu.jpg,451,790,444,509,620.5,476.5,339,65
kx21uh88gFjUPgXm3apJEevBczWfjPcp.jpg,327,801,449,514,564.0,481.5,474,65
kX5yNr7PNYKnyvZm6zMS7Wly7xJNLbP.jpg,496,851,487,552,673.5,519.5,355,65
kX6sfU4DFRLOBccWi1rbniMmGDUg6S.jpg,412,995,474,564,703.5,519.0,583,90
kX9levGgJP57nvqir11nbeJwsbTXGT.jpg,473,791,468,527,632.0,497.5,318,59
kXabjepsHCnlCx9eGaLMSIZYvOJ71S1i.jpg,410,943,498,577,676.5,537.5,533,79
KXBaLv3GZnEYpmPwEyG8EFPCDwPjxbvB.jpg,430,779,479,542,604.5,510.5,349,63
Kxfi46NEtl6kr8SkT3vsL8KUskrQZUZ.jpg,300,899,487,580,599.5,533.5,599,93
kxh8TBJ6zYQD4VSbzgEoRZTQhRGVwOVL.jpg,610,909,454,514,759.5,484.0,299,60
KxnevHK_xq8qXMz1D_sEghpG81R5o.jpg,430,806,498,566,618.0,532.0,376,68
kXpJtFVbBCJieiRIxULY9OLHCGKIfg.jpg,393,801,423,485,597.0,454.0,408,62
kxqMf3ukqiJccaDL84eZDT9xScmUO2kV.jpg,239,772,450,548,505.5,499.0,533,98
kXT71U9lRxDcJsvWbzP1kGQZ9D5QV.jpg,406,898,431,505,652.0,468.0,492,74
KxV7RgDYEqyIzuN6dqlSfeNiMxv3cTH.jpg,359,677,440,497,518.0,468.5,318,57
KXWbUgyMj8LxToZS4QXZGTQxFXgZyQ.jpg,461,769,462,519,615.0,490.5,308,57
ky2PeVlfaYFbYMRNmnbtKLLedF_31.jpg,307,754,459,529,530.5,494.0,447,70
kYCTHzZPrPNDYBVIak4IBJ8dlzcI49G.jpg,392,686,440,494,539.0,467.0,294,54
kyHaNzr52mjtQOyewpgdNLqndsYuO.jpg,397,726,474,535,561.5,504.5,329,61
KYiyTO9cqwS__bi5Bhvsn9ex2TynhD.jpg,320,755,427,494,537.5,460.5,435,67
kYlBt5JOg8bQs75Mo257rslllNOUGtRt.jpg,290,829,456,540,559.5,498.0,539,84
KYnocgnwspC75Q_VuxpUcr4gMfHvBCSs.jpg,420,871,430,499,645.5,464.5,451,69
kYQt4ljGmlVfR2pCdBUV25YZxb8h.jpg,346,741,418,483,543.5,450.5,395,65
kYS1fOseO5tEusp_PCORMmdjvqz7.jpg,453,750,452,508,601.5,480.0,297,56
kytp1BuneYXoV_zeowx5opoxjCDt9.jpg,428,932,489,561,680.0,525.0,504,72
KYVk9kjCs5dBVVf6gXrl_LbLIh9H.jpg,375,719,453,517,547.0,485.0,344,64
KyyHqbqGM7l4mejerNEQDm7E4SRJ71hH.jpg,388,898,456,531,643.0,493.5,510,75
Kz7_NP2_8KOXQsE1hsemlCFEKroXeQeD.jpg,314,677,506,570,495.5,538.0,363,64
kzhsQ483yQ1Om5yroQNpDQbm7kl8utb.jpg,253,782,453,533,517.5,493.0,529,80
kzJKSxce8OsVmxPg6C4JnaneLD2fwPj.jpg,482,809,474,535,645.5,504.5,327,61
kzkJFDbacITqoat7LgnrrKs8hUEEnHl.jpg,525,849,467,529,687.0,498.0,324,62
KZpigTsgLYcrWRRONM1stGGJIgXvb1VG.jpg,454,743,439,494,598.5,466.5,289,55
kZQKW7vvaLpJ4m1JLXtPExcBlD5TGny.jpg,393,760,496,562,576.5,529.0,367,66
KzQLjSqsmihJv3KJXykkbVES65Ljw.jpg,287,840,464,549,563.5,506.5,553,85
kztqfQFIg25Cx12iV2HgoVLVyuef13th.jpg,355,653,431,489,504.0,460.0,298,58
kZtSKd7dTBbOulbSGGwfRQnqsheiNXC5.jpg,351,722,505,570,536.5,537.5,371,65
KzuGTZHJQIRLLkKIOsjkNDxvW1sMxK.jpg,377,790,451,512,583.5,481.5,413,61
kzveOSmYDymuz2pM7Pup6r8bLYqELYX.jpg,314,838,443,522,576.0,482.5,524,79
kZVniSCkkPtlBxpKk1LShmn_NjNVHum.jpg,491,924,428,494,707.5,461.0,433,66
kZwH256_GrwU9VTfTeYp3H6f5NEQhEM.jpg,296,999,475,580,647.5,527.5,703,105
KZx9Kj_njLgMmEReTmhsbVryPug8cy.jpg,340,682,434,499,511.0,466.5,342,65
k_dC141bUbZl_Tb16BgJBp8Enxz9z49.jpg,324,860,489,568,592.0,528.5,536,79
K_GzgyO84LEpiTeXqFYRGXwLzcm8Nc.jpg,372,735,450,512,553.5,481.0,363,62
k_ZEY_GBkGIREIWCkWxJZt6thmbvP37.jpg,424,837,422,487,630.5,454.5,413,65
l16a8LWSNIalRxIpIj8vEnFgE2_4tzg.jpg,290,871,519,604,580.5,561.5,581,85
L1ulZ6rddktT14rWmMFqzsyQeGH7zw.jpg,346,880,496,569,613.0,532.5,534,73
L1YoNlrHWET39JC9VRJogOMT9carmc.jpg,449,949,453,527,699.0,490.0,500,74
L24sTmG8IsC1pGR8kefYQIidhhuldw.jpg,365,859,453,521,612.0,487.0,494,68
l2BTPI7e7fnFEoWrHZ7rcZp6bVED_l_.jpg,528,996,443,528,762.0,485.5,468,85
l2cxIg7tH3wJtll5PFaLzu67436nW9p.jpg,390,768,477,543,579.0,510.0,378,66
L2m_Uyd7M5kcSnOX62CaGcFFkydU.jpg,343,677,466,526,510.0,496.0,334,60
l2yPNqbU1yx9HXcTQZxiEiDbUNGtySK.jpg,412,943,504,580,677.5,542.0,531,76
l2YtBeRpY6BiCC5LsiJXmBgWB4aG4.jpg,469,786,449,507,627.5,478.0,317,58
l3CbSYJqUUxBJxUyftg4wFWOcXBNzE.jpg,320,793,437,510,556.5,473.5,473,73
L3sSOIh1ulq3Gj3kRoZyfakxRTz2H.jpg,433,914,474,547,673.5,510.5,481,73
L3uExqYKpCV4y21W9Zb_GHcbdsn11b.jpg,438,896,437,506,667.0,471.5,458,69
l3WULMxKp8y9bw2Uvjy34BhC83kNZb9D.jpg,367,891,460,540,629.0,500.0,524,80
l3_lMGDBfORksjckbi6h54iPvYU6xQvN.jpg,371,917,471,567,644.0,519.0,546,96
L4BKb4M4lNngQEXaLPdLsZju9cjVV37M.jpg,397,735,450,513,566.0,481.5,338,63
L4Dl5Ksp3sYac4MsJETS71zps2o7W.jpg,386,892,441,516,639.0,478.5,506,75
l4kE5OwqRY9hu6eXJPRdLMInGJP6gX.jpg,374,890,463,537,632.0,500.0,516,74
L4zgUKJxozZ_1FltiJZ7FcuyeyNK7aV2.jpg,317,661,455,519,489.0,487.0,344,64
L5bJiZ1TEzoVBgZYkz91rIMzj3X4T.jpg,457,913,431,502,685.0,466.5,456,71
L5IfVMylfNQywPSfusbRl3QYW8D719o.jpg,409,950,453,538,679.5,495.5,541,85
L5lLjVOOTLCpSOqv7smixPV_O74k.jpg,452,879,427,494,665.5,460.5,427,67
l6CUpTPFT_LxFNd443oNoYGpGDh9RV.jpg,440,890,432,499,665.0,465.5,450,67
l6pSfQX_6CnLUxsq_sdTztVbkCnPdG.jpg,315,669,463,528,492.0,495.5,354,65
L7DxZi75yFSge2rDKNKR2o8RVEl9tb.jpg,206,1010,525,648,608.0,586.5,804,123
l7qxQIYeiP6u1ZXHDSi4mZJnXQFwj.jpg,505,788,428,484,646.5,456.0,283,56
L7t2D4rK6iaTyhEIDCx1mvZfqqH8wi.jpg,463,904,462,531,683.5,496.5,441,69
l7_UwspJSlCvoVaIUkfSMFU_hbzFHv.jpg,436,877,434,505,656.5,469.5,441,71
l83OFxC_eRD8uPnGCuxvqPPNsY8YxXUO.jpg,492,925,454,520,708.5,487.0,433,66
L8ayhEV6tS6vyYD5ddrNSNkPCRt4qwMY.jpg,434,721,432,486,577.5,459.0,287,54
l8btiQDN2MJLCdcT1oeKFVbF2Sxmfdzi.jpg,283,817,465,543,550.0,504.0,534,78
l8He5Tp2fMi83xlZp6H8za89Yplhg__.jpg,387,907,481,557,647.0,519.0,520,76
l8hzGedPunYwW5otT5GwqXId7TBH4m.jpg,311,771,461,531,541.0,496.0,460,70
l8nvOS4iQlm5rjRSOeBrO3XnKpzqy.jpg,329,910,477,575,619.5,526.0,581,98
l9D8F_d84xwOuwGnJkyhfxB1H3qqp.jpg,405,840,431,496,622.5,463.5,435,65
L9gKSmndycR6TRycyHlrPqW9Qy8LiQt.jpg,392,716,452,511,554.0,481.5,324,59
L9JtMDLi99s4c3aTjFvMretpoFL_gV.jpg,304,761,435,505,532.5,470.0,457,70
l9nCSdGDX2oQDCq8oPmoqz2qHHrXBnu.jpg,245,716,463,537,480.5,500.0,471,74
la6QwUnsq5ghdm6qBxubWyLiFD2MsxKM.jpg,346,886,462,540,616.0,501.0,540,78
laxe8G2891rsltck5SYwZmqUX27tlee.jpg,470,812,480,543,641.0,511.5,342,63
La_thifLaSdBgFNsat5PBgWTiWrP8.jpg,442,894,425,499,668.0,462.0,452,74
Lb2DmZ6OJlrXqE8OsGnXS57jUXbX4Ytt.jpg,399,733,460,521,566.0,490.5,334,61
lB5urt3l4NbdGVjn3wW3MOLJqp8QQBKN.jpg,374,901,456,538,637.5,497.0,527,82
LbE7aywmphuO8DnY7YcBb2Kd_c1yMvs_.jpg,429,815,484,554,622.0,519.0,386,70
lbFvfPod9x4uy817cLWf69BHyZceLj4z.jpg,533,841,422,483,687.0,452.5,308,61
lBGKBp9TP9wHbBS6CaEIsSM9KmZ4h2.jpg,450,759,440,496,604.5,468.0,309,56
LbLN1ToBGFh6BO9fSsYMSOk3pwwTjXr.jpg,436,936,482,556,686.0,519.0,500,74
LbMSx1sYbCsw5rxa9CEuxVHZluTHPKop.jpg,443,752,440,498,597.5,469.0,309,58
LbMZd4s4_k7vJFRLVqtFFgCgh2xKpvp4.jpg,353,852,449,528,602.5,488.5,499,79
LBS6Ukg8llao7lCcgEQoYqzEfOJIDby.jpg,404,867,437,511,635.5,474.0,463,74
LBT_LI1Lv5644RIpRTYau9WYKivI83N.jpg,375,883,490,566,629.0,528.0,508,76
LBWmWh5seFZQJXCIEzJTD7lDmslS8F5y.jpg,262,785,462,536,523.5,499.0,523,74
LBzce1cMlQtzXmwrp_dymvmWVfhPNe.jpg,474,779,445,502,626.5,473.5,305,57
Lch6dftoReSB3DcC5qdRiwEzNPJYcEa.jpg,317,882,479,556,599.5,517.5,565,77
lCpaGHnlZ7Wv4nYIemBcGM5UtRh4x.jpg,378,701,450,511,539.5,480.5,323,61
LcT2D7vsdR6pnebNhyG8QMaQs7aXi_Oy.jpg,392,879,453,519,635.5,486.0,487,66
lCuGgTzzQheLh8M9IfKCJ5LHBvnCRHo.jpg,190,672,546,637,431.0,591.5,482,91
lcvN8mBTjiiqnXBbwcYwzDqy4c63yYT9.jpg,382,907,497,575,644.5,536.0,525,78
lcx2euuTMGfbLX_Ior_YRyWvXu8h.jpg,358,905,506,586,631.5,546.0,547,80
LCznab_X4EsmUcMvzFjtyiBE6a2CaE.jpg,439,810,504,573,624.5,538.5,371,69
lD99hRcuuU4HM_f7mRw8iBmjEUUICp3Y.jpg,381,994,529,617,687.5,573.0,613,88
LddG4m3n5P2DrXxmq1NyEY9NeMl27cwL.jpg,423,800,506,574,611.5,540.0,377,68
lDF4tqROhhoPg8gR4xCLbCrpj6CVpd.jpg,434,769,458,518,601.5,488.0,335,60
LdhvONpfvZhV1DPHeZ6Nfvo4NpSX.jpg,409,774,464,531,591.5,497.5,365,67
LDKlpl_6EfWRPbbsZe6XgPT5dC2nEBx.jpg,436,855,427,490,645.5,458.5,419,63
ldmB24XJZ_888d9byXOCSO28bNUDWi.jpg,471,812,485,549,641.5,517.0,341,64
lDUYdQxEBUEWl39wQewh9n48vbEg9.jpg,407,935,506,585,671.0,545.5,528,79
LDVfy27GuWcU9TWOWEZCVRmIhQPL3.jpg,393,955,466,550,674.0,508.0,562,84
lD_7gsHWGrGGjLIJLtoJ59K8NabpK4KO.jpg,427,935,449,524,681.0,486.5,508,75
Ld_uIfKVpMztzveiOeiNaLzUTD6ISD.jpg,81,1017,555,681,549.0,618.0,936,126
Le1G_wM4jeSGnjGY_rzIWdRqS83mbs.jpg,371,665,430,484,518.0,457.0,294,54
LE3b1gBHd_UC3ZDycU5T7ZbrIOFsUz1.jpg,436,764,456,513,600.0,484.5,328,57
Le5wI5VKFT3WTMuYLnamJ9f_qalV_p.jpg,398,852,430,505,625.0,467.5,454,75
LeCH6FfQnU5zxv1yKty2Phdq9QvnS_X.jpg,479,790,459,519,634.5,489.0,311,60
lEdjcE321UMhIQCpMy6_Y7kQS_SeEw.jpg,424,723,461,516,573.5,488.5,299,55
LEdWo3vOvk1Dm9phVGK_sUo7LEU65uS.jpg,468,825,479,544,646.5,511.5,357,65
LeFoBP2DfLdfVUOHWxXlc4sJpNVJGX4v.jpg,414,712,427,485,563.0,456.0,298,58
Lei9rRa7oI9QJFg6cDvZSiuhjcHtkP9f.jpg,296,1177,614,746,736.5,680.0,881,132
lestNYOSHUd8snu8kJ5hFXy3h6uSV6g.jpg,374,921,509,587,647.5,548.0,547,78
LfDOJEwGlNEGP7ePEF59il6eSzkx1tH.jpg,422,884,468,537,653.0,502.5,462,69
LfeYETI4uRD_pocFFUHLR9u7wByuDNt.jpg,362,875,458,531,618.5,494.5,513,73
LFFHbuv9Bkr9f5w1M5BcHp7EXmnjKolO.jpg,381,863,427,502,622.0,464.5,482,75
LFGEYb6B2ehRMU4Gc5PMdZPnXIgiZCf.jpg,413,921,450,522,667.0,486.0,508,72
LFT1sOUwqGWRDIegDVSqda9_T6CS7Qf.jpg,476,783,444,503,629.5,473.5,307,59
lfUhsFG1FfUsjHeHxkBBCjIzHG1zzo8L.jpg,443,916,473,546,679.5,509.5,473,73
LFUpMsYxh5Uw1DeKDy6MhwTV2V41gdp.jpg,302,765,468,537,533.5,502.5,463,69
LFVphWwp9mauJGToappDLI7LjPidF.jpg,216,802,482,566,509.0,524.0,586,84
LFwjNj8KdZjdhXNThhLsrZFYTjcuuI.jpg,426,968,499,578,697.0,538.5,542,79
lFzWS4xpEjK4RtBXI7dGYGdIeq5uP.jpg,363,762,412,472,562.5,442.0,399,60
LGdMtT1EajqdD2pCPHz6a5Kn7Xp4r.jpg,326,941,487,577,633.5,532.0,615,90
lgfJrrVm1H5fixkQFC7gNoKaT5Tfds.jpg,432,918,448,518,675.0,483.0,486,70
lggnI5u5jVOch7pIdzO5WfxS88JZfLD.jpg,443,763,468,527,603.0,497.5,320,59
Lggq63inoDFXTe3xXo1WEgz1QZ4uJY.jpg,321,767,423,490,544.0,456.5,446,67
LGOHy8jwKP9jutMOliq2dbwKVL9sVC.jpg,466,867,418,479,666.5,448.5,401,61
lgpczPDwdpHm95tC6Tin9To8onXH4gow.jpg,477,779,459,516,628.0,487.5,302,57
lgQEJl8vPxu6MlHOhBLzN8RP_JQDlcN.jpg,408,783,506,572,595.5,539.0,375,66
LhBdnIXkYris2trcLu7apdtByGCFf.jpg,298,802,450,527,550.0,488.5,504,77
LHCysFvlk7r42gFznjvtHSNNjJ82jw.jpg,360,888,499,573,624.0,536.0,528,74
LhK3r2usKHCxruR3_1olwSHe_vETet.jpg,454,866,453,515,660.0,484.0,412,62
lhL2xcOTOPCh_y3Y8lzinNRdrVlfwa.jpg,378,860,471,542,619.0,506.5,482,71
LhL4Ok4m8PXSdroY3VKZSO_YQ98KY.jpg,329,753,428,495,541.0,461.5,424,67
lHLfDI8zYp1BFqBKDYphk8sfzLeejny.jpg,391,962,463,550,676.5,506.5,571,87
lhMs9BxuQWTV4Cuqtov4Sy2To_83Kx.jpg,337,785,434,502,561.0,468.0,448,68
lHQzvWOUJ1iXfHhJulUkrNN8NbumJG.jpg,390,960,519,602,675.0,560.5,570,83
lhXXaZX8y8ky_164EZ3oVXwBbeOU1YYW.jpg,392,716,441,503,554.0,472.0,324,62
lhZYpbpHK3eUZcqiHe48ZsPI9x3fJ.jpg,206,814,485,574,510.0,529.5,608,89
lI4bhcu6VCTrdKK3lMHM7rD3BLhcE.jpg,454,858,419,483,656.0,451.0,404,64
lI5gu5TpYZDskhzYlsT448aNu_NuVR.jpg,341,768,427,494,554.5,460.5,427,67
lIb78Ca1wouKqCsmaWJFifXQw1BcStmX.jpg,412,725,452,510,568.5,481.0,313,58
Lic38DwzUeNQhVOiVoiIZmWV54eKHyl.jpg,411,760,452,517,585.5,484.5,349,65
LIdmXJxSSOd1rMTiBSLWzjmbZgIz8a.jpg,511,804,451,506,657.5,478.5,293,55
LIg8va7uPqV18qaHiss1cCMHj64Xq5K.jpg,442,910,441,513,676.0,477.0,468,72
LIO__6Hm2xGDEJlxFTVOFXZrV6Egwdbm.jpg,391,731,454,516,561.0,485.0,340,62
Liqdi3B58jacwflQ94u3zDWVeJxCLgd.jpg,383,799,422,485,591.0,453.5,416,63
LIT3qC2PZ6nksGGwhR4ing36VcB_uH.jpg,239,785,469,550,512.0,509.5,546,81
liTs8xjmeUeVX6bko_IrSiaLuzi39cvL.jpg,467,887,418,483,677.0,450.5,420,65
LI_6Kd2PjcKEzlPd_RSwrtOcbvQfkQbR.jpg,402,848,460,524,625.0,492.0,446,64
lJ47CwJDmeznDrU7UR8XKbCjUh9LaOwf.jpg,387,839,433,505,613.0,469.0,452,72
lj4Coh44yyOf4HHwwdDrP4f8kp2ksKG.jpg,288,756,474,544,522.0,509.0,468,70
lj8b_Sl8hIrS1CftuPMqGm8dLBGDpu.jpg,323,759,437,501,541.0,469.0,436,64
LJGRxdf8s7d9ZzfUcbJRDarKtZHbol.jpg,406,802,521,596,604.0,558.5,396,75
lJhJUkbqRg41LZJFOS4Kpx4oBN5rsk1.jpg,386,754,474,539,570.0,506.5,368,65
LJhw6ualkR9S1XeCBa_9UQisUUYFE.jpg,396,854,467,538,625.0,502.5,458,71
LjKSRwJzbXy1WKE9c6dX3DKTsK2yugS.jpg,456,759,457,514,607.5,485.5,303,57
lJkZgESgeihhCuxRlmYxFuR9brOUpk.jpg,498,946,422,491,722.0,456.5,448,69
lJlHixsulGGoUwueTN2r2jrCohvhZToE.jpg,404,716,427,489,560.0,458.0,312,62
LjnDiZng8OkO3eqOJU1LnH1X4FEaQRm.jpg,493,805,464,522,649.0,493.0,312,58
LjprjqbrKGUEm93ccjiqhCd2niWekCs.jpg,457,796,483,548,626.5,515.5,339,65
Lk3Pys34Iq8ewfCRoKhLa2dEoKJK7JT.jpg,375,912,466,545,643.5,505.5,537,79
Lk4aFPCuiQDrUn_t9goRHjsKm9MJMG.jpg,300,1227,598,738,763.5,668.0,927,140
lkCwkSSRqFvTXqoOwdg2V3lEof5WyJeK.jpg,432,923,486,560,677.5,523.0,491,74
lKCZWGUbJYmbMB9hDYsUca6c2gTjU4N.jpg,325,890,466,552,607.5,509.0,565,86
lKGp_2HfR7RK446YfZYRIDDZ26kjs.jpg,137,845,496,617,491.0,556.5,708,121
LKhoOWKRuZlsg_itCbKVYV4Mv8rpMMm6.jpg,376,837,441,511,606.5,476.0,461,70
lKK1ZNlXz479bIyCaGBdrzKyZeZs4Cr.jpg,306,839,464,543,572.5,503.5,533,79
lKlldGyeRdEkXzcS4c_XX8q12HClz7.jpg,256,884,435,519,570.0,477.0,628,84
lkoiNedHL3bOQrkLT5IwSjCo59evk4T.jpg,381,876,446,520,628.5,483.0,495,74
LkOngcODJj2QVzEKyMWNznqm7mRPTPR.jpg,424,877,464,535,650.5,499.5,453,71
LkrMjjCewg1uEH29JNCv_pDWGcQN8I.jpg,364,805,434,501,584.5,467.5,441,67
LkU1nJm2ZsphDINqOQsGwBSc5pZkc48.jpg,365,923,464,548,644.0,506.0,558,84
lkXpSDbfqbo2L2kNxPjOzuOF5EO62blI.jpg,433,754,463,523,593.5,493.0,321,60
Ll7nsgFHR6bjXj2_Yo_epEvNmKBkg.jpg,367,773,446,519,570.0,482.5,406,73
LLEyvjIzspE2WoYFErIIvDK6ghSt6_XX.jpg,484,802,471,531,643.0,501.0,318,60
llk6FTv5zBTLNu89UhOieeWruzCO24u.jpg,431,763,473,534,597.0,503.5,332,61
LLlSUZPmDZO465BDt75cKieQDCz5u1.jpg,344,699,463,527,521.5,495.0,355,64
LLMJzlffRqlxyauVPqkiEFic4J6jYZ.jpg,410,753,484,548,581.5,516.0,343,64
LLpGXN1CwFslbaVXWVk3IXB4eWt2tn.jpg,464,768,460,518,616.0,489.0,304,58
lLrrZq7nl7IZBj676OzK8KxkudoI8aU.jpg,358,672,446,506,515.0,476.0,314,60
lLTYxmiyuK5irOlzk1sqedEGy_3tgnd.jpg,414,877,471,544,645.5,507.5,463,73
Lm1N6HOLbdWY1bILsBP57Iz_qI76.jpg,398,859,466,545,628.5,505.5,461,79
Lm5NwQmx7JB_JipdjUikRJ27GhaO.jpg,421,874,424,490,647.5,457.0,453,66
LM7oUvBlN2RtaJi7l1_lWySfckBT9wZw.jpg,299,758,429,505,528.5,467.0,459,76
LmBbP256DXR5oWjgtXonLuY3I7Nw7m.jpg,432,855,424,488,643.5,456.0,423,64
LMf8k_gJUpksJKOKEqDgOI8wtz2wqc.jpg,384,747,471,534,565.5,502.5,363,63
Lmj8b7RCqg_UuKUtzieFmTrlo8vRcKN.jpg,392,979,523,605,685.5,564.0,587,82
LmlSf8qEjWNYLLCCoL2nCUK5yv1t2.jpg,442,747,442,498,594.5,470.0,305,56
Lmo51JC34KfQHOpxxj32m5MSUDhrBNo.jpg,461,926,469,547,693.5,508.0,465,78
lmOXjOwdysTYPJrWbSteaev6MXVEDeT.jpg,375,906,464,541,640.5,502.5,531,77
lMXVhg43WT63lDQuWpxeymf41HKDoPGs.jpg,433,792,491,556,612.5,523.5,359,65
lN2_bLUnRx9ddhFtbiq5c_8RReEIp8.jpg,435,909,443,515,672.0,479.0,474,72
LnHzQHh2g1OfkChIselcw7rXzlSN7i.jpg,392,943,500,585,667.5,542.5,551,85
lNqZqNtg3pn2JoNSuFzsmjP4qNkGbX.jpg,326,763,434,503,544.5,468.5,437,69
lNS7g9ntCn1L1t6orHj_X4b39ff.jpg,456,817,472,536,636.5,504.0,361,64
lNuzTCdD8pXebx_1zzdgOveHbj2ItSQ6.jpg,394,889,445,519,641.5,482.0,495,74
lnY9Tzh26gdtxZLtHSr91rJ_WtNgr6n.jpg,352,851,450,527,601.5,488.5,499,77
lO9yMs8KEjIL_dBauZnLaffjr6EKuK.jpg,465,805,452,520,635.0,486.0,340,68
LOBOe4sjc__kiloB1hLrQEou2UyanV.jpg,488,780,424,483,634.0,453.5,292,59
loDb38uxJksmYfsN4YzacGaPWarFQq.jpg,306,818,454,532,562.0,493.0,512,78
LodGO4pExNH9vycLEVBwguqZIlaIMFC.jpg,389,786,417,482,587.5,449.5,397,65
lOFh6qlHYE5ulIaDibzscSS55q6mNTQ.jpg,391,829,433,498,610.0,465.5,438,65
lOH3WM5bM4dIsgVB1yUat64uTEo6lDk.jpg,472,891,452,516,681.5,484.0,419,64
lOHakUV6LKjxJ8TiiNvmvvzIwd6vHoa4.jpg,356,882,459,533,619.0,496.0,526,74
LOhJePBVV6VF4upmvqUecu_zpUth3GM.jpg,436,987,471,558,711.5,514.5,551,87
LoJBmaXSBhbrcaZotBPZ6nGdDwgsNoDH.jpg,381,837,435,504,609.0,469.5,456,69
LOlkfJLUSXqWJWTpiNnSGz3PBeJaWK7.jpg,375,714,462,523,544.5,492.5,339,61
loMhIUZsScTIkHTtcN8pxbWcmxsS.jpg,294,842,469,546,568.0,507.5,548,77
lON5dM1q6SWiRdQsf3GPGK1uhV9Uj6a.jpg,397,858,474,544,627.5,509.0,461,70
LouUIrmwgZpswzwP8mF3KJHnhWojSUs.jpg,455,812,492,556,633.5,524.0,357,64
lov_wg5yIeSb83QuyfsvPEGdBoreUiO.jpg,250,793,458,541,521.5,499.5,543,83
LP5R2hptW9Ql5bkXXmmeOOjGT8N9v4tM.jpg,355,854,487,562,604.5,524.5,499,75
lp6TttoXFLB3M9xzfdifE6CftTBNjbV.jpg,424,823,414,477,623.5,445.5,399,63
lP8STBa5IQmIgo2m8Xl75IcOra9Hy2V.jpg,476,751,423,478,613.5,450.5,275,55
LPFCLYh1hmtDlGG_m31ER5XH2EXI_IC.jpg,411,746,454,515,578.5,484.5,335,61
lpH2gBxCVXzgdu4PGDmx_tCg12IYFkSm.jpg,376,803,428,494,589.5,461.0,427,66
LphTPDMeqKfd4H8peOHhpcwd1QgcBgDd.jpg,394,839,453,532,616.5,492.5,445,79
LPiMaxiBqD8shCNpPEUuTT1tbHTsV__.jpg,438,737,459,514,587.5,486.5,299,55
LpOJw6liHiYKUasXKOrjNXjJtO1DRg.jpg,364,876,484,562,620.0,523.0,512,78
Lpp1ZJzf5fwIKBhGLL9Vom1eEmzMKxI.jpg,395,664,426,478,529.5,452.0,269,52
LppL82zKpynEZlkZnO4g525pqXX3GM.jpg,403,844,429,499,623.5,464.0,441,70
LPqirMqgUpr9F8l_UnsBoJZM9hspDIh.jpg,510,841,436,499,675.5,467.5,331,63
LpszVtCUSJ48u8v1ifsCfe_y_u1Pn.jpg,303,883,495,584,593.0,539.5,580,89
LQ4ZlnRNMepmurIL_13GDsG2v_HyRo.jpg,443,749,433,493,596.0,463.0,306,60
lQ9gJNKcW7_Q6Rpb49LnBtSddvCDdo.jpg,418,746,432,491,582.0,461.5,328,59
lqDbDH2L7DOmJlMjSKNtvwzs3gSZ.jpg,454,865,422,485,659.5,453.5,411,63
LqeksC2VTDUoWEe1Q_yaqiJCLCRGimD.jpg,476,964,477,556,720.0,516.5,488,79
lqFs8ylmQLQfLL52v3ISh9H8GNDSlCW.jpg,332,771,435,501,551.5,468.0,439,66
lQHy5gnnub_Jnn5ZNYRLqbt7HdH1tQb.jpg,362,866,456,530,614.0,493.0,504,74
LqiC8oENnwby2p8yMX3piBiKWfLUOR.jpg,383,834,431,505,608.5,468.0,451,74
lqileweBHRMpKrE2HoVYD7teSoFfth.jpg,456,816,488,555,636.0,521.5,360,67
lQpPrj88iUwDtPnnEjHp5Nmn5gpT71.jpg,385,809,428,500,597.0,464.0,424,72
lqwLONKjU51CUjqrXFDOiH6P8w6Up.jpg,394,818,423,496,606.0,459.5,424,73
LqwXMcTbj3Yx2EdJjaFn7RFeyL5MQvqQ.jpg,228,993,537,645,610.5,591.0,765,108
lqXheGdoxEf_7c9NSYa4ZgOW5QsGD.jpg,418,790,468,533,604.0,500.5,372,65
Lr6HBMhr4tR5yURFRQ4ilXQ6d8h2S.jpg,388,746,491,555,567.0,523.0,358,64
LRCnxwF6XRzwwljwFPLhh8m6_QwEQlP1.jpg,391,902,490,564,646.5,527.0,511,74
LRGJV9dTJVGwG_HQHOBYTEmtDWpEQa.jpg,454,728,426,478,591.0,452.0,274,52
lrh3bk9PF83waQQjqV5qUhyB6KOiEc.jpg,274,828,461,545,551.0,503.0,554,84
lrIGozBUl9N6P_1ZrJErLmjp6VuWwbT.jpg,328,766,430,498,547.0,464.0,438,68
LRjzctg8qz_Zw7_B1FcaVbyxQZ76MU.jpg,405,892,476,550,648.5,513.0,487,74
lrMw8wBIPU_NFOvjnPOwfwMuhYSOR1.jpg,321,646,446,507,483.5,476.5,325,61
lRPmd_kH7oUghYtjWUlbdnIjwKrGkl.jpg,328,752,432,496,540.0,464.0,424,64
LrtDw98eMQni_mkt5PTKju6fwna5CM.jpg,355,893,477,551,624.0,514.0,538,74
lrXh8P2uY43HIoeMhR6O4JOJGT8z59ZZ.jpg,420,1020,512,603,720.0,557.5,600,91
lS6lQ9eSaO3wiQfbyhKZ8iFUfPGmSJ.jpg,437,829,416,480,633.0,448.0,392,64
lsPWRVwHFFOsbzYJFNYmQDuuCsIvfj3h.jpg,345,886,458,557,615.5,507.5,541,99
LSWfhXrPZQePmjvbQk8KefYWJt5lTmD.jpg,365,933,515,599,649.0,557.0,568,84
lswy2ioQwWgBnnlxN_E3Js5loi43MB.jpg,459,774,463,524,616.5,493.5,315,61
lT8biRfHau8IYFYzmrX2Vvz7Yu26.jpg,417,858,429,498,637.5,463.5,441,69
ltD77rSRBPdjKfv4u2FWyCnl8FlrX4p.jpg,385,823,431,497,604.0,464.0,438,66
LtF6FlXBX3vGSDgu7dfUndV38c3uSZI.jpg,451,853,417,487,652.0,452.0,402,70
Lti9hiKxEsqNlCseYxBBSlW4ymdbzb1.jpg,438,768,452,511,603.0,481.5,330,59
lTmiEt7lVwl3RIGKfqeQo5InodHvCzW.jpg,259,710,456,526,484.5,491.0,451,70
LtouhfDSEgrF1yS375VayQBop93UOf7.jpg,311,808,451,523,559.5,487.0,497,72
LtsoUDvc34Lxy4_EWEDc1Ezgss69_wS.jpg,389,782,440,502,585.5,471.0,393,62
Ltu53ryWEtIFEjUHiH8emNdmMn18Uc.jpg,371,681,466,525,526.0,495.5,310,59
ltUFVfI7Mdbp6gZsk8PnPMdvCPhGJv2.jpg,363,934,474,558,648.5,516.0,571,84
ltvlNYenyEDVMz47GKNnc1WflwdTyu.jpg,335,1043,529,654,689.0,591.5,708,125
LTVXz4FrXvgvn9KLfpds8dK2mDJQWLU.jpg,444,896,433,501,670.0,467.0,452,68
ltyB4EjM7cu_NeMRnOYJE39uhFWSHG.jpg,330,858,462,539,594.0,500.5,528,77
LT_FJDtdTGjLxLcEQWaqbH5HQlFGp.jpg,435,872,461,529,653.5,495.0,437,68
lt_nkiKNnbcQvEq5s7j7t2WxlqlUXUIx.jpg,339,740,416,480,539.5,448.0,401,64
lu2D4B2Ca67CbxERFME68fkPvBeG3Qu.jpg,239,888,498,592,563.5,545.0,649,94
lu5X4oL5jwORx4X7FBv8xyYjuWhHj.jpg,354,773,439,506,563.5,472.5,419,67
LU7E3XY4twCCoBnqP5n1_e2XGPjrWo.jpg,367,809,481,548,588.0,514.5,442,67
Lubimc66iYKESWRSo1nF3DJsXUxiujB.jpg,461,791,471,532,626.0,501.5,330,61
LUkeuV5Nh3JCIkcoNsaraZRxhMW1ri.jpg,347,876,503,580,611.5,541.5,529,77
LUlkN935vyQk1jF_LOV64Zg6KcaqHB6.jpg,419,889,438,517,654.0,477.5,470,79
LuvxL4ycps_NUmo2FekjoJvdlPPG4.jpg,473,780,448,505,626.5,476.5,307,57
LuWCT7UUyCkaVeXIR6up5vwXisLLQ__.jpg,379,920,494,577,649.5,535.5,541,83
lUYUhFv58_oqOJzbVc5p9Pf_EaMdxWu.jpg,422,718,434,489,570.0,461.5,296,55
lV4P8FsVSRrJ_aPdf2Zf3CDZkYMaQt.jpg,354,790,428,496,572.0,462.0,436,68
Lv4qs8ddngSg1_qtevdCtePdDGBnn3.jpg,393,855,436,509,624.0,472.5,462,73
Lv5PUVXfo4a29t42H22Lj9cPF43i5C.jpg,395,933,503,584,664.0,543.5,538,81
Lv68pSFmKwQzQvQ_D2fYJt4V_rcZWOm.jpg,472,778,434,495,625.0,464.5,306,61
Lv8b1DQ8e3gpm_pNDp1jea9NLDt2NU5.jpg,442,833,458,532,637.5,495.0,391,74
lv8dRFiceDdn5FPmhGJDnajGMfjHRGJ.jpg,396,891,489,562,643.5,525.5,495,73
lv8DXKQ1w4BHKQSbN8TprBqpN6LMK45w.jpg,365,852,452,525,608.5,488.5,487,73
LvaiFSXOOpM6wrHQR4tGomrwsPmvyD.jpg,320,817,448,522,568.5,485.0,497,74
lVB3zcBHClo9hUJQ2fgCXK7UaW8c4sK.jpg,461,793,478,541,627.0,509.5,332,63
lVbQvcZiYh1HW1a5yHlCQPWR_1v8xU.jpg,407,919,447,537,663.0,492.0,512,90
lVcmv6ChLQKiigmz2gh7IqGMHngyd2Yx.jpg,396,861,469,540,628.5,504.5,465,71
lveVuLwpzfoTteBLzQwrbymHaY4atr.jpg,505,913,486,556,709.0,521.0,408,70
lVJx9u5CCCljbRSroqlZbnGqxNxUYnv.jpg,210,841,499,589,525.5,544.0,631,90
LVjY7_sRhUvmvs4KvJTPtl9NyEkKdU.jpg,298,772,433,510,535.0,471.5,474,77
LVn6SfLdZq9Epr4iXLuUanp1CvSJuH.jpg,401,700,443,499,550.5,471.0,299,56
LVSI9lyrrgWcQ6LTc_aPCxpUV2c9QCt.jpg,381,933,462,545,657.0,503.5,552,83
lVSVdfOJ1CbdFEMc2JXfWrPXjFxooLgu.jpg,391,739,457,521,565.0,489.0,348,64
LVuEMJxmgO5jUn4vbQpusKt4ncHTEI.jpg,266,732,443,522,499.0,482.5,466,79
LVxqbmSdt_KOIQXue4wMRqlMGETSQeBD.jpg,399,759,465,528,579.0,496.5,360,63
LVZemLKFLUTskWUpXB2HzJcaJHSbqHH.jpg,225,986,541,649,605.5,595.0,761,108
Lv_uVfE5kEG8dXnl_Yh33cshTsZyJ9Z1.jpg,421,829,416,482,625.0,449.0,408,66
lw2LeFECoJ67Ys2_cjt3slP9xxmZw.jpg,412,818,522,600,615.0,561.0,406,78
lWagcXSohmchpgIKQmwBs_9TdrGGcJx.jpg,454,761,461,518,607.5,489.5,307,57
lweL7ijb_iQbgsfxD_iq_oyKQvks5li.jpg,396,864,472,544,630.0,508.0,468,72
lWGa8PjzLpLW9xPY9c6wUPEpJCBcoGM.jpg,386,771,504,578,578.5,541.0,385,74
Lwi8pEyBHUSFop5gD6G7yEQzp77uN.jpg,334,776,456,521,555.0,488.5,442,65
lwiGYBurvNltIOGUijBpICKTip2Wu.jpg,305,876,479,560,590.5,519.5,571,81
lwiKMkJX3TePesJNhanpCD1Y1civne3.jpg,395,806,417,484,600.5,450.5,411,67
LwkvQiGbIn44ie_P_LGlFJud5XrjafC.jpg,475,834,486,550,654.5,518.0,359,64
lwor86C6kqRXz1LahpdctSOMTOtnXlY.jpg,413,747,458,520,580.0,489.0,334,62
LwOWtLs_5fVT4vbtTQg_Ku85I8T6.jpg,445,883,418,486,664.0,452.0,438,68
LWsusyjD4FpvunvUiOmXmFCyhnar7DCC.jpg,434,790,449,518,612.0,483.5,356,69
LWvr3CaqOzhTbsalIn9vjmBtgjid1M.jpg,381,831,431,498,606.0,464.5,450,67
Lww1RzgrRPMUWR8ucXivtCf1RUYgm4.jpg,435,844,418,483,639.5,450.5,409,65
LwwFJvm64CpdGvZlQsXvj5ueIJe_z.jpg,444,757,447,505,600.5,476.0,313,58
lwXC5bgQL8VWwod_jru2rFibEfuE.jpg,390,940,511,589,665.0,550.0,550,78
lW_hdtjNG6OqIzKbCqWI7p6c_6UhSP.jpg,309,882,527,604,595.5,565.5,573,77
lx9lc6_ebEOch9SUoBzCnUCHIFF_xO.jpg,341,1102,529,651,721.5,590.0,761,122
LxaBgX3Phn57O7r8SQaVTWmMHNw9FM.jpg,381,846,439,505,613.5,472.0,465,66
lXF7sWfEKf1MOZqGbFKULHgmmUSy.jpg,438,887,426,510,662.5,468.0,449,84
lxGLukmnnRciGqD7Ip69vVS3tTB.jpg,404,904,450,527,654.0,488.5,500,77
lXhluIcfSDQ5hIB3YDdutHQg2i1Vd.jpg,503,820,449,509,661.5,479.0,317,60
LxJ5vBh7JQi289GkS9Gw75DcRdl6Np.jpg,276,1051,546,681,663.5,613.5,775,135
LXM6UHy4s6Qisqb9vYE7JLS698njUpoN.jpg,425,713,432,486,569.0,459.0,288,54
LXnEQIFMQmDpBSvoZeb7SiaysTmt7OuH.jpg,340,786,432,500,563.0,466.0,446,68
lXSPlupzYu5k4MxZOxUbTtXTUslIq.jpg,288,748,469,536,518.0,502.5,460,67
lxTwHyzDoQ3G_kTqreyrNzLHS2yQ_biU.jpg,448,933,438,517,690.5,477.5,485,79
LXXeVJRITwmMB9Ktp4PxDefBmdE5NR.jpg,323,907,478,565,615.0,521.5,584,87
LY4GUeOriiotQLxRUbpYEp9_VS6D4mv.jpg,356,720,458,526,538.0,492.0,364,68
lYBo7soKS1luIZJRT4NpEPMLevxcWni.jpg,430,820,439,495,625.0,467.0,390,56
lyBu2x9BmMD5qw3V_zQ_r8mKPlpLkdt.jpg,353,905,506,589,629.0,547.5,552,83
LyeyyTbHywB6CJB3TFVjQbvzEEvhlJVG.jpg,415,949,461,544,682.0,502.5,534,83
LyHRQEXYcorOgchF8kTrC4bpoXxP1zH.jpg,365,709,435,497,537.0,466.0,344,62
LyIrsOmCF2c69IPmHlcuglE4YbeWg3o.jpg,341,902,474,556,621.5,515.0,561,82
LyjY7wPBEQFwmd5aW4uqhUFS5xM812.jpg,371,936,516,594,653.5,555.0,565,78
lYorZenCdrgKplmDRSUnvjwink5Gr.jpg,243,812,482,565,527.5,523.5,569,83
LYPfc8Oyr1SpzLpwn5XqH3eIhIMZKyS.jpg,421,764,445,513,592.5,479.0,343,68
LYSBOKFgUallOBXJjMXSzpnxFtVh3oO.jpg,358,668,447,504,513.0,475.5,310,57
LYxXhsgTGl4qBIYDGmiD9UlbTa4XZOt.jpg,476,803,474,533,639.5,503.5,327,59
lz4C3NLtk_No7N_khldwsSCfVbvakJQ.jpg,411,940,495,576,675.5,535.5,529,81
Lz6_r6UoffuMX8sBJXMpjaaGQZz74.jpg,347,729,484,552,538.0,518.0,382,68
lZBeUzPNCPjsxwwS7RjZretW7T7jFiDX.jpg,391,955,505,593,673.0,549.0,564,88
LZCizokft783ycEFDIVrbq2c24hTkIV.jpg,557,889,480,548,723.0,514.0,332,68
LzEyCiRNt7Cua5IHp9FIC4CI8xE3OBC.jpg,396,816,422,501,606.0,461.5,420,79
lZFn1zfVD2I8l99LuyU6Z8PYCkGh5G.jpg,431,855,420,489,643.0,454.5,424,69
lzhJOJnEuPXIwan8Z3hpZxuKzLPsaby.jpg,270,850,507,592,560.0,549.5,580,85
LzHlUhNPzPrTvGFgYfxoBgMXVaPsu_.jpg,463,780,451,510,621.5,480.5,317,59
lzk4wavIEGRcehtLENdBwrEgT5SVdaJk.jpg,356,867,460,535,611.5,497.5,511,75
lZmpeS5ZUKYhbUYE3KOl9MZ5M4Y892q.jpg,114,893,523,627,503.5,575.0,779,104
LzpQqKjjW7NgCtT5GE9qjY6BILetw5X.jpg,369,657,433,486,513.0,459.5,288,53
lzRDLdLOcgEZFzVnERRJyMDwbHPZK.jpg,430,873,461,536,651.5,498.5,443,75
LZsg65IdCmpBu5dQFcLq4UJRGiCHTsFR.jpg,463,900,459,523,681.5,491.0,437,64
lzuIKlz4UlNpM67NOlWD7Vlf1rZtvL.jpg,342,647,433,490,494.5,461.5,305,57
lZXX1yw1MW_Iq_8NUxJe7Ftn3NNrMI.jpg,253,1022,531,652,637.5,591.5,769,121
l_qCR3n5UK5GKNgpJqEBROTxlHzmnqK.jpg,481,803,448,505,642.0,476.5,322,57
L_rs8QGTSSQTjko7jTkzjMF7mlErZL.jpg,402,766,498,564,584.0,531.0,364,66
m17M9kqQ8pW92OPssFJM_7a8VnGxnok.jpg,343,764,452,516,553.5,484.0,421,64
m1bXsWfsnLir1ubBY2G1ZK_MB1Ziz6TK.jpg,430,857,428,501,643.5,464.5,427,73
m1JLnrqHLQ5LmRGQrvSLs_GJpx_JCcZ9.jpg,381,833,434,506,607.0,470.0,452,72
M1vR2uMPEhH7bXcyYJQX9g9O9eM5yE.jpg,370,884,457,535,627.0,496.0,514,78
m22IBIF75g5fPyhu7VaThQW4LHBaKDjJ.jpg,390,858,437,506,624.0,471.5,468,69
m26ZVtsRJCXKSFE6mtNuZWijBtLTbO.jpg,473,813,480,545,643.0,512.5,340,65
M27nPSaaR8IWVpbgv6Q8xvKokjfMJmf.jpg,438,785,491,552,611.5,521.5,347,61
M2CofhKmGMRZja6R5MWFLhXoSlTmk.jpg,541,880,471,539,710.5,505.0,339,68
M2DJOe7VGP1jR5VFRRqdEhrg3HsBca3.jpg,450,792,479,541,621.0,510.0,342,62
M2jrdNi3dKICL1RaCLG8YVieJdRXTFp.jpg,401,820,452,517,610.5,484.5,419,65
m2NneWOD1yBweRZhQVkEm85GkWI_wlhG.jpg,362,943,479,562,652.5,520.5,581,83
M2sbVDx4GnWyYPJivVwCtbuyhgkY.jpg,379,923,459,561,651.0,510.0,544,102
m3CkfuXyPYgrB9pUzFYJFfVGDHIEet.jpg,249,784,469,548,516.5,508.5,535,79
m3hqa6gx_il_zaGHkBEgLp3W78m8E.jpg,421,813,516,586,617.0,551.0,392,70
M3iXP8go5g2xRlDNClPbMvgJWSZJcj.jpg,467,899,423,496,683.0,459.5,432,73
M3QCa2IzyJlYos2i6DHvtKzVF8KcUv.jpg,403,836,475,551,619.5,513.0,433,76
m3QgSCgZtKgCJxo5Nj8I2KL4K9IiY.jpg,327,872,477,559,599.5,518.0,545,82
M3w88XW6HO9Ned5MGMkthkVXlBtxYNd.jpg,359,823,423,515,591.0,469.0,464,92
M43FXO_MdFnorQB7ZP7OHPk61FoUHh.jpg,286,798,460,536,542.0,498.0,512,76
m4qyGfLrjuUiUxZgZRYHlboUhEGU.jpg,404,925,493,573,664.5,533.0,521,80
m55XXbVoJyeGLv7hl19sv7_H6UjGKR1.jpg,495,844,475,537,669.5,506.0,349,62
M58RXQEQdN1wuIqXE_YXbE2piXYcQ.jpg,416,843,424,498,629.5,461.0,427,74
M5FygpMdtzafKb3837meZXwaNuejp.jpg,329,748,418,480,538.5,449.0,419,62
m5g4gbUUWO5oNq4KnFmIyef7kTFJlaa.jpg,480,865,470,536,672.5,503.0,385,66
m5pFGiwakeyjJ6gBOtX3OmTdzZ7sgV.jpg,418,964,463,546,691.0,504.5,546,83
M5s9gj5IZ3iL3gJy5YD3eDykTGEMIs.jpg,370,704,460,521,537.0,490.5,334,61
M5sRRuXT49YlX8cVumE7i1Lc_Fhz63.jpg,422,815,417,480,618.5,448.5,393,63
M69d_7cQBtXdE5Q9HzK7vucbxZ4b9.jpg,362,856,477,552,609.0,514.5,494,75
m6cbmmqXYmN6PBIpG_jBSYMFg3se6js_.jpg,432,933,487,560,682.5,523.5,501,73
m6fkOGqhECXvwcvB5mKlu4FHDY1h2Z.jpg,418,952,499,584,685.0,541.5,534,85
m6TNWaNqJG8V4RcK4goUNvDHf9_dI.jpg,457,762,428,486,609.5,457.0,305,58
m6Uwv7Lb57dMcwVpeJU_lVeyjS58QQO.jpg,489,861,507,576,675.0,541.5,372,69
M7agXBRXIjxxIbheuIGxIkc8jq5Oe5XK.jpg,379,696,443,501,537.5,472.0,317,58
m7Ey652jFUKnEMWYjOWoyVocZSaHmJ_z.jpg,339,837,488,563,588.0,525.5,498,75
M7kwtR7Kab7mLbvsIehydt3j2R7cuPq.jpg,444,877,430,498,660.5,464.0,433,68
M7MjdPgFzdgGmK8Lqi5hsJdEFamPjO.jpg,393,947,456,540,670.0,498.0,554,84
M7q8bvRyp64lTjkKN51QQ9zXnV1Ct.jpg,315,891,483,570,603.0,526.5,576,87
M7tVQhsFN2NZuGdQzyEIE774NEyRsbG.jpg,509,878,497,563,693.5,530.0,369,66
m7XctLxqckKMrCuToiBnzGn7fJuWJ8ER.jpg,467,831,501,566,649.0,533.5,364,65
m8qdWl8qjUZ4NUJ7m1Wx9wvkOxUqZF.jpg,258,787,498,575,522.5,536.5,529,77
M8r6Y_vVBpTXGt6uXkoeQv74Nuu1Ps.jpg,396,923,458,534,659.5,496.0,527,76
M8TY_VeshdQWOFOEuJbVFj3qsoEmTmsh.jpg,337,881,473,559,609.0,516.0,544,86
M9dSlXxKVZTSBizPt8RoiqfSZey7OKEm.jpg,445,741,428,485,593.0,456.5,296,57
M9ElRXexSWVmbHZDJ_1jtHeBCvv3Ud1j.jpg,419,946,461,539,682.5,500.0,527,78
m9r2Io8nxtXWMdq76njixaF9iMka78T.jpg,246,833,513,596,539.5,554.5,587,83
mab_CXe8ixyDpL7wgakJYBWE73ko4L.jpg,242,789,504,585,515.5,544.5,547,81
MaoJ9UDD99Od4l6tNICkY9hPr3ZJb.jpg,422,893,479,549,657.5,514.0,471,70
maSY8inEc_ZXUnY3Rnu9fTIbdz9h9mI.jpg,420,893,478,546,656.5,512.0,473,68
maS_29SS2_SOHURyylHmQO7JLhnJ.jpg,414,744,471,533,579.0,502.0,330,62
max9sMh_ClK2oqCGI_58d_KbHdYN9ov.jpg,340,756,415,479,548.0,447.0,416,64
mb247XSSPJxlOXRFDhU3a6FmJp_21m.jpg,359,827,470,541,593.0,505.5,468,71
MbD5M8ryyPmCFIUJ5PnbFLIuumr1rsKa.jpg,417,762,482,546,589.5,514.0,345,64
MBFkBx2bHHjbvyWb2ocCDzu2bJKS9EJ4.jpg,253,781,472,574,517.0,523.0,528,102
mBfqsvmJQl2G5zxPMNqJr1WrTnMI.jpg,420,921,442,515,670.5,478.5,501,73
mbGgCV8DHwMIOWxvxcW9Q77X4a4TbuE.jpg,388,969,514,605,678.5,559.5,581,91
MbIWIgzCn7_vpxQUWOPrRRm3mWBUra.jpg,344,878,461,538,611.0,499.5,534,77
mBiXVLlyOvjxRFB4ohZj_HCDEafYBhhS.jpg,414,819,445,508,616.5,476.5,405,63
mBmYjbzo45BJmsJzHiRl8ZuokpbxJYp5.jpg,481,852,475,542,666.5,508.5,371,67
MbpJuQB9x3o4oUllpRLSfaOcJSgp9Wh.jpg,430,744,437,494,587.0,465.5,314,57
MbVJjFcTxdCCV8gp4omR6ItoXvzfnz.jpg,230,948,525,627,589.0,576.0,718,102
mBzk24GBzlQVtD3aZIGOuJxz7jfVOP.jpg,299,647,457,522,473.0,489.5,348,65
MB_kHX9zZBKqC3NcPhRBSZbatWCqxM.jpg,338,743,423,484,540.5,453.5,405,61
mcb53c1HxJ6rouN5HrdKBuZPpMIwzwJ.jpg,416,863,457,534,639.5,495.5,447,77
mcbWzcDz3JSmty7HZ2gZgJKODUFKK9f.jpg,380,877,479,551,628.5,515.0,497,72
mCC1Jbfd2hNPLIma2QnWWRZPJh4e.jpg,429,839,431,500,634.0,465.5,410,69
MceJnlVekkWC4NPVmxMmczZtG81moyE.jpg,437,1052,527,619,744.5,573.0,615,92
mCEwsUPq5WEtPoQKvleBr8HMk51oYrSy.jpg,325,678,443,507,501.5,475.0,353,64
McFfXiJje7cZmnNvOrjEKDz8dOtr1cB.jpg,436,881,465,534,658.5,499.5,445,69
MCHXol3qConOvJCbCtGWNRmanQYK73r.jpg,466,773,427,488,619.5,457.5,307,61
MckECetRREP699UlcGsWhl5mdjuR.jpg,391,869,426,519,630.0,472.5,478,93
mCrl4eGN9bzsmIdha2vLBd8gCLq73O81.jpg,430,887,442,509,658.5,475.5,457,67
MCSjwM6VWb5L6G7GzfaSB76DMp9Y.jpg,447,782,479,540,614.5,509.5,335,61
MCW77ZfBWGgBu3bEEsDUIf_ob5T4a1E.jpg,458,798,445,510,628.0,477.5,340,65
mCYfrgG4XVsZ2z1R9EjTH3eKSzXcwjPb.jpg,458,742,429,482,600.0,455.5,284,53
MCZg7RU_weRPtOfncks8U6BDYP3sgS5.jpg,365,798,426,495,581.5,460.5,433,69
md2ho4hUqfxaWky5RXKY8Hhnp77VvKfk.jpg,419,840,424,487,629.5,455.5,421,63
mDcavwoPoRLlx5QbeG7qqXjCtUueFxNn.jpg,455,741,423,478,598.0,450.5,286,55
MdfNGvSTeDgM_9mazd4kXqb2cMq8Ld.jpg,324,655,450,513,489.5,481.5,331,63
MdgVQw9kbklz2hiq9p5EFcWEEg1J2D2.jpg,374,908,461,553,641.0,507.0,534,92
MdJ7s8OGQGNa639qtB9pdz61SUyxSl.jpg,389,822,425,494,605.5,459.5,433,69
MDqbnGN99TCkNgCSDNnHglLEHXrShM.jpg,452,889,463,529,670.5,496.0,437,66
Mdt8gnVlprX6VLXOgpnYLybhWeOOJ8.jpg,321,833,487,562,577.0,524.5,512,75
me6Z2QfaiL8Gm3PRpSiF9UZHeCH5KmK.jpg,260,848,529,615,554.0,572.0,588,86
MehWorYq2kMTfVR12BX9dOE9x1PgNVq.jpg,524,981,467,537,752.5,502.0,457,70
MElrUNhWq7sjfCVgBBlxmke2SHN4.jpg,307,764,425,494,535.5,459.5,457,69
MEmyZ3x14q12HSEJXdnvdQZRjyC5u.jpg,392,901,489,562,646.5,525.5,509,73
MENk3rNtpra4Uy5lFhDBlHfNMF9yvh5.jpg,389,720,450,511,554.5,480.5,331,61
MeOLvpaOxQCeMnwJdaPPLeYus6ma9h.jpg,324,849,494,570,586.5,532.0,525,76
meSSQxd2raFaWUaXXpjdD1yan53MSlK.jpg,309,767,437,513,538.0,475.0,458,76
mEtTs3XjY2YmxZnccXVe_jCk67py.jpg,393,884,486,559,638.5,522.5,491,73
mexD5p3O_dDDTbz3jYmypCg8eQFY3_VW.jpg,481,846,498,566,663.5,532.0,365,68
mEXq5IWo11M3ZYWnvnFHB8aJHurDLSx.jpg,433,1003,448,537,718.0,492.5,570,89
MEztk2OFRiBOi5Vl2YSGUJIIvceaoLW.jpg,334,854,459,537,594.0,498.0,520,78
MF4s6QzCzMV7ffsbsDILeB81JS1LD8.jpg,296,775,450,521,535.5,485.5,479,71
MfBRIy_TR9vsJqByMqk_HzoEI2zICn.jpg,428,778,492,558,603.0,525.0,350,66
MFe54GVEeqt66dMvKVlXnwJT3O.jpg,452,839,518,592,645.5,555.0,387,74
MFJ9zDi87fskhUW_uO43Hz_mtjmx7Y.jpg,269,915,498,592,592.0,545.0,646,94
MFjHNT5eDuXPk6Ffl2pWS_u6T5olnkc.jpg,332,660,442,507,496.0,474.5,328,65
mfJwhYVVasCdiEM7QVlYRyOqF5tv2MB.jpg,445,883,459,528,664.0,493.5,438,69
mFLSXFGEfyUs9lHY6JOfNqHKIn5Qxh1.jpg,428,849,421,501,638.5,461.0,421,80
mfmp2eD5iNQjQszk211mo781DsLWQWn.jpg,411,944,505,584,677.5,544.5,533,79
mfojjbjJtsfoirvitWgXKN_3Y41Jmm.jpg,442,876,424,493,659.0,458.5,434,69
mfONUv3FXsPWCDWo4wtjDQGZUIfgcd.jpg,436,871,463,531,653.5,497.0,435,68
mfOyYtQPsivxaVztdM9FPaFIZPvCnUo.jpg,261,977,438,565,619.0,501.5,716,127
mg5KyJRlo5UVzwl16fRrRmQEgZeYwIFS.jpg,419,777,491,556,598.0,523.5,358,65
MGD2WuzduFt5_baBZUOU_a3M1f_n7w2n.jpg,434,846,451,513,640.0,482.0,412,62
mgdCr5NWboDFW4Oll4WNyGoi__OY7v.jpg,456,927,429,506,691.5,467.5,471,77
MGdITpOS17ZyMsP5SQxli4oKScDpreO.jpg,417,838,423,490,627.5,456.5,421,67
MgLjyoiGppceY8SrdcRD6S9p5RbtH.jpg,435,848,419,481,641.5,450.0,413,62
MgLT2s8visoixXrQX_JnWnNq22loXcz.jpg,395,959,520,602,677.0,561.0,564,82
mgroaxXsgjI4k8QbfLFK4hXZYEEepP.jpg,360,809,428,502,584.5,465.0,449,74
MgSeYXtRRFW5jVDI456VsaEjRllhIZLI.jpg,311,1100,530,653,705.5,591.5,789,123
MGukw9hZm9mDusQfsIZIUqO8oWR1N.jpg,461,763,460,516,612.0,488.0,302,56
mh1Vgz7TN1u11GvbzswqqZ2jqg7qCks.jpg,428,845,450,516,636.5,483.0,417,66
mhbIxHKObRqcBUbVpMUjn4sRrRGRdyC7.jpg,438,848,417,480,643.0,448.5,410,63
mHbtjCF_cyuFtN79WEKDWoDpJnjmHvM.jpg,402,730,482,541,566.0,511.5,328,59
mHEg8rkXpKUm7RpooFKY6XLTk_M3Ss.jpg,463,762,426,485,612.5,455.5,299,59
MhIdBe2oZegsOroJbed39u1HEygPUf.jpg,290,805,455,533,547.5,494.0,515,78
MhIw5JbPDwX1WgXV9IZPTMdgXTPaD.jpg,344,911,453,535,627.5,494.0,567,82
MHjJKjd2ZKDf4dV4q_DpJq2w11ny3eX2.jpg,452,822,504,573,637.0,538.5,370,69
MHL6ccsiN_TYGokDSWjuFNNReXShHFE2.jpg,390,892,486,559,641.0,522.5,502,73
MHOMgbEh7t5xfw6qHxsqvh7V6X7oopf.jpg,347,781,433,499,564.0,466.0,434,66
MHWzOyNKNSRUpdK2agQyPUQ3uhVTcKlP.jpg,311,1100,547,673,705.5,610.0,789,126
mhXBLwYbsuHCHrdKaZeUmmJ6HvkSbk.jpg,392,968,523,605,680.0,564.0,576,82
mHX_I6msJKMS61bZgsCfc_Rgm7DKcP.jpg,468,811,464,524,639.5,494.0,343,60
Mi6qTrtNVSPtMP2QcWmPTBBIVFCmvQ.jpg,349,681,452,512,515.0,482.0,332,60
mI9EzK27gjsDg3uWwBzbQS_eRtYglxs.jpg,378,891,490,563,634.5,526.5,513,73
Mir8Nrds9sqO6alVKsX2hOXab4ycNDr.jpg,405,915,450,525,660.0,487.5,510,75
miTulcFB1iaXx1TwMQvi9OVCYDShY.jpg,385,807,425,490,596.0,457.5,422,65
MIVjK3MIPlzSlq6NgIxgQUjOiCr8X.jpg,281,822,466,545,551.5,505.5,541,79
MIXyZbFTozBSoMZ6vPPofTEdt8utxVmO.jpg,388,921,506,582,654.5,544.0,533,76
Mj9poxyzIciH8X3HNuQBRr9NaXzQgr.jpg,366,885,478,555,625.5,516.5,519,77
MJbEV9YHqstuO8jQH_zchFwkim9doyzs.jpg,368,925,459,542,646.5,500.5,557,83
mJGUj76H6yjmpIqbFXVuh8ji4PeP_HyP.jpg,352,704,460,522,528.0,491.0,352,62
MJGzgBoxXPP1u6r69GDmRqOfhHhTwW.jpg,387,673,447,501,530.0,474.0,286,54
mJl6u5gbyUQ8M56xXvotXyuUMmpxBV.jpg,457,758,458,516,607.5,487.0,301,58
mJQwUL8GIyri2W4o3HoJE4nxWmgK.jpg,469,770,457,512,619.5,484.5,301,55
mJS9vj7a_TjhuScimTNm6dQ5NGDKfZ.jpg,424,962,497,576,693.0,536.5,538,79
mjsqPQw8425etGxQKBeHT3T3NPh2gSo.jpg,300,772,437,524,536.0,480.5,472,87
mJwDyg5h5v3ylBZtMOuQNy3OJnuFBY.jpg,435,862,458,522,648.5,490.0,427,64
mK3nlFpnZxu7K5pl4mjokDuMNMc.jpg,321,699,456,519,510.0,487.5,378,63
mk72itIQRmv2JwpqtXYqdWEpZMPCn28f.jpg,426,777,453,517,601.5,485.0,351,64
MK73Klg6pNYCJW9Ikn4lSWeUOt5NMic.jpg,403,723,466,528,563.0,497.0,320,62
Mk8v3kDx19vW3shGhP2wklffoTzq38FP.jpg,506,829,445,506,667.5,475.5,323,61
MKBxsppFEfIgIJL2aZGkhCb48WJU1bn.jpg,400,828,425,487,614.0,456.0,428,62
mkfSlEjLJCzgmcm4JmvU44CQqoRpcKZB.jpg,435,841,417,484,638.0,450.5,406,67
Mkg8wYU5KUyXqRVvbxnnU5kw_HIjvsS_.jpg,375,807,425,499,591.0,462.0,432,74
mkHDU3FtJHSRHvOvsng7HSzVamkzXs3x.jpg,451,898,431,500,674.5,465.5,447,69
MKjPDN5Kb2HWCCONpGtR6q78iYNchNy.jpg,440,814,502,571,627.0,536.5,374,69
mKK12RlaGNMN8USEkmx9_DlRGQ33ifV.jpg,465,781,438,499,623.0,468.5,316,61
mKKu1DxcBYMaU5jmKN5yxSVH_nMp3eI.jpg,499,790,446,503,644.5,474.5,291,57
mKKZH6biVho5n5ELCRZKpepMm7y6Jn8.jpg,366,712,474,537,539.0,505.5,346,63
MKn68fOwcWz7Pko7xTdbToWbOC7rB.jpg,474,836,459,525,655.0,492.0,362,66
mko5O8Z3XtZSRMzNI45X3Oh6Ur9VJlN.jpg,331,736,419,484,533.5,451.5,405,65
mKoK9i8yeTc4n_Q6Og6mrDSBIjdjkI.jpg,338,809,439,509,573.5,474.0,471,70
mKQXFub8t9lxJj3zNcDzIYT_PYDdeYl.jpg,343,796,457,520,569.5,488.5,453,63
mkZK6jPsq4lh25DuNVdVBRmYfMewf4vc.jpg,438,909,425,496,673.5,460.5,471,71
MLDaGWx8kddULEOHHsLGivk4bDDm6w.jpg,446,851,450,515,648.5,482.5,405,65
MLJ6vYeOra9ipTVvbi564takLG_h6Fo.jpg,361,860,471,545,610.5,508.0,499,74
mLKnf7IMJVudqeYJCJY7IrUyKSdQf_o.jpg,369,957,469,557,663.0,513.0,588,88
MLlR9F4bQHT4vfhDXhcj7EZDfBFr3gPu.jpg,312,750,460,530,531.0,495.0,438,70
MLMdr5cfjSZ62EHuR2uSlHYC8WmSi.jpg,332,1015,445,551,673.5,498.0,683,106
MLmPNZqEbYsr2JI3rXTVHS5FrCoTXdOm.jpg,459,896,428,494,677.5,461.0,437,66
mLniYCMQ4jdSNBq6xGotG34t2r25Xkdj.jpg,323,853,472,547,588.0,509.5,530,75
MLRmMPCpJ4O3TzgUZCDolZj1UCupCwh.jpg,453,760,440,496,606.5,468.0,307,56
MLu4Q7UpmSGovfLbNH1nPwFUZUPFS.jpg,380,684,442,499,532.0,470.5,304,57
mM71xSx7PKZnXf2vBpFINKXBLKf_5gk.jpg,353,861,493,565,607.0,529.0,508,72
MM7WzbOx6UtJcf6_o9KknItdUZHQhgWt.jpg,471,771,462,518,621.0,490.0,300,56
mm8c3vPihxzD6HwdWvaQbQaHf1BkI1.jpg,365,909,466,544,637.0,505.0,544,78
MMBkmGVN5g3JHI7Il11bgHhI1eSUvz.jpg,422,890,465,564,656.0,514.5,468,99
mMCIFic3YD6642CEX99X1TkKwxpN8bsv.jpg,259,792,468,545,525.5,506.5,533,77
mMf7e72x9nX8QOSzD28INy742PoR2K6.jpg,358,882,466,542,620.0,504.0,524,76
MmpPGquMTVGemx9Dh5zKanvvEyv6.jpg,317,626,476,535,471.5,505.5,309,59
MmReB5IGQ8dtFuZRLqiIRRO2CrzyWUC.jpg,356,800,424,494,578.0,459.0,444,70
MMSn5a1q69GjFyCwswnI6XwcxlW96h.jpg,450,941,482,554,695.5,518.0,491,72
MmSnXQwZjNKwuX5pukQOv8NF5NvbFxt.jpg,429,941,491,569,685.0,530.0,512,78
mmWBidgxg7xeqh_3knTDbHtk_oLNv.jpg,441,964,497,576,702.5,536.5,523,79
MMxJ52VLDGM9I92xkZw4GWfBRDsp5.jpg,375,940,465,558,657.5,511.5,565,93
mN2JKjYoqhuyaRDXVgkHoS2c8Sudw57.jpg,362,926,517,596,644.0,556.5,564,79
MN8dJcJ_XGPQ1k2dVytDy21Koqk4w.jpg,412,933,499,576,672.5,537.5,521,77
MNdSzBvM3LUi_zaY7w2hEcfdyZkVho6v.jpg,374,896,458,547,635.0,502.5,522,89
mnIf3lZnRyMSrpGjPf3VLH4jZY3kzQm.jpg,356,941,517,602,648.5,559.5,585,85
MNQ9cfWQFPd4TuzNMzTyoPtq1eBT.jpg,367,902,509,590,634.5,549.5,535,81
mnUW3CwYqNmSzOkbTt6vC2REJaW7Xy6.jpg,257,770,490,565,513.5,527.5,513,75
mnUYkYxuEazTToQr7rMSfwFSEqEm65M.jpg,383,834,429,503,608.5,466.0,451,74
mNYrvmD8cxN1ml2KDIpIuJGFHY8pLzn.jpg,363,943,522,602,653.0,562.0,580,80
mO1vVCfGgtTusBLoHyLDjEv1H6D_c.jpg,307,829,497,570,568.0,533.5,522,73
Mof7D7qic39SWTPnfmFCoduHfyoG6vu.jpg,391,780,413,480,585.5,446.5,389,67
mOkDFNHzEH8g8DfDnlFClPEh4HZsKQ.jpg,460,921,472,541,690.5,506.5,461,69
MonVKICgtv6zQMP6eQbc5dxKFfExz1Xa.jpg,480,836,488,555,658.0,521.5,356,67
MOOP42BEzutgwHoghBZ5BxfVJsGC.jpg,462,1014,504,587,738.0,545.5,552,83
mOtGKSeT9IFp1ImURBnliSgC5C1SYi2.jpg,448,850,457,532,649.0,494.5,402,75
moU4rxIBou3j2s44GvIlQsKsiHsoH.jpg,260,781,464,539,520.5,501.5,521,75
MOUrVHmxDInXbdguoMl8qhhUY8L65Jt.jpg,445,858,421,486,651.5,453.5,413,65
MOvNlCRUhs4Lc1k6SXGaWvgpEC3DFl.jpg,223,795,478,561,509.0,519.5,572,83
mp68FKgHfoVGT1OduU3dP2I9RbU5k.jpg,325,855,444,521,590.0,482.5,530,77
Mp8qUSoCBd3qLdlEQVuEwYFGCTUQqZs.jpg,433,798,500,567,615.5,533.5,365,67
mpBNeVG2IxuGOZ41BrX8qPKjwJ1qO8n.jpg,325,827,444,539,576.0,491.5,502,95
MPDfWcgPxgFaNYFETfW_uoEfdLLqkOn.jpg,486,839,491,555,662.5,523.0,353,64
mPJZ7LW1d8mZisaFYt8mLfKasfrIe.jpg,334,877,469,546,605.5,507.5,543,77
MPKIn2wdfbQYfr_yWNOVvI_qgYpbYr.jpg,419,725,438,498,572.0,468.0,306,60
mpT6utVT_qQ4r51OncUyasWBCG5CZS.jpg,359,648,425,479,503.5,452.0,289,54
mpvYai7HHnpWxvBCziGUpPD__jv6JX.jpg,335,968,455,568,651.5,511.5,633,113
MpWOP5plowHMXPzLY8vHFpJHIgNPw68b.jpg,412,927,489,564,669.5,526.5,515,75
mq3BbxwdXRvt5ZwJaf5CKRW1pVmH_Z9.jpg,194,744,473,556,469.0,514.5,550,83
Mq5EReEkNKelDm6q8vGIwafHsHTiC8CP.jpg,399,919,482,559,659.0,520.5,520,77
MQb9mowH6ygLzsl5wU6qN5wizG3f66.jpg,343,870,490,567,606.5,528.5,527,77
mqcX3jqcLXGJcOmjzrBCeVCcFBzHcnm.jpg,403,724,471,531,563.5,501.0,321,60
mQiZ6c86_V3gQgiUDbOPZ8uwGgJ3c6XQ.jpg,318,775,440,508,546.5,474.0,457,68
mqpgYByD4cwV1dGutYebKxk3J5bZ2V.jpg,357,824,474,546,590.5,510.0,467,72
MQS5dMlOokUyVGft8lFzata37W4by6.jpg,456,742,442,494,599.0,468.0,286,52
mQtmxOaPFraMH5tuFHYICZJTy__g8Xz1.jpg,414,826,450,511,620.0,480.5,412,61
MqWigSISwn1pqqkrWSPm975JffqRaX.jpg,375,955,523,606,665.0,564.5,580,83
mrFugLHQbBbt3bJtk6wRYQp8trBDD.jpg,267,760,476,547,513.5,511.5,493,71
MRNIQNLnk37ZwU8ONm2FcUtxVjLMNh.jpg,454,756,462,519,605.0,490.5,302,57
mrOfNIX4CY7jZ12RneS8f6T5bV7mf1.jpg,211,1009,547,675,610.0,611.0,798,128
MRRpxED4nf1SeiUgEPRIjEFdHhS9xF.jpg,313,902,481,563,607.5,522.0,589,82
mr_sU1gv1baWM9LGK4guUN7Bom3O22Ni.jpg,324,782,437,507,553.0,472.0,458,70
ms86o35RTlyEBTVmsodoDRsd8SYaVX.jpg,345,830,449,520,587.5,484.5,485,71
mS97fQ8HLQfKoQfsodrYrJCLqMG8pV.jpg,229,784,472,550,506.5,511.0,555,78
msagwoviV2cy4Ro2DRylkG39U5dXtK.jpg,407,914,486,566,660.5,526.0,507,80
msaLuEqtOI3eBosIxarY2_oaTH1guFr.jpg,487,964,469,543,725.5,506.0,477,74
MsbCJkvDtEf8YpaqXR9oE8KxGKnLxUI.jpg,373,893,457,535,633.0,496.0,520,78
mSbK4RKCGDpRoRNpla1ov1sQyVtqndT.jpg,445,859,420,486,652.0,453.0,414,66
MSFlKFCwForqQVGag_i4z_YlWbeT.jpg,241,740,473,549,490.5,511.0,499,76
MSibyZucUcNwvD2ZRnlKVME8v2JrXRI.jpg,481,842,483,547,661.5,515.0,361,64
MSJp7WEmY3aY9W_8JY7FSFqJfTvQTzla.jpg,310,903,487,571,606.5,529.0,593,84
MSpSRpQiq7uWkpwzbKPjcB3jDaQge.jpg,388,831,428,499,609.5,463.5,443,71
mssz3XZNnT1VXXJGs1PNKoqOQuUWYX.jpg,196,793,520,605,494.5,562.5,597,85
MSYk9CNWXagB6J9H2LbE6Icgm_TN.jpg,405,806,471,541,605.5,506.0,401,70
Mt3wnBOfZORq3SyQ3DwruWQvtKXCFF.jpg,319,780,463,531,549.5,497.0,461,68
Mt825vVnKSKrOiZGeh8hFNLPHVOO.jpg,441,885,435,510,663.0,472.5,444,75
mT8b54N1P7rkfCuyEvpBkqzKThUnC.jpg,421,900,442,515,660.5,478.5,479,73
Mtbt_E8K21xyLm8xYhakEFq8rxXc9VUL.jpg,404,812,422,486,608.0,454.0,408,64
MTiz113QIxzhwq3MGbXCIuHaS98HktWO.jpg,494,860,490,558,677.0,524.0,366,68
mTJmDhSCD_tOD5zGuB3Y9zDMxwSC81m.jpg,374,957,520,607,665.5,563.5,583,87
mTO7jN3UBsIVhyk7NhfxnnxtMjhGMo.jpg,501,983,452,531,742.0,491.5,482,79
MtqYY97Y2TCBabNTQcvOIpnx7jfx.jpg,396,942,498,583,669.0,540.5,546,85
mtSBH1dl7FWhwfSUQ_fqC2dKkD7hV3C.jpg,465,836,506,573,650.5,539.5,371,67
MtT8SPdWmuUqGFyXzsmbpKJuxru.jpg,372,850,443,513,611.0,478.0,478,70
MttsP5jDiXuTNN1ivxwkETVTkpFoOp9.jpg,445,979,461,544,712.0,502.5,534,83
MTUxuZCNxZ4NtuGfmcDJq_qHBMlu3Pz.jpg,386,735,458,522,560.5,490.0,349,64
MTW4hB_2mGj2Khg6aylUVPwKwpWUol.jpg,451,804,483,545,627.5,514.0,353,62
Mtyo5iVLME_Batoq494e2djxrbX639h.jpg,401,1053,499,596,727.0,547.5,652,97
MtYUVgCchItNW4gGQp7esdSlyiLsr.jpg,352,1045,492,592,698.5,542.0,693,100
mU7t9n38FMtq89Fy3F2s1vyXuKN2Bpfq.jpg,390,898,444,521,644.0,482.5,508,77
MuBefHHqvDFOKDIq76mW3eeUDNkVqpcO.jpg,411,931,498,578,671.0,538.0,520,80
muBgU_Kyijv9pSsITvnTxMT_aZWrfbbs.jpg,340,792,452,521,566.0,486.5,452,69
mUD9XWpMjZQajxmc1h1cHa9RDpRbUs.jpg,495,827,475,539,661.0,507.0,332,64
MUHUbrU3JCqQ5QV_7pm5emmxSEVb72i.jpg,382,668,430,484,525.0,457.0,286,54
mujnF2StZeRvozVmisv68EFXagM3aZL.jpg,240,784,467,548,512.0,507.5,544,81
MukUeSNXS58v5sEpXH6HXX356NjN3.jpg,394,719,456,515,556.5,485.5,325,59
MUnXpa6eh8kIK7axSwXpC9hB_7mVbY9.jpg,390,823,437,504,606.5,470.5,433,67
MuVqLZs8BbfqFceqran3FcwCro8KEP.jpg,378,659,433,485,518.5,459.0,281,52
muxhJJcg7MUgiOjauJZ4a5QLPU7EWI.jpg,426,800,513,580,613.0,546.5,374,67
mUXXqqyMqy_7S2OWR8Cjke1xOLVOZkWW.jpg,472,908,460,530,690.0,495.0,436,70
mv3u7GNPoIBBuN_oE8g86B8qhiU.jpg,467,742,425,479,604.5,452.0,275,54
mv7sUciM3ctE3UgKj8X4UJ9HJDIuChVl.jpg,396,839,431,500,617.5,465.5,443,69
MVc3zZYSvpkLozoX2t6Mh7917aqtfK.jpg,384,931,511,590,657.5,550.5,547,79
MVP9kJZ_P3KemSP3o9dTQGTYuMY8_e9n.jpg,397,1127,515,651,762.0,583.0,730,136
mvtOey4GOMat9tWwua5pLSQR1jFcUg.jpg,377,830,433,500,603.5,466.5,453,67
mvxxaMPe1ySBSftxE_byFY8aQpoZtb.jpg,315,835,492,566,575.0,529.0,520,74
mVXZ2V7B11Y__mSjkhiZukLzQXr7PJG7.jpg,378,795,521,596,586.5,558.5,417,75
mW1GQiifNZ98nLfKwXUowyZxX8mpDnm.jpg,487,781,421,481,634.0,451.0,294,60
MW5mI5tFxo57ksaEQZyUkW8rzJhMro.jpg,451,725,433,487,588.0,460.0,274,54
mw5V7S4oqFTgM6NC_8e6guE4Thq9.jpg,464,779,433,492,621.5,462.5,315,59
mwB72oMnNmcCpIVGnyrEBSjUUMiFV1.jpg,421,754,477,540,587.5,508.5,333,63
MwFCqB_239NKfXkGubJnyllWEMM_sk.jpg,433,859,426,491,646.0,458.5,426,65
MwFK9GxtFywrhv4ajb5JzaQZiGtHpXw.jpg,479,765,433,488,622.0,460.5,286,55
MWKziFJZSiogkuSvdrqTfPK26dmSCL.jpg,435,978,503,586,706.5,544.5,543,83
MwUKLBjW7VsYaWQnODyIhypSuCmnQoI.jpg,432,864,459,525,648.0,492.0,432,66
MwV2LRFSlqUbnuGNdPMOQ1XyUR_K_Y6.jpg,389,851,433,506,620.0,469.5,462,73
Mwvzskq4nDqtXPUSn7xyYCurdtj2lcge.jpg,300,816,485,560,558.0,522.5,516,75
MWW2HMG3_FhfDYVz9otuVraJ5X3Qhig1.jpg,397,810,422,490,603.5,456.0,413,68
Mw_WS8jjliHiNsSotZvsKEhgJFuvL1k4.jpg,401,820,421,487,610.5,454.0,419,66
mX8kdhmydqmrjeVLTkhtUhFvwK4dKbk.jpg,492,848,487,552,670.0,519.5,356,65
mXD3dXtofZiTwbu24H2Z8eDEuNh1vfi.jpg,409,946,502,582,677.5,542.0,537,80
MXDJqazr7S9EYS6N7_jIOxzdqG7G.jpg,236,1117,568,696,676.5,632.0,881,128
MxEDScVxhjjgHNV_oL6o9Kk8icHg8Wa.jpg,436,783,488,551,609.5,519.5,347,63
mxEUW64ZcpUd8Go38PH8O_6WFJoOzTN.jpg,470,952,442,516,711.0,479.0,482,74
MXFJmMPSTdrD9XhgkO9qBqYXgsRydW.jpg,155,1110,613,745,632.5,679.0,955,132
MXGd_mqwhivx4t4IS6nZ6MFBRrs.jpg,473,782,458,518,627.5,488.0,309,60
mXh5v9ecsRkyRSspckXs83VWlfnu6SQ.jpg,436,726,449,503,581.0,476.0,290,54
MXiZmRIJrLlfROp7U8bwbyCFg2qnpw.jpg,464,795,480,542,629.5,511.0,331,62
MXn274sPdi66rbB79wtL7R3tQ4HnG.jpg,500,808,432,491,654.0,461.5,308,59
MXRGja4LWBiF5q5Vlxt1SIDXeonYG.jpg,388,839,464,530,613.5,497.0,451,66
MxtJIkU6xJm3tX1lBqbsbeq9kg_SuXj.jpg,366,805,462,530,585.5,496.0,439,68
mXyUlVJIrnQBW2EQEmyoBGoyjjsEKD4G.jpg,414,770,493,557,592.0,525.0,356,64
mx_lnQ6nZRPukhEDRj8_21d5apFTqyf.jpg,432,902,472,542,667.0,507.0,470,70
My2IMLwOZIEFgGon6tij1ZfgE2zu8D.jpg,453,795,483,547,624.0,515.0,342,64
my4VCp44uyseVysSzZCPfNI298G_V1.jpg,487,817,474,536,652.0,505.0,330,62
mY8SrSoHQlxG5PxhVxaOGPFFynv81Rf.jpg,458,927,473,545,692.5,509.0,469,72
MY8xexW2XbJBpZjYDFf8QbjJBOJ1dOuQ.jpg,351,776,437,500,563.5,468.5,425,63
mYaFJbjrkcb9age17LdbV6GJdTGbUWs5.jpg,433,945,497,575,689.0,536.0,512,78
mYcC_1ox22TmgjDsM3QQTRswDm5gesB.jpg,486,1054,503,592,770.0,547.5,568,89
MYncpcIcTzfoK1tWFpDXjF8LRfEpBi8.jpg,344,774,428,492,559.0,460.0,430,64
MYQx4VtkFmqg4a5bhhqxNEFrD4XKZJ.jpg,381,879,484,555,630.0,519.5,498,71
myr3di3Vi7ikSOEKzORYpkBBLSeYu.jpg,298,819,526,613,558.5,569.5,521,87
myS32oPQgIhwB1o4GrtG3CZ6sLVcPTj.jpg,340,857,442,520,598.5,481.0,517,78
mYTxOV9GGyamQ41befi3COcFoGnk_EH.jpg,398,722,452,511,560.0,481.5,324,59
myXqtrmEUgfkeCgiFbPXnTgGuaZXjC.jpg,496,763,419,473,629.5,446.0,267,54
myZ5uJtXKr5rUDSlReIsLYPZDErnJm.jpg,413,962,469,547,687.5,508.0,549,78
MyZ_s8qJFHUTsht_xQ4_7xFVKgtu1x.jpg,449,750,438,495,599.5,466.5,301,57
Mz71PrI7YCwy7wGam7ITf_czLj4qlF9.jpg,334,842,486,561,588.0,523.5,508,75
mZ9lCvrn6jCHKHeeRk37dBd1Iy9eZQ.jpg,352,932,516,601,642.0,558.5,580,85
mZDsSb4Fa9ZB59VtLqrI_97kUQRFY.jpg,269,986,518,630,627.5,574.0,717,112
mZFbUJO4FwfB6tjX1TWokpSFTzZDR58j.jpg,505,842,455,517,673.5,486.0,337,62
MZFuIEcyV1cGDvxoWyXzNlQxb6GEmc_.jpg,440,794,491,557,617.0,524.0,354,66
MZomKrH3eXnvP69hmuRGQyEumpeCT.jpg,378,1139,607,728,758.5,667.5,761,121
MZquQvTzvZieYOaUG6S4BhRyyj2iyjXg.jpg,406,758,453,520,582.0,486.5,352,67
mzSDOpE16j_6rdkqRYOBc5xMerUE1Z2F.jpg,472,774,442,497,623.0,469.5,302,55
mZvo7Gh3EwZTQdFgdwxDWSwmtXGaIa.jpg,318,869,463,543,593.5,503.0,551,80
mZyPlExMgbj39IKrMU8lv6zzia6.jpg,354,834,430,502,594.0,466.0,480,72
m_d7RBhx6V_trg1uQx5dG2iqosZiJ.jpg,467,895,420,489,681.0,454.5,428,69
M_EnUJ2pTbQahRDtfHwRb3tzFr_chiD.jpg,230,950,518,622,590.0,570.0,720,104
M_kuXJTvUE3S9Le6v3ifhVnMx5gERQ8.jpg,395,850,464,534,622.5,499.0,455,70
N14zdEfH_Bd_KLZxX7NjLZaZ233rn7.jpg,392,872,475,545,632.0,510.0,480,70
n1H1qYTpzxUpoK13MTHGMJ49qKBGf2F.jpg,451,935,474,547,693.0,510.5,484,73
N1ksjyIoiRG4qkzHUj91eOI4V94IxC7.jpg,406,715,440,497,560.5,468.5,309,57
N1R1rrcv3jM8NgQewc1ZImvqjtIaROC.jpg,442,858,420,486,650.0,453.0,416,66
n1yt_iYO6x_Q6P4uBTeH1HweGRV3l4.jpg,295,833,457,536,564.0,496.5,538,79
N2cqBnKYKrSf7uLj1c9M1rIdwOhbwBM2.jpg,322,823,492,564,572.5,528.0,501,72
N2drJLKtzVuQ9CUU3FqRExNx1Rbrg9R.jpg,449,765,472,533,607.0,502.5,316,61
N2ifXkVzJQGnvQL2jfQT1BCNwraYxqu.jpg,449,756,463,520,602.5,491.5,307,57
N2wSHIGmmZDhqpD9ElUHHnUltnFVP.jpg,418,745,476,537,581.5,506.5,327,61
N2xWvhhb3DNyX2pisuRBIJuJIaqNY9NF.jpg,415,724,466,525,569.5,495.5,309,59
N2zO129fEmwrs1HWWy19oHZMNbnWQT1.jpg,398,806,424,487,602.0,455.5,408,63
n3cDH5rcMQd7pJXjxJbPOyCcYf3fTc_.jpg,416,936,457,535,676.0,496.0,520,78
N3Jl7bIYDGizjNCplaOxwjbvNPqcmy.jpg,433,887,468,536,660.0,502.0,454,68
N3jRWLCHvOuyVzWfF8jyIYanIUykuFi.jpg,387,1013,536,636,700.0,586.0,626,100
N3oDys1rVJnFtfuRzvaVv9nKzm2EN5Dq.jpg,463,776,444,503,619.5,473.5,313,59
N3R5w85XowrDEwjbblqdGd22BxmsUk.jpg,462,799,476,537,630.5,506.5,337,61
N3u9JYvCfQajJcS9VfgYYRi82j6Ue.jpg,454,929,444,518,691.5,481.0,475,74
n3YzVzd1PH2UB4dM5pn1jByp33fetwL.jpg,418,931,460,538,674.5,499.0,513,78
N43Hl84q34nrIYhqJcsrzZbuRVDM6Vl.jpg,292,810,485,558,551.0,521.5,518,73
N48XxacfMsUQBlhtH8SelHtmU_wup4.jpg,403,932,494,575,667.5,534.5,529,81
N4acYiMB_1U4S8CFuQIHncIfjHXMj38.jpg,454,884,459,527,669.0,493.0,430,68
N4dMX1EnMIO6DRbu4csbschMpYyZeuX.jpg,414,792,473,539,603.0,506.0,378,66
N4M2ycBoYuJNa2rcWEJcapZoQw_aG3u.jpg,435,805,501,568,620.0,534.5,370,67
n4RvLMCW9dNxa_ZfU3E6dzQYIahH_wj.jpg,294,649,471,535,471.5,503.0,355,64
N4tEUJOJSlMaHFQzZHkU2dCsaGfIte.jpg,410,884,481,556,647.0,518.5,474,75
N5a6uyNoJ6mgybpFFcfLqg7PLXv96B9K.jpg,307,660,499,563,483.5,531.0,353,64
n5CoImjMTy3mRzJ7Tyjlrjd5KJM6rIe.jpg,305,872,496,580,588.5,538.0,567,84
n5Qy7GUWmoBEvLIKIE1Rl94HYN94wFLj.jpg,459,855,481,554,657.0,517.5,396,73
n6fetjsBSMnXeiZ9PaylUpz5FQkDs7e.jpg,528,950,419,483,739.0,451.0,422,64
n6hBwrDuC1W4MQYlwl2tCnSLVF5O.jpg,446,917,472,546,681.5,509.0,471,74
n6LQE7hSpkxHdLyilkxC7IHHM2Untc.jpg,412,853,424,495,632.5,459.5,441,71
N6pYzkCJbUbshBG3Kx8am_j8VrofyU.jpg,372,874,456,528,623.0,492.0,502,72
N6RXpbNQMpGe5ZSTVbvItcv2Uwm1kZ.jpg,356,839,451,524,597.5,487.5,483,73
n6YGgC1WQLBk8zR5rHHz16vD_p81ETF.jpg,380,834,434,505,607.0,469.5,454,71
n7aO6UjUG4lbU32lKgLIKhVbjrC2zNl.jpg,375,697,460,517,536.0,488.5,322,57
N7kbd2Nbv214KVf6Or5Qpquy6YoSrm7z.jpg,424,890,478,546,657.0,512.0,466,68
N7pB3uF_46H1NL6Ui9aJzu2mrFNXq4y.jpg,334,746,424,487,540.0,455.5,412,63
n7ySefz4LGPQnPTVg5FJh1NzxcjR2oId.jpg,409,927,483,566,668.0,524.5,518,83
n8aBQXLWL5pF9s7DOeYgcvZ9OtGru43.jpg,345,729,489,562,537.0,525.5,384,73
n8Bpzhzxo6zw4Sq6XSE9h3PXtP_Nd.jpg,406,896,477,554,651.0,515.5,490,77
n8Kcyb3I_OudNsxRY9_GbkNoTSoYF5CC.jpg,415,864,465,536,639.5,500.5,449,71
N8zVgeZzM3g6NIYD2fbCbE8a3L3muSR.jpg,500,776,437,491,638.0,464.0,276,54
N9cpzJ_31cbnKNK1J1_3Tn9uPsNs9O.jpg,388,1144,576,691,766.0,633.5,756,115
n9cXNW1nUDeqxdVJFKK85D2_9RfNK4q.jpg,326,799,472,546,562.5,509.0,473,74
N9Iy4PhtvxxuNevXsdHTWVPQny7vdrSg.jpg,110,1022,558,687,566.0,622.5,912,129
n9JDF88RjgNI5qEkFi9S5mSiecyemI5.jpg,427,838,421,487,632.5,454.0,411,66
N9NKK4mWICDnkWep11_q3M9qqdSpPb.jpg,442,931,476,548,686.5,512.0,489,72
n9rLh4shqYffB6qNsYncV6cLyiXPHzrq.jpg,459,864,442,508,661.5,475.0,405,66
n9WFDiozPaeabLLdap5dLIWbl3vctY1T.jpg,212,910,462,571,561.0,516.5,698,109
na2JjBXy3XB1vqvhL6gLGEXh3IIn4gB.jpg,414,844,410,491,629.0,450.5,430,81
NaC4wjibkwKUWxT47mTFTlkXim8GFmTF.jpg,278,917,503,591,597.5,547.0,639,88
NaLLSGsLdWJ8rcOtfYzt3Wfiop_XDt.jpg,327,923,472,564,625.0,518.0,596,92
nb2QhlQaCv3XVvaQU5kee1qBYMpJDx.jpg,347,677,478,540,512.0,509.0,330,62
nb4E2UtgCOc8wvMbvpr9iVi5ZxR5_.jpg,308,891,476,559,599.5,517.5,583,83
NBbE4aYrOi1FnICiIH6ilS9zYgmjD.jpg,409,874,436,508,641.5,472.0,465,72
NBI91y44pmODIY8IgJDcTh5MYD2ZjZRD.jpg,398,836,427,494,617.0,460.5,438,67
nbiBxNmzR3TPxKN9PWTued2azHi24O.jpg,382,807,424,506,594.5,465.0,425,82
nBjfMNZm4_w7B5vPCuZSZEi5EUyjKTC.jpg,328,745,420,504,536.5,462.0,417,84
nBQGaOTMdaGqGkH8K7H9RJGr93qnku.jpg,351,838,438,534,594.5,486.0,487,96
NbtU8eYmi7C15HfVFXwPMz5qOOkNK_er.jpg,486,891,412,476,688.5,444.0,405,64
NBZWQvjs55JFpjHTZGvrJouZab87rju.jpg,159,1023,556,678,591.0,617.0,864,122
nc87FP_hKurKbXEElSosCH3d4BVpSEp.jpg,282,770,438,535,526.0,486.5,488,97
NCaB5heG1nwhrQrtEe8lkcChDLjlF.jpg,319,753,422,491,536.0,456.5,434,69
Ncaieq4hU1PeRxcvbNsGMjEOQKL4lVZj.jpg,398,697,437,494,547.5,465.5,299,57
nCfNTwWKSVMuw9MqXKvdCVTWvcsoeu.jpg,374,774,418,482,574.0,450.0,400,64
NCH1pzOSzOOiuYT9gHsnQvYcMK37uOX6.jpg,409,741,445,507,575.0,476.0,332,62
nchDCPWKsNEgDF5I3sGSQyRU4vmhGElC.jpg,261,1141,574,717,701.0,645.5,880,143
NCkTrYGFMmHxwNfxvnc_VnhZT8gWlmV.jpg,486,811,471,533,648.5,502.0,325,62
ncPqMxcHlCHpkHglMUJiHExxP7gafdV.jpg,376,755,470,536,565.5,503.0,379,66
ncRpERFn71pRHgUXz8uXgdtLpDv9kHN.jpg,351,915,455,544,633.0,499.5,564,89
nCxr62jnFpb1XySxnjwI3PcfRmZGxi.jpg,281,778,459,530,529.5,494.5,497,71
Nd3TNFy1q9OhFrdLjKEJpgmnwjCT1.jpg,405,853,431,501,629.0,466.0,448,70
nDa9fZERKQU58_WF9mzygfoyyZpGfNb.jpg,430,922,485,558,676.0,521.5,492,73
nDBZrgdksXO1uGQRZMaocemSDVtz49QR.jpg,400,842,457,524,621.0,490.5,442,67
nDbZYyizfbwKRBUMl54FIKT12ifdPiN.jpg,415,845,421,487,630.0,454.0,430,66
ndCQ9yMs__jlr5ofEiDRRqmQBdujpm.jpg,496,1075,514,605,785.5,559.5,579,91
nDDKRx3_i19ppsJsvmbhxyyai6DPTgc.jpg,405,700,437,491,552.5,464.0,295,54
nDIDHyhs2XS8nvVTqaU_O9ZTr5D2hJc.jpg,328,789,465,534,558.5,499.5,461,69
ndj4wWjaKQHHZ1Sl8DHZaCOpncPxFS.jpg,426,709,428,482,567.5,455.0,283,54
ndJIMTLTG9zKyXCTX2yxn1DYtdfTGGF.jpg,453,894,462,528,673.5,495.0,441,66
NDjzKcDuLRUsMEuOhRhq6OkE3RvOI3rM.jpg,461,806,455,518,633.5,486.5,345,63
NdLvetPsYkfb4CeeCsaZG4g7998vOd.jpg,372,758,410,472,565.0,441.0,386,62
NDmhrNJuW8y6ie9YCRco6WJ7moXo.jpg,393,822,430,495,607.5,462.5,429,65
NduLCZ3BFQyjjYnouKrgai_gJYIpJ6.jpg,432,909,477,550,670.5,513.5,477,73
NdvKngyOgnYFn7lpTjYhLyKfLHsfpqjS.jpg,502,808,456,513,655.0,484.5,306,57
NdZa3GXTCYo3I5YNghholI7rjmnlrJVj.jpg,451,776,451,512,613.5,481.5,325,61
nE4xO_i_bJnnam_uncTKB7NrRjpc8r.jpg,304,876,479,561,590.0,520.0,572,82
Ne69wqW6lbxmFDV94TKuZbhomMQQM2kK.jpg,449,727,441,493,588.0,467.0,278,52
NEEtSdO9XqI4SmgZZL8VmDgKJ5PCLUg6.jpg,351,692,465,527,521.5,496.0,341,62
nEhegZ1RDd65fXdRM_hiyc_ibEH8b7Z.jpg,422,933,461,534,677.5,497.5,511,73
NeKRlTsTRZ1d6aSC32XX1DjjuHJsboVk.jpg,395,805,445,506,600.0,475.5,410,61
NEl3Nqv7PySkJR8FYlgvzkTnzn7sbzU.jpg,419,765,455,515,592.0,485.0,346,60
NeMCnfKLcRetDzrrhv3R9JB27f8r6gI.jpg,344,869,492,569,606.5,530.5,525,77
neNrZlaersuq_RZzSZgETQg44iWvhhW.jpg,496,931,426,493,713.5,459.5,435,67
nEpmjaYDyp7QLVEYzgrf8fSz_NkWuV.jpg,449,809,502,570,629.0,536.0,360,68
NEUgt3F9ydnHohJ1wLSLxcXuGjQgEUfS.jpg,371,841,433,507,606.0,470.0,470,74
NEyNn2CXRyDoWdvYeFjOdvsYhrIcIzx.jpg,391,778,481,547,584.5,514.0,387,66
NEyzsZVuT1ojMZ7pWfDFkgFlgo1Wqm4.jpg,365,893,494,573,629.0,533.5,528,79
nFGYEBEJr46CCCq7emGzGyrppZpXjHZ.jpg,327,859,456,532,593.0,494.0,532,76
NFHcmJl3XmFZp564V8IcBgcZk2ppiNl3.jpg,452,940,447,520,696.0,483.5,488,73
NfJBKESfCCcegnFbyS7s2IlQfMgi2TGS.jpg,378,905,494,570,641.5,532.0,527,76
nfmtDgGw6cgtwDPEY4GOF9OySMmJ5y.jpg,414,921,446,523,667.5,484.5,507,77
NFwTjLEaj8gxpf7EfoD6kpDJeZtHhP.jpg,407,725,443,501,566.0,472.0,318,58
nFXJujffxmDwXemZw3qsdBnwUTBr5Gx.jpg,417,861,465,532,639.0,498.5,444,67
nfxZtpblDLSVFT1SP9Wtfy4J_aMvOai.jpg,350,769,446,508,559.5,477.0,419,62
NfZyjrYnSuKMk_Mwimdjmuh4hLmZwV.jpg,400,952,463,550,676.0,506.5,552,87
ng4OipHMiP35XH7YNLWymXqCz32xYll.jpg,398,878,442,514,638.0,478.0,480,72
nG9SfckxaPvPfBtjzQWfCUneRJdGxjQ.jpg,300,779,478,548,539.5,513.0,479,70
ngcBocWt2UMwdNdu1KlQ9SKSDV2elMY.jpg,482,777,451,506,629.5,478.5,295,55
NGEXMTOfwTx8vnJmaiTq_QBtvmUZEBf.jpg,467,882,453,517,674.5,485.0,415,64
NGgz25vvDkdtz2G7LrXJcNdYPXJgQn6.jpg,427,720,455,510,573.5,482.5,293,55
NgJ38r7k578C2M_oPzdRkQ7MU6HhrdY.jpg,328,765,430,494,546.5,462.0,437,64
nGJBGG8vUBQYfLMbakSLBP1oIoZk1ceH.jpg,465,971,445,521,718.0,483.0,506,76
Ngp2jN4yUmnvLHUhRwfO2Is5SsUE.jpg,285,765,433,523,525.0,478.0,480,90
ngPkBd1pcNu51JKTcI1qpWy32pfPOpdu.jpg,378,815,430,498,596.5,464.0,437,68
nGrGJ1NnO6BTDt1brvoSTlYK9EQsZRJ.jpg,458,785,478,540,621.5,509.0,327,62
NgsBnybQWnlLVEyL1UyDerakyYtttlC.jpg,336,775,456,526,555.5,491.0,439,70
NGsXXKRw8IJhrnCSChgqzwMrZIaoRNo.jpg,415,845,425,496,630.0,460.5,430,71
ngU748elCrDGwzO2BL84kzspDVWxBWgJ.jpg,429,864,458,522,646.5,490.0,435,64
NgUlef8UTGXDNY7H5v3vmhdWGumZD78.jpg,326,975,469,572,650.5,520.5,649,103
NGvVxyowDcNr5yy6nCKwlnyt7kSvk.jpg,249,793,470,547,521.0,508.5,544,77
nGYro4pmvs6IxpEEoK1p1D6jtEGvdE.jpg,378,891,452,545,634.5,498.5,513,93
nhdOrw2heSNO7aHGJuTofjGhiGJCNZ6L.jpg,327,753,425,491,540.0,458.0,426,66
nheCyQx71OanxlXDDmMjZwkSECQ8oiaS.jpg,475,783,462,520,629.0,491.0,308,58
NhGPr4LVyaFYb8TOLVtU4ZKzBTFni.jpg,480,782,434,494,631.0,464.0,302,60
NHhY2N4yUcJDvh8rgxPRx4i4OGU6jP.jpg,324,688,442,512,506.0,477.0,364,70
NhLc6UvwNr5I1g5ePT7OX3GsYlKS.jpg,354,854,447,522,604.0,484.5,500,75
NHlUkJ2H8RLHctwxJIy2XJxFX9F4K936.jpg,431,895,439,508,663.0,473.5,464,69
nHN_NTE14cM27sDb55m5McijEy7h72.jpg,313,815,476,549,564.0,512.5,502,73
NHOOQ7RzKS5bnsNHarDUFPzLegvqfHT.jpg,267,912,484,598,589.5,541.0,645,114
nHPcYwgMXbbz9SZgjPzqhJIuOD59N.jpg,416,728,440,499,572.0,469.5,312,59
nhppFGfKZGwIi1pmv8yklR58DQXTp.jpg,411,854,487,561,632.5,524.0,443,74
nhRTPojVRUbZKtH7aXydd7PUc73BpRd.jpg,460,854,415,479,657.0,447.0,394,64
nHWsHfg6MbYrKdCBbuzX9wnGpiubgMv.jpg,404,947,510,591,675.5,550.5,543,81
NhYMajDmEEz1n6GrKO3Nvoufufjfrnm.jpg,402,809,420,484,605.5,452.0,407,64
niEtza1Yfa1HIek7m2fYQljSQ1pfNa.jpg,478,801,451,511,639.5,481.0,323,60
niFPoeoyTcrcZt8EPbrvU8qUNfccVJ.jpg,419,843,427,493,631.0,460.0,424,66
NiFXXNBcstfrjLET8MNd248XJQ3s2Mk.jpg,479,772,451,508,625.5,479.5,293,57
niGCFwsKbVFy4EWNzb8mUFQ2vecGu.jpg,261,773,455,535,517.0,495.0,512,80
NigvG6NcVrobdrxSjvf8lj4J_bdlBN.jpg,357,827,434,519,592.0,476.5,470,85
NIG_XpknQp1XHmkx_N4TnZz9YBXbXbaE.jpg,459,884,444,511,671.5,477.5,425,67
niSlBaS1k4FF5K1Xa9k1Ya2LDsvvPi.jpg,441,785,482,547,613.0,514.5,344,65
NIspQGEw3ZUEuqlfOjZrEE4cYxdnRf.jpg,468,784,435,498,626.0,466.5,316,63
NIUrPfL1xb8tL6WlI7SyETQ2eUUvznY.jpg,481,842,459,527,661.5,493.0,361,68
niWgNZb_YeROmZqLE94_wRvZ8p7Q7jRz.jpg,277,671,523,599,474.0,561.0,394,76
NIyXmspV8jXmCjwyUxRmgklSZhDM.jpg,468,826,493,558,647.0,525.5,358,65
NjaDgPRZscdEbrtnDXCLbNabEJsltt6e.jpg,444,874,454,523,659.0,488.5,430,69
NjbFQj7wuVJvrU4tpImSNjuvRHzpp5Y.jpg,472,903,428,496,687.5,462.0,431,68
NjEfaigstywKQxrQ3aCIxgmPTISEuLa.jpg,438,722,445,499,580.0,472.0,284,54
NJezt4PbOE9KQ4fyKf89WlU7LeTd.jpg,406,925,451,546,665.5,498.5,519,95
NJkKQMhZPNoznjTP3Hq3Q2lgu_wPswt8.jpg,434,739,455,512,586.5,483.5,305,57
njktiBUWlqxi56rmdFsSuvctjdIxLlR1.jpg,420,751,440,504,585.5,472.0,331,64
NJopWK4OrUwjwmSMn6Fu1nMrK71B2wE.jpg,273,820,458,541,546.5,499.5,547,83
NJr7VlmTjT_3pfzFi_GOMU1C9ydKD6.jpg,492,984,469,552,738.0,510.5,492,83
Njs2g3Hb1IcwugKv5jQtWPcFdTso32.jpg,335,753,428,500,544.0,464.0,418,72
njX_OOYaItulfhQxEDoeuSelPFrNkT.jpg,440,941,448,526,690.5,487.0,501,78
njZxSxBEwNRGBWiscHNWpbGfLfhM5sr.jpg,393,724,460,520,558.5,490.0,331,60
nK7W3PTZ6gdKWnWQE9GnEOr2CcQvF.jpg,300,764,426,496,532.0,461.0,464,70
nKdcHxWcBjOqqmiz3mRSiQXJQ8Hlvp.jpg,398,708,445,503,553.0,474.0,310,58
NKGSFQgENttckMDY3Uy7r4cHkXHGYEn.jpg,233,798,471,556,515.5,513.5,565,85
nKhJcdDB5r9yEBXDoRU8a598f87qU.jpg,384,950,475,558,667.0,516.5,566,83
nKiRiIuuuCWlLYL3nYYsp24Y53gKv.jpg,366,870,452,529,618.0,490.5,504,77
NkiWHxZfSGIfllSbEpDEUX8fs4ibRam.jpg,444,849,420,483,646.5,451.5,405,63
nKMwoRSUljT_x_yv8wqxiK9OY6XBZl4.jpg,419,901,439,516,660.0,477.5,482,77
NKo1rBykKKcvMiwiNf8cJ54fHOMK_Moq.jpg,270,776,450,528,523.0,489.0,506,78
NkP2jMzyEaXwuhCf8r2jkIybbSZlyW.jpg,454,793,476,539,623.5,507.5,339,63
NKUCqQfvf5J5EIeojPB_6N7U6vLW51j.jpg,376,651,417,472,513.5,444.5,275,55
NKWouGr4ft3kIMIM2mvKOxHHOUCyBgjr.jpg,358,791,455,519,574.5,487.0,433,64
nkX8jES4hTPPQyWd8rBurKqGcwWKwRZ.jpg,401,765,462,527,583.0,494.5,364,65
NK_SW31UW2g9cXngB_8a8WrpyK3keUD.jpg,420,824,411,476,622.0,443.5,404,65
nl1mDknRvkCxc1eWZhWQ7lmdKqGfZB.jpg,449,892,459,531,670.5,495.0,443,72
Nl3mG5wPFQO2abv8pxcRyuDSwbCwOk.jpg,453,754,462,521,603.5,491.5,301,59
nLEBJgxeGxSh2Ymi83DXvXmZixDwtN.jpg,435,727,435,490,581.0,462.5,292,55
nLeDQk4IZF5y7b2R1iEmLyxvoeG73iKk.jpg,311,834,462,538,572.5,500.0,523,76
Nli2uFqJ2NCKNzLfSLq4CSNSpSTP1.jpg,382,824,428,497,603.0,462.5,442,69
nlOWOjQDkXWLhIQm7PrvvPvd7geYg.jpg,320,864,466,543,592.0,504.5,544,77
nLoy_hd5qVEi3kneSKpfpCFpbd9kxi.jpg,295,801,476,551,548.0,513.5,506,75
NLP8pJkbUnFzYC6JPiETtBNstiEc8.jpg,442,904,463,535,673.0,499.0,462,72
nlUkkaOByTmOOwpeF3wGo6mcSQcF.jpg,327,875,467,563,601.0,515.0,548,96
NLVks_t9KpbxkhZeTqHp7Ud3yShRnoFU.jpg,370,940,473,558,655.0,515.5,570,85
nlxOmjCnKY8URs2MMODcn2uCzS9zlw.jpg,391,738,462,524,564.5,493.0,347,62
nlY1y3i1eyGBZ1TGle4bFuYWiOxF3Ll.jpg,381,790,423,487,585.5,455.0,409,64
NLYibQ4M6uqSpKbo2NNB4oOKjKlIi6zF.jpg,330,758,431,495,544.0,463.0,428,64
nl_8SGfcTbtlD4a1khHSD6grTejQUOIY.jpg,485,907,425,491,696.0,458.0,422,66
nm1tZO7aeUs7T6Z2pztL7oDH8jMLCx.jpg,433,784,434,503,608.5,468.5,351,69
NM5izPRVeHHGVQNMGfeFDG4L2IHvs_u.jpg,434,869,464,531,651.5,497.5,435,67
NMaT8C4U_ydTNqtt7Wirm_zUE.jpg,336,902,467,553,619.0,510.0,566,86
NMb3wKO2bK_KjibLSGw9UrwZcRGbxZj.jpg,422,938,452,528,680.0,490.0,516,76
NMCti3VokIHGEdTyzU8vBgxTy6DlC7G.jpg,379,770,415,477,574.5,446.0,391,62
nMD1hLYJekSdh9_WSyNdOsdt9_Z98EM.jpg,281,901,491,586,591.0,538.5,620,95
NmfIyuvSpgOrig7dXronJ7ttNvDafrxM.jpg,400,836,426,497,618.0,461.5,436,71
nMo6NMpMMQzTPzVhXcIisV9eMhYdYCsO.jpg,225,1201,587,726,713.0,656.5,976,139
NMOx5R7jOxBqeEO_VJ_m_91xXT8Eu6d.jpg,397,800,419,481,598.5,450.0,403,62
nmwnZRGI_Sb7t5fm8BgOPqRa2waFnY6.jpg,470,959,482,556,714.5,519.0,489,74
nMY8DzX6fQWz3TtfN3qqqokX67pnnCk.jpg,500,830,452,513,665.0,482.5,330,61
NmyTJsDOgRltEvzDkk7p4IDE9W8j8.jpg,401,774,456,524,587.5,490.0,373,68
nn9OnJ74DkkHC_w4nk49pokdXRYJwdh.jpg,283,775,442,518,529.0,480.0,492,76
nnBwbWeRKf_LILJxCir_RdBRw8NFitU.jpg,369,855,435,510,612.0,472.5,486,75
nNd4MQVmBHMOTfpjv7Ngjyfj2yZICH.jpg,261,798,478,565,529.5,521.5,537,87
NnDyXlLC7XiinMBPPEJEateVOzMcPoxq.jpg,411,909,448,524,660.0,486.0,498,76
Nne3y7KHQfxQ4rCG4rrHEQWYN1mGhJ.jpg,331,858,494,568,594.5,531.0,527,74
nNFzltLQZnEaIT7l_wax3OtDFzvQ_w.jpg,263,994,512,628,628.5,570.0,731,116
NnHNgK7hcLORzM1RKKSLHhsWfvRb6b.jpg,260,854,529,619,557.0,574.0,594,90
nNJlvtjUNsIl2oBOoOf9bayna_p3fE.jpg,251,805,505,583,528.0,544.0,554,78
NNKD8iuNX_YpMwXm9bavx8IskJw.jpg,338,911,521,601,624.5,561.0,573,80
NNNQdbLi1fCKLm6_ehyYNrERP_69.jpg,455,918,439,509,686.5,474.0,463,70
nNsbB3wPK3zYhvJjqrCNHKf2ZwBf3OKo.jpg,375,833,439,507,604.0,473.0,458,68
NNusODmnPIQyRd5HJLBp12jx4vtnPSe.jpg,349,653,435,492,501.0,463.5,304,57
nnwU5a47j7Lc673y35lxRy9OWULxkboG.jpg,465,878,420,486,671.5,453.0,413,66
NNYSqF_wNgL6hwod9GJISXqkqYr2BD.jpg,431,794,506,570,612.5,538.0,363,64
No7tfPX9fZwWCz195IJiZyVYxKGs3Px_.jpg,315,810,443,513,562.5,478.0,495,70
NOb3FxEDJRXN5TOYNzfN93y4KMKwg.jpg,339,665,451,510,502.0,480.5,326,59
NOhBXqW67McPNylBHGBWfclBHWCWW.jpg,412,841,424,491,626.5,457.5,429,67
NoJMZxbEK8pdyxIwN65o2aN64EWe9.jpg,451,769,445,503,610.0,474.0,318,58
nOkE7h8Dl3pjykXr7WlhafdYkwExnF.jpg,252,799,470,547,525.5,508.5,547,77
NontBbDjBR39oUNsJwQ62LQk4Be4J7.jpg,450,740,456,511,595.0,483.5,290,55
nop4FqYn6SbM_XCLYeh2JkwEmd7ms.jpg,425,904,475,546,664.5,510.5,479,71
NOqvBDDSMWWlg5yX8MjTGR6JaONaps.jpg,388,811,469,548,599.5,508.5,423,79
Np7mVRnlz_ERlF3pKtl7FWSncKJWq.jpg,268,823,502,585,545.5,543.5,555,83
NPCFYXtRY9nROXidCz8hBZhMMVZ1R1.jpg,482,783,430,492,632.5,461.0,301,62
npCjC34sg2FJmyMdY5tuBHkYEqMeP97.jpg,471,780,458,516,625.5,487.0,309,58
NpdwjcxMzmBs7pMyacP9sd_FcHtNGgB.jpg,432,896,421,509,664.0,465.0,464,88
Npe65xJx64mvSmFPDYmosKFKaoOUWDr.jpg,406,1004,525,620,705.0,572.5,598,95
NPjFEiiqvKTRquCwDJWrGcCZJ7RXnyIb.jpg,298,754,434,507,526.0,470.5,456,73
npJKjfO3M9HoBLwsBUPcfwC8_2FevZ.jpg,340,750,454,518,545.0,486.0,410,64
nPlYnns2NBeIq4kS3rnNbJymcG7HcH2.jpg,234,1035,545,673,634.5,609.0,801,128
npov8dlcrfDbRGs5H4zTKrtT2W_JVWnR.jpg,421,841,421,488,631.0,454.5,420,67
nPtbQNKjO2CEI4Df7aWTlFITNwNoy.jpg,397,873,426,499,635.0,462.5,476,73
Nq6pbmqGkBB66cOIf2Tq6laWkKTIb54.jpg,355,864,457,530,609.5,493.5,509,73
nQbQkqdEyJwJjKxxPlyFnzLLCRJvXS.jpg,515,783,370,449,649.0,409.5,268,79
NQCET448c_LV8H79WNUNwid3lcrWna4.jpg,407,914,486,562,660.5,524.0,507,76
nQDUDXtqt563rJUBl51fx698qtETRqz3.jpg,465,907,456,526,686.0,491.0,442,70
nqGujX4wZLEc4gkldy16aeHg86gvG.jpg,392,936,506,587,664.0,546.5,544,81
nqIFg7JERS56EZvribfPnRT2com2mtL.jpg,317,958,498,597,637.5,547.5,641,99
nQLoP_vbdVT7tSuvNSK8nqon6jPZ5vt.jpg,262,784,463,537,523.0,500.0,522,74
nqnMiwx6nyYqmcR2DQwYy5JkP4ElOkDD.jpg,341,655,438,496,498.0,467.0,314,58
nqSecJvUJKZosYVMMUnY3LiPU7cnwM8f.jpg,384,826,426,495,605.0,460.5,442,69
nqTr1L86r9s598NQZbJH6CSYtgaB9.jpg,352,915,468,548,633.5,508.0,563,80
NQuo8xs_j4OtpiuHz8f3dJJ7dVnySKg.jpg,480,807,475,537,643.5,506.0,327,62
nqv968LHrpMIImNWDZ9dms57p66TpfT.jpg,418,722,435,493,570.0,464.0,304,58
nqVjTDWxU59jhkzEzjvY_LMYxbJMu2.jpg,373,881,475,548,627.0,511.5,508,73
nQYRd1Z2nCGLs65C5ywbBmEopusWxPes.jpg,377,977,530,617,677.0,573.5,600,87
NqyylCmk12O8v9z8OwF1PR_hgdlwO.jpg,459,799,445,513,629.0,479.0,340,68
nqZj9kjBi4_XiYYCao_jEnVdK_FMxQ.jpg,437,911,450,545,674.0,497.5,474,95
NR5e7qj41zE6F9z_3arNYfJoNe_qZL.jpg,461,776,472,534,618.5,503.0,315,62
nrJYCOzaH_MGlQTQixVSbIsNfO35H4D.jpg,496,861,468,535,678.5,501.5,365,67
NrLkbILr4F8Yffn_9aMeIB8vEhOo3Z2.jpg,364,918,510,592,641.0,551.0,554,82
nRnOgO8nvgDfRE5EYLIW89MFwQ2gaIS.jpg,383,859,442,514,621.0,478.0,476,72
NrSj8WWjheWG9sucspU67xpnPg.jpg,295,819,455,535,557.0,495.0,524,80
NRwXEmDdsR5p12J_L8NrvQ9KCl19.jpg,434,736,453,514,585.0,483.5,302,61
NRX_Y3fohiK7aO5OaEanW1BdqC_yn3yM.jpg,374,982,535,623,678.0,579.0,608,88
NRZzlOl9CT___xEGfFfslj235x2wd.jpg,404,855,431,502,629.5,466.5,451,71
nSdBh9NLveJ86bKgZp8aToncTK9lpR6r.jpg,501,1021,485,576,761.0,530.5,520,91
nsE1SrPUJ3Ry1htdrETTq6GB8wL8LiP.jpg,335,872,460,537,603.5,498.5,537,77
nsFC98DrIWxoOo798CMa3QZPQPbr.jpg,368,850,446,517,609.0,481.5,482,71
NsfgCVFxVb3Q6KQPjpV1cUgYkIoC4q.jpg,302,809,483,555,555.5,519.0,507,72
nSg9Fue4vxiJOKpMtil1xP7OKtKlOZS.jpg,386,823,426,499,604.5,462.5,437,73
nsHgHUi79yD8wM5YolhubR1Ly82LVUs.jpg,517,789,424,478,653.0,451.0,272,54
NSJhdylzJGnz7xTOICjePrQLnKflUw.jpg,324,751,429,496,537.5,462.5,427,67
NsKSD4OQGCBhtVhWxoUTKaKbvj94T3C.jpg,323,661,470,531,492.0,500.5,338,61
NsLVZyazVGk_zngQHLfTJfGwir_gV.jpg,528,860,466,526,694.0,496.0,332,60
nSpdKXZjEiniMIDZdYhs6E8llnZgZ.jpg,198,825,505,591,511.5,548.0,627,86
nsSC7go1_n5rYjct2SExEFCtxtHVewJ.jpg,429,1013,469,556,721.0,512.5,584,87
nsThggDkdcJGwrbEiNSSZ3dn7Qvi6K_Q.jpg,422,909,445,517,665.5,481.0,487,72
NSy_4jC3DFSepxG4J3R5bWtCqk4ZJyw.jpg,444,908,440,512,676.0,476.0,464,72
NSzWhGvf4zbe_JKVqH9USJUtXgSmF.jpg,387,824,430,496,605.5,463.0,437,66
ntGEjaKa1Dym7pTfWZqcav3NqJJdM8i.jpg,408,979,477,556,693.5,516.5,571,79
nTGFjLYk6yL7Vy2mmcOSHx5Kou6R76.jpg,317,875,465,543,596.0,504.0,558,78
Ntk6VJZb6klvJqlSEbViaIq3XjVk1G.jpg,482,789,461,520,635.5,490.5,307,59
nTle2v8F1V5eNpDF5R5hNYvmDwW6T_.jpg,380,666,425,479,523.0,452.0,286,54
ntmQFlUaRiui3ZZl5Qh3yjdcuC6qHr5u.jpg,443,730,431,485,586.5,458.0,287,54
nTMQGCBWHpHMPgw377BGuOxgd_7ky7Q.jpg,419,714,433,489,566.5,461.0,295,56
NTosYZgmJG3nT_jUWZ46EkowkOkbRt8.jpg,307,860,464,546,583.5,505.0,553,82
NtwBtqZCFXJ5XsVbCIwV9S95E7FVKr4q.jpg,436,1005,459,578,720.5,518.5,569,119
NtwczOHFyny2yMFi2y4VDoT87EjxSkSf.jpg,327,921,523,609,624.0,566.0,594,86
nu8odVk74NiZyksxq7PK63_wR_xyPRL.jpg,405,885,447,520,645.0,483.5,480,73
NU9CcpyLVjGPmpXBF7M84XidBtqQBR7y.jpg,408,753,487,548,580.5,517.5,345,61
NuB5QVMISwvdnKHGRntHtZPqF4VRM.jpg,454,814,457,527,634.0,492.0,360,70
NulrBXIkkVYbEdOUSzDLJfSRqRXo.jpg,372,895,451,530,633.5,490.5,523,79
nUpjrbX31zCEyYeiFzhMS_5pExPpjUZ.jpg,221,793,459,542,507.0,500.5,572,83
nUPMvtEaW2TUazh8XLRbYBj8xBN8z3w.jpg,339,898,474,551,618.5,512.5,559,77
NuQlPi6pjTNYownXLpJ6aTP4Xphcnpis.jpg,434,755,470,529,594.5,499.5,321,59
NUrg1nS_z2t21tmf5wnJIMQ9jCIa3.jpg,412,852,463,532,632.0,497.5,440,69
nuUM1Qx9nPqLcNU6xNXK4xgIRYir8i9.jpg,396,714,436,495,555.0,465.5,318,59
nuxvJWm9wLp9CJFjDeOVKQXKyuglPsiD.jpg,339,822,470,539,580.5,504.5,483,69
nUzB8XZoIOLeJcRaoMgCmUrQthPsadC.jpg,389,710,451,512,549.5,481.5,321,61
nU_z9STdK7X8juBDxXkI3b2_KiSr6iP.jpg,327,778,443,510,552.5,476.5,451,67
Nv5CvRvNjZOEC2e1lZy7gRCMPshzyx.jpg,278,865,472,561,571.5,516.5,587,89
Nv5JB5LsgS_CRsXJBUMJgRfiE_wD5X.jpg,398,820,428,493,609.0,460.5,422,65
NvBHdxGN5_5Xx5IYpORlgxMEzCDMofm_.jpg,341,932,521,609,636.5,565.0,591,88
nVbXDXEvV9mC1y2o423qY4uVhJhzTUL.jpg,439,704,416,471,571.5,443.5,265,55
nVCWwPoWqBlHn9fKnMn5zTMlcTs8SQH.jpg,408,811,415,497,609.5,456.0,403,82
NVFmNr5yjQcZMVZGNyWzXJsYtLELEGo.jpg,370,841,432,503,605.5,467.5,471,71
nVhRXRZ41YgfDd4GxvOpWkH3fxMmZRWf.jpg,344,694,466,528,519.0,497.0,350,62
nVJ2elFHaKc9ohpaxu9oaErhJRDxkgeW.jpg,431,871,423,494,651.0,458.5,440,71
nVJEYWJX6rCv9Zlx4IrO4XEWq1eFL_.jpg,501,792,430,488,646.5,459.0,291,58
nVkZnihiGZbwMFiKlqTXBdDO8hENjRQ.jpg,240,816,475,555,528.0,515.0,576,80
NVmZtke1KGw1LV3wx4yTXHvV2zDm8e.jpg,383,788,422,486,585.5,454.0,405,64
nVpG8Po35Hm9nD8xCxWLoNXz7aGdEb6.jpg,292,933,414,517,612.5,465.5,641,103
NVPjhCT1ldZYUqeEYLU99GPRgIHMsoF.jpg,362,843,445,520,602.5,482.5,481,75
NvR63YTqfQdrWlT6Ky43g7RhbYfaWU.jpg,390,870,483,555,630.0,519.0,480,72
NvUlOwRgK3xluFXWZJZgrYpVIZTato.jpg,357,839,441,512,598.0,476.5,482,71
NVWhP3grPqPbo9JjsYl3qQ8w_1dHg3.jpg,191,726,505,582,458.5,543.5,535,77
nvXVqkPXXecL_J8yBE1da1ud_cbCQtWI.jpg,438,716,429,482,577.0,455.5,278,53
NW2gLJVH9ZjsyNDId2DzFkKYg3QwZxC.jpg,429,761,455,513,595.0,484.0,332,58
NW82ZF1B54lb87fk4NOZsVUHo7v4rm.jpg,275,776,447,524,525.5,485.5,501,77
nW9KCMoWv8kiewuSRtlcmDepfXSIev7B.jpg,434,841,420,485,637.5,452.5,407,65
nwar3QGlzj2KXSf5wIpW6nZiNYeDni.jpg,290,825,490,569,557.5,529.5,535,79
NWEsJC9PdCO8DtmpG23zzSMpzTQwd6.jpg,397,887,446,518,642.0,482.0,490,72
NwfmCgYUFoDZNueFvwsirOOaqje6iRzW.jpg,323,941,489,590,632.0,539.5,618,101
nWGsZuX8Lanjv5uc79nz15dl_RrljM.jpg,382,874,442,518,628.0,480.0,492,76
nWI6dkPkRwZJ35lqItpmiUpUX5aD6Td.jpg,383,800,452,521,591.5,486.5,417,69
nWIckgNF9yf7NJ6FMVzltHs3oXafMd9.jpg,452,785,480,542,618.5,511.0,333,62
nWl5xt_I8cLJGKdgf39lI91uVCSll6w.jpg,278,806,460,538,542.0,499.0,528,78
nwm1h2TkMJU1QgR842FhNR3lPJwKjI.jpg,412,811,419,488,611.5,453.5,399,69
nWNuDMhylcSBtltOyeGtW_g51CgMs.jpg,112,904,482,587,508.0,534.5,792,105
NwPBOYvIvgcU_NkvMQOB3X_xh8qXoCQ.jpg,289,780,441,516,534.5,478.5,491,75
nwtbSt6E3JMgbFD9J_vQPKExvw8MesT.jpg,333,900,475,555,616.5,515.0,567,80
nWtzQ4dybRM3b_XMOYcH6aSRo7Pql1O.jpg,443,1094,494,613,768.5,553.5,651,119
nwxLMD5TVVpcJfZbTHirHYpWNsbf5r.jpg,393,910,454,536,651.5,495.0,517,82
NWXVTW4opCLX1yax9tI1NmFVY8JBfdI.jpg,344,1039,502,652,691.5,577.0,695,150
nWYsoo8wz2qtelTwCU6rYoMy8ZMgows9.jpg,442,883,428,497,662.5,462.5,441,69
nWz6Jl44jj8DOuLXH5Ue3xPZrKTK8.jpg,368,838,436,525,603.0,480.5,470,89
Nx4inn6KLLc2N6ZHMNwaqikOLBfDrc8.jpg,459,841,475,542,650.0,508.5,382,67
nX5WM8gE7FmgZpO_r3M9hkiqdx1bcZ.jpg,461,923,465,536,692.0,500.5,462,71
nxaPyn32Q8fIxMyo4BdFaWKdvrIZ5PT.jpg,357,842,445,516,599.5,480.5,485,71
nxCGYF8fLZc7xfIDMsB6Z5DfJxssBlQ.jpg,318,780,465,536,549.0,500.5,462,71
NXKHSfcfxuzSSMqpMb2ahE9rr7ROtgP.jpg,340,900,500,580,620.0,540.0,560,80
NxLZsxUklaIpn3KrHxttndaEumMtj3i.jpg,481,849,499,567,665.0,533.0,368,68
NXnfGD6LQVYI6GbHQ6rjaMYHssKG431.jpg,431,908,477,551,669.5,514.0,477,74
NxVdhLTVFkZqMQwgIb5SbNrGlbOQDjDj.jpg,398,766,494,562,582.0,528.0,368,68
nxvjxq_F19b_iF4BEkfC3Cnjf_gQeTj.jpg,483,900,422,489,691.5,455.5,417,67
nxWozb3DZq7DtSW6cFpzQQSpD_6I2.jpg,353,806,471,547,579.5,509.0,453,76
ny252VgFMvP8dho6bzMQh4uOl261V8.jpg,377,840,437,505,608.5,471.0,463,68
NY6PzuZD56ns7GUIpfeLWdMH8B5crkj.jpg,451,832,511,578,641.5,544.5,381,67
nydtworl6KVbDeVbQiKqOFFFkV8bQtr.jpg,467,824,500,563,645.5,531.5,357,63
NYHjlra_C9vO9y1ymdGlpV2fzC1v5K.jpg,330,984,504,595,657.0,549.5,654,91
nYhqy18CQViPutFomf2eOFS83.jpg,402,729,448,508,565.5,478.0,327,60
Nykh97ZOGZ3_N8_8Xp6Gxam8gFjIlEX.jpg,340,671,478,541,505.5,509.5,331,63
NYMRYl1fZyeFHPSVuzCRk1gbhohSPVy.jpg,356,657,432,491,506.5,461.5,301,59
NYN1fePPEr83xpdR8g_SHrFYH_5IJjd.jpg,475,837,479,544,656.0,511.5,362,65
nyqjDjb_bsXIGfpl_SU4LZ4uGLTbPLH.jpg,294,876,479,563,585.0,521.0,582,84
NYUu7bKZYptMdSTMsfVI7t4VERS6vZ.jpg,429,876,427,498,652.5,462.5,447,71
NYX8L2v8RsLljuV6rIDvlZt6bSP7WXP.jpg,350,870,459,539,610.0,499.0,520,80
Nyzf1G3s6PDqvJrIf9e6p4mcjccMXmDX.jpg,392,839,433,501,615.5,467.0,447,68
NZ1mKamds3wzJduUXmoPEa8e1j7sGl.jpg,390,889,490,561,639.5,525.5,499,71
NZ5CFcWPVZflW7NaSPelKYTBJirtiI7.jpg,320,824,455,533,572.0,494.0,504,78
nZ5HpaGGpnz7fvW83y2pvkr1fncjZRl.jpg,341,844,457,529,592.5,493.0,503,72
Nz9OaJX7VbW7p16Zxta2f_S1uT2sz.jpg,500,902,408,493,701.0,450.5,402,85
nZL4ghwDwknNi8znspW5DfUf9s74bY.jpg,509,776,437,491,642.5,464.0,267,54
NZLYVrxilnRbs_ImFpWSsmhLj8vRzg.jpg,418,861,430,501,639.5,465.5,443,71
NzmeP_HQqVo2QRJflCO_zgjlk3M_i.jpg,459,956,481,558,707.5,519.5,497,77
nzRJZTnmHJWdIRwW6g6XVaGJ27cBLnU.jpg,487,810,448,510,648.5,479.0,323,62
nZs9WiYjohWS_LWNjtntu6FLVfztSt_o.jpg,462,820,498,559,641.0,528.5,358,61
NZV8U2jYfxn7Irj5eIf2JzgxYwOEqyzt.jpg,364,878,455,534,621.0,494.5,514,79
NzVrQSR6GaU9wa_1wKcrcwWHgxQCPd.jpg,437,845,421,489,641.0,455.0,408,68
nZx9vL5X_ZrdljSbnhlB_eEMtWTmk.jpg,429,807,474,543,618.0,508.5,378,69
NzZBYwKYZGcxedKdID_DyrwM2CkTsxJ.jpg,341,815,463,534,578.0,498.5,474,71
n_2ZkqP19rnaTxuKCW6y7Jt3WaEOuLa.jpg,413,908,452,525,660.5,488.5,495,73
N_4DkqEghkQQKkSvLUu3Jt3YjXfVUO.jpg,476,780,427,487,628.0,457.0,304,60
n_aO_7V3pxrqsoRVRz7l5gkx9H7Sd.jpg,350,837,477,551,593.5,514.0,487,74
N_B2OlqY6cFhUTmjRY1H4IMPBfBGjfd.jpg,478,808,439,500,643.0,469.5,330,61
n_DZUiGLWZVyQYadkFfMQknIooxVC.jpg,97,942,545,666,519.5,605.5,845,121
N_Kf68gbM24B96FKzobaKkiyccRz4i.jpg,232,684,463,540,458.0,501.5,452,77
N_N9Y5prC2zWau8bhpnRVuCnmW9liBZ.jpg,409,906,449,535,657.5,492.0,497,86
n_nUnmTKP33BWmqN2KVpFCyklD7gJHC.jpg,473,809,477,541,641.0,509.0,336,64
n_STsQHiGkwTNhCaKIcD3WmnLMsJrg8.jpg,451,892,461,529,671.5,495.0,441,68
n_XDl6fk5xUbYUuojXvOjf4LC7liUii.jpg,474,880,514,587,677.0,550.5,406,73
O1JdymKUU7wgURSpERqGhD5BaBss83f.jpg,387,827,429,497,607.0,463.0,440,68
O1jwClOsSbXy6JmunWr1IwRctX9RtR79.jpg,466,936,449,527,701.0,488.0,470,78
O1yYgZxcUn5bp_thNaXGle7EbVmCdDv.jpg,384,919,459,535,651.5,497.0,535,76
O1zM7dPoJi429NI5PskNWPq_CnOUMLl.jpg,274,806,468,545,540.0,506.5,532,77
O1zorF8VQ3zJBshdEvMNyfNrpuDW6EaI.jpg,328,669,462,525,498.5,493.5,341,63
O27U6ihj9GC2JN9PXZjCY2hb57GXew.jpg,418,935,487,561,676.5,524.0,517,74
o2CwHW8Kb7B8D2IwedgtS45DtjI9uERZ.jpg,436,778,476,538,607.0,507.0,342,62
o2TNL2msfvkBWYYSpX9BdCNHepQQg6P.jpg,386,780,416,479,583.0,447.5,394,63
O2UkZeQYhUy7HOxvEkVR8ODXkP6djZJ.jpg,417,937,461,539,677.0,500.0,520,78
O2_ELEqjJ9SagZYYV3TEdwvcz6cmfbm.jpg,323,751,427,491,537.0,459.0,428,64
o339MMW5L1dYXoHguFxCqC6oW.jpg,374,866,444,519,620.0,481.5,492,75
O344bQBLHBJssrDusTE22DfxTOLmwy.jpg,439,809,483,548,624.0,515.5,370,65
O3aaD5VYW6hFBqCebKayhr17J2ztCtg.jpg,240,1026,552,668,633.0,610.0,786,116
O3bKZ98CI3abJN31ua2jU46O67Ihr.jpg,181,748,485,568,464.5,526.5,567,83
O3gts7ZGMb6sMtnadJ_ld98woHnQZ3.jpg,364,853,443,518,608.5,480.5,489,75
O3mohZsHWR4JcZ1ZEK4N1oVh2y1ofuP.jpg,384,833,428,501,608.5,464.5,449,73
O3TGUNlUYdrTjPjyRiGTKsb8wIihG3i.jpg,215,715,481,553,465.0,517.0,500,72
O3wVsLlkZgaGHQSKYEGwkojIg2DlQ.jpg,448,783,483,544,615.5,513.5,335,61
O4aVG1IFjPYV3CvubbvE57JNRC8ZfcbQ.jpg,350,849,456,529,599.5,492.5,499,73
O4bZlBysHHiHTCwl2JMhRh_lq1rqud.jpg,304,791,472,547,547.5,509.5,487,75
o4hlyaTrE82SNrbtWiMSbs3wtGUE1B6.jpg,483,790,428,488,636.5,458.0,307,60
o4IPigeqyFKTnMuXu5gwfWjW3SCJV1.jpg,311,1091,486,608,701.0,547.0,780,122
o4JJjotZQPZklob_xp8w9SpO68B8BCH.jpg,344,846,458,531,595.0,494.5,502,73
o4lemJKYTqH_1P_cu434p_CevhTjZ4GG.jpg,400,843,429,500,621.5,464.5,443,71
o4U2spRh5lfdLTRc9ebWMviCutmdJ5_.jpg,460,929,446,518,694.5,482.0,469,72
O4uJXh1vol7PY_rGdTB7zqqKHBnr39Q.jpg,410,883,442,516,646.5,479.0,473,74
o4XXj9oahXVRmeTpbvTlKD7rwpl3QFF.jpg,419,810,478,548,614.5,513.0,391,70
O5anH1IZsYYLUlWR6zic2uiKRYEkSCf.jpg,200,1024,558,691,612.0,624.5,824,133
O5BmXLGLTtgyMzp1hfforMcEwdv6a9y.jpg,370,926,473,554,648.0,513.5,556,81
O5CGmfCggReTrjF18kEj7cFmRti_OvFW.jpg,439,844,452,516,641.5,484.0,405,64
o5sb3pqfn7WpDhdFn5veI8i9nQYg1.jpg,322,821,468,546,571.5,507.0,499,78
O5w2xwKd4CqNjcVqHxLu5HfFpzWXaNpy.jpg,360,898,498,577,629.0,537.5,538,79
o64yroOj7FqBOBcjOzWNuqKGqloHdhMb.jpg,271,801,456,540,536.0,498.0,530,84
o68bbVOyYCV88_HiE_NeBPInlT3FH.jpg,360,895,465,541,627.5,503.0,535,76
O68hOCkg4oRewMNSl_h2Mlr5IJUZiv.jpg,431,869,431,497,650.0,464.0,438,66
o6ewnFYLbLINKlusWE8_ofxzxla9D.jpg,418,746,455,513,582.0,484.0,328,58
O6sODMltpfPX2gZ8noUnkYe89wU5Nm5M.jpg,371,849,428,501,610.0,464.5,478,73
o6xyfxT1pqaEm5k9eb2w39YUbnP62L.jpg,431,724,453,511,577.5,482.0,293,58
o6_MCZ9pZp7JifoYISkaPESJfhUp9p.jpg,392,897,481,559,644.5,520.0,505,78
O7dsWRTz2r9ORFVlWsbjuFoHLDkey5U.jpg,367,793,424,489,580.0,456.5,426,65
O7iPSQQUnT9TgqYZ98Zy_q9EtyWi2gUo.jpg,532,837,427,487,684.5,457.0,305,60
o7jRym9ujGOT5KQiUaNP87e_346Cpk4Z.jpg,404,729,443,503,566.5,473.0,325,60
O7RtmgecXw365rgwEMKVsUtF_EeyLm.jpg,348,656,433,490,502.0,461.5,308,57
O7vnp2mrBhLcg3vkRJLw4FrtYheYS5.jpg,431,945,481,562,688.0,521.5,514,81
O8KMVCpnpbS4jI68sGMX9yGR5kR7zUre.jpg,341,780,430,496,560.5,463.0,439,66
o8mLDGLzmH7e1mtQDdL7V8mgmMjH1T.jpg,325,1109,534,667,717.0,600.5,784,133
o8N6vwbRyINguG2BdZscKvsmp5jY9o.jpg,380,831,423,491,605.5,457.0,451,68
O8ZyYvriZ28Yej91L6ziZ4ls8TD_Bdr.jpg,294,1068,537,660,681.0,598.5,774,123
O927EnRT6wrYFybqpGT9F4xTmRFnk.jpg,327,757,426,493,542.0,459.5,430,67
O9RjfYUEso_fExDgUhd1C4VsD73pOyq.jpg,398,947,463,545,672.5,504.0,549,82
O9T5823X3qipXKKdMtP2_S3oZz4_.jpg,445,885,464,529,665.0,496.5,440,65
oaGuCWDzegy35E7FQgu8EVpGT7nYpUE.jpg,443,851,449,514,647.0,481.5,408,65
oayukeJU7kPUslsokJXrhsBkNRtV23h.jpg,442,776,474,536,609.0,505.0,334,62
oB24v6keWNnDf1J7v4W42hbIqGq_NJ4I.jpg,298,923,442,548,610.5,495.0,625,106
oB9FpChz_ddZEnI7HQthvxB6jvNJm1.jpg,333,933,531,616,633.0,573.5,600,85
OB9j7Lv3IRCsGNyqZQTf7xp9ODSOK3X.jpg,329,773,459,527,551.0,493.0,444,68
Obe2Ya7R4ByDqhrFMpKR92BEDrnmcY2.jpg,402,816,423,495,609.0,459.0,414,72
oBfRy9PZhx46QNGJljPFoq3CVzM9RWOO.jpg,425,695,425,478,560.0,451.5,270,53
OBgLtRN6lCZwlOvMNIHYWGXnTuV3VyT.jpg,427,936,487,560,681.5,523.5,509,73
OBLaeWKamBtN8jGvgg6ipIN4_RE8M.jpg,462,785,445,504,623.5,474.5,323,59
oBlrBi6NBgKRUYVkVshyf7x78fVSY8.jpg,406,935,458,543,670.5,500.5,529,85
Obm5HHveT32JXm6rqN3kibm_skbMaC2k.jpg,353,739,414,486,546.0,450.0,386,72
obs4hHZI8g63CjRIybUsG5UVXGKsy.jpg,416,733,444,505,574.5,474.5,317,61
Obsb2djNI6zyHfTvsxG159GoVELPKsOd.jpg,472,977,444,528,724.5,486.0,505,84
OBtzXqdCbdmn5zBvE8lmDwvFqhffFEDp.jpg,426,799,505,574,612.5,539.5,373,69
ObUo3BmPsuakCTgvZ37x3y19HePR4nm.jpg,302,800,478,553,551.0,515.5,498,75
obXntOSyPXqpgUvCMYBUcxE6xn1MpFpV.jpg,424,967,504,583,695.5,543.5,543,79
OBYRPf37ij2m7Z8RYDqHFwdUlmzWdq.jpg,439,721,424,479,580.0,451.5,282,55
oC2YY2Fcrsz2Izgw5hjmMzVf897zifje.jpg,365,818,444,512,591.5,478.0,453,68
Oc6yKPvXHCRKI6hQlWcuomDe_K77.jpg,437,802,503,571,619.5,537.0,365,68
oCGVKVu1EVmdVF3MpQ2JLbbnOWrmU7s.jpg,484,896,453,515,690.0,484.0,412,62
ocLCTJNToLLIk5x9kfv6bEJWY4iDH.jpg,462,929,436,509,695.5,472.5,467,73
oCMvkMx_qTwQQqo_qCZEM8zIqhtvFc.jpg,323,849,456,531,586.0,493.5,526,75
ocs5jIcnIzRB_6ksdyJJyk_2OR7aCXK.jpg,356,909,463,544,632.5,503.5,553,81
OCWnTQnUojKOOLVHnqI6fzmhwJoj4Pz.jpg,239,1043,530,650,641.0,590.0,804,120
oCYaBwdm66MOZk9nkGcZXI4YDpEN5Tj.jpg,214,789,461,588,501.5,524.5,575,127
oCzMKibLUJ76nE3ZxoPasfwFtqqBzp.jpg,383,942,461,559,662.5,510.0,559,98
Oc_mYOYkjWZaRiKPfwlhT6p4BzkoHRc.jpg,317,902,482,573,609.5,527.5,585,91
oD1Ktdh2yocWzGeQmajnf3a24bRVCR.jpg,413,781,493,558,597.0,525.5,368,65
oD1YovLvY3iN_S4N9xtnFilomt2KIw2.jpg,238,796,474,555,517.0,514.5,558,81
ODaOCQUX5_XawUjD8R7y3aii54zRH.jpg,398,911,490,563,654.5,526.5,513,73
OddwYac9qIFVg6DVZq8VaSDGfrdPg.jpg,377,933,449,532,655.0,490.5,556,83
OdfOmGhtzjpgYLUi3XNR3JO54NYjFT.jpg,463,795,482,545,629.0,513.5,332,63
oDHC8KG5fKKaWd_tY_JniZRc1gEHUGl.jpg,375,900,500,580,637.5,540.0,525,80
Odms84vPdzvPTnHpYVyNLMgnM3y_ud.jpg,334,832,484,559,583.0,521.5,498,75
ODuhksyG3y5UE69nveTdkM_QuxWFUj_1.jpg,356,756,416,478,556.0,447.0,400,62
ODXZ69wW1hYyTMB9IIezVWpUIqoX63.jpg,488,871,475,543,679.5,509.0,383,68
Oe1DhpsOxB1PGvDXNzyNxsf6rBvNsorg.jpg,332,789,464,535,560.5,499.5,457,71
oeD6_OuymEiw7nc7GdQLtL7kjneL_3.jpg,373,763,481,549,568.0,515.0,390,68
OeetulhOyhpqlnttweOBXHLpPFYXvg.jpg,355,913,470,551,634.0,510.5,558,81
Oei1zJdstTI7Y8kkiyFITOWFTlqm4Ihi.jpg,454,879,456,522,666.5,489.0,425,66
oeKoexzuUkVrvj4sCvQUtxPcdvc2l.jpg,412,816,421,486,614.0,453.5,404,65
OffulQ9MTzC3DePQFxgGc7z7cpbQl41.jpg,407,883,432,513,645.0,472.5,476,81
OfHIG4mnueq5n34ajh8q7VLdn6x5H6U.jpg,376,875,490,565,625.5,527.5,499,75
OfhTlpLCNXHlr3D_LxsjFCsYCaur2LNk.jpg,393,806,413,473,599.5,443.0,413,60
Ofntzl9Gc44KffRrtGMchJPOgnvvVCs9.jpg,227,927,433,535,577.0,484.0,700,102
OfsglpKDEIy6sdksnCKkVwQ2R2kve5O.jpg,363,819,432,502,591.0,467.0,456,70
OfxqDhX8feoKUl6Q7BIhLhdmcEaqd8Z.jpg,184,821,507,596,502.5,551.5,637,89
ofzE7h5EySXKd5gIY4v3KtZKVxa2X.jpg,324,869,458,541,596.5,499.5,545,83
ogcaqf_ZzSCskfy56FZsGxaO8M5kW5.jpg,360,879,495,570,619.5,532.5,519,75
OGdlMx_PKL7ZDyFyhm1XxcBMJWZnTRZ.jpg,226,799,470,562,512.5,516.0,573,92
oGdP3tQDSwrEqmvblCBQwwxlhGMgcE2.jpg,426,875,466,537,650.5,501.5,449,71
OGdziX814Q7fK3NEfITKv1bqJhaGpbS.jpg,451,788,487,550,619.5,518.5,337,63
oGeZUKyQ3sFoBQJMUC5fQTWBMvsux2.jpg,331,751,421,488,541.0,454.5,420,67
oginnD1n1PVCBug_b_MCGo7WsDXPIR2.jpg,288,777,444,518,532.5,481.0,489,74
oglbklLJn7TfYQHEPMtih5mGLNElbNd6.jpg,214,980,539,647,597.0,593.0,766,108
OgnXrsi9P9YhyrYsLfe_HyGzvDG84M.jpg,408,772,499,564,590.0,531.5,364,65
oGt7btQB4iiJ9nDunjjXXnssv8xwZGC.jpg,399,837,417,484,618.0,450.5,438,67
OGtU39gnCZZwn9LaurqwqlywxBke8lkm.jpg,371,849,445,515,610.0,480.0,478,70
OguhUisE1wXpZ6HLG28rdIyEls2Jn.jpg,469,775,469,526,622.0,497.5,306,57
OGvWtbBTx2Kyf2rPrBHzdk8mFRpWQZn.jpg,471,993,491,577,732.0,534.0,522,86
OgvyuS6b1znJWmeP4ljRe99GcgWv5b.jpg,424,801,504,568,612.5,536.0,377,64
OGZsjDil2d3OziRZjH25dzj7tJRRR.jpg,332,903,519,601,617.5,560.0,571,82
OH7VXogJrdc7QfHziRMn9SlXEaX8x.jpg,272,1006,523,626,639.0,574.5,734,103
oHE3fErcVUkdqGTxSutxaeMP33hn3.jpg,395,891,483,556,643.0,519.5,496,73
ohIiaHJ5br_us92l6hT8ZrPzfKa4GZ.jpg,426,743,447,507,584.5,477.0,317,60
ohknjXWQI91Sg3YxvhreuaRicEmrt.jpg,167,756,517,599,461.5,558.0,589,82
ohKxX7_7myjh4bQRTOCW9z6UaUPXSX.jpg,233,1070,573,710,651.5,641.5,837,137
OHlbyNNPLuEzIwaxRgu8Nbdsy2yjrFK.jpg,363,873,459,533,618.0,496.0,510,74
OhlTfiNT14r6Unkz4Xx2YWTNVmmiIOh.jpg,353,865,459,530,609.0,494.5,512,71
oHqemiL7FxjI4uzGvOfZg73aVjbyUJ.jpg,332,654,434,499,493.0,466.5,322,65
OhsHZXvFbZrpxrYWUgDW3HWIpPVzu.jpg,385,749,473,539,567.0,506.0,364,66
Ohtcnor2UqOFKg_hborj9dFar29rx.jpg,330,864,467,546,597.0,506.5,534,79
OHuzeXycLI3YGIj4q2xuhBtXZbUhciSm.jpg,418,833,451,513,625.5,482.0,415,62
Ohv_fycpQIG_fQpG1NJ7dKxUnNTfIlS.jpg,362,661,425,484,511.5,454.5,299,59
OhXWfDGak5pG_2sNK5BTYJVZHpgI3OI.jpg,346,814,445,514,580.0,479.5,468,69
ohyUoRZoQ6KX2c6zPeNUEjfjNOMpQs.jpg,239,781,469,565,510.0,517.0,542,96
OI7aufj2BCxHN1vvlnacXHbe9MKErLI.jpg,363,930,518,602,646.5,560.0,567,84
oINw2tWFu3nfqhiLr_cafscv_N8sX.jpg,462,832,504,573,647.0,538.5,370,69
oisfDyEseruYfModKIdRZaGncHJcNYCF.jpg,424,963,512,591,693.5,551.5,539,79
oiunc45_K4RteQ91GrEEHtO8oQLoOfiq.jpg,401,751,465,530,576.0,497.5,350,65
OiUNjIbKfImJW_b8RgTnlUblphfl3Gd.jpg,420,882,468,538,651.0,503.0,462,70
OIutl9_uaz1b7548GrJnnonEGcjRH.jpg,413,959,511,589,686.0,550.0,546,78
oJ8LESKZgLv28zZb3_B4VZ351VR1Zfg.jpg,436,1003,517,601,719.5,559.0,567,84
OJcq15fBwULJkX9NRpYBnRKPNNHShHzg.jpg,425,835,420,484,630.0,452.0,410,64
ojcuknjDZa4pE9STS1YVhjFlEBkG5EV.jpg,468,804,460,522,636.0,491.0,336,62
ojHoaiCfJPLjrumCHFEoVIrVYrE3Rci.jpg,251,1044,537,653,647.5,595.0,793,116
ojm4GFj1JD8r4rl78uvt3PdngNY1Skd.jpg,443,793,470,533,618.0,501.5,350,63
Ojn1WgJ1HcgegmmGzBXBXUCeim_jXoQ.jpg,405,881,440,514,643.0,477.0,476,74
OjPujwClE9VQl_5PD_jiGi9xdIGe9G.jpg,513,812,444,505,662.5,474.5,299,61
ojXqxLLe8Hr9ZclhGXH4UN1c7NYrof_.jpg,542,885,455,518,713.5,486.5,343,63
ok1u3Ohfu4Ysm98PpSud5po3MijVEp7.jpg,474,771,460,517,622.5,488.5,297,57
okD65HJaKsXlBBfz4Yp2leYoBkeJci.jpg,385,836,429,498,610.5,463.5,451,69
OKInB_XXqlIM2cCkTTU_DpYk14DO7Gd.jpg,454,819,503,568,636.5,535.5,365,65
oKLtNyUER2MMux3fXoFBEqoTFmnGci3m.jpg,423,812,416,477,617.5,446.5,389,61
OKPy3GrIOJMYv_9BVDEFD3TWBnQL7_J.jpg,218,708,477,546,463.0,511.5,490,69
oKtEI3jZOfmBODtlx7alXqvZUksgk8Bi.jpg,375,809,461,526,592.0,493.5,434,65
OKUz2YVeC9tQi2pUJKa1OjqCt4whxuV.jpg,439,990,442,555,714.5,498.5,551,113
ok_d7jYdv4VBmukwGFmRisgrrjOhlX1B.jpg,335,926,480,562,630.5,521.0,591,82
oL2Pxo6yngxe25uIaFGFCItwStGHQ_Zw.jpg,376,834,466,533,605.0,499.5,458,67
Ol46xhwEnFOWUXgJ_oTxByBGF23fdq.jpg,369,927,509,591,648.0,550.0,558,82
ol89LqtpxkM1amwbse_6r6ERHcnt9.jpg,351,680,478,540,515.5,509.0,329,62
OLGks3eN_BQt4i4jD2OIemXtVD5WNC8.jpg,566,898,481,546,732.0,513.5,332,65
OLKz8hWEv8Vt6yj8znkzENQnvWL5LHZf.jpg,461,853,487,556,657.0,521.5,392,69
OlQiHoR4CXj7xYpBC9vFjPNvQrybXFS.jpg,456,953,445,529,704.5,487.0,497,84
OLSK8hGzMOe6kNNKjLcSNSyJnSKYZG_.jpg,447,797,459,519,622.0,489.0,350,60
oLt4aafYNHB1e7ySnTjeUzMNEMjkR.jpg,349,873,463,538,611.0,500.5,524,75
oluvb3PgGdbJK66c2E3zGZBuVV5pZ6MI.jpg,451,783,452,517,617.0,484.5,332,65
olXFV6R3JQVH2uE4cvfGJrir2RMpFl.jpg,485,956,438,509,720.5,473.5,471,71
olxOxzmwj4bBD12UhkgR6P2nvHpzJSiV.jpg,352,853,450,525,602.5,487.5,501,75
olyQWIUtpr5JyN2l2jHtNkaTObrSOC4.jpg,364,705,472,533,534.5,502.5,341,61
OM7ONarlxGyEuzB9z3Ec_GHxozcFgagn.jpg,351,738,414,478,544.5,446.0,387,64
OM84x4aVix5ByblgKDcCgFXvT9eesz.jpg,373,728,460,529,550.5,494.5,355,69
omb6TtfW3Oc83cqtNmMDYKxY_xQPQ.jpg,330,791,440,505,560.5,472.5,461,65
OMeIxDoNkailtQbzJ8enVxRXC8Wf4j25.jpg,438,786,487,550,612.0,518.5,348,63
OMHhV1anCWOZ6ZcnLLUMUMsHBqQV19.jpg,380,904,461,542,642.0,501.5,524,81
omJvBNPs7tfDEiaUU3tZEqyWNHRsnzV.jpg,394,820,428,504,607.0,466.0,426,76
OmOfPkaOsLbrgdRxgx8OxPJdSUe1R6.jpg,388,794,420,484,591.0,452.0,406,64
OMQz__FNRtBeDam1RZcS7M57fYKrtSn.jpg,489,896,418,484,692.5,451.0,407,66
oMTl4gLqSsrGfp5n4zbWNcfwlJamV3y.jpg,398,924,453,548,661.0,500.5,526,95
OmuaHNOpUvZ5ovyZKERQzpdfd4wKe8_r.jpg,435,880,458,529,657.5,493.5,445,71
oMUI2vB5YsYIb93XoYdpebtOooHp.jpg,404,773,476,541,588.5,508.5,369,65
oMXhkelzt7NdVHYHxjlYNIZ9TGFvNI.jpg,421,790,444,514,605.5,479.0,369,70
omZgtP3Ue9gozdvqCNUwpaCPmuHM7si.jpg,349,786,455,520,567.5,487.5,437,65
omZy64zVpkgIr8PEkYdY6YwdZyYoUKf.jpg,434,893,473,540,663.5,506.5,459,67
On7YmnWevsFI5B5wgTc7f66eNf7J2auY.jpg,416,759,481,543,587.5,512.0,343,62
ONgrNMEwBMRG76P6nf5DtQqI31LoZkS.jpg,277,776,454,529,526.5,491.5,499,75
oNlQE__wOkhpkq57c_ejtqayQ6nrHmXJ.jpg,380,903,455,533,641.5,494.0,523,78
oNM22xjIOeS1L8CpZMIho9lelFyBxt.jpg,374,918,465,543,646.0,504.0,544,78
ONM6xoanDiJJob1HSiaCXsdc21Wm2ys2.jpg,356,911,471,554,633.5,512.5,555,83
OnnpkPnyhQVmLsgEqd3lfC671IieZHv.jpg,239,1042,535,649,640.5,592.0,803,114
ONoPX9U5w9cwihyWlxYthiMt2ejY6.jpg,409,809,413,479,609.0,446.0,400,66
onpEcttPURpfeD2pD72axbDfJgs6T8i.jpg,374,898,496,568,636.0,532.0,524,72
ONq4fwx3sQwgtaO1QuacJ1vF1ffBsL.jpg,407,930,497,575,668.5,536.0,523,78
oNwDpTXDHbP_orNwGbhUOSf7hF7zNm.jpg,444,749,462,518,596.5,490.0,305,56
onx3FW6R5ywZJBZdNcZLo49ZeO7T.jpg,380,965,524,606,672.5,565.0,585,82
ONXytYvY7rV56YcmS6aRDciDk55WCU.jpg,441,826,439,500,633.5,469.5,385,61
ONyhdPQyZY66WIGmHTI3ZHTwfgbdyxw.jpg,387,887,453,531,637.0,492.0,500,78
oo1Ugkwf1EapIvoRohTxynfmYVNS_2X.jpg,305,787,484,553,546.0,518.5,482,69
Oo2naFCQ9mG5uSO78SCTJouc4JWo.jpg,446,918,433,515,682.0,474.0,472,82
ooEv7qOLoXzzUUXxcJ5SV7LhThEqiu_.jpg,493,796,442,499,644.5,470.5,303,57
ooHWwbPT2XDZJeht_TDZqBy_6HIpP2K.jpg,443,1026,513,602,734.5,557.5,583,89
OOmIV_OI5LFk1wUDmuqGakDNoioUK5mr.jpg,345,762,448,512,553.5,480.0,417,64
OOOilsrbxCfc7IPv4Nq9FEVgfV7PYM_.jpg,432,857,427,494,644.5,460.5,425,67
OOPkZ6dW37lyI4hi4l4UMlH4mY4gWO.jpg,351,816,441,514,583.5,477.5,465,73
ooZetmkDeVtmvxRL4GBgQbmUnHRcH.jpg,323,653,445,506,488.0,475.5,330,61
oP2HrOKBkDKxoFeWFLTHRBrWtYNLK7h.jpg,321,784,447,518,552.5,482.5,463,71
OPCWlS8I2qjrnkM6irs1YM59Y8GIRYt.jpg,419,805,417,480,612.0,448.5,386,63
OpDUmvMildOL6sUHvBGLb_WiRY4BNxK.jpg,465,791,479,540,628.0,509.5,326,61
oPeMoSWXqZv6suhLDbZDeuHBukJkvrd.jpg,359,663,444,501,511.0,472.5,304,57
OpJ1ktzxXlIplgLOG4_OY1Hu_iQxyTC5.jpg,391,949,474,553,670.0,513.5,558,79
oPPJgCqMfh4syO9L4ZCeEeklJyZTSrD.jpg,303,765,433,505,534.0,469.0,462,72
OPQlExMiUfxo1uFmt3s8JD4zaJasoVd.jpg,413,912,447,522,662.5,484.5,499,75
opyKkPT924w9myHsZmKuuleMyh2BUO.jpg,433,719,428,483,576.0,455.5,286,55
OQ144mtpcWXpC5iUn_hy4RZVcFZW3yan.jpg,393,816,427,493,604.5,460.0,423,66
oq9ZUFcktmrZ4NCfSNDaXYlv_z3KOr.jpg,426,740,429,489,583.0,459.0,314,60
OQaTBhHpajisftnx8QvfB5P5NqQJZ.jpg,451,792,480,544,621.5,512.0,341,64
OqcGK4rCOXiPXVJFT4q_4T4rVLzlJB.jpg,362,807,455,522,584.5,488.5,445,67
oQg2FQVRZMzVtrlOWSpHFPWbYdUoiPOv.jpg,373,970,479,566,671.5,522.5,597,87
oqIl5qBodn4RWX8VsLUiDscJjHrv8W.jpg,453,963,580,673,708.0,626.5,510,93
oqJaZaLmeORXlOTu3srICz8HamTV6xS.jpg,445,821,437,494,633.0,465.5,376,57
oQlF_FO4eJToPJfs4iZdP2V7XeEkvX1.jpg,379,1005,535,628,692.0,581.5,626,93
oQm163urM7OfDI87RqThjW8FpOkafRx.jpg,450,735,443,496,592.5,469.5,285,53
Oqp188TpIxBS2jnCR6OJyxHsh_7hc.jpg,390,864,440,513,627.0,476.5,474,73
oqUvWOmwcZo8evOqNTx9GsPLk2CjTS.jpg,405,796,413,478,600.5,445.5,391,65
OqVP5H1Cz6so5rgUqSDq6s1_KGjUw3.jpg,241,809,478,557,525.0,517.5,568,79
OqX4chTH5FCP8p8drHgtuWevTx2KpQ.jpg,433,772,461,521,602.5,491.0,339,60
OqX5M59ryNbD4C53NSo42dJzpV6HyjxO.jpg,229,975,522,642,602.0,582.0,746,120
OR1CIca_Jwqc5fUnlaegpPP26eSF_.jpg,390,812,426,498,601.0,462.0,422,72
or7bD7FRLZDqZefMHaDKThX2OMhpxaPy.jpg,438,847,447,507,642.5,477.0,409,60
Or8BLPcjdNGZjyJFlJD6XuQOs_V1Yf.jpg,266,844,509,594,555.0,551.5,578,85
oRdaPUDIRaajr2eaYQJSGMufrt_H.jpg,248,784,470,549,516.0,509.5,536,79
OrDvUzgc3_OLtTEuJDlDOTZM8InbdN.jpg,380,867,420,504,623.5,462.0,487,84
ORgFeBo_RcmdiHPuiHSbFf9NJ8lHSh.jpg,394,798,417,481,596.0,449.0,404,64
orGh5syuoQw5B2S_XLfFVCluqQOpEh_.jpg,320,861,463,560,590.5,511.5,541,97
orIBQ55YQJRXqYIEhC8FPeLoI5WM1Wb.jpg,402,684,421,475,543.0,448.0,282,54
ORL4PMQ8HzuTuGCZ_rLO4WVin8iXnV7.jpg,400,795,415,478,597.5,446.5,395,63
ORLrHdQDMJxTaC7hGFwUtBy4TjV.jpg,416,783,492,558,599.5,525.0,367,66
OrMEbQM99olYcws6l_4GRMqgMHzVUr.jpg,338,734,416,485,536.0,450.5,396,69
OrOxylFI4W37MRTBzLWgQY3smekxg.jpg,467,792,427,489,629.5,458.0,325,62
os2VOiiYt_ZbuFJuNkmMyaXDm7mP2jY6.jpg,451,794,452,513,622.5,482.5,343,61
oS68Gj6kKjS1D8T2oOXhNGqh13XzOQp.jpg,400,843,463,530,621.5,496.5,443,67
os9kR5oa64obVKhxEp6fYBxDFJRlgaU.jpg,451,762,436,496,606.5,466.0,311,60
osBgu3zjiSX4pDT_KPlSkkFsviuGEb.jpg,379,821,428,499,600.0,463.5,442,71
OSbwekq8O23Q8xijpldmRRjC1Olum8.jpg,371,966,530,617,668.5,573.5,595,87
oSg28W1wcCyKOkJu7eFp3x_bho.jpg,238,828,480,566,533.0,523.0,590,86
oSGsHc_xPWWZeN8IJO8yWXZN_oyiy1.jpg,453,878,458,522,665.5,490.0,425,64
oSppWiOXgrYvNbh7nR26gDHXRKnLMoO.jpg,315,901,481,569,608.0,525.0,586,88
osUBH52clRgEF7MLdSnCsljXEqO9zUL.jpg,405,943,495,576,674.0,535.5,538,81
OSwERGZIfNpLhoDuRSzHrQ_eaH3y.jpg,531,973,435,512,752.0,473.5,442,77
oSyocYExEb5OpYHvdtJ5lXJYo76YJ4g.jpg,427,752,435,497,589.5,466.0,325,62
otavtXLgbYN4uI4Nmsvw6dxtitrOo.jpg,72,887,557,678,479.5,617.5,815,121
oTbK4WOrI1yf7fd8f51mBGEqyn66jHb.jpg,465,769,442,501,617.0,471.5,304,59
OTGNQlVpQwOQuwbJxavJWmFIkCiW6QB.jpg,414,834,425,494,624.0,459.5,420,69
OtHDw9CJ8dvkWINrubsOikP8YLBTU.jpg,351,862,451,524,606.5,487.5,511,73
OTiBF1RK9CHEJpZmPZnfnuSnMrQrwFle.jpg,381,710,444,505,545.5,474.5,329,61
OTKc3ul9CjZwxzao5WjWSocHpCUcmHXR.jpg,297,777,438,516,537.0,477.0,480,78
oTkkE7KoviqXT_dLjeayJYMK4t3qhGV.jpg,429,759,465,526,594.0,495.5,330,61
oTlekYMMfbbB7feKrMcd_5l3zKXU.jpg,388,962,475,555,675.0,515.0,574,80
OtLp5GEMcqkGsLBCVrCUFlGjnxhxwP3.jpg,420,913,480,559,666.5,519.5,493,79
OtPfMO4lfERxduNTyaXD_RQnSLpQ.jpg,251,827,523,606,539.0,564.5,576,83
OtRYnDXK4lRxGt7w7indjQD5piph_WrN.jpg,437,787,461,527,612.0,494.0,350,66
oTuytnHYkwLC9uwREPKHKj1q4PIqZ218.jpg,413,816,416,481,614.5,448.5,403,65
OTWxo5uu4NejWaJBqnBjQTq2qEyTp.jpg,247,720,469,537,483.5,503.0,473,68
otXV94Rbu8pKKQfv1X49L94lFDge.jpg,434,858,457,522,646.0,489.5,424,65
otxxXUa3B13bDOHnZat7W7kiHn4xP.jpg,536,872,472,536,704.0,504.0,336,64
oU7d2tuMaYzGMe3oe4HbS9thukc.jpg,451,896,457,526,673.5,491.5,445,69
oU9kolSdtQ3H3XO1DnTQM7e7Vl__XdyT.jpg,435,983,509,593,709.0,551.0,548,84
ounzOubZt69b2usJB13VPxYm7lIzRVN.jpg,317,797,441,514,557.0,477.5,480,73
ouoKsq4_1u6n8oQLHuljofN8ijYxptu.jpg,305,943,532,625,624.0,578.5,638,93
oUwpvkeTT5P9G4nq6WcWEgJfzjw4.jpg,357,679,438,500,518.0,469.0,322,62
OUx8J2z6BO5zOUEIwXGQzYwzsNIn5fD.jpg,412,854,431,502,633.0,466.5,442,71
oUXhmOyvJy_xXNkT5qxjoaQnOzKkEv6.jpg,436,729,434,487,582.5,460.5,293,53
ouz8D39wokLaBQea9JUk3qxUmHhqoKj.jpg,416,756,454,516,586.0,485.0,340,62
OU_yc9rwfROpbzHCKQu7XgWfzfNs59.jpg,407,907,483,556,657.0,519.5,500,73
OV7igo3hpVWSvVdC2DsKQL6G38V2XR.jpg,340,851,446,551,595.5,498.5,511,105
OV7TekrRoWDJgNVUOctNHzIUI6kzKLdd.jpg,415,754,453,515,584.5,484.0,339,62
OV82dX_WoPIptIrc42c8YojfDaDHbY.jpg,301,946,529,622,623.5,575.5,645,93
OvdOyRHXdPbjhPpz66BgI1gkMkr6w.jpg,427,888,474,543,657.5,508.5,461,69
OVHKHN4MqyrDwgOgsTlp6uhra5Rre6M.jpg,332,877,464,546,604.5,505.0,545,82
OVIyK7zFOi6VQckU92onD5OScx93TQPm.jpg,320,752,428,494,536.0,461.0,432,66
OVoyK2T4Dl1DFtBF55qOuoFmnUmF5etH.jpg,439,939,443,518,689.0,480.5,500,75
oVP3gXmy2vm6Qw9Lba2iaZzQMih_bfk.jpg,302,798,487,561,550.0,524.0,496,74
OvPL6uuWyjdH_9fS2O1fYcYW4zVpD.jpg,316,765,434,502,540.5,468.0,449,68
oVQmUVwjM9xBDKIiUy_CT9jr6QhMp.jpg,373,774,482,548,573.5,515.0,401,66
OVU4CErxBMnMbvTiVnwOkVcJPVgfy.jpg,401,897,446,520,649.0,483.0,496,74
OW2j6sBvP4OskMzF926zbVUTotnWja.jpg,309,811,462,547,560.0,504.5,502,85
Ow8HUDEP37WW13svE98km6BkmwFs6.jpg,422,933,454,528,677.5,491.0,511,74
Ow8Ns5QVGfKaPNZdhZ1MRlhxqrbBQV.jpg,449,793,454,519,621.0,486.5,344,65
OwaxIyd62eYu7z91NMDpNRyQRYla2O.jpg,484,761,422,478,622.5,450.0,277,56
owMMoMakwfItjPlSR1aXDn9kmUYxizy.jpg,395,938,466,547,666.5,506.5,543,81
oWMsGhLz5pKeVRmxrsKfUW93nhzo6X9H.jpg,341,656,466,526,498.5,496.0,315,60
Owmv9ByQ2HbODEDdSjNQlE3l2Dgj6Wa.jpg,246,782,507,582,514.0,544.5,536,75
oWpke6dlD8EDI1xdZQBmoZ219TlVbL5.jpg,414,800,483,547,607.0,515.0,386,64
owqyzWgUxCTKlMw8F2NY8LHI8LS7EOny.jpg,418,736,440,497,577.0,468.5,318,57
OWvFE7K6U66yRaZljt_9ihwhlRC8GVz.jpg,434,729,426,482,581.5,454.0,295,56
OwvMO2R2_CE9tFiJRXNxueVXwvj63.jpg,432,901,469,544,666.5,506.5,469,75
oWZXHU2nOY5ntJw4vS2qEbQwYDOCR2u.jpg,394,767,499,568,580.5,533.5,373,69
oX2foFOguxm96Isud1zNb8ozSnQxZW.jpg,381,745,498,569,563.0,533.5,364,71
ox8UjmG91uCWYyOcZxB6GyNkpztQ.jpg,439,754,468,529,596.5,498.5,315,61
ox93YKEbfJe_wo7vhd8uNuqCylN3S.jpg,316,1098,541,671,707.0,606.0,782,130
Ox9naHGIliM_Rn584LNSIEJcO3XCwXf.jpg,285,685,458,531,485.0,494.5,400,73
OxCI_bhkqKEnpZXfXuLZw49TledIL.jpg,379,861,429,505,620.0,467.0,482,76
oXdGDV5LshVdmt5Oo8Fgewu8iIXgpr.jpg,461,891,459,523,676.0,491.0,430,64
OxfClXJgOwnmL5w97yDzc_G7q8R8WUL.jpg,346,671,436,499,508.5,467.5,325,63
OxFVuv39gWhNV5lcqiZcGaoezvwz6Hxk.jpg,334,794,456,524,564.0,490.0,460,68
OXGwKhiaYjsWiT_TU4yO_4dS9ZzzTr.jpg,452,846,415,479,649.0,447.0,394,64
OXIUWDmoFdQedutE5Izd1_pm5MR_u9Cp.jpg,399,926,460,543,662.5,501.5,527,83
Oxktnk7XRDDkPVdZwDnpxRkcxBKo3N.jpg,371,939,473,556,655.0,514.5,568,83
OxMt_5im9ttYw2iRe8RT_xJQLoeDwESQ.jpg,306,913,489,576,609.5,532.5,607,87
oy2JMOzOWycWv35fu11ILODLO2HLvP.jpg,400,875,442,515,637.5,478.5,475,73
oY2lTS8epkQpTMixtLFtfVyYkCXFKE.jpg,365,915,509,594,640.0,551.5,550,85
oy68lW9m_8szjnjpehgjpkdcfGU8RS.jpg,400,908,489,566,654.0,527.5,508,77
oy8CzxUNuFYBcgtBMDZyWSKWx2jeYbLQ.jpg,311,791,449,520,551.0,484.5,480,71
oY9inIcotDshUaMvmUw7J5IULgkONopw.jpg,321,906,482,566,613.5,524.0,585,84
oyB_iIrKu_qamlZXVk8Dvz3DE4jb2bu.jpg,470,841,491,560,655.5,525.5,371,69
OyD3w3Xqt8Q6pV6TEMJtS2rnWJtpGfy.jpg,406,801,414,477,603.5,445.5,395,63
oYEKw5cDIvlsv1WXSs_H5eFDfn58B7nb.jpg,314,766,433,504,540.0,468.5,452,71
OyilbZhRztRYr1q3JjyfdtljRhzZ_m3.jpg,419,773,490,554,596.0,522.0,354,64
OyPHC4YloBhWXQvsgtfcgVvMErD5rd.jpg,410,742,454,512,576.0,483.0,332,58
OyT4QbzpESzjDXwpck_RgpUufiFnT.jpg,428,953,498,573,690.5,535.5,525,75
OytLJQRKZ9_k1hP3EXUICNpGEp9C.jpg,429,863,423,495,646.0,459.0,434,72
oyuRrm_OVGwTwzVN_18n2tRYiv7MMu.jpg,450,901,462,531,675.5,496.5,451,69
oyuWuYacYR_Cp7ZzYTuaB7dzmuZE1j.jpg,336,875,485,573,605.5,529.0,539,88
oYVvkX2e3LHJlz9fkem18QuObfWcRVt.jpg,383,952,522,602,667.5,562.0,569,80
oywduOrtyo7sQw6TqUQx5oVNf3f8c.jpg,341,743,420,483,542.0,451.5,402,63
oz1ErTSO9bUCeW1SmZqtUgE3KPHFeC.jpg,507,896,434,501,701.5,467.5,389,67
Oz524zwnhSzMzRSxHDGnZq7FP2mLhgPw.jpg,347,946,483,573,646.5,528.0,599,90
oZG4R5IXXXDeH1I5Zs_SEMY68rszH.jpg,335,761,429,496,548.0,462.5,426,67
ozjZkvgfF1RL2aqDvQbQj7on_tDL5F5I.jpg,420,892,449,519,656.0,484.0,472,70
Ozk3hrhBY3Zb4hvyy2x4VQp3JT2WYjL.jpg,262,919,508,603,590.5,555.5,657,95
ozlrqddqJr2IG_F4shWpTCUb6hbihaIH.jpg,342,653,438,497,497.5,467.5,311,59
oZNNNJMbs_uTkiljEdy6cv1KtIw8Tc.jpg,388,888,467,544,638.0,505.5,500,77
OzPg4zuTRkK2mhgK7gvvrIQPnanow37W.jpg,382,962,484,569,672.0,526.5,580,85
oZQFCmqPckRGfUzDx1Kf8ZCaXc5dCyX.jpg,379,918,458,539,648.5,498.5,539,81
OzSUJjJyqq3mXdCpUl7qUknoHVihu.jpg,416,698,419,476,557.0,447.5,282,57
OZWbIYofvs8JCL9mbRjbob1VZWREhWYq.jpg,440,881,459,527,660.5,493.0,441,68
ozwrhMCj4CuB3MweNTpkowag_Ufb.jpg,436,871,427,493,653.5,460.0,435,66
ozY24k_FZ5LYqhJIiRrbhhPu6gvbdzy.jpg,383,902,457,533,642.5,495.0,519,76
ozyK5MVVuRzGURulsKONLcaxjj3ZbK.jpg,429,959,470,549,694.0,509.5,530,79
o_juxQVE91TzqpsyfxjNf5L5e88ZJq7.jpg,437,750,439,496,593.5,467.5,313,57
o_Ks3mztZHSuhY8LnolEiy6RXpNYtURq.jpg,462,899,460,526,680.5,493.0,437,66
O_vTQzsWDrgy1E7ggj_OrnGPIJnMeatN.jpg,339,852,459,533,595.5,496.0,513,74
P15K5RqF3sUE8feZx9fWXqEjfgr9hI.jpg,448,1004,465,550,726.0,507.5,556,85
P1cN9ognR5lwPKemFZ684IbCZfbwnbv.jpg,436,751,447,503,593.5,475.0,315,56
p1fLwsoR4uSZxUorafRsuPzzIo8_176.jpg,417,734,468,526,575.5,497.0,317,58
P1RVRqfOOI6nCaQLZzeL6JKWoJshkWt.jpg,284,786,471,543,535.0,507.0,502,72
P1v3VNHE4Z7kRndV3_6vCub3hgiL7L.jpg,372,836,437,507,604.0,472.0,464,70
p2aBFcbDU3v8WdgGRUm9Nh9zd249H34.jpg,461,799,447,512,630.0,479.5,338,65
p2gw9Ha22wGJ9U9kSI9UntmjM16YPt.jpg,429,856,459,525,642.5,492.0,427,66
P2HbihDvz_vRvWKdy1o7x1y1sy1_xBB.jpg,466,811,490,554,638.5,522.0,345,64
p2UNksvU1kgdHG1kT3fV47_oQV9pZJ.jpg,394,757,496,562,575.5,529.0,363,66
p2VdkVpnLDkhiwabMubqJcX1yomFG5.jpg,308,881,470,566,594.5,518.0,573,96
P2vxveY9EadIId7sf3U7GzkUKOe8j_T.jpg,431,856,427,492,643.5,459.5,425,65
P2_q2wwgPtQdWBVyFv4nFhLPzgwrC.jpg,426,939,454,530,682.5,492.0,513,76
p3gtssJolV7nCvhnMJDbD6N3QgTo7Jt.jpg,420,861,433,502,640.5,467.5,441,69
p3hUCcVW2Hk3EpbhcMryVTMNiIWns72.jpg,430,798,493,558,614.0,525.5,368,65
p3r9XTGRIf2yekWDqvOKFnJVbwcra.jpg,448,812,458,526,630.0,492.0,364,68
P3Z_Bpnfxb8yUshToN5k2q8mz_n9Hs.jpg,406,951,512,589,678.5,550.5,545,77
P3_5oDkdfXDY_zQzldG3nZ1k3ZpNXI.jpg,346,905,476,553,625.5,514.5,559,77
p45gGmNXIplw84nxdcG1tovpZ7h5javs.jpg,343,759,415,476,551.0,445.5,416,61
P4JjcVEHabWx6ab5a9wyXP39WJNeha.jpg,480,767,442,495,623.5,468.5,287,53
p4P8Rbwq8xB924PiHjjtpEl8sT8envZ.jpg,378,823,459,528,600.5,493.5,445,69
P4Ua_LsvQqeNPybDve9JwWxT2HdW3F.jpg,339,809,460,532,574.0,496.0,470,72
p4YYKIJzjTlwilkMu1Z_92Lmz2aR.jpg,414,924,456,536,669.0,496.0,510,80
p5DqL6hGEVcb6wyo7rHw9ianYtfGJ1P.jpg,292,876,472,568,584.0,520.0,584,96
p5eDx3FOoiJmNOyIzPfHiysDWtx_.jpg,453,742,449,506,597.5,477.5,289,57
p5FqV6w9V9IlrogCpXuQ8rDTrZMP.jpg,481,981,488,564,731.0,526.0,500,76
P5MzROcl3qbGln978OTbnN8HoP9_GHj.jpg,378,651,420,474,514.5,447.0,273,54
P5OQB6Ec69X2UldL9Ep2pWkldxDVXEy.jpg,440,977,490,576,708.5,533.0,537,86
p6BNo1y8QEgdW5yr_BFe9ovLJR3N6EBZ.jpg,274,829,457,542,551.5,499.5,555,85
P6d25usEEeVrZqniXa5dfVt2KE28q1.jpg,278,705,449,514,491.5,481.5,427,65
p6sJZGeyu8Bq8Y7No3ZzdvdxfhnBt5R2.jpg,422,908,450,525,665.0,487.5,486,75
P7EZ7xTPlrDMGqcuYHcwhLcWyM3YIL.jpg,417,936,461,539,676.5,500.0,519,78
p7JENkk1BXF2q1ha2_enYcBRIBNogpT.jpg,357,815,461,528,586.0,494.5,458,67
p7u7e5fM6SQiNuXgWKkUi15bvnemrqDy.jpg,365,952,520,602,658.5,561.0,587,82
p7zJul7c1wey1r738hNhbXrOaBapY.jpg,336,876,463,544,606.0,503.5,540,81
p87EXPfE_8tPlhr4uHplFfYvf6MGa.jpg,383,749,469,534,566.0,501.5,366,65
p8mIfDlILaG8SEfaWF6fjU5chQf.jpg,262,779,450,530,520.5,490.0,517,80
p8OcczP9k3xiWxBrX5zsIBDCEiC7y8.jpg,413,705,433,489,559.0,461.0,292,56
P8riol95IZW4RlX4sfvPHuRRgyEOwr.jpg,427,953,458,554,690.0,506.0,526,96
p8T9Jlr1IDVEHtDndO9Y2JL6zuhvyY.jpg,424,845,421,488,634.5,454.5,421,67
p92jzz12z72FyLJqQLTggi7og54xplo.jpg,385,837,434,502,611.0,468.0,452,68
p9j_12lT3QmPqKISOfitoeJ43KaVla.jpg,436,890,433,502,663.0,467.5,454,69
p9rD9J2tw9tHc5yeYUG2r631HGra2Ng.jpg,434,837,419,481,635.5,450.0,403,62
P9YtiCqcU1ZM9VdopmFtaQEOSQzdUci.jpg,368,805,434,498,586.5,466.0,437,64
paDYUiOXQZ_Y6XGPt6fIpqj4Qe9dnh_t.jpg,344,893,470,550,618.5,510.0,549,80
pb2mInl6jUTzrUwMpWL8bZ1h9nINt5.jpg,467,903,460,525,685.0,492.5,436,65
pB4hUs1S_31RUIqmFm7XVzDjMIhhKVl.jpg,390,916,453,531,653.0,492.0,526,78
Pb6ZGnxo6SvPtvIDGlKvbFZqedgel.jpg,462,774,444,502,618.0,473.0,312,58
pbb4f4ybaDgDg3EWG21UThKtql8TQxc.jpg,467,786,450,510,626.5,480.0,319,60
PBbe6v56Un1MSuCMTMdc47ysXjWgHY6b.jpg,431,891,434,503,661.0,468.5,460,69
PBcMlMDtnrmDS36R1mSJg_jNXIdhyfG.jpg,317,864,469,542,590.5,505.5,547,73
pBdDgpT6JG5niBo8i9wm53dmkgNgl2at.jpg,352,826,466,539,589.0,502.5,474,73
pbgHC_xXE3S_yQTBDU1BsdeXFtl.jpg,361,825,432,526,593.0,479.0,464,94
pbJxfxsH7Jqx3jV95ksKhmsp2lsIxm.jpg,449,807,491,559,628.0,525.0,358,68
PBkixVHzQBQQ5hetC9o9Mi_mPqbGI1.jpg,380,936,471,552,658.0,511.5,556,81
pbLuI_MxRD1DvuayJVxtZMLQk92se.jpg,393,915,452,530,654.0,491.0,522,78
pbm5daDsNcjrL68L2EswlufQIzaq.jpg,246,779,467,552,512.5,509.5,533,85
pBNcbahyjLktPrRw4eeetaZ6mrD_p3.jpg,399,806,421,482,602.5,451.5,407,61
PBOxM3ud6QYvlQTLuwoKGn95ZWyit.jpg,432,741,465,523,586.5,494.0,309,58
pbR2_tLoPDpBRXnr3qyhZwv9cpSmDnLs.jpg,382,831,430,498,606.5,464.0,449,68
PBrlPJjCFwBW3U5vFJuYUOGToaNjTtaH.jpg,388,935,506,585,661.5,545.5,547,79
pbvt3gExnyWeb6x9ZT5jOcwgrbhu5N.jpg,338,683,474,535,510.5,504.5,345,61
PbVvvWujUol4b95oPMLruLwGbziQgex.jpg,425,976,513,590,700.5,551.5,551,77
PBwSZ5whYq1oPadm252lS8UrBiU3l.jpg,379,879,453,526,629.0,489.5,500,73
pByDrz7KYwPw49IBft47xDQgukm31.jpg,403,724,472,531,563.5,501.5,321,59
Pc1ZgG16oYaiYN5DIjpY1RJPzTcZK.jpg,373,740,462,527,556.5,494.5,367,65
Pch3aboCL3KEXOXFZlj9r7CWEQdtv6g.jpg,400,936,441,523,668.0,482.0,536,82
PCKm3lRrm_bPTKLa7ITkk_ej62eNEz.jpg,325,796,448,516,560.5,482.0,471,68
pctxMqoSw7zye3E57TuWQbkV362bjg9J.jpg,388,668,430,483,528.0,456.5,280,53
PcvNhajz82FWVfjcWnMiSSU7IcRp.jpg,359,679,438,499,519.0,468.5,320,61
pCyLwoYh9GetEncLwV4iwxnZqPKb33.jpg,337,862,461,545,599.5,503.0,525,84
PCz_8EGIpknpVMM7vkvDMyH2UHkT_rk.jpg,458,729,426,478,593.5,452.0,271,52
Pc_OVW5_uknTvKeynNWM8urjSQYF2F.jpg,409,839,458,523,624.0,490.5,430,65
PC_yaPV2pNPOtvrdTl7O_WXQbw9JDUh.jpg,317,769,440,509,543.0,474.5,452,69
PDbB_CJJxpwu36WINn3zZIYE9Y76aG.jpg,457,754,451,506,605.5,478.5,297,55
pDdbQcVhtp7XbrNM9LPYmj5UKtowGHIa.jpg,395,1047,501,598,721.0,549.5,652,97
PdiDUtaTOvYnhE2jQDCG25hVhZ6QGpR.jpg,404,820,425,490,612.0,457.5,416,65
PdIXmIEGHpva6uJbWSSIbuhnf4kZZOB.jpg,387,775,478,549,581.0,513.5,388,71
PDjofWxlKj_Vf3xLYW9sCIogZ5ewcC.jpg,437,860,424,491,648.5,457.5,423,67
pDVrt3yXoI_CH8nki6H3a4jIxMRy.jpg,423,760,446,507,591.5,476.5,337,61
pDYPdp5gftjD2pcPpjbvyQ_Xd4_KPnrc.jpg,328,850,443,517,589.0,480.0,522,74
PE4Ebkc9adU7M_1gloduZqSPulvmD.jpg,428,869,459,525,648.5,492.0,441,66
pEBLIvi8d4nplgZWDhUrmwDL_qjD1Eul.jpg,360,873,496,572,616.5,534.0,513,76
PEFCVjwhcoT5YCpvStVmbKlC5m7HgIOc.jpg,422,848,449,520,635.0,484.5,426,71
peJeZehmgZaXm1qcoGIVSE8yMzrcNxd4.jpg,270,896,498,585,583.0,541.5,626,87
PEnFxFiDafHiwz1arV8cY9wyzRjCqj.jpg,315,813,446,520,564.0,483.0,498,74
PergHlq1QuN5MMWugggczsuvj2VfRiQ.jpg,290,779,440,519,534.5,479.5,489,79
peSll3tnK6ndHMKQTd9UUtk21H6j1d71.jpg,392,740,481,544,566.0,512.5,348,63
Pewt_OMuetbz1w6NCm92XuOmNVdI3f.jpg,420,737,466,526,578.5,496.0,317,60
PezFfKfZGLCiQz8FhouMQ3GMoBq8Vjy6.jpg,352,1021,504,602,686.5,553.0,669,98
Pf17bN3vkdM73Y5a2Rg2xyKzo33yQnl.jpg,383,798,446,509,590.5,477.5,415,63
pf9SIcWs22Ni9sz3mzQvFxndCY57RSTU.jpg,390,781,467,534,585.5,500.5,391,67
pFBhMhkNHKU6rpTf7U7B8OR2IubfkRoH.jpg,495,813,464,527,654.0,495.5,318,63
PfCHeELq_6y33lBk1KMxVU9OmtHgqQVd.jpg,445,750,426,488,597.5,457.0,305,62
pFdQfjP9kSpufDnUlN8WvlKT27OSqZJB.jpg,329,758,427,492,543.5,459.5,429,65
pfhyrtMYPvMTmrQ_97yNoqT_MRd3pvP.jpg,413,961,461,546,687.0,503.5,548,85
pFiF1UDzEY4rHNOgpeTpI9KJ4E8uaKk.jpg,322,793,433,510,557.5,471.5,471,77
PfKuviulxfjiilcawVNOGOE2YRQEW.jpg,318,821,452,526,569.5,489.0,503,74
PFrZr5wj_R1klL2WeNKbahnCWsvrY3.jpg,375,903,454,537,639.0,495.5,528,83
pFTOWwlHCR1ZIYdl_PY65qe5gvyivUiY.jpg,348,903,515,594,625.5,554.5,555,79
pfvsbFJlWQfwokHCZiqIZxEyDj975e.jpg,287,1087,592,722,687.0,657.0,800,130
pFwBLCy8kpoLdCsmeZlGCh53j1KMv8hD.jpg,401,924,485,570,662.5,527.5,523,85
PFYKoMzxsxKBeQYEMfe6yQWzEbYjS.jpg,461,791,481,541,626.0,511.0,330,60
PG6_lIGFG1kdO12PUMxHjtqDfKBSlMsc.jpg,405,858,427,502,631.5,464.5,453,75
pg8SlOO6h5q_CNutzaHkLvLccNpMTQF.jpg,434,884,431,501,659.0,466.0,450,70
pgHgMbENz6SBqZpROKooir7qEjuNkd.jpg,463,811,491,553,637.0,522.0,348,62
PGKvtjuF8FBKynnMhsu9RVJ3S1nFf69.jpg,371,957,477,583,664.0,530.0,586,106
PGQfGBD34KypfXMtgI4ObSICz2fGzjLl.jpg,324,873,471,546,598.5,508.5,549,75
pgSfBCVZQLwwT8Q4fxt2bNSXw3euWvp3.jpg,395,706,464,525,550.5,494.5,311,61
pH2M6BdrXh48aIcavS3T45VtjtsMhU6.jpg,222,994,537,644,608.0,590.5,772,107
PH7sf4YD2p4pXue1eWFp3gfT824wCwkl.jpg,374,711,437,502,542.5,469.5,337,65
PhCwoucXc72CTHyhTakhISHHewnwPGr.jpg,319,766,424,513,542.5,468.5,447,89
PhK6eUbykmYVS9nOCMC7CR4wpPF174ku.jpg,370,750,444,511,560.0,477.5,380,67
PhklCykYoLmyoHgwa_LHeZE7wU5jx8M.jpg,343,752,483,557,547.5,520.0,409,74
PHZbmgqLNKRGsyrB9Dn5tbszVOIzqHr.jpg,358,824,467,539,591.0,503.0,466,72
pi1_ifpeNda7DCubfd9uxR1tw3p_jq2N.jpg,300,752,421,498,526.0,459.5,452,77
pI3xNMZ2Bhc_YYboCVYkdDRTNmO7.jpg,296,766,438,528,531.0,483.0,470,90
pi5uyxZaeR8FG7X9jK2PDsvB2_lycf.jpg,449,935,483,555,692.0,519.0,486,72
pi7JCd6GIre2rnNRcqvoPBitbpU4M.jpg,239,1121,585,724,680.0,654.5,882,139
pIiJyN9cHcmhJr2t5Hzpnlgp7js6WMpi.jpg,380,674,438,494,527.0,466.0,294,56
piOcLp85quoNo37k62YFFKD6Jf1xrU.jpg,467,881,454,518,674.0,486.0,414,64
PioSYPerHgZqc3XVuLThLCOx64hyhPO.jpg,413,725,465,522,569.0,493.5,312,57
pIoTl86ghIkwHhNj8IkeKOY18sCkrfn.jpg,473,779,439,495,626.0,467.0,306,56
piPtgy62FiyoaPN6apoRLEknvZqNxLN.jpg,454,896,467,537,675.0,502.0,442,70
PIQIEvUQsSKZCnJ3ujs4BKzVt2HFwN.jpg,430,742,440,496,586.0,468.0,312,56
PIw3dQeVmXg9IyNyRraXYgjwK1kpylka.jpg,482,929,462,528,705.5,495.0,447,66
piY8BQvNj_hNMPbTcPeCjQvHLZVQTlem.jpg,378,862,482,555,620.0,518.5,484,73
pj5Koj2gPGLr747CcdUkXMbBdTmDw7.jpg,481,745,437,489,613.0,463.0,264,52
PJGY7fxvrCfuy1ilzFya9SrmNPXNJok.jpg,376,700,443,504,538.0,473.5,324,61
pJiJlRF3dwYfwrfwCF7mVw6sMsI4km.jpg,261,833,476,556,547.0,516.0,572,80
pJltD3v8OTHMKomGNDTr3qoqnhO7m.jpg,481,809,476,539,645.0,507.5,328,63
pjN6VIJ17PeKvE4QGJau3aLsFo6Wsf.jpg,387,792,438,501,589.5,469.5,405,63
PjqC7OHBlt724BGcNU971jONmU_1eP.jpg,435,791,488,552,613.0,520.0,356,64
PJSwpauVQzY7chK2FgCNhQ9LaMuQMh95.jpg,417,837,450,514,627.0,482.0,420,64
PjwfxheVCV9EB5tj3LdphUiHhgSMU4.jpg,359,1086,595,712,722.5,653.5,727,117
pK6efdr_Cjwmqe_3CHNmWKtTr1e3Nld.jpg,466,822,486,553,644.0,519.5,356,67
PkdXKbtti8M85igumtppPSyOsDC6Q.jpg,471,968,486,561,719.5,523.5,497,75
pKGJi_Y7iuLqfYcuyF2Gkllqkzd6KcjU.jpg,379,811,460,529,595.0,494.5,432,69
PkNKty5poDlbem63NvxwDfsUIuh1k9r.jpg,423,732,469,526,577.5,497.5,309,57
PkNpOsRDYIlFPrRVMuT47puiyZBYCMX.jpg,417,839,445,510,628.0,477.5,422,65
PkqOcsNBSCr5pKQJFY3DLREWNu1kS_3.jpg,411,843,457,523,627.0,490.0,432,66
PkQYyERQtboxRUxhw3iIv2z53TielZ.jpg,323,769,457,528,546.0,492.5,446,71
pKSuzcTVWDS6IlZucyVSnzwn58SGjk.jpg,261,804,493,573,532.5,533.0,543,80
pKxUHhG38LZgYmaPvw_ZIC5JvuYN.jpg,440,915,442,510,677.5,476.0,475,68
PkyFc6_IRqdbVNCY_wBq5fG1EdEUpO.jpg,375,861,450,523,618.0,486.5,486,73
pKYPJDFzsECsRL9HMF6_rnCZ9s_iEE.jpg,293,728,449,515,510.5,482.0,435,66
pKYYbb2p4JKmEmGOoCQORkN4z4qLKmk.jpg,311,936,537,624,623.5,580.5,625,87
PKyzZ3HH1vxBNYqIiLdPENcgqZcoMJ.jpg,296,775,450,522,535.5,486.0,479,72
pL7CihJmO56vmRdyeCUPGTgdYqGsOV.jpg,427,724,455,511,575.5,483.0,297,56
plaUfTawM9heCKlGi_klslvsRvRMWX.jpg,456,743,431,489,599.5,460.0,287,58
PLbcRZMyuOL7uVNNrhw6LYH7nOZSg.jpg,466,804,481,545,635.0,513.0,338,64
PlgjvZ1VFh3Dq51hngkgBkr7TgaYYg.jpg,353,767,447,510,560.0,478.5,414,63
plk7pZpnbEBoN3CIjrfBeajF9SX1Z2l.jpg,371,877,495,565,624.0,530.0,506,70
pLN2lzgWU1ub3QmrxBj7ZYcSc962.jpg,333,826,452,526,579.5,489.0,493,74
ploimzO6uCN4FcXJS6225k1jKW5FZ.jpg,394,882,447,518,638.0,482.5,488,71
PlpxYoge2eIhzLN1XM6GskC95kZ1N.jpg,455,883,458,519,669.0,488.5,428,61
PLSCXwYtZ7ynLqWDMs5hOMqGo3zako.jpg,457,928,445,516,692.5,480.5,471,71
plXJQPuG26h_s2hsgytlghBKiOPBMt.jpg,357,731,501,565,544.0,533.0,374,64
plYkuDaWdur4p6zIDQ5F9mMsTduKHH.jpg,399,933,506,585,666.0,545.5,534,79
Pm9Zrr8oyYRhBGbNNb8BG5ewOkht.jpg,395,840,426,495,617.5,460.5,445,69
PMaFxoOiYRDcuavyxYtK_Y7Mof5lhCG.jpg,320,749,434,502,534.5,468.0,429,68
PMBfCeSDDgqYlRLzOl8y2C3nfw28kqq.jpg,465,899,425,491,682.0,458.0,434,66
pMHgs6JdmC6u4dprNuJDIoq6lJZfTX.jpg,429,927,447,525,678.0,486.0,498,78
PMIlheu62qJ8waB_CUc9bYG3bCqO9k.jpg,413,753,454,515,583.0,484.5,340,61
pmkBM6kl97FZnQLbPOalVW6N_YHWVhr6.jpg,408,895,434,507,651.5,470.5,487,73
pMoVgRtKBMoGPd9rUlxczx9TyBUjwPB.jpg,399,762,500,566,580.5,533.0,363,66
Pms9tGs8phrva22ZgBjRN2YmRebnNfM.jpg,331,652,443,504,491.5,473.5,321,61
PMxkwWOdkPzi2PdsCpJLoRt4UzM3prxi.jpg,387,698,434,493,542.5,463.5,311,59
PMzttFpaFqiSWBI6969dSJ_acJtWr.jpg,397,929,457,538,663.0,497.5,532,81
pnaghFwUPrN5bn3H62GGrJ9vDQ9P158.jpg,494,811,462,524,652.5,493.0,317,62
pNDCUqxF1eajxXgVvo7Rj6fMjUoFOEcD.jpg,371,883,491,565,627.0,528.0,512,74
pNFmPQGliU1E2XyWhJxQlBVW2KLmtw.jpg,378,858,443,515,618.0,479.0,480,72
pnjkaJLyZ7lYJEOmFLFSEaqcnM6_g9.jpg,440,856,419,487,648.0,453.0,416,68
PnlfvRGC__MiIy6M78N9ktUz5Y16TIgT.jpg,424,898,433,530,661.0,481.5,474,97
PnT6gSiytNZMZd8EYwfRwK8YL5kN4_6.jpg,507,849,483,544,678.0,513.5,342,61
PnUU_7L8uF4NtjkG88zsQJrlBwtM.jpg,317,1000,506,616,658.5,561.0,683,110
po6Ph6lMhvXN_8cw8uqTOk9gipSCfs.jpg,375,887,455,529,631.0,492.0,512,74
POBgcmsz6j1DuJlY1CZC2PxNkydXaDOq.jpg,443,928,446,517,685.5,481.5,485,71
PoeKgesVZpeiXJDFes_EG_d1E5PPUUj.jpg,383,712,443,507,547.5,475.0,329,64
poFb3vH8WJVfcy4rntyT6NuPBnI6lqp.jpg,286,736,441,506,511.0,473.5,450,65
pOHK9Ur5J9ahG6W8wQQpLNsSpV6C2.jpg,412,818,421,487,615.0,454.0,406,66
pOhSwYOXJKgC9JHgQ5KS_MP_rDheRg3_.jpg,400,866,434,509,633.0,471.5,466,75
pOj7HVoeuNIRSIl89CjkYTsqkd11itEQ.jpg,453,753,430,490,603.0,460.0,300,60
pOJmaSRYibCFLmnFyMXMQSfVE59jaC.jpg,316,763,434,498,539.5,466.0,447,64
pOJnzIsGBKTakWiK7sxDmiM7rUo6v.jpg,453,819,502,565,636.0,533.5,366,63
pojvroI7HcB7vgfGiFVoyKr6ZRuONW.jpg,444,870,422,491,657.0,456.5,426,69
POoUyiEZB7d2O6_D8utLB4NVLLCN9aK.jpg,555,864,424,487,709.5,455.5,309,63
POpqhEWDfoYVt9dQQu_RR_Rejig_z6Q.jpg,311,749,424,512,530.0,468.0,438,88
PotE2wThJ7KdMm2k1j_BfXUv56e8jb.jpg,284,800,442,519,542.0,480.5,516,77
pP5cRw2SYPF1G61DtqZxHfjxoKCTWGW.jpg,422,968,502,587,695.0,544.5,546,85
pp8av2jrUMorNvKlyPZuTKkMtU4NFs.jpg,414,917,450,527,665.5,488.5,503,77
pP98abI1_G8vnOgfUJyZngGlRzUBshK.jpg,455,740,434,486,597.5,460.0,285,52
pPdO41LICYf2OZ9jOUKKkKgq3TknqG.jpg,414,862,426,496,638.0,461.0,448,70
PpfJSQttMgtl_p4noTq7qoV6PL1HDNN.jpg,353,953,522,614,653.0,568.0,600,92
Ppgob7jJQrC8S1ax5228qpEuws4vRZW.jpg,317,841,500,581,579.0,540.5,524,81
pPi2uaGuOB57xQ2r3a53_w2cFiD22ZD.jpg,460,1001,459,547,730.5,503.0,541,88
pPksd1JzklWEgZ4GwaePR5eD4aEE9fX.jpg,386,943,474,557,664.5,515.5,557,83
PpLLIgEMf1zTydcyVjdmBbkRKjbn25E.jpg,451,743,432,487,597.0,459.5,292,55
pPPnkkLiFQFSiCuguN1s1Y1jLRBzyO.jpg,442,888,470,535,665.0,502.5,446,65
PPqNzV_epEuuXEkaI5T7dYkS1ESZ3QD5.jpg,254,750,480,552,502.0,516.0,496,72
PPrBO7IBIKNpNna7LlzSzGIoPq1yu.jpg,296,860,474,559,578.0,516.5,564,85
ppsdEumlzj_cFUr4FPvrqXCoqccZG.jpg,428,774,485,547,601.0,516.0,346,62
ppTTGx8yJTsnOxyJYni2Ib8LthsTr2E.jpg,368,770,420,483,569.0,451.5,402,63
PpVVCjoOjEnT_TsIPDvYg3ZpOkyLfJQZ.jpg,313,796,443,539,554.5,491.0,483,96
pPWdMZ3FVxdTRykdBbJVfLZuoQQxq.jpg,421,782,459,525,601.5,492.0,361,66
pq3wfEMtdOSP4hBYWltP8qtUtmIVW54.jpg,398,849,437,504,623.5,470.5,451,67
PQ43lTqharkIL7QwHxkbLWk26hfGa.jpg,358,918,466,548,638.0,507.0,560,82
Pq9s7FHBydpKaKXyb6yfaxUEeU8hEG.jpg,354,762,421,491,558.0,456.0,408,70
pQaqFM2xIsaouDb3WbqiI1JNGu6oTSaM.jpg,324,805,466,541,564.5,503.5,481,75
PQeP1oGMVBYe4f52tJ8xVtQjLpax5Eb.jpg,446,860,416,484,653.0,450.0,414,68
PQhhCXUrXBiQgxlUdK8Ya8jh33OMz.jpg,196,976,551,661,586.0,606.0,780,110
PqiBrV8ioSmURV_qx4PG5pwI38dI8j_.jpg,344,921,478,566,632.5,522.0,577,88
pQJlE2e2faf52vNNuKDvKQZnJYmXkmc.jpg,267,824,464,553,545.5,508.5,557,89
PqN4a6vjueRjqwSUrocQ_MsYxREWih.jpg,377,784,419,484,580.5,451.5,407,65
pQPuG7Mla5R7ZBru54xLdDkrl7GOWs.jpg,54,841,592,702,447.5,647.0,787,110
PqQjijioXp7eYg571OpLaZgE6WoMlYL.jpg,538,812,421,477,675.0,449.0,274,56
pqs5zdtTtXIVIuEQseX96DIMvIcr1.jpg,212,946,518,640,579.0,579.0,734,122
Pqt3upi8bORmRaKvLzYZ6pRCBvyyH.jpg,314,848,466,546,581.0,506.0,534,80
pQT8eE3cSk_STLE6_OtglthVB2lhc.jpg,344,762,438,503,553.0,470.5,418,65
PqVn5rnD38o3FtWWa1QpjdHd7dgbx9i.jpg,339,893,512,590,616.0,551.0,554,78
pQwqtj9M_VIPqZsy9Iornj6kmX6rlT.jpg,388,808,420,487,598.0,453.5,420,67
PQWx8qfL1BSVvp1kIm2tZIfmejgbzQZ.jpg,373,834,468,536,603.5,502.0,461,68
pQxuqjovT4MWlbJkuWxNepwoSakMEZ.jpg,376,722,467,530,549.0,498.5,346,63
PR5U2xWnVKbI2Y8T1Gy65oMOprsDmP17.jpg,468,785,470,528,626.5,499.0,317,58
Pra5q5ZBE196KZSPLy39ID1RTsw3sfle.jpg,330,668,462,523,499.0,492.5,338,61
PRbl7l6w_6_5btOen3gQhqiajrtqILS.jpg,408,729,446,508,568.5,477.0,321,62
PrDVfxEToL1qNQbdzy9lfjpOzWmDr7.jpg,439,795,450,517,617.0,483.5,356,67
prEviKXioO_2V3rNDkHwsGOk1fJiJ.jpg,247,857,472,562,552.0,517.0,610,90
PRnsJES7Vk5UO3CoUDj8vomXM6avd.jpg,380,744,470,535,562.0,502.5,364,65
PRN_HdXaMvKJVOe8OjItDiorsxqVeJPO.jpg,316,858,465,547,587.0,506.0,542,82
prPF6lVYE9TC35cQLEZs43tvkssj6xo.jpg,433,869,455,528,651.0,491.5,436,73
PRt6GwMeQCmXXtR7XfZC7iDRcVqYRIS.jpg,402,890,480,553,646.0,516.5,488,73
pRTFJPQGidgUKuYCeMXfghOyeKcmc.jpg,367,846,449,520,606.5,484.5,479,71
Prw3nrL9sYr87ogmIYkeDaEPx_EeRT3.jpg,407,774,474,542,590.5,508.0,367,68
PRWN2hS4zB43MRcrdLLctdYn8yReuyBb.jpg,391,741,487,550,566.0,518.5,350,63
Pr_o6ZO1m5ZkFdWW41oryLwtGz1lBp6.jpg,411,753,486,548,582.0,517.0,342,62
ps5n32yMZuQwolesPKsPCLUdtxpR__.jpg,429,727,434,491,578.0,462.5,298,57
ps7Gfr2h1NXlFegyxlSOoTbnOZXyuGF.jpg,414,851,458,528,632.5,493.0,437,70
PS7VNSajm2STYOD6V3GPvnpXjNthdy8_.jpg,457,919,469,541,688.0,505.0,462,72
pSa7SBxVzoYJdfPCjfgINqaRMGwM47kr.jpg,251,789,467,544,520.0,505.5,538,77
PSb2zjSJ9y8WVmF97pRPVjKk8rv_i3L.jpg,438,733,450,504,585.5,477.0,295,54
psG2UH1vvqDOrd9DlIQdEej4yIDJSJt7.jpg,439,813,498,566,626.0,532.0,374,68
psjUzBVPo79FfCGh_MZNKLsODVYj8BRn.jpg,356,898,506,585,627.0,545.5,542,79
psM5J3hxSBu3kHvjxaPfdL_R4JWoxe.jpg,370,899,456,534,634.5,495.0,529,78
PsNRhYk3gd2T8Jabys7bHqZC_f73Qx.jpg,338,748,423,494,543.0,458.5,410,71
pSPJkwkJSrxeEy4plH9MwmwW4cLNm.jpg,509,832,443,505,670.5,474.0,323,62
pSqnjFlkNrRSnEgjx44PLKJEbU724x.jpg,319,833,458,532,576.0,495.0,514,74
pssamPkITRRkiJFIXt46kMLHzwwZkJek.jpg,429,971,506,585,700.0,545.5,542,79
pSYg5HTTln_rq1om1sapOUWtrBcai.jpg,386,682,441,495,534.0,468.0,296,54
pS_qeEHcc17ciLSz1B1GItux4Zq4oJBS.jpg,451,818,502,569,634.5,535.5,367,67
PtKmOML7RNt4UUDVrdGa_OhibbwUKSh.jpg,459,800,442,510,629.5,476.0,341,68
pTpJW7JkfyXpdCkRDymU2ejviowEVEZ.jpg,426,740,440,502,583.0,471.0,314,62
PTq_3fb6ZLMPjINiJI5qc1EYB5ayG4.jpg,194,806,512,599,500.0,555.5,612,87
PTrBpnq7Iv57LpEBw_afOnQfZDfQD.jpg,424,836,421,488,630.0,454.5,412,67
pTvkhjJP2Z3brJvLRC6pHhGDx4SR3m9.jpg,391,915,495,572,653.0,533.5,524,77
pTyY_KyVMTQTpWQw9jdosv_cN_P86p.jpg,393,814,426,490,603.5,458.0,421,64
pU6T3lkaaz1vkGjowtmxfnuo1ek52gy.jpg,389,931,464,544,660.0,504.0,542,80
PU7JBvG6Y_Z3XT4Ri_Ow2iH2Ph6kUpV.jpg,406,842,422,492,624.0,457.0,436,70
pU7OepKZerIBGiykjv2NsaTPUHxyKg2.jpg,423,961,463,540,692.0,501.5,538,77
pUchvjuP7rEzWYVo7qQfLscjNroV28O.jpg,399,911,493,571,655.0,532.0,512,78
puGS76WrfslvZQFZ6V4IlxVQhneX4SuD.jpg,334,750,421,484,542.0,452.5,416,63
PUlfznaKT_OIu6yI1mB9Ul9qrH2iBYK.jpg,162,818,507,599,490.0,553.0,656,92
pUMNjnkBFhTQMCgomFtBNPjewNns.jpg,467,834,502,571,650.5,536.5,367,69
PUnwz2unlsVsKa2hfI7M4V3yFHg_Mu.jpg,269,732,445,517,500.5,481.0,463,72
PUV2fTt2LxB8IQZwRRuwwxr7oPcjB9In.jpg,388,868,439,513,628.0,476.0,480,74
pUW2SRtIh7Q1K69Wcmj4Qg6VYUZUzzQ.jpg,393,810,417,494,601.5,455.5,417,77
PuxcwyLm9SDjaLCdXganhHjtCr6u9sq.jpg,255,788,461,541,521.5,501.0,533,80
PUxZvD_QPvZPIHBl8jgnyE4nJ_rVNDYq.jpg,356,946,515,602,651.0,558.5,590,87
PuyJtcBrZpFow93gXvtZaaIjtNiLKBKa.jpg,329,879,471,547,604.0,509.0,550,76
pv4heInfgsyIBWNM8V9hw9SaUie5S_.jpg,392,859,424,497,625.5,460.5,467,73
Pvbe3ZJBUPSOHe8LuzwiEPaiZSuyW_Y.jpg,359,905,461,539,632.0,500.0,546,78
pVEkpRngP5O5ue7I8VVaaIR2ndcXK.jpg,319,890,524,607,604.5,565.5,571,83
pVEZbnGlU3qP67xPETJRHiaJC2NGJ.jpg,281,785,441,517,533.0,479.0,504,76
PvgMoXv4ULu6iJitGYVhehVkEoqqFb.jpg,359,841,449,517,600.0,483.0,482,68
pvVSiptR8elrGQwCPeLDrQbrtQsvCLD.jpg,375,800,457,525,587.5,491.0,425,68
pV_rBXp3RKRK2sthRtccY1KHDCsJLwI.jpg,381,721,475,541,551.0,508.0,340,66
PW6NaF84GfQHX1FCXcFYt8PuGyyZFE.jpg,434,784,434,499,609.0,466.5,350,65
PW82Xocr5gBGbEan4dlDI88BUyWxjI.jpg,397,934,493,577,665.5,535.0,537,84
pwET5EGKQ5rd6hbn7rXetZOJD3Tdxc6.jpg,454,912,439,512,683.0,475.5,458,73
pwGFFJK1iWsVGg3oyQN55pHSBWn.jpg,451,771,469,529,611.0,499.0,320,60
PwiROoXM5O5QMPNCTV5ZUn_lkgjRSG.jpg,434,854,461,524,644.0,492.5,420,63
PWixSuTCj4TI_BY_ueXPOCTuSKaKJsec.jpg,498,796,441,496,647.0,468.5,298,55
pwJFMu6cbTWNZYZrWlmUt8HK5R6hxSS.jpg,282,1231,603,742,756.5,672.5,949,139
pwjmPIq_F7MnYohQrJyEeWLXDLad9YW.jpg,265,960,540,649,612.5,594.5,695,109
PXa4SPH_YsGpCLgiM4fCZrvKMZ1_J8t.jpg,435,897,443,511,666.0,477.0,462,68
pXatXBMpf95k_C8_5v83s6ggdjc_aX.jpg,468,915,463,532,691.5,497.5,447,69
PXCSDFJjLlPvkWDcQgkKejV2P917.jpg,438,906,443,513,672.0,478.0,468,70
PXDRNS6fnR2W1ZnwGu2eG7WDvbhHSYd.jpg,349,804,431,505,576.5,468.0,455,74
PxESEahOFz3WHmiChFuzxmmOa69cdHP.jpg,423,752,430,487,587.5,458.5,329,57
pxG4CMZJuEyWZoC4ySlBmIRJqN66dj.jpg,317,764,439,508,540.5,473.5,447,69
pXjvVeFe6FwXEshH3MEDSxs_WzDmlt.jpg,449,848,475,545,648.5,510.0,399,70
pxKNHCJYIDEqygHuV3Jg611vhfL6PDl.jpg,519,793,424,478,656.0,451.0,274,54
PxnCORWpQhhEckhkLyx7gNKUS6Pg9ctX.jpg,168,1132,564,696,650.0,630.0,964,132
PXrGy_tfJEa6BJmtHNy2C6_5GSYgO.jpg,442,844,448,512,643.0,480.0,402,64
PxWQxyzDGGZPgwT_GIzCosw4bmip5.jpg,456,789,475,539,622.5,507.0,333,64
PX_yOoHaMt_yEmjpxcYYVRan2UyX_vX.jpg,422,926,454,527,674.0,490.5,504,73
PY3hlxPjCru_soiavTpwjVmVVpu5dhVX.jpg,481,791,444,503,636.0,473.5,310,59
PY5LhmCyQZeurQcqXt755SsZfPVkorp.jpg,157,840,513,605,498.5,559.0,683,92
Pybo48pmk1cMq7ImniH9GFp1Ticqi.jpg,411,791,482,549,601.0,515.5,380,67
pyJTPgIQapRuLWNBeBxJTZM6P6FZ1h.jpg,420,937,456,533,678.5,494.5,517,77
pykWkdNPdL1GNWZpPfeW7ajmKOtnKSr.jpg,515,839,468,527,677.0,497.5,324,59
PYNHhLhmaZxFbtsPvQxwLv7wfflSqGdQ.jpg,435,935,434,512,685.0,473.0,500,78
pypPW1BWoFMTgbtedajSXBItzuqgkEso.jpg,366,772,418,481,569.0,449.5,406,63
PYQQGpHc5_Y9BSgFrChSfczwxaXm9X.jpg,390,751,478,541,570.5,509.5,361,63
PyTgeTk3awEKeeBbPVwEKxkaMMogSd.jpg,366,911,498,576,638.5,537.0,545,78
pYvQXEWJQXy4ZWcr5wJYRYeE4k8S4K.jpg,450,754,462,518,602.0,490.0,304,56
PYXJR6EDUbZ8LfuIgrx8D_UuCVL4.jpg,419,736,474,534,577.5,504.0,317,60
PYZJ8FxfvDQHDek3z_94sg_lrN4vUG.jpg,324,892,474,552,608.0,513.0,568,78
Pz5gBsQYmEyQnt6a8v5ROKSkGJJp2sl.jpg,305,890,521,606,597.5,563.5,585,85
pzeMWS5DKERkZyhUK9_mROOcI2GVRfaC.jpg,492,814,469,530,653.0,499.5,322,61
pzFPsBF_rkLoNfgGeT7ymzzrwoExxt3C.jpg,325,775,431,500,550.0,465.5,450,69
pzGDgP5RyTr9JnQMdq6NKlvsq5frHHsj.jpg,356,854,451,523,605.0,487.0,498,72
pzGHofdxuIKivHCxYxLy45HaetmHkY.jpg,400,716,472,530,558.0,501.0,316,58
PzH2QpyyKZ2iljm9lTco5xW6k1PbDus.jpg,58,1231,698,851,644.5,774.5,1173,153
PzHmQ9ctWs66ItdvEpgSxZaDc1XHKQd.jpg,413,894,473,549,653.5,511.0,481,76
PZokBmr41kErumfg2dxJuPZ1hFjd.jpg,443,816,505,573,629.5,539.0,373,68
PzRTvRqqLorMUWpH1I8MQR5kaerOZQz.jpg,298,850,417,500,574.0,458.5,552,83
P_biP_Jk5uXbLnDbVaRuJ8cV_efGLYD.jpg,196,795,528,613,495.5,570.5,599,85
P_MYdQx_YVC6o61DZpC4zRmuNDrSzkj7.jpg,354,912,463,551,633.0,507.0,558,88
P_SIFRBLjUU2ElFCRzOUpmFG3hGgq_.jpg,342,797,453,524,569.5,488.5,455,71
p_wcXKlr2EOyDKjUjagEKCzDZoly6CV.jpg,479,813,451,512,646.0,481.5,334,61
q11xj8mNXiHjuX4jeaOX4mxr14z31T.jpg,341,792,436,505,566.5,470.5,451,69
Q13DVWlgUPw1nkRqBUW7WkgYFRymdYs.jpg,422,721,457,513,571.5,485.0,299,56
q1FHPGkR1UrJ35xQE6lTXcDUHq8Bj.jpg,356,944,485,573,650.0,529.0,588,88
q1kD2Eo5jnY9_PGtOGPgBfFyghwkRJdz.jpg,370,713,478,541,541.5,509.5,343,63
q1L2qMx4hHLVzjoVHbxQHNsrNEIC.jpg,455,788,444,509,621.5,476.5,333,65
Q1MKPQzwRoiyzCPjFVfmgtcwasgIQwh.jpg,447,933,481,556,690.0,518.5,486,75
q1mNwNKnQal5Fns87Eq5gqseiCeMRE3.jpg,456,880,420,494,668.0,457.0,424,74
Q1nUx_uvzBf24bnrLYHfQlYnYSj2zwK.jpg,340,782,465,531,561.0,498.0,442,66
q1owNLl5HEklHIb5fFMYcuoLQbOBBj4.jpg,420,907,445,519,663.5,482.0,487,74
q1RWHlGaFEKd9vkEqrGw5VEJ73WfaI2.jpg,519,821,455,515,670.0,485.0,302,60
Q2CG3VodcVjhf196EgXxwkJyeoaTK889.jpg,426,899,448,519,662.5,483.5,473,71
Q2DyRxEOTLEv2gQHq14Q524Cjj6MeLO.jpg,504,798,431,487,651.0,459.0,294,56
Q2iYcabTsCmulSYgbKGa81a5Kej8B2o8.jpg,410,890,469,542,650.0,505.5,480,73
Q33Srfg4ijN3WCf2z57t3MxUyCdcKiul.jpg,458,828,500,567,643.0,533.5,370,67
q3eTxQIxInWygPOh_hyrOqnx7v3yMy.jpg,394,824,462,529,609.0,495.5,430,67
q3OBOOvqfcakHOya4iK_kWbSL9OjtYSd.jpg,465,802,459,520,633.5,489.5,337,61
q3q7kBZwKWYpJhCYJBolYYfoqwSwZfR.jpg,304,819,462,535,561.5,498.5,515,73
Q3sYTeWB7RYqjk3sNd2tm4oVNnqU_.jpg,358,956,478,570,657.0,524.0,598,92
Q3WP31DvNJxfeDniGgzwv5zvxJits.jpg,438,874,432,500,656.0,466.0,436,68
q43ssjrlGF7l9jTSil4nbaL3JwqC7up.jpg,387,709,452,511,548.0,481.5,322,59
Q4e_t3lkwK6sfNBn26OlijKKaog1rWQ.jpg,374,808,435,502,591.0,468.5,434,67
q4RoMxp8ZbC6kCUYeD9sih7KYLXbQN.jpg,414,883,441,514,648.5,477.5,469,73
Q4rttdBRVkhuWJkSjrw688DHokwJ8w8.jpg,380,785,505,575,582.5,540.0,405,70
q4wIJDcgn_xRJjakEioGcpwV3Y8W.jpg,272,848,477,560,560.0,518.5,576,83
Q4zY616nJRzMXvrhH8oI3sOCPJd5.jpg,325,854,451,530,589.5,490.5,529,79
q5MM5T6PfnXJzyKebGomgwP2tLC53.jpg,397,855,432,503,626.0,467.5,458,71
q6JcUn46TlzIvddSyPCexi3gRbyeE4uV.jpg,365,892,501,577,628.5,539.0,527,76
Q6TUXNNpZjDPnLE1K5Moxbrj9Cyj.jpg,415,867,430,506,641.0,468.0,452,76
Q6UiHtkuNhBb8yPOP4ZFLM4m371xY3N.jpg,422,733,438,496,577.5,467.0,311,58
q7B_H6qSTb_CRpXWU2dkTSNIjxMT.jpg,372,710,448,510,541.0,479.0,338,62
q7QvKW1TrjykcEOop6fpuoKgEhKYdN.jpg,424,962,460,540,693.0,500.0,538,80
q7R4YnhanexKEjyP59pjfXSzsnYbj6.jpg,213,877,534,633,545.0,583.5,664,99
Q7UcUPrJ6GvtSnSjXmZMb451EYmhvE2.jpg,463,864,414,482,663.5,448.0,401,68
q88GGS2rg8KudBoX3a5LnSJ2jgIim1G.jpg,175,783,482,580,479.0,531.0,608,98
q8iaod7qm9EFUr196iihxiUrll4BUzFN.jpg,356,885,506,580,620.5,543.0,529,74
q8L3Ia1BFc366KVoYBhFinDJaoDxM6B4.jpg,325,657,483,544,491.0,513.5,332,61
q9l5Koie2TPNvv7SgorF68Krb6fRZlq.jpg,482,789,440,497,635.5,468.5,307,57
Q9lGsghGi71wE6eNKOdrCFLVK9Pqv.jpg,352,932,522,604,642.0,563.0,580,82
Q9rRzrRBsHL1MYLIPcmME47oWHWqzNDg.jpg,435,763,479,538,599.0,508.5,328,59
Q9Tr8J7EcpkCd1y35sDwBp_tqEu3T2Nm.jpg,426,897,435,508,661.5,471.5,471,73
q9UUXG_sm1KorpLCWuMIoVSn93on_nhg.jpg,450,795,454,517,622.5,485.5,345,63
Q9UVJHKYKLX7SOgRW32yH5XgMxSSZJ.jpg,446,906,468,538,676.0,503.0,460,70
qa2B7grb3zTBiSCBXUmVatBiQpyz339S.jpg,361,827,425,494,594.0,459.5,466,69
qa3U9agT9TtJQikEM2Zlallk6PdHRb.jpg,435,755,475,535,595.0,505.0,320,60
Qaas6ZMTBCdx8zSjauMISFxfmMdROsd2.jpg,281,823,461,538,552.0,499.5,542,77
QaC8f7dysIqNKIvDpbrja2mUuFsX.jpg,337,773,456,520,555.0,488.0,436,64
QaHvaQzCsskph2juky8gFMDegMvkG.jpg,374,809,422,495,591.5,458.5,435,73
qajLqQlyh_owksqDa4Hy15PaGuiQ1.jpg,443,855,450,511,649.0,480.5,412,61
QaoJOmsprpCbudOWKC4zoJ3i_UurCM.jpg,387,814,426,494,600.5,460.0,427,68
QaONxrdXUuWQg_hacyUvCchpJdDKVp.jpg,325,871,465,562,598.0,513.5,546,97
qawK4qT2hoyQZgnK9TOO5r9QQREWwwOn.jpg,422,830,424,488,626.0,456.0,408,64
qbgElB7DrvWjhN5jXvZZaxkGL23WDFr.jpg,279,765,480,551,522.0,515.5,486,71
QBILtYzGFc7QxRINkemMKzwitJDl9F.jpg,363,807,431,500,585.0,465.5,444,69
qbQ6RNzrgzmRBnXtoTM7n9xfovS977R.jpg,394,744,455,519,569.0,487.0,350,64
QBQXvsSFoB5PKyPV9kr1licog9pEanD.jpg,452,781,440,506,616.5,473.0,329,66
qbU54ZIUGQdutkdi6iXiBCkBkPSCdjXJ.jpg,423,892,474,544,657.5,509.0,469,70
qbu_FMd4XQw2OofyXCIzmhF9k1StcCW.jpg,368,829,424,493,598.5,458.5,461,69
qbvTKNakrdX4xh1_5bqI9L8p4rDCv.jpg,448,881,424,490,664.5,457.0,433,66
QBW5F6Xje_m1om8iXvVpRYlRF6hl9.jpg,416,830,427,494,623.0,460.5,414,67
qc3uegzIJporEdzY5lBHwCHYrDXZYwSM.jpg,413,892,473,541,652.5,507.0,479,68
qC4i3jFPWYB3BO6kE5NrzLVhk4zBqIJ.jpg,401,945,507,588,673.0,547.5,544,81
QCDP9BGwnkTm6NL4oplb6YbfxwV8XYCh.jpg,446,771,446,500,608.5,473.0,325,54
QCJbuPKWraaRgvoP5XtGqWsubpk88i.jpg,312,1091,531,658,701.5,594.5,779,127
qcL8OzqozRjSgNGycbot12psIRnhNC.jpg,410,927,455,531,668.5,493.0,517,76
QclmHuKVuONHtFuIx_N9Kt_QmSBOL.jpg,415,870,433,504,642.5,468.5,455,71
qCO8dpfjHUtPIjdEsXWDyONhwUYHpE.jpg,359,866,475,553,612.5,514.0,507,78
qc_LkkrCNgESoRcgB5i8DPIp92I1pLK.jpg,405,861,433,504,633.0,468.5,456,71
qd7BLyB8VRZNjEVj7nRauJwkz3F4IB.jpg,414,817,521,594,615.5,557.5,403,73
Qd9unT57cF8jS8UHIMxiIjC5Iegf.jpg,88,1231,733,884,659.5,808.5,1143,151
Qdb6IWz1ZYRLSbfXFiYoFHxo_ZYgrb_j.jpg,378,996,490,576,687.0,533.0,618,86
QDCYee43SjQ_koXkqmZlPKlMy94p.jpg,442,947,484,560,694.5,522.0,505,76
QdHWtz4lTjfWzZIZf3lfdzooN3iNONqG.jpg,288,883,480,567,585.5,523.5,595,87
QDlPTtaW_4zkqvqYT55LdeIjYBKtc.jpg,440,909,476,545,674.5,510.5,469,69
QDWRgrhQrW4MKemS8iNS2Ow26U4csRq4.jpg,441,791,495,562,616.0,528.5,350,67
qdYRcgGlzVXCVh3dmG4XlgUhEBHZC1Z.jpg,426,884,428,500,655.0,464.0,458,72
QdZMcf7LvRHhwGTHsVXrJHHsoiuOsui.jpg,396,797,448,514,596.5,481.0,401,66
QE1GTjOCzWLTdhVmB7VeeH3hQsTrG3Y5.jpg,384,855,440,510,619.5,475.0,471,70
qE7bb3mbetwL47MehTxaTbRvPsSPk.jpg,322,737,425,494,529.5,459.5,415,69
qE9YHXWeNXQVQz98blQ7Ga9r9WgyB64X.jpg,317,890,477,562,603.5,519.5,573,85
qeBhZqzgLG3drLkFqhy8Fi6b9uXyOFsl.jpg,313,777,432,509,545.0,470.5,464,77
qee5N43sI5vtqb8WdaFKPWZvFSlN7o.jpg,301,793,449,519,547.0,484.0,492,70
QeEuB5GoXZu_7sx9UgR3Ba43cLy3nE7.jpg,468,892,416,501,680.0,458.5,424,85
QEf8mlEgJUg48JaE2obEbRuktSOhKQ2.jpg,282,744,464,532,513.0,498.0,462,68
QeJgYsjQ9l1qDKcr4RcJfUBM_JgCBr7_.jpg,282,789,449,523,535.5,486.0,507,74
QepLFTIczV1gc2h81xYuMXYMuDvrnn.jpg,478,811,449,510,644.5,479.5,333,61
qerjYGX5GgmKNHqo2nyQa7xtDPtbh_SU.jpg,399,867,423,493,633.0,458.0,468,70
qerYvzxY676sjZm6TJzLIejqo634TfP.jpg,309,876,477,559,592.5,518.0,567,82
QF1Sl3uv71QXKdvG1LHdyGKutZBw2ez.jpg,500,917,451,518,708.5,484.5,417,67
qf2slsZwSJ17fbCWI_n2esMkvoGTI.jpg,423,889,441,514,656.0,477.5,466,73
qf68Y8VonDf3nlEVzwQ1zYhgIB9OJTc.jpg,446,807,489,555,626.5,522.0,361,66
QfiiH8q7RHWeo2qZK8qXsE7VF4aeMup.jpg,385,913,457,534,649.0,495.5,528,77
qfIpybNR2iXlSn3Xc8rQHba5iPWZ2O4y.jpg,410,857,429,500,633.5,464.5,447,71
QfQmzU3huZ6Si_LVrlQttbsppSkMVg.jpg,464,879,419,485,671.5,452.0,415,66
qFu4Lgo1xVbdyGdNEMf6kQdQxe_k8.jpg,318,880,456,539,599.0,497.5,562,83
qfvMhzfiVcJaliOkNOy8tH5R8s8ER2HN.jpg,483,921,460,528,702.0,494.0,438,68
qfVwTbjr47Yrm3ZqsOqaeN5OrPT3ccpR.jpg,476,891,421,487,683.5,454.0,415,66
QfWRlu6u18CNk1v8hTSiK4JnnZjeESR.jpg,405,932,500,581,668.5,540.5,527,81
qFzRTgmQhXyxTl4FPqBvWJ_9V9gxi7b.jpg,482,825,488,551,653.5,519.5,343,63
qG132qybjyMnjqgMNo5MZzcuYZvSMg6.jpg,338,890,445,527,614.0,486.0,552,82
qg5NTZJn1tVPi4UmJSR8PvBqWr8qY6.jpg,340,631,436,492,485.5,464.0,291,56
qgC38FPKRMyNpFMg4xVy2kuIP1V6gQz.jpg,389,694,466,524,541.5,495.0,305,58
qgCJhgij3Gm9akK4unP2Hr1g6gIWROb5.jpg,351,751,419,480,551.0,449.5,400,61
QGDwPUpsiXScPrmSSGjb_BMbKLa_O.jpg,293,879,480,566,586.0,523.0,586,86
qGhByp1WllVv1zx6XR1DskPOif9Uk2a.jpg,461,746,440,493,603.5,466.5,285,53
qGlo4bJYK1Qz2tjmqiT5oYwXfUeSsE.jpg,383,872,475,548,627.5,511.5,489,73
qgpME7g_D7uSKhhki2KLiMDuGyicw.jpg,299,874,470,569,586.5,519.5,575,99
QgRxiKwwppPyWiegSxbxlyUvyV6szhl.jpg,389,842,468,538,615.5,503.0,453,70
qGSlBlXWjZqGQvKpJUo3R5GT6Lw49ODY.jpg,312,792,471,541,552.0,506.0,480,70
QgTtyCkaMkQruBQR8LI75pK6vs5kkk.jpg,243,928,529,625,585.5,577.0,685,96
qh2PaJzDP6oePHrsaEwzHCrg5toub7.jpg,503,801,451,511,652.0,481.0,298,60
qHJPEXRKuVD37s3CbpeT4dlQcavk57.jpg,280,740,453,522,510.0,487.5,460,69
qho5JsoSTeV2NosZ44cPeK_3eOLEj5.jpg,359,797,423,509,578.0,466.0,438,86
qHtHxWi7hSTBepdDitFwI62wlFcXM5M.jpg,441,944,484,559,692.5,521.5,503,75
QhTj6uagSoK5WpqEy8OUVw6wPrWfPc.jpg,379,891,461,535,635.0,498.0,512,74
QhvHqTmLpUmEnJx256fEeewr19o_eF.jpg,370,945,477,561,657.5,519.0,575,84
qHVZfklCT2BESZivzq46lqdgSQifpgq.jpg,429,711,421,475,570.0,448.0,282,54
qhX45L9kUYahnifQPgUeWoJBrOVu9t.jpg,520,854,456,519,687.0,487.5,334,63
QI727nXvgvHwMQWguCYiFHPHYBw3L_3Y.jpg,457,802,457,520,629.5,488.5,345,63
qi9kiYF9m12oQfVtP7YXajNx3QMUdZVS.jpg,357,951,518,607,654.0,562.5,594,89
qIbygezLW6plGQKhKDUN24D35bOIRUh.jpg,320,878,479,556,599.0,517.5,558,77
Qie8mtaxR1qJ2ShZLVbQi_m4WiGgsS.jpg,396,860,469,538,628.0,503.5,464,69
QiigjrzityuKDRmpj6MpspS17CB_Lfm.jpg,489,827,477,539,658.0,508.0,338,62
QIJeKYJ7FEdgQGdwjFRESWXcpYDHStN.jpg,438,963,464,539,700.5,501.5,525,75
QiMyCFah89gMzTjuEfl76uDWVYXa_9h.jpg,392,840,430,497,616.0,463.5,448,67
qix235yvT3CynDObVytfdRkeVEWNlg5.jpg,226,798,478,561,512.0,519.5,572,83
QiXmk2YDD3IBig7KkwCDQUF9QHwaC.jpg,350,667,440,499,508.5,469.5,317,59
qJ32TJe6LLaPNF5q2hz7kWuB76F5Mf7t.jpg,329,851,460,538,590.0,499.0,522,78
QJ9mHG1HyJnbGUZhpLBHOZgmRjJgBb7L.jpg,356,910,509,590,633.0,549.5,554,81
qJaT2hueMetfojUS1c3r7_yMgF.jpg,283,788,483,560,535.5,521.5,505,77
QjcB2wHmTpZWVOXjzG3CxRYSNyDH7bE.jpg,250,889,502,595,569.5,548.5,639,93
qJCGOFyq4QjfJMv7rszLTuIi.jpg,386,862,452,523,624.0,487.5,476,71
QjK69fxbeVdW9BEujNYpRV9IyLvbpw.jpg,218,741,472,550,479.5,511.0,523,78
qjmiUIajXZC8fMExHq2_iCOb9vsFDK.jpg,445,956,446,526,700.5,486.0,511,80
qjPVTKMJlFVaL9e3o3vf8EXdP6hSB.jpg,495,823,472,534,659.0,503.0,328,62
QJs3UcKhg5qPRQ2Xq14bE1LC6HFCjF.jpg,261,783,457,535,522.0,496.0,522,78
qjUxKvDjWNp4e9ibiTOnoX413xpcpTLd.jpg,327,765,470,547,546.0,508.5,438,77
QjZSGEur5LFXeVeTSRxlbPPSsQJkYiqD.jpg,468,743,422,476,605.5,449.0,275,54
qjzSh9sSifXqBFiStDWoT5VMaaq1SXcH.jpg,462,928,466,545,695.0,505.5,466,79
qK99giB3JkFWVkI5KliMntpLc2fCP.jpg,346,849,435,511,597.5,473.0,503,76
Qka7bVjOFa1m7YbXaGfOJX1SkOEZib.jpg,372,854,444,516,613.0,480.0,482,72
qkCDhxD7eyTLF1TKRTXDcq4UakUkmw.jpg,368,724,485,550,546.0,517.5,356,65
QkgFFrzDzMul7KsUfJyjmScbXkXb8XH8.jpg,401,882,441,513,641.5,477.0,481,72
qKjT3PEqjWC6b5jzYWj5ZCbkcX2wdMza.jpg,358,795,456,520,576.5,488.0,437,64
QkmekjgJJX2uYbljI2HxMfeOEHZ_4wOd.jpg,430,851,421,487,640.5,454.0,421,66
qKVgrGNG6B7RaUUP53bjw4zVb275dUr.jpg,438,870,422,489,654.0,455.5,432,67
Ql2wv1RLjJzToPrU6Cr4_yRfxL3tq8.jpg,421,804,512,583,612.5,547.5,383,71
QL3j_lDLitqZ3oSi_Qsi1TNqglWZy.jpg,399,826,437,509,612.5,473.0,427,72
ql4BzrVbfPwk9ly_QeT5g_mvJmy7_d.jpg,427,977,508,595,702.0,551.5,550,87
qL4CkD_nHPn_oE_Fq8gEaptLG3VqDZJ.jpg,378,818,423,516,598.0,469.5,440,93
QLCuvVIBJIEPgzYlghVMWVkNnGksGPhS.jpg,335,840,456,531,587.5,493.5,505,75
QLfXUVZGXiagHqwe9lghgS_pZMzb1r.jpg,356,711,458,523,533.5,490.5,355,65
QLj6juB98KbVc7XvdF8BLiMsPXY5s_2.jpg,447,914,437,509,680.5,473.0,467,72
QLJD1ax5jeqzvtSXho_aQOi8mq7Mn2.jpg,465,862,409,490,663.5,449.5,397,81
QLNqMU3KDiP6Mz43tsgizZo9_OYjSPR.jpg,443,908,438,509,675.5,473.5,465,71
qlocomiQKwjWXG6Xo1Jts7R_l8Fbnzav.jpg,464,777,445,501,620.5,473.0,313,56
qLVXCh4BkVMHRU64zOvHjigxdFl89jr.jpg,316,961,540,632,638.5,586.0,645,92
qLyUX82MnbjbIO3nlBc9Jfic2_EkRi.jpg,433,740,454,513,586.5,483.5,307,59
QM42lU3jFuFXzIBMoCeEz8vBoSD8X_R.jpg,454,783,439,503,618.5,471.0,329,64
qMbr81ztiDHeQxtetHMga41Vc8XbbyH.jpg,286,767,436,516,526.5,476.0,481,80
QMec1zUW45zmoxouLtGd6eNV5uLl.jpg,315,775,441,510,545.0,475.5,460,69
QmP6vjw1cdNMcQiIuVX8JQZ4iJuQFlh2.jpg,446,840,507,577,643.0,542.0,394,70
QMqqPslEzUXb4dr1_KWmxVFzqx_2Ns4.jpg,416,872,467,535,644.0,501.0,456,68
qMRmv1YBHF3TvEi29CbPu7f9tyVEZTxJ.jpg,462,973,455,532,717.5,493.5,511,77
qMsihKkiCvSsLMHSEVsGI54WqtIF9E.jpg,468,793,451,513,630.5,482.0,325,62
QmTdP8Vz6DtSTvmSxyZQpu9GiDolQ9.jpg,353,864,448,527,608.5,487.5,511,79
QmUSbRRIWGjjZeRIse3dNZ98dyOOIZb.jpg,413,783,501,566,598.0,533.5,370,65
qmYENybO4NjKimcjGnpPJIbOmEWMj.jpg,424,749,455,514,586.5,484.5,325,59
QmzzTbBMyxTq2_wGFZH5joW_1UBz3LJ.jpg,367,902,509,587,634.5,548.0,535,78
Qn5irwYkxhTwWMZeWHZEI7ldcWbeCH.jpg,364,850,445,517,607.0,481.0,486,72
Qncg4LQloDwpVTfj2aJ9eFEFyGI.jpg,474,762,447,504,618.0,475.5,288,57
qnFmbDdEewdJb2X98PoDWMGgafkC.jpg,501,784,422,479,642.5,450.5,283,57
qnJsc1lheRK4KdfzaML816pSxuMCKy.jpg,404,748,488,553,576.0,520.5,344,65
qNmiBVupM4tXggtHXHR1QRoJqS5kgD.jpg,399,802,420,483,600.5,451.5,403,63
QNOZVXgdNkuy2N2ShQmuOKpOaDhp4.jpg,468,829,504,572,648.5,538.0,361,68
qNQQU1dyPGBWvICDpSjFN8NjXieJg.jpg,389,938,470,553,663.5,511.5,549,83
QnTbK4JpYTOSmOrNMtW3M1cPXS9GxQs7.jpg,359,865,481,554,612.0,517.5,506,73
QnuGZ8MSpqIwHcbCdXreoKis7MXuo6.jpg,425,778,490,556,601.5,523.0,353,66
QNunF1Zd5PcpnQrf8jLhUCcoPoTlpl.jpg,385,687,442,499,536.0,470.5,302,57
Qo82t1Gu1My9gYUrBDmVO4zEwU5Xm.jpg,338,862,455,537,600.0,496.0,524,82
qO9hsWfoqG1kM3u_2zw7l2OgyxdWqnE.jpg,404,951,510,591,677.5,550.5,547,81
QODev1w8VbXZDL4GaUC9Cz9NHVtfD4.jpg,488,959,471,546,723.5,508.5,471,75
qOdyabN2XwP7knifliYI2zjk1_TjNBKL.jpg,384,924,460,548,654.0,504.0,540,88
QOeqgY1cO3ycnwkDJLbTodk2CjOWLKlC.jpg,416,734,455,514,575.0,484.5,318,59
QOg8S6ZCOgrIpGIdDbWY5ciygqf.jpg,473,799,475,534,636.0,504.5,326,59
qojMU4_EviLDvozJ5y8Gfxr_5fhf8p.jpg,305,774,423,497,539.5,460.0,469,74
QoJopypcQQvxlfSSLO_3kRtDfjMhZr.jpg,399,715,444,504,557.0,474.0,316,60
qOP7Wn65TmiplH81mJjPyjD_985lM.jpg,383,858,436,508,620.5,472.0,475,72
qoub34FvtfJYQ4jy7_UqIIKxuejwYfi.jpg,417,868,424,500,642.5,462.0,451,76
qOurLw2Ea62zdyBIS296nMRx9wg_Fnf.jpg,177,993,564,677,585.0,620.5,816,113
qOWWMnT6FTkWIqK56177vxhkWe7TyUn.jpg,236,1231,633,778,733.5,705.5,995,145
qOxYSsQ4qRTvdmfc6dVc7s1JK37SGYZ.jpg,454,729,430,482,591.5,456.0,275,52
qP1aDXhyv89KL7ax8d9qdz5HomFeK.jpg,467,790,445,505,628.5,475.0,323,60
Qp6WPZT9tgHZIKSlpQE79W6KbZsc.jpg,434,962,453,550,698.0,501.5,528,97
QP9IKJaujz3ibUx1XxclOKyfKDNGt.jpg,371,839,441,514,605.0,477.5,468,73
QPb8RNmHKYsis4sVwiMa4B12hJxytYV9.jpg,483,856,499,566,669.5,532.5,373,67
qPt8yThguCv1KV_dTD37QpCmdk5pZvy.jpg,334,767,422,490,550.5,456.0,433,68
qPwMdeFFz_72hl_kPJkKDLV1Ykq33.jpg,467,790,476,534,628.5,505.0,323,58
Qqa2iZTEvgylV1ysYlah5aJE5JPTMcp.jpg,366,876,455,526,621.0,490.5,510,71
qqebuVqR9nD3LWhJ4DuVpVI4HdyszTZ.jpg,393,901,459,535,647.0,497.0,508,76
qQeZYu27wkibmdFDt5VzoG1mlejOLuL.jpg,346,864,463,536,605.0,499.5,518,73
QqhcCz4bXvRzS5mkPu6K4zyrDasKez.jpg,400,691,435,489,545.5,462.0,291,54
QqHY2dvQcsnSFnGQdVxvGuqxMSGb6.jpg,456,935,467,541,695.5,504.0,479,74
QQP3WwVcPKVrm_9NBu_HlzipiTTfE.jpg,444,953,484,561,698.5,522.5,509,77
qqqYE44f3JtB4wtSUyKt7sjDnMzHR6Uy.jpg,387,925,503,585,656.0,544.0,538,82
qqtGDg1nfKcpkOhgmUCPLVUVNYyDFc.jpg,473,776,440,498,624.5,469.0,303,58
QQXKoJTI4vqmXGJjfTvKfouydoUEJc.jpg,440,774,477,540,607.0,508.5,334,63
QQz2yBhf29auhyEwEh8f6rVsdPR14g.jpg,264,897,526,618,580.5,572.0,633,92
qR5hwYpCfKFJyxZmLnzBuTzFim1HyVX.jpg,377,926,451,534,651.5,492.5,549,83
QrcC9IX2KN5ihvBJegEUNyX4wLZxWLJ.jpg,416,853,429,499,634.5,464.0,437,70
QRcN6dT2GKFPNy75L6cDy2CDX9ZTt.jpg,330,798,450,520,564.0,485.0,468,70
QRIGbQnOl4sioUy8XerzWyg9vOfX3gU.jpg,401,819,427,489,610.0,458.0,418,62
qrJMPDq5QUXaS_jUur7qSkZuweUY.jpg,184,832,513,618,508.0,565.5,648,105
qrkdxi4Qr2rjdxlGGh5h7TiNFS3y.jpg,369,668,437,493,518.5,465.0,299,56
qrLcwvSZDye8RBdIm6X_IHyFj8Tw6.jpg,498,793,456,513,645.5,484.5,295,57
QRLqHI1sULuqwXyvVx5eCTmvzzVTuU.jpg,329,761,431,497,545.0,464.0,432,66
qrmJfOc445bSmgmePtMcwmDMh1CDgEf.jpg,543,880,455,520,711.5,487.5,337,65
QrnSUm83iQplZxs8rwvkmKTKV_UgVLol.jpg,344,869,491,567,606.5,529.0,525,76
qRRTOPw1k3bmLzT8lBXPIYm_OPesbM.jpg,422,901,472,545,661.5,508.5,479,73
qrzelCz4xyYrifPCa378iq1jqPC9.jpg,335,781,456,521,558.0,488.5,446,65
Qs2etFyhVG4R4hFO8IR9JOfRvDva.jpg,478,932,432,501,705.0,466.5,454,69
QS3F2hrJ6X8NBHtx8_us_H_p2HIHlHRV.jpg,427,858,425,491,642.5,458.0,431,66
QS3r9wvXJOyFdZYhDuiPisXKo7fiZtrc.jpg,391,778,502,577,584.5,539.5,387,75
QSGDKIO8mnPcu84Lrqk5ckORMHyROeM.jpg,403,735,447,510,569.0,478.5,332,63
QSh2Qvnr9DfQQjXuSFBv_jd6fxC7_.jpg,195,1071,556,671,633.0,613.5,876,115
QsjigQVloW6G_8Pt2TPdNGi7UWq8yHk.jpg,434,846,420,484,640.0,452.0,412,64
QsmB5ZD6R22OnK_MZUq8DDgVtisRSEEh.jpg,342,847,453,542,594.5,497.5,505,89
qSMe2ZJ5z9efbJDuXDMInML21OocOK.jpg,242,786,462,544,514.0,503.0,544,82
qsNMheoGYtWwtUEbyR5lub8elfeuuCy.jpg,389,910,499,576,649.5,537.5,521,77
qsTeVoeHB_I_ROdtyNTVbmk1zRw1H9.jpg,407,1063,494,597,735.0,545.5,656,103
QSU2ckaJBc9tawv3T8QtrgeoGnW6bl.jpg,416,1024,523,616,720.0,569.5,608,93
qsUuDg8KcxCBZGTQle42zgIaUNCnIwcV.jpg,304,775,445,516,539.5,480.5,471,71
qswDIRSSadjloPPMKSqW4hXwoDPKvz6.jpg,366,725,462,527,545.5,494.5,359,65
qswjIl2DlViepBgT2YCHfZwkdXpQFJQ.jpg,358,708,471,533,533.0,502.0,350,62
qSXBI5BoBDDbX9vQK9HGMUZQZnQ6vmo.jpg,454,868,422,488,661.0,455.0,414,66
qTdjym8VBtnpyzwaoJVfo9Docx2zs.jpg,426,731,465,522,578.5,493.5,305,57
QTDTIW_NndZw96mK8nFD8aPbdH8K55y.jpg,429,893,474,549,661.0,511.5,464,75
qtfasOmKzzuDdshw7vu3B8JSF4xkRTgk.jpg,358,723,482,553,540.5,517.5,365,71
qto2OK6ujF2uj82zooErtZEckW2T3gv.jpg,394,886,443,517,640.0,480.0,492,74
qToIkptyo5cFkQbxBn_tMCL4Y85Slpm.jpg,394,923,492,568,658.5,530.0,529,76
qTRIuZGqSDtgUOQYxCrPe8OLmBc_f_o.jpg,386,957,522,608,671.5,565.0,571,86
QtUdKYfJ_nWXVxlnKa5t2Cs13IqYH.jpg,409,858,422,504,633.5,463.0,449,82
QtuEz1bpKlE3qXidgtXFglCRuj5fal_J.jpg,469,808,478,541,638.5,509.5,339,63
qTxNoaJHKXj7uXGlFl_66usCGtRJpxv.jpg,466,747,443,501,606.5,472.0,281,58
QUaF5HiQVarsCyLPppCC24_WO15BY7d.jpg,296,858,473,553,577.0,513.0,562,80
qUDOf_dL9T3whxP4DosYF6UW1rx2.jpg,376,749,468,536,562.5,502.0,373,68
que86xpSbMaui3KPIWVEdYnr3X_HpM2R.jpg,403,980,471,556,691.5,513.5,577,85
quLy7Q57yvVioktJVMpjb_BNN5mXa.jpg,296,815,454,533,555.5,493.5,519,79
qUUHsTIzNhesKzJs6UI7mNbFKS_hFZoh.jpg,446,746,459,517,596.0,488.0,300,58
qV9fPGreLpXQzw4iEFJsP_YsLrhX7l.jpg,375,813,427,497,594.0,462.0,438,70
qvO92wiMClL2xYIebwn2e4I5Y_RDjbg.jpg,325,914,502,599,619.5,550.5,589,97
QVSilLpFGtC8K7JI13JJKrG1SXbkUO.jpg,405,836,429,495,620.5,462.0,431,66
qVSREOfV9BZPoNojkJ7L1josMr4MTlZ.jpg,412,932,493,567,672.0,530.0,520,74
QvWsvl6Tn2SMaMTaMXNtjCOorkWOqLB2.jpg,448,849,438,511,648.5,474.5,401,73
QvWt4Gbr66rjgXHCS3OKO3Wl4GzVrMW.jpg,396,886,485,556,641.0,520.5,490,71
QvzuYYSnifyIpCao5nb7LSicxzIm.jpg,296,814,450,527,555.0,488.5,518,77
Qw1NKDjyhfnV1Hx8KjNOwTz9kP5SR7Y.jpg,271,856,480,568,563.5,524.0,585,88
qwCKRoW9b7jXaTj_uBnaWhfCCFCmvu.jpg,366,878,487,565,622.0,526.0,512,78
QwGNtb7sEgFyOEvJVCPFQUwuC_b2cFT.jpg,418,857,430,500,637.5,465.0,439,70
QWK1CauqT9MTmfcNvWy3d5rPwp5fxj.jpg,294,883,457,544,588.5,500.5,589,87
qWlKqIQFRmIg4i6BEwfnxTfSFLmb1eeY.jpg,412,881,461,537,646.5,499.0,469,76
QwmwFwLFZ8JtcTf4TM_DqCf69kefIU.jpg,239,802,470,550,520.5,510.0,563,80
qWPpDrku8HeQKCHFPKFC1cpborkX3M.jpg,275,777,450,526,526.0,488.0,502,76
qWPSC_OHqBxtUzqbfpVvkkFyYjin8rp.jpg,391,962,469,553,676.5,511.0,571,84
QWq2UmZs2LPR9NHh3SL8JDLUfRxyf2bw.jpg,323,889,472,554,606.0,513.0,566,82
QWtsvCNIuz8bO1LpoQwIBR7wXz9SMfG.jpg,452,767,464,524,609.5,494.0,315,60
qwU1VkHKwNRXLCeayzoS1nCuTOUoXw.jpg,411,857,427,500,634.0,463.5,446,73
QWWd3gEooCkdZ2Iuzddax4Z8Z1mToz.jpg,53,997,505,630,525.0,567.5,944,125
qWwlha2pOtnku54pzRjINJ5yU67IQM.jpg,402,745,488,548,573.5,518.0,343,60
qwx6fXzLcv4CvhniyKI3LD7UbjPQ7.jpg,499,1002,450,539,750.5,494.5,503,89
QWzUlOzeC5ZIVfkOoUC4xZCUgU_N.jpg,440,791,487,552,615.5,519.5,351,65
QxcQZJXEQ59IbimBWUCKy9rSHDol3Nh4.jpg,280,770,446,522,525.0,484.0,490,76
QXDx_1LvBZV67eTUNUqJINRxXeXo1q.jpg,454,994,461,545,724.0,503.0,540,84
QXFwnv2WGlR34V4Tod4mNls6U1XXfuB.jpg,392,830,429,504,611.0,466.5,438,75
QXqFDjVJJZVP2PGNW1a5L5gOHcy66Hx.jpg,420,844,421,485,632.0,453.0,424,64
QXvlpHgbZR69Mb7dCGqpe5d_yljdTz.jpg,408,873,462,545,640.5,503.5,465,83
qy2PU_5Rt4Fzi4Ylc9DDdL_ZN24kO.jpg,311,782,462,531,546.5,496.5,471,69
QyfEjWUX31IDDrSY3fJdHy1MJP68Nqm.jpg,490,799,439,497,644.5,468.0,309,58
qYfms5O_BrezwgFyli_wsLs_l7YtwG.jpg,385,913,504,581,649.0,542.5,528,77
QyIbJC2t7zgJGkm4hr2HnShwrNEH8zV.jpg,406,856,432,500,631.0,466.0,450,68
qYkLnRWZSNRxixq2tKfEOZHULsFRIyw.jpg,343,861,459,534,602.0,496.5,518,75
qyOBRjnaZGGZSl4bOYSPYbF7ro111Oi.jpg,423,728,441,498,575.5,469.5,305,57
qyq54ITRqG97e2sEz38Kk3BjSZwMtm.jpg,490,834,486,549,662.0,517.5,344,63
qyRPewPwyyYTbUYdwMRDVKFqSD12rmV.jpg,456,902,463,534,679.0,498.5,446,71
QySCoCtIjoffc3l1BgH_ObF1VwtEeWB.jpg,486,937,432,501,711.5,466.5,451,69
QyUQoM5IDU4zaTfEo9HaEvI7JjWPyvu.jpg,429,887,432,503,658.0,467.5,458,71
qyusDhdKJkKPIE4yDhN3NPl5bpi3j7.jpg,493,865,471,537,679.0,504.0,372,66
Qyv8xjsRfZdSjcBR1SuEoocGp3W7HVj.jpg,447,872,456,520,659.5,488.0,425,64
QyXNzFekhNLqnxxwKNFmdBT_jb3bt9.jpg,396,920,453,533,658.0,493.0,524,80
QyybNOT5qY6jy35o55Yfl_BCdS1rPisg.jpg,321,762,428,495,541.5,461.5,441,67
QyYvQqxuXQNVhah6nNase2KucMg9db.jpg,405,714,430,484,559.5,457.0,309,54
qz1UmjW4xDcYdhHXWpu58OqEtmZwJt7.jpg,411,877,433,505,644.0,469.0,466,72
Qzcd53bqDxfEqFSw92hI2zWEEXbEt.jpg,436,925,480,553,680.5,516.5,489,73
QZEHyYVbKoMquRBruT3a16FhiNjXF.jpg,334,935,468,556,634.5,512.0,601,88
qZG4dJSVcublYssU82pcvqjspGLp4kBa.jpg,421,772,459,522,596.5,490.5,351,63
qZogwoIVRrXfJSGQ44NIvsisHXm_GDOG.jpg,419,941,495,574,680.0,534.5,522,79
qZOikv7eJzxKWlNjulXCo8dO9sSYjLt.jpg,476,750,421,476,613.0,448.5,274,55
q_UlaSg5s3VCFXJ7CXlExCdfn_qwv.jpg,475,879,413,480,677.0,446.5,404,67
r15Tkm_v4vLUy2M33dj4VqIVPr39Pjx.jpg,304,856,470,549,580.0,509.5,552,79
r17lJIs8pw9Fl3jVGpnJnChDU_iBk.jpg,392,683,434,487,537.5,460.5,291,53
R18fjjN1mf31JbaynjyNVnsSl6cCICH.jpg,334,738,417,480,536.0,448.5,404,63
R1ovY1zzPausbFoMXjOex3_ad9Wlw.jpg,157,815,495,596,486.0,545.5,658,101
R22FiBdYGXvo3qsNmp1qmqBescobQWG.jpg,434,711,451,504,572.5,477.5,277,53
r2flCX33C8ZM347CbMU5XULDsZa.jpg,407,924,465,542,665.5,503.5,517,77
R2Heiak1sBSqnt1xKo9PR99X3mlrn.jpg,406,703,435,491,554.5,463.0,297,56
R2irBFFuIIQcgmcOhXfxbpZttfFU3cRu.jpg,345,775,431,497,560.0,464.0,430,66
R2lsQ2XDsan3YdkISB6MDcessVhpY.jpg,358,882,457,534,620.0,495.5,524,77
R2sIHYSmgLSx5_uaGj6qqjo1XtXhmd1.jpg,384,872,451,526,628.0,488.5,488,75
R2xbpDesWfFw36YzK8auyI6_2jBL.jpg,357,872,453,531,614.5,492.0,515,78
r35ZIsb631qbVZYXVo7dHdbMwDLXp.jpg,396,813,426,491,604.5,458.5,417,65
r3cIllrQr11wZHRPGyVB9e6xcElu5GN.jpg,383,852,440,510,617.5,475.0,469,70
r3INCWX2wwV4QrJCrK6OdRHTfsKgCTzM.jpg,493,821,478,539,657.0,508.5,328,61
R3OiLHSJ7Zu8PpjoI3bSBoF2rREmCRj.jpg,274,1032,540,658,653.0,599.0,758,118
R3oVOT3_WLg7E1DM2uiI9IIImi1wt.jpg,433,775,454,510,604.0,482.0,342,56
r3QyCf6x5r9qeenFTZQ6EvOJ5FYRzE.jpg,232,799,474,556,515.5,515.0,567,82
r3VZBJu6vkkQa1umlkO6mqGKiVfdPGkR.jpg,247,1076,571,689,661.5,630.0,829,118
R42_aFCTvfx4Qn42EaXxGE8PUS3y5tI.jpg,325,811,477,553,568.0,515.0,486,76
R43vOOoGon7QDN6QgNXtRR1yDdVysMH.jpg,398,892,487,558,645.0,522.5,494,71
R4aySCxrqYeCrfc2GUGJvrLS2Ib7GHHQ.jpg,327,797,444,517,562.0,480.5,470,73
r4Z5iHqCRmVSLKTLVFSNG9s7zh8EMs.jpg,422,889,468,538,655.5,503.0,467,70
R5CZXvOcpdKnbN1vzTGJVxmRycQq3b.jpg,365,802,453,517,583.5,485.0,437,64
r5DK5rnBjhUkVSmYrPpeBVycGlDyyoPh.jpg,427,776,457,518,601.5,487.5,349,61
R5i3odHkjgLCvJoRYQf6q9wjbmCd697.jpg,426,775,465,527,600.5,496.0,349,62
r5sSwOxgs8EWRrH_xqVVptxkgkQneHp.jpg,402,965,518,599,683.5,558.5,563,81
R5WHGV93yv6NMIT_WZOs2uuDQI9lRbs.jpg,446,867,457,520,656.5,488.5,421,63
r5XZeECEIxPUU5CWQyHmnrdMd4FblTw4.jpg,373,907,506,585,640.0,545.5,534,79
R5_OLINGnQJ4aGqcxNNJzlOepbcugVN.jpg,487,906,421,487,696.5,454.0,419,66
r6wsXinCB8SPMNDBa2YenSoNv3SnN.jpg,354,875,504,579,614.5,541.5,521,75
r764ZX5LuGuSr_6XyIBdW2lTJcINL.jpg,164,831,503,599,497.5,551.0,667,96
R7HTw7RK7hj_mrulNqZvobez65QncrJC.jpg,426,881,462,529,653.5,495.5,455,67
R7nM8uJlxGHN2n_UM96eqHubCtKEg2.jpg,426,712,420,475,569.0,447.5,286,55
R7Odxqt4mxUoz8yCyb5p_YEj5xoXU4EY.jpg,344,993,541,636,668.5,588.5,649,95
r7XIZH1K6xOFRlc6lqMRZZmHwSPCeiZ9.jpg,512,847,462,525,679.5,493.5,335,63
R8C8LvtVDfKPkn2eCoxGoJBDl5wxjnYj.jpg,411,714,428,484,562.5,456.0,303,56
R8gw6KzuMF_1uyjnFylhO_OQX1xsxiq.jpg,265,820,502,581,542.5,541.5,555,79
R8ltlHn9sTEjfKDUfHNk719bOzZOyu.jpg,431,736,420,480,583.5,450.0,305,60
R8mgTBitDR3PLkNLat8zDM5Bm7kXY4J.jpg,333,758,419,506,545.5,462.5,425,87
r8ZZMt6L9QkI2Tbr7U9i2xLBJ3ujTY.jpg,387,712,455,514,549.5,484.5,325,59
r9bo8p7b5EQQgeIUFd8iukWMD1EyNsZ8.jpg,475,786,472,529,630.5,500.5,311,57
r9m5QBH1xbuZLz99NN4QWswGBiaYJZ4_.jpg,388,922,461,542,655.0,501.5,534,81
r9VmadaE3YTSDNGKYjL3P1Pr_jK8dE2.jpg,454,904,462,537,679.0,499.5,450,75
r9Y7OnxQ6dRVuxYhBD6bOwj7UPLERh7.jpg,420,722,431,487,571.0,459.0,302,56
Ra298Y7ODWouIWx5HS8_HEatSQlBTv.jpg,510,810,453,510,660.0,481.5,300,57
ra2m45L8EKn5B_XW132pn6uIESKBErHM.jpg,418,910,445,516,664.0,480.5,492,71
raClBoL7rvIaMJ_hkW_KCzUyUyj4tgZg.jpg,513,855,445,513,684.0,479.0,342,68
racztaQkygGM5JGDoT5Lj5KJxUfmsY2.jpg,295,812,484,557,553.5,520.5,517,73
ratoTq2ZIhkHkomXwHKsJUllsx9Pckyr.jpg,356,955,466,556,655.5,511.0,599,90
RaU9jvOwp3WqKRHKuI6eXulaZqCdMKfm.jpg,409,968,513,593,688.5,553.0,559,80
raWbg2l_QvSoKLYvWJnwWqUcCuuRk_d.jpg,414,836,421,491,625.0,456.0,422,70
raXuSt44j7ks2suW4JX_vlkQwxutT1.jpg,460,944,477,549,702.0,513.0,484,72
rB288D113p4dR2NrZkpc6ToW8vKhS.jpg,408,891,443,517,649.5,480.0,483,74
RB2x_FcxO7cndtfF9i6szK9WDCPN9eu.jpg,381,927,463,546,654.0,504.5,546,83
rB5qpjI7b2l4ey6_1Pu74mBvx3Zicz.jpg,405,994,476,564,699.5,520.0,589,88
rB5uHmWO63M7sX3uWvPv_2eSuIMs3.jpg,325,876,463,546,600.5,504.5,551,83
RbFDaUGBaR8e9Qrkfsmc5VevU1fJZ.jpg,482,803,473,532,642.5,502.5,321,59
RbG7LFF6g1N64lfjmG6HsBlclbgsg.jpg,256,661,518,599,458.5,558.5,405,81
rBgwddY7gpsurrBlT3xrQdWtFoFyZ.jpg,411,746,458,522,578.5,490.0,335,64
rbR6aC5_8o4L55rEXECIzqW3Vm32.jpg,413,979,477,559,696.0,518.0,566,82
rBRmUXJm1tss4Vg9duW83DjGkEk3hLW.jpg,442,936,450,527,689.0,488.5,494,77
rBw2hdqRtHM9Q7b5ncPMzCQMzPnSoxRr.jpg,407,896,438,513,651.5,475.5,489,75
RbygpHnJ6DhtkPbfCKdnvCi7sk6icya9.jpg,421,770,446,509,595.5,477.5,349,63
rC3tHjPYU8ElWSNnDIVCX1vXNVbchui.jpg,335,855,459,538,595.0,498.5,520,79
rCE2G5fNutzfadbjt2ezacit8LHMG.jpg,215,1059,563,677,637.0,620.0,844,114
rCglVgLUxUT8XB_jy1SmOabGu5X4kzC.jpg,461,789,475,537,625.0,506.0,328,62
RClmG_RHXY9yihLmZlfoStQ_jCTkZ.jpg,471,766,448,503,618.5,475.5,295,55
RCREB8liz51kjJDrsmsEnDbKNYOwD5.jpg,468,796,474,533,632.0,503.5,328,59
rCU3hxCv5WcVIcetzcEFJDLYJ2i63.jpg,280,882,489,572,581.0,530.5,602,83
rCUHcdGsNCQ_Z8lhZRM13VzpbWP_HfRk.jpg,395,869,473,545,632.0,509.0,474,72
RCUnMB8QUypuKC1kWB474nwrMeOugBl.jpg,423,857,426,497,640.0,461.5,434,71
RD1gGeMNKJrI8GM2cyVUMU_xccfSQZD.jpg,295,761,445,514,528.0,479.5,466,69
rd4tqmTr_2TfCa2PPhSWumdi9cjS9Z.jpg,342,942,526,615,642.0,570.5,600,89
Rd8U8dy5yGYI97xvb9Qeo7UhjyluU2.jpg,270,993,503,608,631.5,555.5,723,105
RDay9rzGHsnEUhB4jhCNurtwuiH5c.jpg,395,918,451,535,656.5,493.0,523,84
RDBapJGpbXoP4plSIgFMeeB48d8K9YU.jpg,398,913,494,568,655.5,531.0,515,74
rDcMd_haNBvmwW4wJxSwMPbFO_4IClx.jpg,473,920,430,499,696.5,464.5,447,69
rDg49ssCebDGXxGcyZGkU3GfsmD9DZjT.jpg,300,758,425,497,529.0,461.0,458,72
RDRk3c7fsXgCV_FuBp4pDBlVMsWeN6.jpg,401,885,442,516,643.0,479.0,484,74
RdXmL2Bls5EQfrTeMnWQCUIWLjk1jgm.jpg,312,866,470,548,589.0,509.0,554,78
Rdy8BPEE3myc6kYECoOwE3xT33TBDui.jpg,336,859,483,566,597.5,524.5,523,83
rE1BedYsjTJMJVv5pSWEhln9yJrzDaBh.jpg,453,751,458,515,602.0,486.5,298,57
Re9haIT3rD6R5FdOX6DbSavRpRlW9.jpg,399,929,499,582,664.0,540.5,530,83
RE9lpiFuoU8Vv1_Om9GojlIwCaGSmR.jpg,236,785,453,534,510.5,493.5,549,81
ReaSXkkFwMe7hdbDXbKLSGgRNg2m5O.jpg,422,847,425,496,634.5,460.5,425,71
Reeo1RHxtSzOGkWKiD9Iny72ayJz8g.jpg,270,921,503,594,595.5,548.5,651,91
rEgvNyBkzD9QEcd3aZnEPz1RcdPQug.jpg,501,801,449,505,651.0,477.0,300,56
rEjOLh1rrmMpRvVTO6qChQwWvqnpwIT.jpg,386,777,460,531,581.5,495.5,391,71
ReOmDBmfa6WuuI5C8WENgxROUQLnrv.jpg,433,856,429,497,644.5,463.0,423,68
ReoUzyvU7f8CgaCpBBUHxeMKUQMfZKI.jpg,478,776,456,512,627.0,484.0,298,56
ReP2OjqkOdnPmgdlEVgfFLyD6DPtc.jpg,371,830,443,511,600.5,477.0,459,68
REVprpPDD29uqkfIjrlkJwki9NSBM8F.jpg,383,698,447,507,540.5,477.0,315,60
rEyaM13myPTcxNHwHwKXuF59OzEqhV.jpg,396,920,500,577,658.0,538.5,524,77
rfc7FsU5Yx9M3nfFmYfzsyJExjJcT31.jpg,483,838,495,560,660.5,527.5,355,65
RfGwHLUb2suJMMPjikBs69kYinMcER.jpg,289,779,444,519,534.0,481.5,490,75
RFpEpSjYv4QgirbyKiaiJ2zKKREKNw.jpg,387,911,457,536,649.0,496.5,524,79
RfrVzlHThWlP97HGjM6T_wYyqZ9TXpv.jpg,370,740,503,571,555.0,537.0,370,68
RfWBefJ7uNBP6aDOWorpQDQzj7jvm7.jpg,340,881,494,573,610.5,533.5,541,79
rg89pq9YYTDcXMMtDZENZoiTvm_lyjP.jpg,391,824,427,502,607.5,464.5,433,75
RGaChmUbeCs6s8BRHcPbbZ_c8JGoFpKM.jpg,211,806,483,570,508.5,526.5,595,87
rgBTgr9SNPYy9ZJzNLTJlwufzkOU_pe8.jpg,267,795,458,538,531.0,498.0,528,80
rGCNax7SuEFkqjqubqHEwhwysKK85Im.jpg,386,947,518,603,666.5,560.5,561,85
rGD2R8zGavcxPJNEjB7bE7ED5UHrb.jpg,393,817,424,493,605.0,458.5,424,69
RGFfBiw3XurJD1FgHhoZwlyJWqRsFF.jpg,444,936,441,519,690.0,480.0,492,78
RGFhi7So8GX_X_t9BPjOj2t3Jtlkr.jpg,376,826,423,502,601.0,462.5,450,79
RGo69adukWwzG5sSl2zFq34UsxI4e.jpg,337,849,486,559,593.0,522.5,512,73
RGYWJGhHfj9vtSzDWgidr1xf_RN_dxS.jpg,429,972,499,583,700.5,541.0,543,84
RGz2vhoEDKBfrJ3T8aFcBiH37jyeUy.jpg,434,975,505,588,704.5,546.5,541,83
rH2_BaBsBsXWhxXLgmLuduUWDIH7CJ1.jpg,270,775,457,532,522.5,494.5,505,75
rH6NvYsCGJnTldGasOE9_d7gab38O8R.jpg,427,878,434,505,652.5,469.5,451,71
rh6OITeJykterNlogFDvo5GCOYOcLux.jpg,420,774,489,551,597.0,520.0,354,62
rh7VfNhoQO_CYCcIimRp9HumlbWl_D1.jpg,483,808,453,512,645.5,482.5,325,59
Rh9RnNdxQug24OKQWlcadfVtf_rvoD.jpg,376,907,455,532,641.5,493.5,531,77
RHaZFt8rIBHq2GcNrJ8J1uDBnOKRL.jpg,400,714,447,504,557.0,475.5,314,57
RHbWwcoFKCdRodsIjuKB9Hfz5Jiv6GX.jpg,311,696,504,576,503.5,540.0,385,72
rhfLqtTLjs9YSFcvcmlk7zvn3__xu9Mq.jpg,461,877,420,483,669.0,451.5,416,63
RHhN9HCQmYe56UE34wmzBQ4qmqDnJ.jpg,229,985,521,639,607.0,580.0,756,118
rHHRYRYIwHh2hOVbfJb4EkQhvj5Of.jpg,613,942,463,526,777.5,494.5,329,63
rhIXzSXNHdBH67gmGCG4tkHvgHmmMy.jpg,425,848,456,520,636.5,488.0,423,64
RHJrsmFf7b5KK6ITyyp2qXJ5KZsgaGrw.jpg,314,762,428,500,538.0,464.0,448,72
rhVGOvMlM88bQX35RVVwSeZgc3BFpU.jpg,405,910,447,524,657.5,485.5,505,77
rHvncgrcPrUErJwOr53ZOHgFOvBx6.jpg,416,760,482,544,588.0,513.0,344,62
RIapZl9K7G1Ea6xrWBBjg7u1v1nbuMn.jpg,455,790,479,542,622.5,510.5,335,63
RiBooq5KWii3fkDEOOolnyuMWjrJjb.jpg,304,992,541,640,648.0,590.5,688,99
rIcezeKUofXrXVztGVs7djWrfHk6KIB.jpg,376,675,437,494,525.5,465.5,299,57
rIDcdbl6WrNBs8B3juycwcUbtHi24ZJ.jpg,494,842,459,523,668.0,491.0,348,64
RIdmOevu9MqmnxSv27UKDukrFjM853V2.jpg,350,858,456,542,604.0,499.0,508,86
RIE528wTK7zQJsPMFTu4IyhkP9T1TleX.jpg,395,907,495,569,651.0,532.0,512,74
rIjzxO4l8qxb1Hh98VaDoWtC1JLdjy.jpg,316,757,425,514,536.5,469.5,441,89
rIMylLaLqMnNxDc8LK6iUBm9km_QFcC.jpg,312,815,462,546,563.5,504.0,503,84
rIPvBk8B2VfLLnDYavF25nURt2nlgwj.jpg,369,677,457,514,523.0,485.5,308,57
RIQjG19jfTFh68Qs2ETbyHSuD1D2.jpg,315,1066,526,652,690.5,589.0,751,126
RiqKMzJzZH9CY6X9I5maxB2hTDThXDP.jpg,415,913,487,561,664.0,524.0,498,74
rISCWPvP7BY9H9Z3cYkobuGFRvsiFylv.jpg,461,900,453,525,680.5,489.0,439,72
riSEaQX73J_xvu3Hzaxayv_dcheD6N.jpg,386,944,509,588,665.0,548.5,558,79
rJ58dGnWZrNPzMzue4hS2i6EO82.jpg,402,832,428,495,617.0,461.5,430,67
rJalfBf1cl9v3g_tLDthlOO7MmY2dzh.jpg,129,1017,585,713,573.0,649.0,888,128
rJalIfde1uRenQmCf8XvhLoyqcDtuhC.jpg,356,801,459,530,578.5,494.5,445,71
RjINvYoK1LEUNnpwFHoPqqOVhvIez.jpg,318,838,460,539,578.0,499.5,520,79
RjPBmqkLUmwuE4KS7QDYTQ4oj4Sy.jpg,322,757,433,501,539.5,467.0,435,68
RJPHBCO94JHw6uWlemoTruld69brCBOe.jpg,414,718,434,493,566.0,463.5,304,59
rjq7dxEguwwXGCHUefU8mSbs3WfJgq.jpg,396,862,438,507,629.0,472.5,466,69
rjqdNp8wBaIlQ9KGrW4IHQ__8TxJECg.jpg,304,866,450,534,585.0,492.0,562,84
rjrgRJMQ9sOkYZhIfaygC8YY4eiC.jpg,414,775,477,540,594.5,508.5,361,63
Rjsv6G1ufuiHPYvdgsVyhPJFUHfd42.jpg,453,916,475,543,684.5,509.0,463,68
RJU44BwIRCJ1T5GnX9bbk_4qkrNfFyaW.jpg,267,816,462,541,541.5,501.5,549,79
RjyY_r1_6fTV7jiTHZOSHll6wteI_G.jpg,379,879,444,545,629.0,494.5,500,101
rKE123ND6I715JLV1rO2HKrairZCmTO.jpg,403,874,436,507,638.5,471.5,471,71
RkfCWZN14Y86Cv4SY8gvi6nbGbEKK.jpg,281,820,470,546,550.5,508.0,539,76
RKKXGgc5pPrkxhpXinDBeWnUD_hz9JC.jpg,377,820,432,511,598.5,471.5,443,79
RKPMbIX48QZ8ayL1nu3CT1EKhYXT7H.jpg,344,867,461,536,605.5,498.5,523,75
RKq_BwWCni9CBHFli3wm5QdyXEU2xGpf.jpg,365,911,493,578,638.0,535.5,546,85
rKsiNCDyMhYDcbqnsJwmEZU_bnS8gttm.jpg,430,885,435,503,657.5,469.0,455,68
RKXMVzZVzNqZfkzUFqLKDjN9EvDY1.jpg,475,769,441,496,622.0,468.5,294,55
rL83RlivR3ixGuhskKWcxsPObQ2R.jpg,466,916,465,535,691.0,500.0,450,70
rlEicHHfXTy7IYbaJiYjpYBBmIlQIq.jpg,188,968,549,659,578.0,604.0,780,110
rlfll2xThwlsjLdLMtDvoiCfpeo8cbvv.jpg,345,891,458,541,618.0,499.5,546,83
rLGflGIOBxcPDgPjkU2OoYmqZqJcuW.jpg,418,924,456,535,671.0,495.5,506,79
rlknp8teNGLSTIqKRbhZCOoxkuGyQjQ4.jpg,398,868,440,511,633.0,475.5,470,71
RLnkYTljh2X_MnJ2wEfb1eSorwqHEfU.jpg,426,734,460,518,580.0,489.0,308,58
RlO3DzglIBZ5pzVUiaP7XjUUovgMNl.jpg,421,759,459,521,590.0,490.0,338,62
rLrYV82Hy2dFj3yNDWRJqxBrWCRk.jpg,383,875,445,524,629.0,484.5,492,79
rLS6DXqbHOZHV8KD34qJHw1fiwFI9XvY.jpg,383,856,433,502,619.5,467.5,473,69
RLt7t2ZkThtSeSmxpviQxhV5GTNE_q9N.jpg,377,872,487,563,624.5,525.0,495,76
RLvPag8SqkOwbNYpj39t4jL9jz_f78.jpg,353,756,449,510,554.5,479.5,403,61
rly5YIwsKiKWpFXes1fSU1rhLzwGQcE.jpg,376,899,494,568,637.5,531.0,523,74
rm1imBXCpl_ORLz7O5ox7B_k_DHb.jpg,322,708,481,553,515.0,517.0,386,72
rMaGywJoQlazZNd1TlGm35Ddf7gwR.jpg,421,805,513,585,613.0,549.0,384,72
RMbJ6qkDoY4zZjyEVCn3MbhbV4Uf1WD.jpg,384,861,443,513,622.5,478.0,477,70
RMFQK3MG2DE8t9IfL1H58e8q1PY3qno.jpg,399,953,466,550,676.0,508.0,554,84
RMjpkoBISnnkYd3YDf7VvPl7EjBjQXdZ.jpg,444,872,460,525,658.0,492.5,428,65
rmjzI2Wab11HwoOF8Fo5y77Nz9J.jpg,362,869,491,564,615.5,527.5,507,73
RmkzD1JWd2wsgNSd6JZoson5J2WU.jpg,191,1051,647,773,621.0,710.0,860,126
RmqqDUHoWzjOMMuQCdYWt76ePiK_Ii9u.jpg,439,796,500,565,617.5,532.5,357,65
rmt43RPxeoaEk_QvRxoRMw6cbHpk6V.jpg,326,934,523,610,630.0,566.5,608,87
rmtWZKjc8RNaYxyaJ6CUatd_NR3Hz58I.jpg,449,882,432,499,665.5,465.5,433,67
RMV5V8yvBoJoVtXkVlUx_gFQSkU6EKay.jpg,457,760,460,517,608.5,488.5,303,57
RMx62j2aaEV5FnxcgHxDtBeQ6qtv6Jg5.jpg,309,1046,510,614,677.5,562.0,737,104
rMXLkQlii_JpREzKj3yXbXgRWG9OE1b.jpg,356,660,427,487,508.0,457.0,304,60
RmZxIf_FeeTjhTqLKKwWs8Ekh4_95.jpg,425,995,517,602,710.0,559.5,570,85
rM_g3EMiB95oKQJr8FzQMpFte8MN293d.jpg,305,880,455,538,592.5,496.5,575,83
RN3HJynPHsTw7yx5NkYYWvc9o3ZoU.jpg,344,681,483,545,512.5,514.0,337,62
Rn7B4_voZlg9VEYYMUFPXX9n1ijNf.jpg,387,857,436,508,622.0,472.0,470,72
RnghNpNKXuGkpOOZVGO5jKIdEycJy8.jpg,379,1026,497,603,702.5,550.0,647,106
RNlIIsJZste8YtlPOrg9Dw_913HVZ.jpg,341,666,447,510,503.5,478.5,325,63
Rnr5isU91fTtxIktxKVdvclYhfhFLMoO.jpg,349,865,458,537,607.0,497.5,516,79
rNrlLLs3swHMKKRH1mHDJ9fCq_7fD3Y.jpg,319,860,493,573,589.5,533.0,541,80
rnxo5ktg646emqat6Tl46kh3Q73CuwL.jpg,342,781,434,501,561.5,467.5,439,67
rO2ItcJV3zceFkLeYPZ9Elv1qQX6tSm.jpg,362,683,445,504,522.5,474.5,321,59
rOBjpkLaU6Q5j2_fslKDcqpvKZsmWwMZ.jpg,468,899,429,497,683.5,463.0,431,68
roc6oBZp_X25bZrit5rODdbtmQPHbe.jpg,408,714,444,500,561.0,472.0,306,56
ROcJyuPFgPJ37RlyKaWNK4ot1HxoeOYZ.jpg,300,793,472,550,546.5,511.0,493,78
rolGwiQr6OjWz48McoKiZVN2tT8d_SQf.jpg,403,908,452,528,655.5,490.0,505,76
rolnWF6gTUGCaMtvHQIaSQarGbnhLt.jpg,326,924,527,608,625.0,567.5,598,81
RoNlf_CN9c3Nr9wG1vZnG68xmXkrYV.jpg,425,960,500,582,692.5,541.0,535,82
RoOQmRLfLxu_5FlGoWG2mRMeXxEhLsO.jpg,307,968,491,617,637.5,554.0,661,126
RoPauGqN8xcurfxc76D2WsKIkjWjKSj.jpg,431,900,439,512,665.5,475.5,469,73
rOpLJEH3yZiu19U3fFI4uxRp5xmeU.jpg,296,848,471,551,572.0,511.0,552,80
rOrZ_BKQi53qWnCjYlY284TjPom386Jz.jpg,305,766,439,507,535.5,473.0,461,68
rOtXmdXOMjJvja1oB5To7N4wDLe2Hc.jpg,284,658,470,537,471.0,503.5,374,67
rP1k7ocMaQVxbMB99dqiB15TWr9T3Q5.jpg,488,856,497,565,672.0,531.0,368,68
Rp4jQsLl_3rFU9IwVni2QkzvFH3je7.jpg,448,944,446,520,696.0,483.0,496,74
Rp9U8VLnoqwrbJmmKM8Vl58o3CiFdxD.jpg,507,781,425,481,644.0,453.0,274,56
rpH1DzcGbLPMInTXuveZHrqyPdyMK9.jpg,414,713,439,496,563.5,467.5,299,57
rPI7ut_dajeFXEPfzvLRCH3UYaPji.jpg,426,924,450,523,675.0,486.5,498,73
Rpk6KKm2VPwrjIWsPhWH31IijKfWbaer.jpg,448,730,425,482,589.0,453.5,282,57
RpkanET6iU8RBf8Onsgjj3JTYEuz7f3.jpg,422,956,455,538,689.0,496.5,534,83
rpl196Rm4M1snkw_wcvXmKvexuazSai.jpg,404,915,453,533,659.5,493.0,511,80
rPnqe6b5f77xJiToTkF69JKuUWZUhcB.jpg,424,824,414,480,624.0,447.0,400,66
RpoIPhi6dnCjwmJQw7mOFShQ6Ck1dXyj.jpg,313,908,485,569,610.5,527.0,595,84
rPpFaDoFpFhMVhv6VvuLt_XUU6NlJmb.jpg,252,1028,595,714,640.0,654.5,776,119
RPtnpFCpj1gfQM6Gp54e51x1tvy3Vr.jpg,494,790,455,511,642.0,483.0,296,56
RPTuSvrZ2h3TGq_7ymPqe8bMII3Kz9.jpg,318,761,432,501,539.5,466.5,443,69
RPUgmsbL7WnxieQEX1EXXKn25Bwabbyk.jpg,422,855,458,534,638.5,496.0,433,76
rpvDYkRFCC_kuzEzmGuj5DBKDg4lZi.jpg,314,782,466,536,548.0,501.0,468,70
RQ67iE1CuC2hlIsNgsgpmQCZ1SrioOrC.jpg,377,868,488,558,622.5,523.0,491,70
RQ7O_pRNMU_ujcsOH4j8idBjbBTT1Ge2.jpg,368,802,457,524,585.0,490.5,434,67
rQDgZ7Wnsod9hDduVJE1Xne7rmLpWe3.jpg,354,870,457,534,612.0,495.5,516,77
rQuwUBVV_4utFuaInkLu8uRqSv3qiSV.jpg,172,873,519,648,522.5,583.5,701,129
RqWwVzkCxJT33N4qjJ4KIaFTFtpDZXeS.jpg,360,759,439,503,559.5,471.0,399,64
rqYqXlZ2TLnplFYrHbM3JUQJJXjNte.jpg,420,853,424,491,636.5,457.5,433,67
RR6FJNbOdgDwCLmz_BwP1QOmIfdP6tyG.jpg,345,750,417,491,547.5,454.0,405,74
Rr8nvJdwbmye4sU_hrsoJnNtTFild.jpg,554,887,438,503,720.5,470.5,333,65
rRle7TXeqExaYvgnxHM58M8RHg_SKm.jpg,446,843,447,516,644.5,481.5,397,69
RrlW6K9YcJk73xMWIyEvq7ePjpt2Sq.jpg,472,826,489,555,649.0,522.0,354,66
RRV9i3yCigqbnJ5P_VfaujVl2YDlJQn.jpg,412,887,472,543,649.5,507.5,475,71
rRy2VGuW1tyvj5OmSWylMSTD68K5sVR.jpg,475,832,488,554,653.5,521.0,357,66
RRYQEfEOF9rX74n93QXwlbqT4bvJQKy.jpg,480,876,442,507,678.0,474.5,396,65
rrYrUbXkSfiJSLQ9NNtzfHseKL7pkT.jpg,481,815,468,529,648.0,498.5,334,61
rS5QuBB1iLwHLClfpmtREN8Gedyt7H1W.jpg,352,856,451,541,604.0,496.0,504,90
RS7c1oikmOl3pR1dQhPmyaM33SXMwlO9.jpg,443,753,455,511,598.0,483.0,310,56
RS8x2NLeaqndKY2aJQbK8GzYXbmKac.jpg,418,867,465,534,642.5,499.5,449,69
Rsa4lW476zZXCTpZIYwreWmTpjQvZc.jpg,412,720,461,519,566.0,490.0,308,58
rShtYw3JCai5bjzim67fEkx6Johao8u.jpg,394,929,492,573,661.5,532.5,535,81
rshypMI8JciIb1xWTyMCO9EIaNMFcJs9.jpg,449,860,417,483,654.5,450.0,411,66
rSJDU5rgwnKUkPvFJg_9JDvcTRLr.jpg,389,768,481,548,578.5,514.5,379,67
rSPeVCrEJkBk8dlEbx2m9SWfDCqd.jpg,490,788,456,512,639.0,484.0,298,56
RsszrOx9hObC7XGNJGLlico5LbgE9fvG.jpg,258,829,501,584,543.5,542.5,571,83
rSW9hFEkZc7N78ZRVXgg8WtHF3Ny.jpg,443,867,425,502,655.0,463.5,424,77
rszy__XvF5fQB5MIl5YIZX642qY6f1K.jpg,284,761,445,518,522.5,481.5,477,73
rs_H7e3ITvXbiisUtkC5edwieUPgPR.jpg,349,775,451,517,562.0,484.0,426,66
Rt6Iqdn4MtPzaXapq4W_12nxtBTyOCF.jpg,433,820,513,583,626.5,548.0,387,70
rt6m49iZVGZRIRv7ZLmt93JeQ7oF.jpg,387,819,459,526,603.0,492.5,432,67
Rt948gWMomOgT1EX_WXrP3GRxHDnS.jpg,442,792,490,550,617.0,520.0,350,60
RtCY7zIqXwnTbrBw4f_QIKkgrsnRxeNL.jpg,344,863,462,539,603.5,500.5,519,77
rteEK5usCnYehUnaUY2eq1mYNbNZoQ6.jpg,171,775,466,546,473.0,506.0,604,80
rtjc5HT6S2GOCxO8b9C4lavdICVLUgw.jpg,169,852,526,622,510.5,574.0,683,96
rTksvo2jZGXnOfs98DnmfDy3gp3bPh.jpg,474,823,459,522,648.5,490.5,349,63
Rtku2kmHpgMEICiKhwsfuKbZd2QoYUOm.jpg,295,1133,560,687,714.0,623.5,838,127
rtTFB4QHlbc2U1SW75vImNDB2CCrugq.jpg,391,843,470,536,617.0,503.0,452,66
RTvHCojm9luI1hqJIgRD_bOU8UaKR2m.jpg,428,938,453,532,683.0,492.5,510,79
Rty4YTfL2pIgDqbLr1RZ_N6xBFRm.jpg,489,862,503,574,675.5,538.5,373,71
RtyvS5RR7jRyWTHxqw8PLOqfYh7PkS.jpg,277,783,456,532,530.0,494.0,506,76
Ru9QShLXuxm4Lsv8aCLkrmWNXY3sNa.jpg,372,899,458,537,635.5,497.5,527,79
ruhzbRcWd8LyMcPX7NfYfZKw4YKI2y.jpg,335,852,445,537,593.5,491.0,517,92
rUiUXWVjSY3v2z4cUNuel7jmIqBi.jpg,301,888,484,567,594.5,525.5,587,83
ruLS8inQqDDzqs6pf6F_mhnpZPKoUXMx.jpg,326,956,471,601,641.0,536.0,630,130
RuqQREFv1FRig3EjfC2dZqQMcXqdMwG.jpg,433,775,483,544,604.0,513.5,342,61
RUR2jqizB6frpXxu6j8UUqtq41E9CWLj.jpg,499,867,492,559,683.0,525.5,368,67
ruuIabPDngzXy91rj_l2_8YV6kz4yi.jpg,377,675,439,494,526.0,466.5,298,55
RUV_3fa_T8oH7BbeMnsmnIYL6qLpXGf.jpg,379,871,488,561,625.0,524.5,492,73
ruwiSDpupzw7sxLUdsI7sOvwT3hsO.jpg,325,953,536,631,639.0,583.5,628,95
ruY659e9ln2uJrZp2RiwWEQa5Q__8Z.jpg,336,754,419,485,545.0,452.0,418,66
rUyujziTRJKonxBWOUTrJSdk3vGg_jDn.jpg,372,664,433,487,518.0,460.0,292,54
rUZmd5QtpU_HjTeI1_v5322SxUfVfIgG.jpg,339,832,444,520,585.5,482.0,493,76
ruzV_u8cDu2d2bcpWlTdVDVapXDITQ.jpg,375,787,417,489,581.0,453.0,412,72
RuzxXafO5vJn7o_daZst4Jq_wTJNgQ.jpg,345,848,487,559,596.5,523.0,503,72
rU_jdzT8tmDSQYeLMJRqZfZl_CsOjeN.jpg,371,791,441,507,581.0,474.0,420,66
rv7Si3BeyPttjDcrVxaUZRxuGe8x4R.jpg,335,813,472,546,574.0,509.0,478,74
Rv7vgmNZ1GqorLXRoa2DWmGdhFN6BW.jpg,358,701,461,520,529.5,490.5,343,59
rV9sBNxxkeg9vezTQkd3h1LwZ8ttmNc9.jpg,230,1007,491,600,618.5,545.5,777,109
RVBdw3okbfNhPviT_GYiV_fYgx5T.jpg,429,703,417,472,566.0,444.5,274,55
RVgdhiRkdrmzXJ1FmuolbONNB2H2SpQ6.jpg,479,747,421,472,613.0,446.5,268,51
RVGm5byBhQT_Vg3LXtZz2ZFvYtzew2EB.jpg,318,861,499,579,589.5,539.0,543,80
rVIpMMcDITufcYBrNPsgLJ4yWB9Uevs.jpg,415,857,432,502,636.0,467.0,442,70
RVksLfzvawTx9KMMgeidNv9aWkhji.jpg,301,944,453,611,622.5,532.0,643,158
rvVqZZLmV2Nq5cEfz3O_JRKP3Xqa6Nti.jpg,479,788,436,497,633.5,466.5,309,61
Rvv_X2NVmMVJ_szyzBJNoP7mZ8OmfQUP.jpg,457,857,416,480,657.0,448.0,400,64
RVytzSr3JS2VrSKpoWDv1RpFqtp5UoZ.jpg,380,792,445,507,586.0,476.0,412,62
rW8c6JEJ98h2YvTr9VRLKPQWnHYoyfo.jpg,400,859,473,546,629.5,509.5,459,73
rWC6uu8chd6mnK9jLNkWm_Vhq9DF8qw.jpg,497,826,451,512,661.5,481.5,329,61
rwC6YO7VEwZqCDBwaa99a9ZKuj1Mvfe.jpg,537,875,441,513,706.0,477.0,338,72
rwgSL1TSzmIWDlzb2Ka7i_7YpMIc_3S.jpg,296,813,492,572,554.5,532.0,517,80
rwh1ENaH__4SB6FTkWMTyYRVLbQsUyXI.jpg,507,863,478,542,685.0,510.0,356,64
rwHQ7ETouW5GDO8IFsibd354xXNTwlIL.jpg,406,876,442,514,641.0,478.0,470,72
rWKIDto_tLfgCb1PuJlWEgeGOsspkBz1.jpg,408,799,515,589,603.5,552.0,391,74
RWkqSUhWqXWImaBY4ud7KtP_S9ViUp.jpg,412,813,447,510,612.5,478.5,401,63
RWlzLO2r6DUcS7atY5RMj6KQi5WKZ7oc.jpg,453,888,457,525,670.5,491.0,435,68
rWmIoa2sNg43jNPzNg4XeWOZU77LD3F.jpg,434,863,427,495,648.5,461.0,429,68
rwqRKrNkrUU8zy9EW8SjhVSUtw5nCR5.jpg,468,801,460,522,634.5,491.0,333,62
RWT8rtvxRVKFgFLeQSC2Y1UpO_IkSo.jpg,405,827,421,498,616.0,459.5,422,77
rwTdTcg5JTdmNRxbcZQGlcb8JUEeb5.jpg,374,896,447,525,635.0,486.0,522,78
RWzHimfUWHHFNecUaxhiveIxFbI1Gm.jpg,466,772,440,499,619.0,469.5,306,59
Rx2dgWusJjOkIMsFrs368S7bOywFgQ3.jpg,377,916,465,543,646.5,504.0,539,78
RX3YryOfpUr3uRJEQqP7mQH5Hl6ahKN.jpg,490,844,492,557,667.0,524.5,354,65
Rx9KBmY2_cmptfjZhDskUQl1SnjYc9xk.jpg,326,771,464,534,548.5,499.0,445,70
RXBevWvvT3UMjocWMFz5EHLcKu7EwRv.jpg,354,841,442,514,597.5,478.0,487,72
rxcrimy1gPgptvMDCLyfWbmFSoHUlxU.jpg,376,929,511,592,652.5,551.5,553,81
RxGHrieZQxoWaaOZcsW6trEEHtoTl.jpg,297,896,448,542,596.5,495.0,599,94
Rxiz7lrREZwF1Ft53Cy9lTEzc_ZTBf.jpg,334,910,477,557,622.0,517.0,576,80
rxm3TcmxWl1UWYNoHbXMuZMZMVX9sQ.jpg,418,797,458,526,607.5,492.0,379,68
rxoGX2cdJo1ZNxH6yLRjEldCsH2i_zj.jpg,351,889,503,581,620.0,542.0,538,78
rXT8gdZOBmogtKciX6kzqCJRNvD7oDrB.jpg,344,931,433,513,637.5,473.0,587,80
RxWs7JJVK8es2GtGgWCZa59NDyxTS.jpg,406,972,476,558,689.0,517.0,566,82
rxXJ5XRFu8t2ur2tSFF4LTjDBHvPwd.jpg,406,956,507,586,681.0,546.5,550,79
RXZdmo_qXEx_wFhbzZ4PaXRYZT4BpCI8.jpg,264,657,488,562,460.5,525.0,393,74
Rx_cS6qwFN2ntTUDjL6eg8wNVlLvVsPi.jpg,432,895,471,540,663.5,505.5,463,69
ry18JtvCRmwQGY6SUycQcwQZFDDSBwJ.jpg,273,837,467,548,555.0,507.5,564,81
ry18ub5kCDDss8_dtp7HEVUYx9nCF.jpg,494,834,452,517,664.0,484.5,340,65
Ry42Z9wKyha6o1OMbDX9FCEak3qve9.jpg,409,955,462,547,682.0,504.5,546,85
rY5u5mcqWZULWTsC5OTi3ypz_m6FGDQz.jpg,470,953,441,512,711.5,476.5,483,71
RybuvJbGPhe4WDpDZFW5GDXiijIzqyb.jpg,449,787,480,544,618.0,512.0,338,64
RYc2D4yDl5jXnhvTmD8VTysCQrM7fJ.jpg,425,785,491,555,605.0,523.0,360,64
RyHEvtYuyR9kcumys_91OPtHr_sDV6R.jpg,390,903,488,567,646.5,527.5,513,79
ryhzwvIp58tbkBGo6WveEHQsK28QKJ4.jpg,442,921,443,516,681.5,479.5,479,73
rYioRU8biNUzmdDxUzKPFlFDQfS9F.jpg,480,924,459,529,702.0,494.0,444,70
ryir6bxFbWsKI2yKDoBfK7MYBCfvvm.jpg,434,842,419,485,638.0,452.0,408,66
RYix31hKw_isfXXfzdKvWidLeCLI4oN.jpg,324,828,474,551,576.0,512.5,504,77
RYkXmC4nd5xzJDg8edxfIrfTkvixIJ.jpg,402,994,527,614,698.0,570.5,592,87
RYOGqOEj26Hy453GJSnJpb2xDGGC4Z.jpg,320,881,470,548,600.5,509.0,561,78
ryp25dEacr9d2WhzOXjLQleW4fK2eQ.jpg,423,745,462,521,584.0,491.5,322,59
rYq4UfN3autUwBPr7F2KmcR7fQ4yr.jpg,357,776,424,496,566.5,460.0,419,72
RyqufYZE7ENNdWIS8hqCctEvLJ9ihW.jpg,489,827,463,524,658.0,493.5,338,61
RyUnjdyWSgheBXzNiUiVmofNEmoQas.jpg,463,785,475,534,624.0,504.5,322,59
ryv2nI8a5lFUMWUkaK9rfuKholP8oo.jpg,406,823,424,488,614.5,456.0,417,64
RYVl5rkleeRwu6V_EM2lNDawYjVCjQG.jpg,340,785,434,504,562.5,469.0,445,70
RZ7KgBcbgG_18YNxBEnifh_HHw6qFWx.jpg,303,899,517,596,601.0,556.5,596,79
RzalM6vsoKSpWY1OnpF2h2RFKGCIEx.jpg,408,859,443,512,633.5,477.5,451,69
RzaQ8zXh9wkarKRFWnuB8yKW6EUu_Vb.jpg,312,663,489,553,487.5,521.0,351,64
rZcT_Dv7YDbCN_W_M2wuDwoxFil_r.jpg,506,778,423,477,642.0,450.0,272,54
rzLQzmcbliZ64q4s1rihe29YHbymx9P.jpg,429,835,423,488,632.0,455.5,406,65
RzlrBxq_uN5qJLdvW3l4siDUG8iHa4C.jpg,314,891,478,561,602.5,519.5,577,83
rzmbZSN2y9PZfrqiFiscLEcjjvqQ4j.jpg,424,739,437,494,581.5,465.5,315,57
RzUGz4OnpS1BhTDtzoBRB4F9OrGo8Jy.jpg,448,780,482,543,614.0,512.5,332,61
Rz_bYT1vqOTrgwsmJpbWFgUZefFmGg5Y.jpg,337,902,474,555,619.5,514.5,565,81
R_clFQizvUfy659pJHMoXkHqXD1b2.jpg,430,885,466,536,657.5,501.0,455,70
r_cZRPYERR_otGqELcw_PXBvknOKQn.jpg,358,864,457,527,611.0,492.0,506,70
R_GwWzcBjt63DxGtKiepUpaMQlTscbi3.jpg,453,976,497,575,714.5,536.0,523,78
r_rBsyNGgXTfbiRTtRgbSpHxpEMfgK.jpg,439,773,477,538,606.0,507.5,334,61
r_rn1COpri7fKJFjWMUWCIh5sy1x64Z.jpg,337,797,439,509,567.0,474.0,460,70
R_SfPKOgDjFmcV9Zn3a8ZYDDVnwal9.jpg,339,747,421,485,543.0,453.0,408,64
R_u_ptQ_USL1YqMbaDc5lx3GKxrjltv.jpg,446,876,427,492,661.0,459.5,430,65
r_WvmyMlcsk2rMoUK4xE9rde5UIcNhBc.jpg,306,770,465,535,538.0,500.0,464,70
r_X2btU7H_gcGdv1xZr3Z8Xr7w1euzd.jpg,276,930,514,604,603.0,559.0,654,90
S11Xx2OfXYNlDxW233s3wWyNfjLoHy.jpg,421,759,474,536,590.0,505.0,338,62
S16rzCHsOdmJBi1ezP7bHwD3EgG44JQ.jpg,417,948,502,582,682.5,542.0,531,80
S1m6E4qO_qRET3UVCB8BVDnDJcF7BezN.jpg,373,890,490,564,631.5,527.0,517,74
s1MIQuXb9Jx2EYf3GSwyrt24CzZvWIJ.jpg,385,890,471,561,637.5,516.0,505,90
S1oVwYS1MPoR1dmch3nsYJOUjK8pLfUl.jpg,393,957,510,589,675.0,549.5,564,79
s1PY_UcRcpCC7zLEON3tgqmuGGUTCe.jpg,299,768,439,510,533.5,474.5,469,71
s1xj4FhfnXqHlWbRi8BYpT_UoECuCco.jpg,375,833,442,517,604.0,479.5,458,75
s1y61df8fK_7_5HchhSuDjQO6iR5aLh.jpg,336,855,497,575,595.5,536.0,519,78
S1yg13vzCWPYRmBYla19qIytE8dXm.jpg,394,674,422,475,534.0,448.5,280,53
s1yG4EUvBXiPjbDcGQy3s8Kqf_1Yvl.jpg,434,732,458,512,583.0,485.0,298,54
s1_IzanOCZMCB8bv5wTXXisQGLIhx1o.jpg,314,794,441,513,554.0,477.0,480,72
S1_UBRVklNVlWrF2S9ZCnSa56Joe91CW.jpg,379,864,449,526,621.5,487.5,485,77
S2agMYhghlzu_Wr5GMph233LDn39ZpMr.jpg,422,866,461,531,644.0,496.0,444,70
s2DqirR7MuDkBDTiNCtQff6SRKSQtwqx.jpg,374,760,413,475,567.0,444.0,386,62
s2jZTI9K55RXk4_jS8YHUyMNT6g.jpg,352,768,447,511,560.0,479.0,416,64
s2NSQgjzmnGOh1OguqnQFfFuP_u4S.jpg,445,772,437,501,608.5,469.0,327,64
S3CQux2Zz716KC9MDDSVP6B9MI93_eL.jpg,377,854,444,514,615.5,479.0,477,70
s3d5P2h_24tRlrlXb4bYy3842LgJhHV.jpg,262,816,465,548,539.0,506.5,554,83
S3dTuC6vrthwWvnk8HL8i9jP1lRbkC.jpg,347,869,454,538,608.0,496.0,522,84
s3HjRMqZ7rKCuo8EoyPciDUaxb_VWuy.jpg,436,861,433,501,648.5,467.0,425,68
S3iclc_3uO1Xdp3VDB8VtZ9ILfd.jpg,347,829,446,519,588.0,482.5,482,73
S3s_4Qm9D4nbu4DNcT3Dlf7V51gEFOB.jpg,446,757,467,526,601.5,496.5,311,59
s3UBG6e2VjPGvo9Qn4GEqacYQxSaTvGQ.jpg,415,893,447,519,654.0,483.0,478,72
s41yQUUhq6GLHadHy3J8TjaXQ2dgWJgc.jpg,307,756,453,524,531.5,488.5,449,71
s46qRMQlVGNdeLKIRLBDlc1huO8Zxj8.jpg,430,976,464,546,703.0,505.0,546,82
s4admUrQx63yCFqlSV8raJ8gufBeNM.jpg,397,824,449,515,610.5,482.0,427,66
s4auSXZMPc5qg9MrHOT_hLHzHzfaRP.jpg,428,725,459,516,576.5,487.5,297,57
S4CYLJELP4SRMeCi5tkPPKF5RQuCP.jpg,208,852,474,566,530.0,520.0,644,92
S4QZ_kn66TRtv2Jx8I9GnUdQwuZ3ToB.jpg,363,889,456,536,626.0,496.0,526,80
s4Z8ZIV5RPfiDCHSgScWfCr4U9ONjuwz.jpg,386,696,439,499,541.0,469.0,310,60
s51igOqD_VHgPyZ1orqaPwUIE7px_.jpg,219,857,527,618,538.0,572.5,638,91
S56MagYdU9ElQasZj4zT6KxmpcNuThi.jpg,457,767,463,521,612.0,492.0,310,58
S5alkzroUVFqikI2aOtUouMaji673X.jpg,524,825,456,513,674.5,484.5,301,57
S5ft3OMrLYexBa_sqrfSP3gEk4iRHZ.jpg,457,951,477,556,704.0,516.5,494,79
s5OpIHLNcpvfZueFUE2EGGZF7ELL6Qne.jpg,454,896,463,529,675.0,496.0,442,66
S5PEF9YEcGt9_TwKvEC9k3LpNqZP1.jpg,455,782,468,530,618.5,499.0,327,62
s5rmtwg_Qag9SfqOJvBsT7aVg5pNdGS.jpg,429,855,421,491,642.0,456.0,426,70
s5rXJJBgcI3XQ_Ydz6sWWvvi8lkG4Q.jpg,423,759,483,542,591.0,512.5,336,59
S5s4wi_DWzOhbRczPcF13pZIWKMhCbT.jpg,410,921,451,526,665.5,488.5,511,75
s5ZYHaSulZuzFkFSSadVaXeQVFi9GHa.jpg,328,800,438,511,564.0,474.5,472,73
s6ag8thlpVvfzLP3uadM9YwlWJGo.jpg,287,952,506,600,619.5,553.0,665,94
S6e4c5IFKXgsHUY4svym91FmTQ3jY6.jpg,312,817,455,529,564.5,492.0,505,74
S6hyP3qt_qvMn8FWJbkFKJ1s1TyVMbx.jpg,325,895,475,556,610.0,515.5,570,81
S6MRK4QHcf2ocUbr2Y4zpW8cHKOBXyl.jpg,467,905,460,529,686.0,494.5,438,69
s6ORsfXdGuYkivJ1XiTqXbajlWbtwuN.jpg,415,737,471,530,576.0,500.5,322,59
s6UO2Wf3z4qNXR2I_3Wx2McRIxyr2rm.jpg,436,960,496,573,698.0,534.5,524,77
s6ZgEYS7YqhdJ2jzPeKMKr7a3FyOPI.jpg,293,795,475,549,544.0,512.0,502,74
S71bTMpzOyZomkqijaSrkcjZhXNX8vt.jpg,363,877,454,531,620.0,492.5,514,77
s7Ke81ZfcXKdnWty16ZPrImLna7VZ9.jpg,348,902,467,549,625.0,508.0,554,82
S7khCVcc7ZprBgy_ku3t4OgKMtZLT.jpg,411,765,461,527,588.0,494.0,354,66
s7RCxP6cp6lbzHCTOGcriwZT6tko9ey.jpg,386,798,446,507,592.0,476.5,412,61
S7SKbZaueuK7P82ewUQcVCBSf_McljH.jpg,443,874,429,497,658.5,463.0,431,68
s8268yiYlsBY6zLpokCtTwKBZ6jEEUYt.jpg,400,939,496,576,669.5,536.0,539,80
S8kZGFVCqZrd1Vey4IU3NLljsNBV.jpg,346,840,449,521,593.0,485.0,494,72
S8OREkQRzecTPl_3tjZVXoDH7nDIlF.jpg,362,926,467,558,644.0,512.5,564,91
s8uWwR4RnvwNafRUUHWk4GBIN2qLpXe.jpg,397,787,437,496,592.0,466.5,390,59
S8wFm8Ze8BlsyRrhzHDNL7vV6UTXQf.jpg,374,881,489,562,627.5,525.5,507,73
s8YsfIvvoUEU9f11urYKI6bx4OtOvq.jpg,416,786,448,521,601.0,484.5,370,73
s91aiJ4W8xZRCKexUB1cLY8Dq_6JBq.jpg,457,804,449,516,630.5,482.5,347,67
s9FzqGUE6TPXd3Ci6HmpWQ1Zzbd1vc.jpg,395,729,476,537,562.0,506.5,334,61
s9i3DtSntuEd7MRL9b9eQ7BXm89wTd.jpg,397,728,454,515,562.5,484.5,331,61
S9WzNkjWT_L3fad6nZxcrFSllQKmvWd.jpg,303,761,439,507,532.0,473.0,458,68
saG3YnhhZE8ejeZJpyYf2jhN6Vzh.jpg,433,870,454,518,651.5,486.0,437,64
sahhHoqcoG3lNjNiJ7URIpYdEZPKaL.jpg,437,844,519,594,640.5,556.5,407,75
SaItiKLcCk6vXtQtsVSau_J89jC5mX.jpg,355,881,496,572,618.0,534.0,526,76
Sb4oEpzgs15L4GKfbVOrWsjNEOX5QW1.jpg,424,867,471,537,645.5,504.0,443,66
sBbwbx6Kf_zCBsh7KgefGYI7H74G1.jpg,284,765,443,517,524.5,480.0,481,74
sBgCOeQdJZbGF_up2yOgdQ9ZmZIs.jpg,445,809,469,535,627.0,502.0,364,66
SBK2YEnagWmLCRn_UCK4a5kH7xg9.jpg,463,854,413,478,658.5,445.5,391,65
sBlIKUHWGzlKYLKtT1br1vejTpJpBJ.jpg,402,934,464,546,668.0,505.0,532,82
SBNxZtvE7Uglxg__GC3bh38yaZOlTLs.jpg,451,844,417,480,647.5,448.5,393,63
sbOOUzzdt8LKScxukv3L_j8PHvQS1Z.jpg,426,855,418,490,640.5,454.0,429,72
sBpjGLEGKfJjwV2pGOa3ZNxnsRUBm3h.jpg,445,797,447,514,621.0,480.5,352,67
sbS31MvaosJu8fkJ66n5PTvwNdbv1Qw.jpg,452,756,459,517,604.0,488.0,304,58
SBSF5VG3xPcJcJrtH1fXG4viRHxbnaS7.jpg,368,731,471,538,549.5,504.5,363,67
sbShKnsoRiyWCEJX5uXm4QoyWJGYXO.jpg,410,815,415,479,612.5,447.0,405,64
SbSVuKRsESqEeJRWcxgJKDxZE_gLKr.jpg,398,933,463,541,665.5,502.0,535,78
sBtaPUUU48QE99Hz2oMTGwwB4LxgjKZ.jpg,459,772,470,529,615.5,499.5,313,59
SBuktLtQqEHu4P2FeUZV_Enj4EMN5iv.jpg,472,789,447,505,630.5,476.0,317,58
SByRahrkHsjIi26zkaiBxbL67c69Q8.jpg,424,723,460,516,573.5,488.0,299,56
sBZEtl92_REzrSM2_WGgHLbV818iVJ7p.jpg,397,830,457,527,613.5,492.0,433,70
SBzTTITTGjj21wZ7ZgokFOmUMs1K_nx.jpg,377,979,492,580,678.0,536.0,602,88
sB_94SeOPZgJhrkUUCyLow3FkBlzJNU.jpg,320,756,530,603,538.0,566.5,436,73
Sc2Ue7aZQ3zxmO8XQiHerPEu_cRH.jpg,347,872,458,543,609.5,500.5,525,85
Sc7tRLsoWrG31xrEvZyB_8i6q7hVkf.jpg,419,867,455,529,643.0,492.0,448,74
SCB3TVQY3z1d1wptI7RQIPouS8I3h.jpg,329,962,495,586,645.5,540.5,633,91
SCbdV3dLCaVg_2WcwKeIgM4ExQ_pH4dq.jpg,379,930,461,543,654.5,502.0,551,82
sCBKkHCwTuPqfC6VEha852zRQbnnES.jpg,464,913,429,497,688.5,463.0,449,68
sCDupgclW4vsUzsNFfe3KjqcoJOhC6.jpg,504,997,476,553,750.5,514.5,493,77
Sce94tKW9bzsdZi5y6xPuGvDkJqldRCQ.jpg,461,735,442,495,598.0,468.5,274,53
SCHu39CIFBbOFvfzFiJNImsavbVQGk.jpg,328,761,431,497,544.5,464.0,433,66
scjyv5l5bQ1JqwclnBqe74bitUEzb.jpg,436,835,520,592,635.5,556.0,399,72
SckN4d1rxE9m6_b9t49xBo_GvqBSkCO4.jpg,472,833,494,559,652.5,526.5,361,65
sCneOgUWUhfXv9LSVth2v1VVeoLsvl.jpg,377,887,459,535,632.0,497.0,510,76
scOClFpzHe3Nl7nMM8TCbfTDxqrJry44.jpg,213,958,538,644,585.5,591.0,745,106
ScRlTVxEuZMUHJnpVhZJZVE5y3C2zKyu.jpg,338,700,464,528,519.0,496.0,362,64
scTKcXLKUxngJ1kB6WsWGOj5v55Tzj3H.jpg,398,822,498,569,610.0,533.5,424,71
SCTV3beCB18tpnj3sW3PIO1GTX9pIB6.jpg,361,827,433,503,594.0,468.0,466,70
scUVsyCVZn1q5ziXW4FdkkWuzEMJH.jpg,459,956,485,564,707.5,524.5,497,79
scv6772vtQt9Qk8R_3q2uOx_8zj5D52.jpg,413,857,427,498,635.0,462.5,444,71
scvzwXjPRBWak_hJ8bKYDpGbw92kh.jpg,357,917,470,553,637.0,511.5,560,83
scWRosE8XJzYFz8Z2ymI9CtgOypC6M.jpg,391,831,469,539,611.0,504.0,440,70
SD52Vgzy5VxrI73_1xXGSUUEnnyB.jpg,294,660,504,576,477.0,540.0,366,72
sDB5YKavia88PBQlkX71z53rYGL3SB.jpg,436,831,416,481,633.5,448.5,395,65
SDBf4cxQDfSX6tqfe9T9seT9ID.jpg,396,663,439,492,529.5,465.5,267,53
SdC1s4HXoRwNKngblPYf1NQwBRx2y_M.jpg,251,917,508,610,584.0,559.0,666,102
SDcGVUEJHFvZ4HuYzDihEqIHpeeoWEG.jpg,384,810,449,512,597.0,480.5,426,63
SDGEpnzbxezKCXXIIGDy97uF1EpL_DD.jpg,329,746,431,500,537.5,465.5,417,69
sDgohCxWZFl48cDgcJIL6LfL2DmXN.jpg,442,915,441,512,678.5,476.5,473,71
SdM9zDeCZvRbrH_x1U49qoranDeyr6u.jpg,428,881,429,500,654.5,464.5,453,71
sDMXPuvMkL1MdnSHyOZxExMSOqizpucc.jpg,434,733,442,497,583.5,469.5,299,55
sdO4_OXgRHJqfIp2o6EwEcJJRR_BaOk.jpg,317,751,428,511,534.0,469.5,434,83
Sdo9CIbZtzQleh6N3VFtRlm59xCkK9v.jpg,411,783,504,573,597.0,538.5,372,69
SdqiK4PsMsIqZmDxociHNEFfR2Wk.jpg,503,892,479,548,697.5,513.5,389,69
SDSaae7zpqizeknBtHHDTpHQB9a5Pg3l.jpg,399,806,451,516,602.5,483.5,407,65
sdv56jK3jxLGwmPxLqsjErmgvs3Bd8.jpg,427,747,473,534,587.0,503.5,320,61
sEa2vClPXzh584b_khEkrMtDMfP1kUO.jpg,396,883,478,550,639.5,514.0,487,72
sEH7nVlJsqQRyfuioIJpXV2yQ8mrQev.jpg,437,865,455,523,651.0,489.0,428,68
seJuI9Oe9eeo5OX_N93TCjOy5BcQZJ7.jpg,318,797,474,545,557.5,509.5,479,71
SeRTrLYQESmDnQ1nenFBd6U42eVQZs.jpg,389,886,488,564,637.5,526.0,497,76
SErzuMQ27ZDxGZaxxmV2CFTHMJLmy5.jpg,387,863,446,518,625.0,482.0,476,72
SEsBG1SEKtI7nsWhTu1EhSSEKXzHuNmk.jpg,452,819,464,535,635.5,499.5,367,71
seSJkjT7B9UeoQuvkHVIIQNe7fqLK3On.jpg,59,869,555,668,464.0,611.5,810,113
seWeyGIDqKq_OCwuKrmagnXhJvph1g_.jpg,413,713,460,518,563.0,489.0,300,58
SF1psmawGg9KF8dPz3KnF2T3TUWTsjx.jpg,389,819,429,495,604.0,462.0,430,66
Sf7ciuD9VZJEdaYXwK3gGsLD3sx62.jpg,395,929,459,536,662.0,497.5,534,77
sFKrYva6BPLBqM4BPz_9fzlCGzceLgX.jpg,303,856,473,550,579.5,511.5,553,77
SFLz6xCslBuRM7kHR9ijzzRXayE.jpg,383,884,493,567,633.5,530.0,501,74
sFm4ENIGnovQe52KXioOfiOkFroRyR.jpg,403,850,429,498,626.5,463.5,447,69
SfMyR8pd5GNy4xOTco6W2DzjH5oKIjPp.jpg,397,686,430,485,541.5,457.5,289,55
sfO7SDRbiqDmgVw2_8Vm3i3isMgPhTG.jpg,412,916,489,563,664.0,526.0,504,74
sfsdlvODPtu8TNCruC7JGgzgHFEpKTDW.jpg,462,746,430,483,604.0,456.5,284,53
sfxgpBHnhO_JTJGrvv3DkxGnuUOWGIC7.jpg,403,723,472,531,563.0,501.5,320,59
sFynXMccVObkU4Habud5jyORe6R6w.jpg,347,657,445,503,502.0,474.0,310,58
sFZe9RkmOo__iEILmKGWVlZ5h8wUUcwU.jpg,325,758,423,493,541.5,458.0,433,70
SgbftWgVx7Tm9vf3bVbCVTsrcIUPyzh.jpg,351,864,456,534,607.5,495.0,513,78
sgDxux2pDxjBx7VKRThInY_NNsS165.jpg,186,813,495,588,499.5,541.5,627,93
sgg9aSR8anKlxCsl7NvJwJpwIIe_.jpg,435,838,444,511,636.5,477.5,403,67
sgPrIsUjJCzpuP3Ge1BqJM6dMYCle6J.jpg,431,757,447,505,594.0,476.0,326,58
SGtRsHaBBG9fgxMPttYBOontn5erpY.jpg,382,921,501,580,651.5,540.5,539,79
SGV2ewDexbiOs1XtalKxvQ4_r7DPf5.jpg,441,897,433,505,669.0,469.0,456,72
sGwKVBLifiY8rTcVjWwmrjFzC2c1.jpg,375,907,496,576,641.0,536.0,532,80
sGXCqQKBBhR4b1PU2Q6oifPUs54mdT1.jpg,316,855,463,542,585.5,502.5,539,79
sgygHiBhtUgZqQVjr64kmRwONkLgX5.jpg,418,838,421,489,628.0,455.0,420,68
sgzQwFMaa5SupkkOWVD6GS9TttHPH.jpg,424,781,470,534,602.5,502.0,357,64
sh27EsV9qv1zwGlhwmLuHQsNjyGzTow.jpg,396,888,490,560,642.0,525.0,492,70
sH2tkL1jfP3lHefMDz9bkVxgseNrk.jpg,424,853,423,495,638.5,459.0,429,72
SHfcudQiPffKprRUkPhFW7EL_dBRQcbg.jpg,332,784,449,518,558.0,483.5,452,69
SHjb6kCoScO6ED9LF9Z51DHmCto4NOU3.jpg,375,904,500,579,639.5,539.5,529,79
sHLMrVfGI1yOO6oNC2lbHXlvICyjEgE.jpg,435,847,419,499,641.0,459.0,412,80
ShphwvbTcCPnHhSGT43jjzr4PbZ8STO.jpg,284,838,464,548,561.0,506.0,554,84
SHrdiPzFH4tYxvxLmg_sDnMZNXSB.jpg,272,842,502,588,557.0,545.0,570,86
shS6mqCyl3Lf_vBVm_Ss_p28_Zuob_u.jpg,436,943,487,561,689.5,524.0,507,74
ShviuFP2gqiwFWO7ha2TyT4MBbTBq8K.jpg,391,857,435,509,624.0,472.0,466,74
shyvKUzdoFfWIamraxJky8E7QomhPDD.jpg,418,748,452,513,583.0,482.5,330,61
ShZHqs8TiceqJYrw9sakzSsSw1Jk286.jpg,366,907,463,541,636.5,502.0,541,78
Sh_fqb2IoBwMhJpWbFHaWnbzNGciVvq.jpg,271,1130,596,725,700.5,660.5,859,129
Si6lxwG4GhoOrSHz2yec269X2RqJF.jpg,435,889,462,529,662.0,495.5,454,67
SI7a6uZLjsQ3MKHBEfWuTh8M1wQre.jpg,316,778,445,515,547.0,480.0,462,70
siakoU_XxDhO7eG6f2QRPKGq8dIpIe.jpg,411,863,433,503,637.0,468.0,452,70
sICrnQxnV8TmcRZW42uTlExV6DvE.jpg,479,792,460,521,635.5,490.5,313,61
Sics22VHBNgOm6ji1Y1dsPCpwp99TMTw.jpg,434,722,433,487,578.0,460.0,288,54
SIDJNoKyOaFGXDxz92tB3zfHZqQtT5uC.jpg,429,871,461,529,650.0,495.0,442,68
sIdqWlKkBeC89xSmOqngdtUlQNr_tG.jpg,450,1019,465,551,734.5,508.0,569,86
SiG1exqkpDdxYzHblf2q32UjCCL_FX.jpg,375,731,464,531,553.0,497.5,356,67
sIj5GKSYimn6x3xKvYC9dSxct6fr5LD.jpg,389,846,441,516,617.5,478.5,457,75
siKdLz7aHONT6rgD4wRepCfkuCFra63v.jpg,493,821,451,512,657.0,481.5,328,61
sIojlG32wQUiXZ3F5vyw8OmZF9dSUV2.jpg,404,735,451,512,569.5,481.5,331,61
sipbKz7EUbxgCWYsCEntdCIQMb4UWG.jpg,325,801,470,546,563.0,508.0,476,76
sIrBaWTgTNwzQcSDtrktOe6G8PmW1g.jpg,403,914,494,570,658.5,532.0,511,76
SiWQ3_crIhLGYTV_wFVXSq4uLLtc3.jpg,395,706,436,494,550.5,465.0,311,58
SizQQ_qr22aFJ2DfTiBjsaCY4PeeP.jpg,417,944,503,580,680.5,541.5,527,77
Sj2tBU6UXdkLUYNnTEys8tmC6ofZr.jpg,435,849,424,487,642.0,455.5,414,63
Sj8xcvlrQbVr_ryeyDMSffPOiUxRseX.jpg,406,827,445,509,616.5,477.0,421,64
SJgl2Squfd82J8KVYmIqct9RwulPKkOc.jpg,494,798,422,485,646.0,453.5,304,63
sjgwJYXlnFdD1eGwJKG8TZwv3DsY2W.jpg,375,915,457,539,645.0,498.0,540,82
SjLzNy8_EITwSaxweawJHdzbtHupKVu.jpg,398,950,461,546,674.0,503.5,552,85
SjNLf_OI6EDnDLo5uakNRkZ5_5JT6z.jpg,391,931,465,546,661.0,505.5,540,81
SjqeTz7cRlkue1Nh8jvGGZkatKiPciT.jpg,315,890,458,565,602.5,511.5,575,107
sjqs5b11JbV7rNsmWTpLgs7StqpJuT.jpg,445,891,461,531,668.0,496.0,446,70
SJrT8X5XhvuLnqhrMsXFxgxJ5WLle_.jpg,410,744,458,518,577.0,488.0,334,60
Sjv4d8I57Dw3jU3dXE5DzSj5SKdxq.jpg,440,779,451,511,609.5,481.0,339,60
SjYcVMovFwmedhjFs6oS5aFe9gYPW.jpg,441,835,413,481,638.0,447.0,394,68
Sj_EONyJtWFFILCWyOiTXvyoOuQd96ha.jpg,271,748,547,641,509.5,594.0,477,94
SK1g9dkDYmXhFGyIGNi_JwFL2nHGwrI.jpg,420,1041,513,603,730.5,558.0,621,90
sKCMDKo7s2uKByp5FsjZ26oIj9Jyz2Y.jpg,280,844,481,562,562.0,521.5,564,81
sKGPY8IKCTSmFK6JWeUupkLrEQSbU5j.jpg,476,802,464,523,639.0,493.5,326,59
SKIzmqggp7z97HQqfTGgoOhIRc3o8Kl.jpg,510,818,432,491,664.0,461.5,308,59
skjPpiT85HMLrLjH32pbmMv2JYxcbJT.jpg,382,892,449,524,637.0,486.5,510,75
SkMuoMIpDhZ6zMKdZk1IK7QRlHyifYVx.jpg,413,849,427,502,631.0,464.5,436,75
SkNVuUDgyaxt1yFiXP7RKHZ2tZ_oxO.jpg,401,714,468,526,557.5,497.0,313,58
sKpJvkpy6Xvm4sR_32SFZnye3foFu5fI.jpg,446,902,469,540,674.0,504.5,456,71
SKsFmP8qpSC4BR2j_kdWJcwEsHRtThC.jpg,412,921,488,566,666.5,527.0,509,78
SKyFNmz_Yr5kw2xginQ9mmRxVDO7C4h.jpg,417,861,465,531,639.0,498.0,444,66
slCQdPa_IwYi56K1e6ECa2mTn4wW7_.jpg,444,1005,474,555,724.5,514.5,561,81
sli4vr2yu7NJ7z6IbNCwrNrQbUzLgC6.jpg,421,773,492,558,597.0,525.0,352,66
SLKQbeg5cqRmgrBlQgVykbUvtnxhgDX.jpg,279,811,465,553,545.0,509.0,532,88
sLM2grdYLkfrhbquYVGjzepxfzfQJ.jpg,494,823,468,529,658.5,498.5,329,61
SLpFqCkPpRiY9xikYrYEjJSXPgLMnUf.jpg,499,935,426,498,717.0,462.0,436,72
slQuGEdcG5L2_yxFe85Np6wXaVGUL.jpg,357,839,483,554,598.0,518.5,482,71
SLykeSlsolyvDQOf7CrPJ2ZclVhUJK.jpg,392,933,462,541,662.5,501.5,541,79
slylMlqb7MGS6W7CgRJbhpXK_e4kD8Er.jpg,385,825,429,496,605.0,462.5,440,67
SLyyePhvOyckTNZCVix_f8DmSrlB.jpg,393,809,415,478,601.0,446.5,416,63
sm16l6XWGTGqY67UGC2oijLOOnoWgazC.jpg,498,843,485,547,670.5,516.0,345,62
sm99w1uOY1Es2pVzvgwht3SwrhSKyx.jpg,273,1002,520,628,637.5,574.0,729,108
sMacI9EPJKHhZjz2C65RaXP4Pp3F2qUY.jpg,349,760,424,486,554.5,455.0,411,62
smBv6f5RLRDcqxZVr8cU8Eagwj3Ieb.jpg,434,859,421,487,646.5,454.0,425,66
SmdGTNk1drNqmzQ_T1dQuJZyTOo32pXX.jpg,403,709,456,515,556.0,485.5,306,59
SMDqJ_aVnFpdUTLbybSvkegr99TsW.jpg,330,853,465,550,591.5,507.5,523,85
smfhbVP_FZTZIZTfJjGtejiWWxh2tFhw.jpg,267,1054,538,650,660.5,594.0,787,112
SMfhdT3ibH2m7o3HgTrY9Q3pIwuHEwnD.jpg,412,884,443,516,648.0,479.5,472,73
smFLIOSmmJ8R4XhswwNbK35ScEGXOhnS.jpg,438,906,426,502,672.0,464.0,468,76
smnKf_5wVMzSnge_bXLTRqOs9KqkY.jpg,472,804,451,512,638.0,481.5,332,61
smpJGskO88lWCybUIc3j5vyuV3houpz.jpg,407,743,477,541,575.0,509.0,336,64
smqf4n3NVp2Y8bCeIGmBRBtwwPxQQb.jpg,348,791,451,518,569.5,484.5,443,67
SmQk3b9XnFcsjGjGsace28e_irB6ZsY5.jpg,462,882,424,492,672.0,458.0,420,68
smtXEML47V1C2ryYXT2IFZkNpCovdR.jpg,298,1036,531,636,667.0,583.5,738,105
SM_5_QkM2Og3j_t8g3kKBz9vvE6sPS1.jpg,441,737,425,483,589.0,454.0,296,58
SNap9FIZXK85UoEQeL6NEUO2Eocdmi4.jpg,359,881,459,535,620.0,497.0,522,76
Snb9otRdLB4xDPUIEOV749MnoYP.jpg,372,887,454,529,629.5,491.5,515,75
SNBkrgVUtgh7rxJXjclLwLuyWZu.jpg,384,928,504,586,656.0,545.0,544,82
snjRevbkHpD5bFpT2ZMQqS7YQT8Wz.jpg,402,917,456,535,659.5,495.5,515,79
SnKicnmm6t1IxHZFxTRG_rcOmwa_7K.jpg,381,904,498,578,642.5,538.0,523,80
SnKPj7LzntZxtnUWLSX7iecJ4qHqH.jpg,351,901,505,586,626.0,545.5,550,81
SNMtgVOHLMXeGBQrNHazNoRrBihcsd3.jpg,347,844,440,514,595.5,477.0,497,74
SNqZLDLjUUBqn9cmwbojlRJ7XZrxOj7.jpg,317,886,470,548,601.5,509.0,569,78
snr2eXMfLlNR82lR9xM8Yz9c852y_UDz.jpg,310,1008,522,628,659.0,575.0,698,106
sNtHSlW4SKnSgcpXthQp4v9__Oyav.jpg,358,794,429,498,576.0,463.5,436,69
sO74r_6R2SBJPSYDdxWBIY_KcYLrToI9.jpg,345,813,439,511,579.0,475.0,468,72
sO7H7D7qmnd5fFn9Oe9XuCCIL7JXI6.jpg,290,850,483,562,570.0,522.5,560,79
SOCZIdt46teE2JbaFVSfmbgiXvwpi_.jpg,425,912,438,514,668.5,476.0,487,76
sOFxxF9a1iZYIfiwnaLmzaEeStCpexIV.jpg,123,1000,526,646,561.5,586.0,877,120
SoicyzOS3Nhje1SlIzYSRcDOyMaludjL.jpg,443,887,411,488,665.0,449.5,444,77
soLd1Io_usLHhbGVvjaHMcI7INrioh.jpg,284,917,473,566,600.5,519.5,633,93
SOnhDlmY6DB2tBgwMUIQEEs59Op1zYt.jpg,394,910,441,519,652.0,480.0,516,78
SooCL4fsmp361UfbZJ9zeUrFZOQuiD_t.jpg,441,909,469,539,675.0,504.0,468,70
sorkhNDtptUBQ4VORnuezjdgRPpkiW2I.jpg,446,893,459,534,669.5,496.5,447,75
sOrLRZitQ_H8yXPVksSHFT597lHr1_.jpg,291,755,432,503,523.0,467.5,464,71
soty6kNm5WyaVJOPj4wKPkH72i_w2o.jpg,405,721,451,510,563.0,480.5,316,59
sOXqcOM9fBbF7qZMuQt_KUqSnzSi6.jpg,329,882,468,549,605.5,508.5,553,81
soyOXHsKdG4GBgTEvw2mybrMdvX6aoa.jpg,487,827,479,542,657.0,510.5,340,63
SP3_xpTQf5Gn8nRCPy2dBDJxrlt7R4.jpg,470,827,490,557,648.5,523.5,357,67
sP5RBgRH6En1_6z3MuFMLnciC4YBza.jpg,372,923,466,548,647.5,507.0,551,82
sP98reC2_RQuLOmOQbVYmdYUBE9UU7.jpg,290,867,479,583,578.5,531.0,577,104
SPeRaiH_8BGZMSc8uKLVeur4Ra3uOYe.jpg,350,867,496,572,608.5,534.0,517,76
sPliOi6qqJ5DTClS_WztYgdwGRarYkw.jpg,308,854,464,546,581.0,505.0,546,82
Spm5bQoT7lC1X9Y6oi41jigg6DxKvYW.jpg,307,1042,531,651,674.5,591.0,735,120
SPQgR3sj_xsygx6GTgieKXOtUB8.jpg,391,940,469,553,665.5,511.0,549,84
spxH1yQjlcQ_FXgiEJBwJhUv8qt8X.jpg,506,836,448,513,671.0,480.5,330,65
SpXZcna1L7qn3gUYcNoCGtyh8ytHGra.jpg,501,946,459,531,723.5,495.0,445,72
sPY1CUjrFFVsQkxjEbQodfmvQSMYZY.jpg,350,941,485,567,645.5,526.0,591,82
sq271UR7CHJHEBYz3fJ72g7GeiBgG_yL.jpg,397,907,491,566,652.0,528.5,510,75
sq4uF1P7CNhpD4WpNgvFoeoJ8Bsvh.jpg,395,850,479,558,622.5,518.5,455,79
sq756VJlO8pO3tpP5QkfT_373BbrPW1.jpg,370,739,497,561,554.5,529.0,369,64
SQad22QFPIY4XFfYzGQattjUIDySFtf.jpg,294,785,455,526,539.5,490.5,491,71
sQKjOtN_w7ZZ68Jsutyzfiyxfmf5u.jpg,382,781,420,481,581.5,450.5,399,61
sqpIt1E1ZgEVZvDYihxg3Qfxs95ftPF.jpg,378,721,446,511,549.5,478.5,343,65
sQTrCUgsyGp5OnVjeJW7eIZC1mCZgx.jpg,466,792,479,536,629.0,507.5,326,57
SqUgdKgxcQyrFTmwz2iWLWqYdk_lIlC.jpg,337,651,470,530,494.0,500.0,314,60
SQx82ZRQ2YrcftvEiGqO_EdsNHDEC5i.jpg,363,916,509,591,639.5,550.0,553,82
SrbLwvtJonHm28OONmqVaxdWMtNv6d.jpg,446,948,440,519,697.0,479.5,502,79
sRdJG3UMI9ORiiI2tehl2W4Urx_dE7.jpg,429,751,446,505,590.0,475.5,322,59
sRNssUMCB6wPuUfHc3qcoXFJZ8lGRSct.jpg,371,707,430,494,539.0,462.0,336,64
SrRRRwNiWNMVIirbsMHjE2L81HpqT_q.jpg,368,881,486,565,624.5,525.5,513,79
SrT7UOgp6PJI2vtzzoDgojmaa9ZgfE6j.jpg,333,881,469,546,607.0,507.5,548,77
srwhPxkeKaXiJKLvK4UnpFPjDx_1tE4.jpg,254,769,437,516,511.5,476.5,515,79
sRwl7yCWVhwstqW7R4NCV9sSKlTd43bI.jpg,353,713,469,535,533.0,502.0,360,66
SS13sp6x241UtZJbTe85iHUxjdp8M.jpg,471,770,445,502,620.5,473.5,299,57
Ss3kyLrhL27dNu_Vh5s6vJniTqyXhc.jpg,391,751,463,529,571.0,496.0,360,66
ss89qphB3iUuvC_z2TBKGmU7nQB_W.jpg,368,753,479,552,560.5,515.5,385,73
SSEdTeYXBqddgfT5M93TFsCViD2c8Ed.jpg,368,953,487,574,660.5,530.5,585,87
sSfH2mbr36RKvN6bYdBiY5pwKn6_Rf.jpg,411,757,456,519,584.0,487.5,346,63
SSIsmJiePHiTi7HypH94J4PMaeX42La.jpg,430,768,477,540,599.0,508.5,338,63
SslKiRGyLmZbgzeMaIljypfa6H4ebSq.jpg,379,925,488,567,652.0,527.5,546,79
sSMWjT1IppkoQJaorQaGe4U3kBVhzNoc.jpg,273,821,470,552,547.0,511.0,548,82
ssP84jLz6xcKw6M_S3aWnUbiM7LDbfU.jpg,312,848,495,573,580.0,534.0,536,78
SsqkHuw2SIZ49VUM74wjG2USkg8cyW.jpg,308,863,515,596,585.5,555.5,555,81
SSwEvjNSu55JipiGUlyXW4sRxrsXV.jpg,442,741,449,502,591.5,475.5,299,53
sszGalbhkYqdv74dcx8QS3YXfxbDxX.jpg,474,763,424,480,618.5,452.0,289,56
sT1U9wuENyL7pHV_wnMgL1pFZxCzyO_O.jpg,435,734,434,489,584.5,461.5,299,55
st8Lduov86W4lGIB6EukH9Q7TrJYRg.jpg,385,812,429,495,598.5,462.0,427,66
SthqxDrqFsIf6zgYVfUIkN4gO5LGu2k.jpg,381,815,429,502,598.0,465.5,434,73
STHRjQPw44UXt1z4oWnh6KyDx4Xf5.jpg,375,843,446,512,609.0,479.0,468,66
stmZsWpkP8WsZTiUmhYQ28n86KHGLpv.jpg,444,797,462,529,620.5,495.5,353,67
STX_9sXa93BSjgtwhD8lBGF84iiwX8.jpg,414,811,414,480,612.5,447.0,397,66
sT_NP3C7s37KTmwhMfRwssQy_VqrOJc.jpg,421,759,487,548,590.0,517.5,338,61
sU3DsxBjhQLtl4tkMhVzgB_eERBR6.jpg,425,791,500,566,608.0,533.0,366,66
SUEapiRX5kdgm2aHn_uSXPPKyP8YfqN.jpg,332,761,536,608,546.5,572.0,429,72
SuFo5qX6C8xTDMEaZXh4LMkvTVwFlTP.jpg,476,973,475,555,724.5,515.0,497,80
sUfq9O4PLOozZv_dLdkZTzpuwld_mbW.jpg,403,799,416,480,601.0,448.0,396,64
sump9iO97JsOm3Db8QzJDh4FJjQdP.jpg,389,756,481,543,572.5,512.0,367,62
Sun69M_goePoeV47HDH_YGQM_jNpL9.jpg,388,821,423,489,604.5,456.0,433,66
sUnNTx2xflgiP1WuWqMRaXgDtcYwbJ.jpg,370,766,413,488,568.0,450.5,396,75
suSl2CK1imBfop6YJITpdT_ymm57PY.jpg,402,764,457,522,583.0,489.5,362,65
SuSQL3CLiUk67e2BoQo6nd_6SZFFRmZr.jpg,461,935,440,511,698.0,475.5,474,71
SuWZ_l2yzbXu3OeOnnnJfB3tzyVwpeT.jpg,387,957,479,561,672.0,520.0,570,82
sVGYceVQfVwEcxdY_PVV8ssfsvbfEyF.jpg,310,808,451,525,559.0,488.0,498,74
SVkCetqszE8VEf77nemDi1v8HolYMO.jpg,393,887,488,559,640.0,523.5,494,71
SvM_RHCNf2bWudp6ukLZRdeWcmSoj8.jpg,381,696,468,528,538.5,498.0,315,60
SVNovDR5RdszxD89EaVCT59s8u1UkO.jpg,390,777,420,483,583.5,451.5,387,63
SvsKQ9PMdC9UF_CGnbmXnpDnqWhkHtc.jpg,458,821,465,532,639.5,498.5,363,67
sWbeXm45PS7bIiRD1NGG31qL8ONCzY.jpg,435,951,457,532,693.0,494.5,516,75
SwgRbm6wSnGrQxjCVf_gMi81UTqgpTDt.jpg,379,810,431,503,594.5,467.0,431,72
sWU25o7NYj9nfMXhMI55F2yGus7.jpg,305,817,482,560,561.0,521.0,512,78
SwUaSHEuZTaSH2bTF17kKpuGuaMUzX8.jpg,355,807,473,542,581.0,507.5,452,69
swUetLBf5PwWb8ojBUiLkL3DaWPdGDTW.jpg,351,809,465,540,580.0,502.5,458,75
SwVEKLeKtj8jmRo8DrvEoy1nzq1rDOU.jpg,348,655,436,493,501.5,464.5,307,57
swVnN1uI7hXjjY1hKg4rCnCivPQSsTF.jpg,264,786,461,535,525.0,498.0,522,74
SwXV_Ppa9StWJUXslGCg1lGNk6YwcO.jpg,454,793,459,525,623.5,492.0,339,66
sX3qf_7mZojrSJCMMHUwF4TTEwUhhmS.jpg,405,827,423,491,616.0,457.0,422,68
sx5EjprEpWl5m6ey7r2fKPRbKVfh.jpg,541,868,440,504,704.5,472.0,327,64
sX9dRiUoJN_mKySB9HvHL757d9JcYPa.jpg,435,889,425,498,662.0,461.5,454,73
SXaW1EgtR2WzdP1v2n6leiHGJ4MHUNz.jpg,369,883,459,533,626.0,496.0,514,74
sxcDUZH4SFd655dUXG7n_NW2ZUhL9D.jpg,358,860,489,564,609.0,526.5,502,75
SXdUywXD7EogM4rZgvGsLWQ6Y8697wQ.jpg,423,739,434,491,581.0,462.5,316,57
sXE1gOdb1k7K7buxTMGLSolQqyytTx.jpg,459,960,490,567,709.5,528.5,501,77
SXGT6NV_ZeuoHhKaYmySxV3FB4sf5a5.jpg,417,980,511,591,698.5,551.0,563,80
SXqEirNYwnDNesM6Su9ok6bhYpwHNky5.jpg,389,803,412,474,596.0,443.0,414,62
sXwVtkj7pomQKlJH1PfHwEdtTbLD.jpg,363,938,522,603,650.5,562.5,575,81
sXxc9cr7YuK9pYmkjon1rUG1Ea5NzD.jpg,412,802,521,590,607.0,555.5,390,69
SXYlDwzOns_BP321wLIyfYVuqOIS9IeL.jpg,350,846,477,551,598.0,514.0,496,74
SxYTmpku4X1yvY1UUWMxemVWX5xwrr.jpg,440,732,437,492,586.0,464.5,292,55
sXZnH81ynxcexC6EkuW4uzQjdkzOq2.jpg,408,997,516,603,702.5,559.5,589,87
SY5emZot5t3alxX2244hLf2OZjE1OOk.jpg,452,762,435,495,607.0,465.0,310,60
Sy764xmPDuJEhNFFWNJu__U6Fi4a6dV.jpg,289,814,451,532,551.5,491.5,525,81
sYcjhHMtMyW_pF_CDRWxvpUFl61WTkD.jpg,421,744,445,505,582.5,475.0,323,60
syhjdG5j1q6JWLP3wKN6UtNg1UXDDQK.jpg,422,908,481,551,665.0,516.0,486,70
sYKDakHIk1zIXPpuO61719aB7P4e7F.jpg,446,908,467,542,677.0,504.5,462,75
sYLPMlkoVg6aVu2bmY6k3hS74o9YiF.jpg,380,826,427,495,603.0,461.0,446,68
sYoI2knaSEKN4ZcSzEhaUpBJmU1ryyE.jpg,414,873,437,512,643.5,474.5,459,75
SYPzc23EgGuVNFn_UujnOW8DifsL4.jpg,371,654,419,476,512.5,447.5,283,57
SYSfyYYuvxRy5WcQ36r1gQaPYcQq.jpg,393,742,482,544,567.5,513.0,349,62
sZ1PbRbbwJrhmDwjvHxMa12hyppyhT.jpg,390,819,426,491,604.5,458.5,429,65
Sz4azJLOUwTkXiH8wdEEvuo3wx5Sx.jpg,362,869,580,673,615.5,626.5,507,93
szaWZDXWpVuG7JeyhURCgFwEgqmKkW.jpg,420,904,444,518,662.0,481.0,484,74
SzCGiIq61FZK5myK8k6Bq1hE9Jdsn.jpg,397,847,430,499,622.0,464.5,450,69
szCh_lghpdCca3isufQsNdgzVnH3Hw.jpg,468,777,443,499,622.5,471.0,309,56
SzeyrLsDJmQ383ZvyR45rZ7ivy1vbhn.jpg,417,905,444,519,661.0,481.5,488,75
SziYLWRb7YfTpqM3oLLlnHvzJnZBLC.jpg,387,888,488,565,637.5,526.5,501,77
SZk48FoquwcPxwbChczcX7YWn4YMi9.jpg,549,870,460,521,709.5,490.5,321,61
SznocyYRh2qrVIE9yK9ON5VlJ_cNf.jpg,435,948,453,528,691.5,490.5,513,75
S_2BY3NqSSHs5xOeqgOp2mgc2_jM.jpg,506,829,469,530,667.5,499.5,323,61
s_6GRrRxpdCxMMnv5yRCH3PzagyMi.jpg,269,775,456,528,522.0,492.0,506,72
S_ee8xin72C8Dt17xEf1YDdzdDdS.jpg,342,863,453,532,602.5,492.5,521,79
S_fw4ljP859za4HdzschsoETi79dBS.jpg,369,811,461,529,590.0,495.0,442,68
S_gM1g1FnEl66VLRl4ObIDpy7nWa.jpg,372,745,511,578,558.5,544.5,373,67
S_hxsmtWQMzbEKZl_GB27OqIQfvyff6Y.jpg,444,791,460,523,617.5,491.5,347,63
S_s_PKwFOLrI1xGe32jmCZcpw3QxM1.jpg,444,879,423,492,661.5,457.5,435,69
T16uZH2xcg8ZsuB2UzDN1dLFkiuNiPTD.jpg,467,896,424,495,681.5,459.5,429,71
T1C56yhH2pNNKek_zoq4ahMQlLFtC.jpg,433,767,482,542,600.0,512.0,334,60
T1dQYyONb3824qB9zV_tVb3gq74azdP.jpg,272,782,457,537,527.0,497.0,510,80
T1N1oz2wHcJxJwIH13oPxVayjSqDZE.jpg,468,812,467,528,640.0,497.5,344,61
t1utr574PrRlOK3ZThFLMm6gni1YP5jm.jpg,294,790,453,527,542.0,490.0,496,74
t1vBwXWXGgNrZYkrbKThcdCUbG_mcyr.jpg,345,877,500,579,611.0,539.5,532,79
t2dQn5VL2zQuo9b2bUWPYF698kxFY.jpg,361,744,414,475,552.5,444.5,383,61
T2sc7yvYXik1aofeKTHYhTQnuy3MY8x.jpg,315,841,459,541,578.0,500.0,526,82
t36r8KBbxFhUir9K7FD1xxS8W2x6Z1gI.jpg,381,878,443,521,629.5,482.0,497,78
t3bU6HZMxbmMbD3GJb1iUqDQlcC9nT.jpg,417,877,438,509,647.0,473.5,460,71
T3VvTJSIsWwFjzyf_KFUCBh5oUf_IjD3.jpg,446,816,501,568,631.0,534.5,370,67
t3zqHlmbsQ6vnIq89LjqDga4XZTIhL.jpg,469,943,474,552,706.0,513.0,474,78
T4ba6gbypCwyc_kwBCeST7mKH2wyq_.jpg,313,881,475,554,597.0,514.5,568,79
t4fUJOPCT2cSix8mpke9TDIGJfkbfUYI.jpg,407,901,431,505,654.0,468.0,494,74
T4G1df2sn83IZGlRHZGKUsJBH376VHd.jpg,299,793,474,549,546.0,511.5,494,75
t4tCtNPxYW5uwpvHzdqkpfN45SrcxyZj.jpg,449,894,464,530,671.5,497.0,445,66
t4zR7B9BsW7CzazMVYIGMLsB3iPP.jpg,453,918,436,509,685.5,472.5,465,73
T4ZvT14b9RKsTw2Yh925xKkzLgdy.jpg,362,650,450,506,506.0,478.0,288,56
t59NH2oggOUH4UhYZ3SpCFXCUsUpTn4G.jpg,278,781,488,565,529.5,526.5,503,77
T5dceTBs6d2iOCTINsy25viNRQJi3yJ_.jpg,482,782,458,513,632.0,485.5,300,55
t5dcSOMOxxFE_iIelBhkdbq9f8i_1xp.jpg,430,825,417,486,627.5,451.5,395,69
T5geg8JTudovMX1B2eFb3nXOpvayDn.jpg,336,905,471,549,620.5,510.0,569,78
t5Id_ZkMMqRdOGkjYrDahyliGSCCL.jpg,452,839,517,586,645.5,551.5,387,69
T5kKezNOWkEDcJEV7ogZ3gN6fsSMeYv.jpg,380,874,482,557,627.0,519.5,494,75
t5m9FI2ejtjEevG8K69adzbacG46k_7.jpg,362,776,456,519,569.0,487.5,414,63
t5pozFZXWEwnQV7LEiJvZPC9EKEiOBap.jpg,430,754,470,531,592.0,500.5,324,61
T6BgQgYSytKeJ4mJfLxhge_6Gp9ZkNk.jpg,277,847,484,566,562.0,525.0,570,82
t6FbWUIxmFGtlnyB41r5F1zGMrPpK7ip.jpg,468,758,426,484,613.0,455.0,290,58
t6kiho7gwGUL9VBDXgm9I9_ZaoWf3bj.jpg,375,882,457,531,628.5,494.0,507,74
t6lcuc_J9ualO3gUWd82Fdk97fZgz.jpg,429,916,486,558,672.5,522.0,487,72
t6LD1JnuLdchnYYby8VJtVQlWJTwd.jpg,444,804,455,523,624.0,489.0,360,68
t6MG_v8Wkkr7OKOQK4fxHlafQEmRCRhN.jpg,383,667,434,487,525.0,460.5,284,53
t6Mxq9C7PmFvyG3VZKigXqNv9i6G1VQ.jpg,314,951,493,590,632.5,541.5,637,97
t6YvsLruncoSG8QytPaC8yStkQo.jpg,320,837,493,569,578.5,531.0,517,76
T7ChrxIxRiDcRiODvyRFpgoUKd9UF.jpg,484,879,445,510,681.5,477.5,395,65
t7qNgRJ82EwbzXiCFO5TXn2G1Rfdj6O.jpg,461,761,431,493,611.0,462.0,300,62
t7RKndf5jJRJxE4mNQD3xatwNPiR32.jpg,362,862,492,569,612.0,530.5,500,77
t7zfl1DIU_nYWtG4JmH9QeG3p_LWjgw.jpg,399,905,452,545,652.0,498.5,506,93
T8E9SrjoGltdBT_msdJTb4ubesrM36.jpg,399,872,448,521,635.5,484.5,473,73
T8fw4z1Yih7ToXkFSBBrpHQ5nFjQF.jpg,399,939,465,545,669.0,505.0,540,80
T8gwtPTalCSY5iZ7D3cLifPnirN8dG.jpg,571,796,325,410,683.5,367.5,225,85
T8m9lUhfQdM4qVr6f7bGDVP4z1.jpg,347,717,446,512,532.0,479.0,370,66
t8tJiyBPJiFImO8ByRk7BHU_X2o7pWaR.jpg,341,652,434,493,496.5,463.5,311,59
t8wprUZht6xmsPiq8CEJ2gco1Kyz.jpg,413,716,438,494,564.5,466.0,303,56
t9be3PmdCduHVUJwjjnEUvolcBcsum7M.jpg,429,841,499,575,635.0,537.0,412,76
t9R8S7TVaaGuJJhjKowLr287_uEb3_h.jpg,365,808,459,530,586.5,494.5,443,71
T9wDgdUqV2cH2sBMRGq19Bp95wVRDuU.jpg,380,925,503,584,652.5,543.5,545,81
T9WV62afavBiSJfD3FgTh18KtkB63t.jpg,494,825,457,516,659.5,486.5,331,59
tatqnjDFDf24w1Go4nLEYlgOZOHn5ZS.jpg,372,924,464,545,648.0,504.5,552,81
tavTGNa8uHDy4VxIdjL64v9OcfTrtBJ.jpg,426,918,443,522,672.0,482.5,492,79
TaXmzrBHaKuEU5IREkDjIgF5NX_RnO.jpg,412,940,501,576,676.0,538.5,528,75
TayRuSetlo9w7d8ONItnCWmtkkJOeB_.jpg,400,806,420,484,603.0,452.0,406,64
tBapkwjHztThNvotgODyWd6LyVYG4.jpg,471,807,488,550,639.0,519.0,336,62
TbbPntYdR_J2r_QSV9memIP5EJ4lXec.jpg,251,791,469,547,521.0,508.0,540,78
tBDKNm981jvW22ywzTXvRJwsRc2Rp5D_.jpg,455,907,463,534,681.0,498.5,452,71
TBgfyWMEWIH3_IuTB71kxrtpKTplYC.jpg,451,966,453,531,708.5,492.0,515,78
tBqU4Jebrr4yNtFENNwNTkxU4n1NLLEW.jpg,437,790,492,559,613.5,525.5,353,67
TbrfdaJ35PqIM8rvNpMBNBM3Hgfl4BNT.jpg,255,968,522,632,611.5,577.0,713,110
Tc2_asvkPbGxRqeje7HulwbHZwW4y7a.jpg,316,775,430,507,545.5,468.5,459,77
tC3c6vSw9MJTGECTNHxWLn8r68dqVVib.jpg,447,722,421,476,584.5,448.5,275,55
TcceBTboMipJEnsR6owEpK3Gmek6U3.jpg,358,885,459,536,621.5,497.5,527,77
tCcmMpSYcuQHfSWyy1WaeggnEl_U.jpg,354,743,442,500,548.5,471.0,389,58
TcdyMqPYbh2tz9WRq_NXLfeHPTLNQP.jpg,355,921,467,554,638.0,510.5,566,87
TcGSxvlg44txbMd3bkUtLgkwkRkQM6M.jpg,408,755,451,514,581.5,482.5,347,63
tCM6IQ23CitylHw6zwwvXa4knUsGd1.jpg,223,735,477,551,479.0,514.0,512,74
TCrx8NcNLsLifCHcJGWjOegC_3FInyGH.jpg,312,902,518,602,607.0,560.0,590,84
TD1ZQvOitnYj52wBaJuQfIIqdhkoG.jpg,480,818,478,542,649.0,510.0,338,64
TD8H6kXJt3BIgIQcbos8dJpJn2kJvk.jpg,468,784,466,526,626.0,496.0,316,60
TDDM1i5M2_qgPuyxMbhHTSLO5dyxsb.jpg,395,844,429,500,619.5,464.5,449,71
Tdg62sUYas5hatyN1TMiu7WEMRRSXWB.jpg,251,798,468,549,524.5,508.5,547,81
TdN3OiJUWoxnSkGm2c86n7aq428hJNd.jpg,401,863,433,513,632.0,473.0,462,80
TdNRXMVQQ7tBQlzJpCM6FI1ZjEHCQmf_.jpg,451,826,444,518,638.5,481.0,375,74
TdOQz1cUzeGBu135_dZe5TE7UYQEFqb.jpg,500,862,489,557,681.0,523.0,362,68
Tdqu2wvTnlPyvynRQPlyg1cdFqiLDXm.jpg,200,780,517,600,490.0,558.5,580,83
TDSQfdNLuWHquefGwVbDviba6jPKSq.jpg,371,947,470,552,659.0,511.0,576,82
tDXz311YwW6onzZJYvLomMT83TDvvPY.jpg,296,805,458,532,550.5,495.0,509,74
TdYzzfP9rksZm9PHejdNqvxuYGepI6.jpg,387,829,432,500,608.0,466.0,442,68
TEfjfa6gWPgYUWnU6WBf2TTM8Y4ZRtf.jpg,310,831,465,539,570.5,502.0,521,74
tEgwsmCrr3f3wF68NrkcX2EV7sXfwYWH.jpg,477,821,481,544,649.0,512.5,344,63
TeHtVIg9Fh1WOI1V9ZBX7cEjLaEaqz.jpg,409,912,452,525,660.5,488.5,503,73
TejbYWTL9u1wTTJx_lYJE1plLYaqZ6vj.jpg,389,815,419,486,602.0,452.5,426,67
tEm_yS2KTE5IGZ2xg6KrJfLaDJDf9.jpg,180,825,514,616,502.5,565.0,645,102
tEnqGmOzIzjC2OMYPVXZYefCSZpqC8z.jpg,462,904,456,530,683.0,493.0,442,74
tePruhZK6R9yXzz_Kowp4J511hcUawa.jpg,384,801,423,489,592.5,456.0,417,66
TeQW4p23hpglvuBX4rfdNaZuPBLaZrj.jpg,419,879,438,513,649.0,475.5,460,75
TetEMLVF_hJ5CCS8ZlaHVLmum3hh3gt.jpg,325,889,491,577,607.0,534.0,564,86
tETKHZKqVkZk6EBC3LRYVzYBxnLVowFI.jpg,364,906,467,543,635.0,505.0,542,76
TEzQCLN4Ot1pyhia5Fe99JRmWk6NP.jpg,448,865,455,518,656.5,486.5,417,63
TezzBuCLGDfU3s84rOEkYRYQciban8G.jpg,322,890,469,548,606.0,508.5,568,79
TF91875Mjyl9UY4TQ4UUp_Xp3jBTRr.jpg,451,763,461,517,607.0,489.0,312,56
tfDCzJPxFuujKpqz8jYiFRkToKuvmnK.jpg,394,917,452,530,655.5,491.0,523,78
tFDsJ4yfqj1Qhl92ka1nzyUd_jsF6.jpg,476,826,493,557,651.0,525.0,350,64
tFfGtktLuelvUaSXMrJUdniUaUsYHW2.jpg,364,741,472,540,552.5,506.0,377,68
tfgbjV5HnGlz8SbQLPmU69nW283bFn.jpg,382,987,496,593,684.5,544.5,605,97
TFO994hG1EqXqxqm3Y25XL_wUBlR5Es.jpg,350,748,419,482,549.0,450.5,398,63
TFrOnJ_fHeimnkI_SXFloQoCjMirF.jpg,335,768,428,494,551.5,461.0,433,66
TFSm9qhq1sYhwmw5D7xxdU6glmvJWlBX.jpg,251,792,460,567,521.5,513.5,541,107
tfSwF3XerJhfbzjxDhO8fZmO3GpUeSt.jpg,398,892,477,552,645.0,514.5,494,75
TFuip_Gr9MNP3Or7nbuHl1HxxqJfwNy.jpg,472,762,421,481,617.0,451.0,290,60
TFuvg4E43WMb3NHnPbiXh_KzV5cvvpOU.jpg,434,762,450,507,598.0,478.5,328,57
TG1_TxuTb1TwyCMwaOLFqcoa5bJKR.jpg,432,833,416,480,632.5,448.0,401,64
TgBhCNG6zmzUkVINXboaBaxKDxv8Er.jpg,356,828,474,544,592.0,509.0,472,70
TgejhCBqBKLDEOEBHWWla5Wn9jCKPn6.jpg,383,866,437,514,624.5,475.5,483,77
tGfPieWtvNv9z92elZnfmvzzzHvu2n2f.jpg,385,961,481,564,673.0,522.5,576,83
tGJTkl9m2QQSadz2KlYbgqKYqPeBVhY.jpg,415,825,527,599,620.0,563.0,410,72
TgLRcs61urXvDHH4M85P6NoNXm8FEjr.jpg,389,869,442,520,629.0,481.0,480,78
TgNXjTWKKocvRL9UDY476nE7yi7vl.jpg,367,799,428,495,583.0,461.5,432,67
tgNZz9R25SvitxioKoB4IZrWoBTSF.jpg,422,899,444,516,660.5,480.0,477,72
tgpznDpRsTeHchtrm8BDsw7sgxcbQU.jpg,318,765,434,500,541.5,467.0,447,66
TGQGKO81LzcXVfklxfN6E7GKi8llSZv.jpg,480,869,513,585,674.5,549.0,389,72
tgrEWdknjhz9FWv3L6qrzaJsX1Vnhl4C.jpg,395,877,450,519,636.0,484.5,482,69
TgrmL97StWqDfMQzuZShv5u4G_ro46ku.jpg,463,785,477,537,624.0,507.0,322,60
TgwqMK_tSMQq5TUUvK2rEXXD5CGSTovz.jpg,367,910,500,585,638.5,542.5,543,85
Tgyd1UsecNn_lsBlpIVdQGEhLEWWZ2V.jpg,394,780,501,568,587.0,534.5,386,67
TgyyglhuExUdYPRtIlbVWiUcoJNGN2aC.jpg,161,959,555,670,560.0,612.5,798,115
th2JOtjr7ZmjjYfw8m1yReBDDXvktk.jpg,437,788,486,549,612.5,517.5,351,63
TH42RUezF2pOTZipkGdQyNogyBRnFS.jpg,298,660,464,530,479.0,497.0,362,66
Th7Xhpc1YFnfJhhM9ppgm36JwPW12J.jpg,350,760,420,483,555.0,451.5,410,63
THfWrEvRyYHLYD6xNQ8_ySOs6BXDDSlR.jpg,412,842,451,515,627.0,483.0,430,64
tHgjWmXQdkr_aX9rBL8GCWZ6qgoZY.jpg,348,858,453,530,603.0,491.5,510,77
THHpXp9ceT452bGUkvxPuRd_Mqmmc.jpg,464,768,452,507,616.0,479.5,304,55
tHspks6WynyyuWfYgyiYFhUpLKFsidj.jpg,468,774,461,518,621.0,489.5,306,57
tHx5Plu2d9HPEJFnXTllCD55YGaXbbi.jpg,206,898,557,652,552.0,604.5,692,95
tHyO8hWVPHYRUXGkFJUiJ_zLvUx3xne.jpg,423,890,441,508,656.5,474.5,467,67
tHYxLuvaxKzSNTRPHn5UkDbK8nwqFR.jpg,379,787,417,481,583.0,449.0,408,64
TI52DBzONwVMj3jURm3owfZTYXTIL21.jpg,389,890,447,524,639.5,485.5,501,77
tI6MoPrLQUnxMnbOykYbrdXqcWp5jgh.jpg,294,760,468,539,527.0,503.5,466,71
TIfn7cNEwhWxCtnUpVBgKLOJiC2IhnU_.jpg,441,925,479,554,683.0,516.5,484,75
TiJsmxKwueeTJqwI4Kyz7Ny4VOJMs34.jpg,470,794,475,534,632.0,504.5,324,59
tIMTlhBbS8tfh7DHmxJLnP5hUYx4imE.jpg,416,829,449,512,622.5,480.5,413,63
TIq4lKS4FFUFeqKZcqQ4QuIhbGQwK5.jpg,338,914,464,545,626.0,504.5,576,81
tiTPOB7jvHjk5ia_5i4HFKGcX7uwej.jpg,385,664,441,496,524.5,468.5,279,55
TIUjFCp7hhvT6V6hfjXrZLizPqR1P.jpg,444,895,465,533,669.5,499.0,451,68
TiUWB5pKTauxqouR2w5qh4l6oseVB.jpg,268,770,441,516,519.0,478.5,502,75
tizFN3UKJN5GBnTdEaXULgD_12dk1F.jpg,456,872,423,489,664.0,456.0,416,66
ti_aS5gXxjgBalm5ZQEIZ8iaq4DlDIku.jpg,462,794,476,537,628.0,506.5,332,61
Tj7wCnofomkeu6JUn6fOdhno715Fc5C.jpg,444,806,475,541,625.0,508.0,362,66
TjaiN5eDPHiRyRDR_82O5MrR28LH__.jpg,359,828,436,508,593.5,472.0,469,72
tJaqIzylnDkt3qtJXnOkGZsFwRRvuTa.jpg,309,853,499,576,581.0,537.5,544,77
TJbzBWMcInSaTDuPZX1oXsXtPG44YZL.jpg,391,905,450,530,648.0,490.0,514,80
TJe4H7JcsbUg8mffWwZeTqtdjBfs5B.jpg,404,850,463,533,627.0,498.0,446,70
tJenPjb_xMSoxDgnPSqjhKfeZyf2u4fb.jpg,379,862,428,505,620.5,466.5,483,77
tjfQ7qrgepSp6JP3GZMO6QFJrBibb8.jpg,256,809,497,578,532.5,537.5,553,81
tJh_2OJbzqr4Fz72lskOcdoe8_QHZqV.jpg,408,985,515,598,696.5,556.5,577,83
Tjj2uokExSKdRunVOgF92C7jG2nZIKQ.jpg,406,971,467,549,688.5,508.0,565,82
tjKfJFo5TG3R34oG3PyvvKIchdnW.jpg,516,844,441,503,680.0,472.0,328,62
TJKYyv_PuPVbpXOsqXGKWrYNx8mzo9UF.jpg,457,787,473,532,622.0,502.5,330,59
tJNvPPVEcaH7lqNorySsjHliej2v6urv.jpg,193,840,497,607,516.5,552.0,647,110
TJp54Hu1FsSven87bpKRcosfo5E7PJ.jpg,290,713,451,525,501.5,488.0,423,74
TjVh37l8LdVo9J9StSpINx7wkXwJY.jpg,304,668,486,550,486.0,518.0,364,64
tjwnTylmTwSqXgXJKdpkVI4SH2G7qU2b.jpg,384,884,488,561,634.0,524.5,500,73
TK7eYFO9hMtgMvpYDxE8uFSbgFnpMz.jpg,450,816,501,566,633.0,533.5,366,65
tk8DI36TjlRazVuEJFczTFUMHCa8Bn.jpg,436,876,460,529,656.0,494.5,440,69
tkcB6f4gxlzZtKvTVojuROBDBe6Cw.jpg,433,923,444,517,678.0,480.5,490,73
TKdJtvVOiYDugCN1XSu4SDR_erFVpQeW.jpg,432,766,451,511,599.0,481.0,334,60
TKhLkaJXLmhEXoxtWkqLjQoqLB9Sv6_.jpg,458,1030,504,596,744.0,550.0,572,92
tkk96HwEfsyVzBEL_wfdrFvuo5OxVi.jpg,340,873,464,543,606.5,503.5,533,79
tkKBU9hY2TDmDHE9pMQZJSSiMEoRga_I.jpg,254,781,458,537,517.5,497.5,527,79
TKlUxYtu9EYcY9DOHLUQddwI38JLly.jpg,324,670,431,500,497.0,465.5,346,69
Tkm4bjIw6eMTvudV4ruxeWqfIhuOzQ1.jpg,446,834,410,474,640.0,442.0,388,64
TkqIficFikoIs4L9eerdKCpTLu4UC.jpg,336,798,463,530,567.0,496.5,462,67
TkvUXmak9Y2xpP8CYJD2xjjXfbPZVqYw.jpg,361,757,419,478,559.0,448.5,396,59
tL2PypH1hWs9vElDgMz2iVsOLt1S2EQ.jpg,370,776,437,499,573.0,468.0,406,62
TL6ryuQ8qnKSJzruinYHGSgQ1yGxae.jpg,374,1175,575,697,774.5,636.0,801,122
TLawnfrUuxEbjUv9RRaYWNvY669f5eSI.jpg,335,909,475,552,622.0,513.5,574,77
TLdBuvdxHQR43ETpMgrJ7WX28YftRH2.jpg,433,756,437,499,594.5,468.0,323,62
TLeSP98JQ9jilDj5JaHlmcP5y98BXjKt.jpg,397,932,461,548,664.5,504.5,535,87
tliTcQ_4V_LVoIuQdgYGejbQUKWw6tYJ.jpg,402,738,478,541,570.0,509.5,336,63
TljqLLnnDqfOcIwXgtYhTNFfOtbHWqnG.jpg,436,882,434,500,659.0,467.0,446,66
tLo8h7I7UaJ5lMMMT5wYJzScuvOHax8X.jpg,380,901,454,528,640.5,491.0,521,74
tlRrXzSMzlzsT7i4vWfC_Y6qoe1mnE_.jpg,189,919,447,551,554.0,499.0,730,104
tLTlZCyefNDDdiQamyYWQvx4DwOLv.jpg,301,762,465,539,531.5,502.0,461,74
TlzmOqvuRbtlQzykUX4dh3qpTzDcy8x.jpg,386,709,474,533,547.5,503.5,323,59
TM5mKvqNjMhBLN5LCh8k1auRIc_I8PO2.jpg,441,744,463,518,592.5,490.5,303,55
tm5nIOMQIgFTxzrS9VIX3WOJsmdhoWH9.jpg,426,726,439,496,576.0,467.5,300,57
tM9U9YPNV4EFowE57nZkxF43ls6xSe2.jpg,321,890,480,564,605.5,522.0,569,84
TMczKYSHpMxWcpcvVdJ_7uHOkquQ.jpg,498,930,460,528,714.0,494.0,432,68
tMfRR8JU4TdYq2kr3gYWizD3KzOxUBS.jpg,294,989,520,630,641.5,575.0,695,110
TmFVOThpo8yvQ8Bn6_cgvNzRpVRdgnEZ.jpg,473,917,460,534,695.0,497.0,444,74
tMGeRUaTUUZyH_PLldtBy57nuh4kVnI2.jpg,423,734,447,507,578.5,477.0,311,60
TmQ5H8v6QKNKQdOnYYt5XMG55TMzKnY.jpg,391,925,498,580,658.0,539.0,534,82
TmQT4etp77BMOwQQzskEXkM_BazZCdr.jpg,374,798,424,492,586.0,458.0,424,68
TMWGPf63EJQhGHr_dtnKbDKXH2tKjIY.jpg,349,658,453,511,503.5,482.0,309,58
tmWsv7WKhBT4E2DP1cYxZqbitbfmxYa2.jpg,320,778,457,531,549.0,494.0,458,74
tMWXsNXOV9Tcn_D1kpKvz3fDBG4.jpg,365,664,460,516,514.5,488.0,299,56
tMZTpWW663r37TRTiJ14TUKRiG7uFwg.jpg,400,667,424,474,533.5,449.0,267,50
TM_J2cZi39T66ogwbL53OpuFCjhU7hv.jpg,397,1055,564,666,726.0,615.0,658,102
tn7fjppxfn5pz4qDYNammKdGqax6Dp9.jpg,431,761,476,535,596.0,505.5,330,59
Tn7ledc7OCjZ9Hn1DUqxFRQNF5cYCLN.jpg,441,847,420,483,644.0,451.5,406,63
tn7V9EhxlmbKwXxCWfx2LCaUTOoJF6j.jpg,270,822,468,549,546.0,508.5,552,81
tnfeT69hMFl44qhYZ9MD7rluXLDtoj.jpg,476,802,477,535,639.0,506.0,326,58
TnH6v3KebHDJOywtaC5d9K9w_obFgX.jpg,352,756,418,492,554.0,455.0,404,74
tnjU4KmLpdHiqOdZicrLCnZnLR6gET6.jpg,390,904,497,571,647.0,534.0,514,74
TNNjVPhFu2G4yZ9exxfpnooCZy6DdI.jpg,428,941,497,572,684.5,534.5,513,75
TnpO3NoFPeNLwH8ZaGFIi_WFJ3Fnnw.jpg,447,944,444,533,695.5,488.5,497,89
tNSPkKZj1eb3dX42kucHulI25MihR.jpg,385,811,427,496,598.0,461.5,426,69
tNt7DCTJDG2Xb_sOw4TmrE23cZkF3L.jpg,326,889,471,548,607.5,509.5,563,77
TnTRE6NlVfU38fIQhUB2I7MoNvdPDl6.jpg,428,949,461,538,688.5,499.5,521,77
tNY2YP7hHKvKqqwy_qOZEJXNqDFZWCK.jpg,464,801,476,541,632.5,508.5,337,65
tO8nV7WS31t9tVbmccRmrS2giSZGgfWP.jpg,463,898,420,509,680.5,464.5,435,89
TOBPb9XFNQVY3l725NH2SvsiVbyq7c4.jpg,450,910,471,543,680.0,507.0,460,72
tOHo51nfYSgCIRDME_mYLJXoLSQGDY.jpg,350,744,419,490,547.0,454.5,394,71
tOOREytR4KCKTLu3RaifW4YSe2VslMq.jpg,467,803,456,520,635.0,488.0,336,64
tOwa8rfpO7Y13KRMQQdGwnJcgsQv3UKn.jpg,379,965,522,604,672.0,563.0,586,82
TOWLZX4WzTfFia7dYHnJUm_SZ3l1ItB.jpg,421,737,450,508,579.0,479.0,316,58
tOxn3oixxeS9Y3H9yqS3wyojljG.jpg,293,776,445,518,534.5,481.5,483,73
TOytNR8eNbgg6oamn_gMFDnJ6sQfcw2.jpg,330,931,522,613,630.5,567.5,601,91
TP3aVgRuaZqV3oCxfShGwXNBEJ9j_Qp.jpg,457,779,466,526,618.0,496.0,322,60
TP61Dz15EZMP_u4UePHj8O8LuTiLaG4d.jpg,378,928,502,584,653.0,543.0,550,82
TPf2vHn9tdkiTiQiggJy96yr9ql3G.jpg,394,944,462,557,669.0,509.5,550,95
TpiYUvwvsJ357oYNr3gcjEcJ2yw1R.jpg,259,814,469,549,536.5,509.0,555,80
tpnJCbZzloxOgDZ1J7qQwpJf5OBt8Wm.jpg,414,972,471,552,693.0,511.5,558,81
TpnsPp7RQiIJ6qabQf73ttDjdXOcqus.jpg,311,896,479,563,603.5,521.0,585,84
TponRLSQff1iYnd369q1bGqzrMMxHozr.jpg,371,790,461,525,580.5,493.0,419,64
TpQmPZy2Xy3uejG3huL_CS2CdKmwg.jpg,463,909,443,523,686.0,483.0,446,80
tPrr8B4TIRSjK6tMGCpJqus2wt2xX87.jpg,430,953,459,537,691.5,498.0,523,78
TPx3YbdT4h8tWqhG_63MIKZm6ud4Y.jpg,278,842,463,552,560.0,507.5,564,89
Tp_Ez_PV5rhCHqsppCjwSMYgCw2pW.jpg,375,896,499,576,635.5,537.5,521,77
tP_XioOHkaDbqbuU1rvy2ECm6YwWWk.jpg,457,783,447,505,620.0,476.0,326,58
tQbldbCvpHC8LxjFoxBssjBqWRUoSn.jpg,437,880,460,530,658.5,495.0,443,70
tqBx57aTELIxwj3n4G3eVfzuUzXJp3.jpg,488,802,466,528,645.0,497.0,314,62
tqfnq5ptcR2reXEnLMTNspcWccq2Tze.jpg,420,739,469,530,579.5,499.5,319,61
tqOxye63lZClLJKbazW_Ekxn6k5kdvcQ.jpg,453,771,454,512,612.0,483.0,318,58
tQPkujuFkvonJPScSd9DQwFgkRP2T.jpg,283,785,452,526,534.0,489.0,502,74
tqWzxKz1n3HdYIlEuethuYxhaoLL_O.jpg,440,921,443,517,680.5,480.0,481,74
TR5rWOE4sFkqlLLkFq3K2b7OCWf_FmF.jpg,364,876,447,522,620.0,484.5,512,75
Tr7drwwvS39btBId4sf2lmPx4veVLu3.jpg,377,683,429,488,530.0,458.5,306,59
tr8lgeeFntj5l4v6_X1BeLHKnBH3ft.jpg,440,926,442,516,683.0,479.0,486,74
TrgcUqINb5YfzG327Xf5rXh_Wzqs.jpg,464,815,487,550,639.5,518.5,351,63
TriwwMT2LWnJNqlhwxQeBEzUxT2mF1.jpg,457,800,456,519,628.5,487.5,343,63
trk7g8DUHaDaIYMgUU1FNy3bLo8Qb3.jpg,422,741,449,507,581.5,478.0,319,58
trKySIkCEMsOJjzC_aaYqEvh5oS69tI.jpg,249,839,482,567,544.0,524.5,590,85
TRL3UnOxU_UurttXhQdmvtVoQMrpl1z9.jpg,369,796,436,500,582.5,468.0,427,64
trPbrTj3pMFb3bFeQVzDgE3ZOGrD3Fs.jpg,491,786,431,485,638.5,458.0,295,54
trppnPQ_y25QalcCf8JeWVBFIJWh7g.jpg,398,913,450,528,655.5,489.0,515,78
tRqj6OCu1YnRr4ZCR4cePlp8G6aImUG.jpg,420,882,435,504,651.0,469.5,462,69
tRQ_u8654y9S93FN_2YSvOuluSvd55h.jpg,394,922,455,532,658.0,493.5,528,77
tRraEGB6rKfZ48jNSNC7qGSE5aKY4Pg.jpg,446,777,480,542,611.5,511.0,331,62
TRryhWd7iZ8QLs7vDicFe6v_Z3r3bdaR.jpg,479,916,420,487,697.5,453.5,437,67
tS517Ccu8ovMVFibrqz819Id1amHOo.jpg,477,818,476,541,647.5,508.5,341,65
TSgBaPr3DsNvmwPmuBCiqtRnquJsjBW.jpg,339,885,472,550,612.0,511.0,546,78
tspfnUqMeQu9ClIQYUoaYPXvksyNzu.jpg,448,892,432,499,670.0,465.5,444,67
TSQK9jaseS7qCPZJWC5HzpJ7sfbilhWc.jpg,351,922,475,557,636.5,516.0,571,82
tsUOn6vLmoRHI7SkdfoKGOrH2lw1KUeM.jpg,332,891,511,588,611.5,549.5,559,77
TsUT162EZln6LL1FsDe6dldk3GnxSZ.jpg,200,1054,539,658,627.0,598.5,854,119
TSWhXFlzQWMZVxmLgx8mQtxKTxgUprV_.jpg,338,739,455,526,538.5,490.5,401,71
tsYIpPPdlOrnppXJpHJ6K86qaN3bQc.jpg,247,817,480,559,532.0,519.5,570,79
TtaBdP8QepI_KEdjbZBLXhk33Ng5gV.jpg,390,853,425,523,621.5,474.0,463,98
tTag3jmT9Wm4oNwIO3ZC86tID24LcOG.jpg,426,777,491,554,601.5,522.5,351,63
ttBV_3sxkDnO7sFcaK_FYe_aLwqzk.jpg,400,851,471,541,625.5,506.0,451,70
TTfduJuZLLzgbbGj5F9Kgg83F2XiBqZf.jpg,427,858,465,530,642.5,497.5,431,65
TtwstWEb2zNbT_hywqQM1tG_UULPkjt.jpg,427,946,454,529,686.5,491.5,519,75
Tu5cbwR22iIeLGZhfGv_XvCT_OOfw.jpg,410,839,428,495,624.5,461.5,429,67
Tu6qvI_WIholre6IgMgHLxsSVG3nu3K.jpg,395,721,473,533,558.0,503.0,326,60
TU9sr348fzVjcXMnbobytuntyj1DLQF.jpg,432,946,485,561,689.0,523.0,514,76
tuBpeReIe8VDhh2EcCrbp2RhRz7vNl.jpg,277,733,461,530,505.0,495.5,456,69
TUeV4KYVJXbjo_GUPMeM2C9P1tk6Fcd.jpg,433,905,447,519,669.0,483.0,472,72
TUHDCiNhRwLM__BL2ovuV42ey_h8z1w.jpg,262,810,470,548,536.0,509.0,548,78
TuI9dJ5NVrjOeE5ksn7S6ezsCvVRVRLx.jpg,384,836,434,504,610.0,469.0,452,70
tULr2VQkdy1VVZRicBRVOIabCirYZ.jpg,263,796,463,543,529.5,503.0,533,80
TuLsHf2POL1TWBat_pBqkt2IJDqzClCV.jpg,351,897,505,585,624.0,545.0,546,80
tUmycNWbmKxa6PIHyNjzwuJtPQ3cRF8.jpg,415,737,470,529,576.0,499.5,322,59
TusKJc6wtyZcDhH31z13tP2U3hmTIQTX.jpg,512,839,481,542,675.5,511.5,327,61
tUSkUeWXvKw5SwMd1GYNGQ36aKFVLO8s.jpg,333,1155,545,674,744.0,609.5,822,129
TuXRlP8UiRHnC295BZqxEBQaTKSuEJM.jpg,296,840,474,551,568.0,512.5,544,77
TUYpVn9yhojnDDDVLZPnkDKvWo1esLo.jpg,449,946,448,532,697.5,490.0,497,84
tv9uIRn6TlWrpBFi5fiHUS5p47_v8co.jpg,321,962,494,609,641.5,551.5,641,115
tVdmqjSUJsqikfLa8rj7cchdou6uJlR4.jpg,395,709,468,528,552.0,498.0,314,60
tVoLvGw2mum7P2beRXxBbnX4GEnYgnH.jpg,386,908,499,574,647.0,536.5,522,75
tvPge6ZEKdMxTBPOR8shwOW2F212HX2.jpg,306,892,459,542,599.0,500.5,586,83
tVRWMpyMTCtHmzUrlvHOMJNm12mbgt2l.jpg,372,729,449,513,550.5,481.0,357,64
tvyhH4dSsP3aagcmHXp7YJu6XEbVcr.jpg,468,759,452,508,613.5,480.0,291,56
Twdx3S25FcR6zYWjRi13XTjFh7Wz.jpg,464,825,469,535,644.5,502.0,361,66
TWK6FwrUoIFPEjfzQzOMmH6Yg5HKeTqB.jpg,449,771,451,510,610.0,480.5,322,59
TwKueBMXs4yge5iaEUDWZckKiWRbOv.jpg,351,866,493,570,608.5,531.5,515,77
tWLiIKc9w1nt1eTlKfwKFDkRNjZT67.jpg,456,825,498,564,640.5,531.0,369,66
tWSQFisVFdrCsTOCQyl1lNJ5B2OoxIK.jpg,417,915,487,560,666.0,523.5,498,73
TwwGJGEoSY4F2gNSwh3zR9p6lw35mJ4.jpg,364,861,455,526,612.5,490.5,497,71
txBZFBpDGwGZc1H5IcgkoLSisYokaMU.jpg,396,695,436,494,545.5,465.0,299,58
txGeF8dBuzlZLR4MkuCfbY_1BW1WFdp.jpg,392,783,437,505,587.5,471.0,391,68
TXHCn_gJ1DR1Xxo55dX1edm8uvjD5l.jpg,482,771,429,483,626.5,456.0,289,54
txNCMWWrFnknY2uJbFpDYbLwyrCP.jpg,437,742,437,496,589.5,466.5,305,59
txndBizULDJime6IYnLPFia5yz2t.jpg,429,891,421,492,660.0,456.5,462,71
TXRMnhwYLOvo5bYbuM6__UN8hXQTeko.jpg,421,981,511,597,701.0,554.0,560,86
TXTq_mBCHVIREjjCOauCjPTt9mT2c9I.jpg,358,887,457,534,622.5,495.5,529,77
TXUd_Yy8j_LRWjHkHBEdBR_3MJQetsny.jpg,400,715,438,499,557.5,468.5,315,61
txyQ7abP1Y5fdcaLlECerVKmynXpym.jpg,394,819,425,488,606.5,456.5,425,63
Ty6huSO7k3XoFtJX8dBnW8pMR_kDt4.jpg,392,743,460,522,567.5,491.0,351,62
TYeHvCzVmnVMlVrzaHHU_5haGYL88W.jpg,477,831,486,552,654.0,519.0,354,66
tYGpIvLRL7k18oxmhJVIXvSU1WER_ca.jpg,395,812,412,474,603.5,443.0,417,62
tYi1MLpp53ESa1DTCiMSIh9HBF5qkKCV.jpg,201,1231,649,797,716.0,723.0,1030,148
TYMss65zU_NSBp673k8isTBSX5w4vg.jpg,203,949,524,632,576.0,578.0,746,108
TYTJtsxBFy1ygDM87PBsEjSYEsC3WPYD.jpg,449,890,467,543,669.5,505.0,441,76
Tz3lmyrO1keWxzqp5eSTqRD9w4w8uu.jpg,407,838,533,614,622.5,573.5,431,81
TZ4oz7MdT4ZYXW9zRS8JxcQ13PYL98R.jpg,492,920,430,502,706.0,466.0,428,72
tz7s3qYdcuJCf91lnB52FW1jQfDGhO.jpg,349,797,431,500,573.0,465.5,448,69
tZ81HaFBZWSmCnylZ7tN2ZwRm5kSrn.jpg,347,846,453,524,596.5,488.5,499,71
Tza9c9hpp7H813UYcEI74coCqG6bwO.jpg,392,971,520,602,681.5,561.0,579,82
tZb9cbES6cZzIBfVMME1OldrRy8O66T.jpg,429,894,441,512,661.5,476.5,465,71
TZbY6khjhRvmLT27ZS9pjR35ISB7h7o.jpg,479,790,444,503,634.5,473.5,311,59
TzJ1Maz__rqy3W8YLjdmL_qwFUuMa.jpg,369,923,511,592,646.0,551.5,554,81
TZlL3Jwny6ZkDEFkdc13LhkKNImRDU1.jpg,424,832,457,523,628.0,490.0,408,66
tZSpJr7EMRGoVOw7HdsZUh5mJtRys8v.jpg,268,819,461,542,543.5,501.5,551,81
tzsx2eJFRTs5ZwcNXSmnmBFZ_7g6xkwb.jpg,299,1094,535,660,696.5,597.5,795,125
tZYk69GZq84Uu9cfJZ5dMwflYoyRB3.jpg,394,980,479,567,687.0,523.0,586,88
t_2PUYLyLohs2vq1JPJuDm2dZiY8zgL.jpg,305,850,510,586,577.5,548.0,545,76
T_BXhzNZGrmzE3M6QUblKO_P53wCS7M1.jpg,474,772,459,517,623.0,488.0,298,58
t_cUZW7N8j2Ede_G4NTGQ8I4WbpdW8.jpg,375,798,423,487,586.5,455.0,423,64
t_drNWTR5jLzMbNxaI4T5geVrHVF6dj.jpg,370,925,464,544,647.5,504.0,555,80
T_K2HqvgmODsuSZbP4qMJO6of14Txbm.jpg,403,751,468,532,577.0,500.0,348,64
t_MGmE1hVBSOg7gj1ak_OIGZh3WoZEnV.jpg,443,828,413,478,635.5,445.5,385,65
T_rbNSnTSSH1lITcMq2u6PzTjWCuKb5.jpg,412,970,473,561,691.0,517.0,558,88
T_s3EJijHeFh4ok5QPfCqOTYotDdIj.jpg,396,796,521,591,596.0,556.0,400,70
T_UJFVHOUW2H21u4EFU_gPhJtat9.jpg,458,886,459,527,672.0,493.0,428,68
T_Uvo7TDy3L1QaLmRPx7Hf5SGMKPKL.jpg,439,727,440,497,583.0,468.5,288,57
U18PX_Mj4axWOhisZVl5yP5HErWvLo.jpg,201,1231,727,856,716.0,791.5,1030,129
u1bc1_QXZqltJXRyyCivDcsLYz8VLmE.jpg,410,892,477,549,651.0,513.0,482,72
u1EgDM_8gsZqTv3Zvzu8uutYsgygNR.jpg,409,823,423,485,616.0,454.0,414,62
U1Qtu6HndPigzHkuXQbMxqOYbp5SvS.jpg,482,837,488,552,659.5,520.0,355,64
u1uCS_WS3RJSJRVvb1w28jxv7vLa9ti.jpg,474,807,478,541,640.5,509.5,333,63
u1z2BUILRihbfRZ54R5FqDOjSIwPPTd.jpg,388,1016,543,636,702.0,589.5,628,93
U1zIIYRi1M1sVTvTaC9iooEeHWQ64V.jpg,388,718,474,534,553.0,504.0,330,60
u21CcczqqSVE4EwBKDNUGTEv3LMO46c.jpg,351,772,460,525,561.5,492.5,421,65
u27tBa2ZKwopEph7mdGP2VWy3OJTdY1.jpg,423,869,428,501,646.0,464.5,446,73
u2fTocEx_8WBvHynHhwIuMgHhhV4q2m.jpg,432,757,476,536,594.5,506.0,325,60
U2KX66nRf6zf3PLbeKp8CRwNxEGxSji.jpg,451,807,491,555,629.0,523.0,356,64
U2oSPZWqa2GtYasEQps5ihMGZvJVR_.jpg,411,987,521,603,699.0,562.0,576,82
u2toQgrWInLKs4lu7HCthC4u2YohuGpm.jpg,489,935,415,515,712.0,465.0,446,100
U2vQEx48YqrjvxDt6Le97uLU1HFjUW.jpg,453,801,495,557,627.0,526.0,348,62
U2YQMQD8cCFookBNmuZNntVfoL2wxG.jpg,473,914,461,535,693.5,498.0,441,74
U31oesUDQV9tMm8Nx6U8EfcF6jroj1Y.jpg,441,958,487,566,699.5,526.5,517,79
u34es8225RfbvxBMoxmI_NykWvweb7T.jpg,360,722,504,567,541.0,535.5,362,63
u3ibjCiTrHfsIpuO9qDaYGrqTwj7oBd.jpg,223,700,468,550,461.5,509.0,477,82
U3jmREl5tcGOUbfQs4ajjsMIQlWhRi.jpg,443,876,430,494,659.5,462.0,433,64
U3Tdxu_HRvCRfFedgDYtYZ79PqPVLa.jpg,303,968,547,643,635.5,595.0,665,96
U4692hI8YM534Qi74M9XhT9L_Pqhgcc.jpg,425,701,446,500,563.0,473.0,276,54
u47KJIIXmorCGGUyManKtIteW1apzC.jpg,498,878,419,493,688.0,456.0,380,74
u48Y7t8ReUNyhmBgOgkaNruHWbaaeg.jpg,382,834,431,506,608.0,468.5,452,75
U4DubT5qPu3y1vuMz5aeljpemcI6GzB.jpg,499,838,452,517,668.5,484.5,339,65
U4FMmekyJwEVKjMhqiFKmwJCiEtKE8.jpg,408,910,489,563,659.0,526.0,502,74
U4sGJhjbuOJazXljHlMpLqn37hk6Wg7a.jpg,294,797,472,545,545.5,508.5,503,73
U4sj6xjcy5YxQVlCeojUxq7PjQac2Q8.jpg,420,935,496,572,677.5,534.0,515,76
u4zlwKiuqhIsiWSswXFLxllj29x7gJ.jpg,472,801,469,529,636.5,499.0,329,60
u53OCJZ1lmbfxqqf7IDEt6RwqQ49x.jpg,346,789,429,495,567.5,462.0,443,66
U58hH6ETvUVkCq_mvq1b2MqIFintY_.jpg,428,787,456,524,607.5,490.0,359,68
U5owL_9VScZUbxukZuQSicaaMBa9z2.jpg,436,877,460,528,656.5,494.0,441,68
U6D8shvyDjUZ6wCwor_rLxaqMx2bG.jpg,362,882,454,530,622.0,492.0,520,76
u6infGNinV4CyZqahaHWTi5zTB_aO5X.jpg,415,862,432,499,638.5,465.5,447,67
u6jUsifz21jGhOVODSytbn8WeZMKNmf.jpg,215,792,475,560,503.5,517.5,577,85
U6LgV8bG24gxWo7f5mRwbSPOJy_XpsX.jpg,286,845,502,580,565.5,541.0,559,78
u6Wu8rLc2R8a7WNuIhFhgjjKlhg7ur.jpg,458,861,438,500,659.5,469.0,403,62
U6yZKnyO_kavjIpPDDBPi5xtB1j1CpQ.jpg,393,862,460,534,627.5,497.0,469,74
u6_SfPEXT25zo_csRdgLISrIpoUmsp.jpg,395,818,425,500,606.5,462.5,423,75
U72GCV4Lzwi5n3_tVy34KOw_sfCZl.jpg,333,860,460,536,596.5,498.0,527,76
u7INmlYbQUcnasg3GfxJEea1C4Ljd.jpg,457,788,473,538,622.5,505.5,331,65
U7lf852ZX4oF6a4g8OBTMonUTCCg7aP.jpg,388,816,428,493,602.0,460.5,428,65
U7Nn3865TQM_3aUzz3NUsEie_Qx.jpg,446,878,428,495,662.0,461.5,432,67
U7oc5mBGKRnok2daOkTBeogRrC2KY9t.jpg,499,789,448,503,644.0,475.5,290,55
u7QMucMcem1xaSe6mCDSry4IkxY5xfD.jpg,418,860,463,534,639.0,498.5,442,71
u7RXklFv_TnjS8cw323a2G6YGD4h7DuG.jpg,214,802,476,566,508.0,521.0,588,90
U7SdfrWL4mESu7c4Y2OatO9242Vv8U.jpg,358,833,445,516,595.5,480.5,475,71
u7volsYKrVuLNCyQsuh4GBUe4kPV8T.jpg,358,682,439,500,520.0,469.5,324,61
U7y1jY24USLFObG8Cf3knFqUqm5zzM.jpg,347,686,475,537,516.5,506.0,339,62
U7YPpQDFWKdWgrPNXxw9zRG_7b1U54hB.jpg,451,797,447,517,624.0,482.0,346,70
u8b6rHeUrhXuX7gYipoG2a6aDbZNGI.jpg,370,839,435,507,604.5,471.0,469,72
u9KDaTuKwrDaouutm2eeCYhXcWGG2F.jpg,424,851,424,496,637.5,460.0,427,72
u9NH1mkPDIVXVSl_ym8NPWhg_wTjKSk.jpg,232,834,486,574,533.0,530.0,602,88
U9tv3zKMZPF5C3CZjd6wLOyl4wyw4GI.jpg,444,778,482,543,611.0,512.5,334,61
U9x1NRPaVmzM89fRcQWIOLsw34tP_2F.jpg,369,668,425,482,518.5,453.5,299,57
U9xhPOpDxNFRMFEGITMq1MEHtfKSrWm.jpg,271,791,459,533,531.0,496.0,520,74
u9YC7tuzIwSanxdsvycKQLVfBFsVX.jpg,416,869,434,504,642.5,469.0,453,70
UaHpCdztSBwdFtZTZ1cKEomlZJTfEh9.jpg,384,900,458,532,642.0,495.0,516,74
uaoMbbgVTXVxhTo7cT8WQoWhY54vLN.jpg,441,752,468,525,596.5,496.5,311,57
UapeVlKmqtdKTxxIBDG_RXpfdCXMzJLV.jpg,387,745,453,519,566.0,486.0,358,66
UaqQ7V_lNDYki7ixGYIxhpvNGahCTmI1.jpg,421,780,472,535,600.5,503.5,359,63
Uaxw7RDuXxBwqUkMkHcx9otdoleiryvX.jpg,342,819,469,541,580.5,505.0,477,72
ubbkbtghMZ3JdBVRhqaQLT1u3pJdun7.jpg,356,809,433,504,582.5,468.5,453,71
uBDb2vPC4zpmEtOs_phivXWuqfZyR.jpg,474,769,457,511,621.5,484.0,295,54
UBDi44WTRLBeeD796waaINvcCavotiQ.jpg,370,916,505,584,643.0,544.5,546,79
UBF6mdPh9nawqQ6CnJTmikl19exGJ.jpg,410,714,458,514,562.0,486.0,304,56
UbP1_BSDpemx8qoUgXnbgWdPewkHVe.jpg,442,874,427,494,658.0,460.5,432,67
UBtP6T_NSvIU7fS33ePozBG1bk_wnB.jpg,389,822,432,497,605.5,464.5,433,65
UBWcNSk1tIogSidPRMTndV3XfUXsB3.jpg,313,773,436,504,543.0,470.0,460,68
uB_anF2P7Gm_m_9xrKX3vFqnU4erp3V.jpg,500,810,431,494,655.0,462.5,310,63
uC227QguOHHCfK7sKVu_gMWI8_qe1y.jpg,440,823,510,580,631.5,545.0,383,70
UC3LjcBn_b129ulLI35gcTfapeHrQ.jpg,501,831,472,533,666.0,502.5,330,61
uC4UsSCPzBVbCJTjSV_5CXlPzqZ4gSU.jpg,416,745,449,510,580.5,479.5,329,61
UCbJbLRqDUBr2jx6uGuXVb9lEpWiy.jpg,388,871,447,522,629.5,484.5,483,75
uCCbHYSgjqTSKSxPR8GZ5mWsvzmb6Fc.jpg,405,698,447,504,551.5,475.5,293,57
uCDqu2Fw_IrkjQysmhNCgaiIS.jpg,407,919,456,534,663.0,495.0,512,78
UceH8lOZJ5L8ypNoYVIMIdNzOEKwtw9.jpg,156,1067,596,726,611.5,661.0,911,130
UcHEqZHMLVzQyS2bweWriPDuzv4Gx6h4.jpg,418,707,422,479,562.5,450.5,289,57
UcI7B6svUyjTlgRfFf82Bc2p6kqK4_.jpg,415,963,454,540,689.0,497.0,548,86
uCiKhphNrEezNGEMHxLEXZ6Udmo8.jpg,507,874,456,523,690.5,489.5,367,67
UcnDzQF3RwvTqrKvUoNiqH3dJoiUtUlZ.jpg,183,807,511,593,495.0,552.0,624,82
UCPJbxbqeF9gjZs5eCI4ExOWj9aEnyd.jpg,423,868,430,498,645.5,464.0,445,68
uCqVy5aGriFDbEJsJ2W6Ks73BNHFq.jpg,407,862,423,509,634.5,466.0,455,86
uCR96tXDVg4GVRVDklJ97Q1n7L8lap.jpg,444,834,451,522,639.0,486.5,390,71
UcSWusJTMCx2tQ1jP_OprjRroKCGI2TB.jpg,408,919,490,564,663.5,527.0,511,74
UcVufw9cqdnWr1kOCsXYDuhuF1O78F.jpg,333,897,511,591,615.0,551.0,564,80
UCw5hGsGdPWxgWu3dDkC65xNUcNbz2kH.jpg,443,840,414,480,641.5,447.0,397,66
UcwdEZRiEx_Jyxdh91Iomc7eRreS57G.jpg,416,763,463,526,589.5,494.5,347,63
UCXHbpDZevX1a7ZQZC3ntQhBS3MWSg.jpg,338,846,476,554,592.0,515.0,508,78
UCyE2HgreazE9JUoWJpUrgO3TSFYwGo.jpg,359,802,432,502,580.5,467.0,443,70
UD568Y4ZKfUTQBKrUdH2QH2kKXobvZK.jpg,311,817,457,531,564.0,494.0,506,74
ud6kdDfORMew7wrfXE2svMBFzlPBnazP.jpg,446,762,473,530,604.0,501.5,316,57
ud7YOYnwWPGoFbB13bbpC2rcIWXBrJn1.jpg,330,754,425,491,542.0,458.0,424,66
UdDQojDZBGH7_yZf8n5YWGXtNub4n.jpg,478,785,467,524,631.5,495.5,307,57
UdL1GBwtpfd9pduvjyVwBNPGPCdOhJv.jpg,443,880,421,492,661.5,456.5,437,71
uDm4mpMb4u8xGUFBD73kZUlExNh93UY.jpg,415,712,438,495,563.5,466.5,297,57
UDO2DCiJFyK_ZtwJ4JIhUPXlh9gDTbGE.jpg,297,845,465,562,571.0,513.5,548,97
UDs8FUwCD8IXdp9hx4psubO1E4BkSh3.jpg,372,825,420,501,598.5,460.5,453,81
udVhbnxbMCQ3ZF7qaWOpks93NtGtkV.jpg,471,790,470,528,630.5,499.0,319,58
UDxTfH4t4aQ75GOg5BbqorHxFZ2gHg5.jpg,388,830,431,497,609.0,464.0,442,66
UdZqT1nViDumMspZ9UhzxXwklipLHs.jpg,325,703,480,544,514.0,512.0,378,64
ueGdtR92JFGWEy2qpi6RTgXZlznzEnE.jpg,438,909,439,512,673.5,475.5,471,73
UegOPE7Mi1zaRUqbLfj9w6WngrtLw.jpg,383,864,471,544,623.5,507.5,481,73
UEhfkB4N1_FUDoyKfJt9_IDeLhWIDjx.jpg,438,763,449,509,600.5,479.0,325,60
UehWehU7ahWYmluZZiXl853if2VbdpdB.jpg,478,774,440,495,626.0,467.5,296,55
uEKWS9_rCrC1kzP4VjiZtME912_P5s.jpg,297,762,434,509,529.5,471.5,465,75
UeMifVhSRY7Zf4GQnokrPuWa12XWiHq.jpg,329,937,490,583,633.0,536.5,608,93
UePyqvUqa9BRvXWwNZzS91xqdlF9.jpg,386,937,473,553,661.5,513.0,551,80
ueQ_UlLntSPEeqXuvRmZDKY4MXjcF.jpg,408,841,433,502,624.5,467.5,433,69
UeTekoVJVkPslRrfy3WF_SGanB5L.jpg,466,755,430,486,610.5,458.0,289,56
Uf6dTYCYsieVICdaGUJHgZhvpyHj3e.jpg,407,859,465,534,633.0,499.5,452,69
ufceQeDpNhqSKTQCvkY2HBQwvZTyt2M.jpg,357,821,467,538,589.0,502.5,464,71
uFDUsmu9dvX5vcJtuKRbxagyFBgdyz.jpg,334,819,475,555,576.5,515.0,485,80
UFFppGUfHo1CRzlGtUJxi8Yj1EhTJzt.jpg,337,761,425,492,549.0,458.5,424,67
UFJFGPquVkCpDS_t2csh3XwYtEFk2M.jpg,386,830,429,499,608.0,464.0,444,70
ufMSYK4ICh7zddsKvJI5t3jmwlplKOGy.jpg,442,886,418,507,664.0,462.5,444,89
ufNCz_qELSKj6BG6Z5bl_iPGSrWSOqt.jpg,304,873,461,543,588.5,502.0,569,82
uF_oRd5L4eGuUYHuSQDH78psrudFgsi.jpg,457,801,487,548,629.0,517.5,344,61
UG6yJwUicHjDMZmyQ_Mj5VCJsPj9Nj8.jpg,428,978,511,594,703.0,552.5,550,83
UG6zFbfFRh2qZFtNYb2db_DB4Pjvowi.jpg,424,862,462,526,643.0,494.0,438,64
ugBIR2ZGs_aNCL4JcWbTgZhkMFN3Rdd.jpg,435,899,476,545,667.0,510.5,464,69
ugdj2LbpOnhJtwaqobV6NcZhpJ1jeP.jpg,346,833,451,523,589.5,487.0,487,72
ugG6Xby8Wes92Gx_yqLKIu7RW9baE5fk.jpg,403,965,514,598,684.0,556.0,562,84
UGiL8REg1FCx2LQc32E5jlHrq4kpIEw.jpg,425,907,446,518,666.0,482.0,482,72
ugN27KowUPPGfXdVPrxYzVuggFYLZ.jpg,250,798,472,551,524.0,511.5,548,79
UGSI9baQ3JFsBZJPM863EmwZkC6MgJs.jpg,443,888,465,533,665.5,499.0,445,68
uGsN8m7fTzu7iXOO2QiflxdNwXVqSPc.jpg,401,791,483,551,596.0,517.0,390,68
UGSXHTpbCBY88zUjl_usbjXw6Msjsxp.jpg,408,761,454,517,584.5,485.5,353,63
UGy74s21Is7pHub77eJR7Lj2in1_UX.jpg,340,854,460,535,597.0,497.5,514,75
Ug_Gcksdsx2yqR9rRPRZMyhMtH6HMn.jpg,340,743,408,470,541.5,439.0,403,62
uh14CPdDBV262X4G9kjeUBi4xmjGD.jpg,533,962,430,498,747.5,464.0,429,68
uh5OEotZQcPLeb9LC7MQECDpdy4ID7R.jpg,404,957,456,541,680.5,498.5,553,85
UHDf7siE6Ojt6VBPIMRCOgFSysteFu.jpg,307,805,454,527,556.0,490.5,498,73
uhEKWjUq1yO5tLs9vCt1MNJazZuOe3v.jpg,370,658,439,494,514.0,466.5,288,55
uhELO7IyRa4DhNYsGLg6HOtnrcWITCP.jpg,412,825,444,504,618.5,474.0,413,60
UhjDunJYYCuLlXkdFS9ZGLVEZyxN1.jpg,317,783,466,534,550.0,500.0,466,68
UhlqzQ5wilLr33MIijPRBcljHctuDXtK.jpg,409,757,457,521,583.0,489.0,348,64
uHNNySOUmV1EXcjkNQ3jdXSYRm6qI8.jpg,404,836,430,503,620.0,466.5,432,73
uHtcI8q3CO_tGhiQKB2RihsyrbCrk_TB.jpg,350,982,503,590,666.0,546.5,632,87
uhveHpSmomxg_hS693YC_B8iktb8rWbC.jpg,445,866,422,487,655.5,454.5,421,65
ui23JvxoX8tpGODRwg7xwf5V5XeiCS.jpg,363,920,511,593,641.5,552.0,557,82
UIcgvi2FoNuwN6L44kTxa9lBN3ct5q.jpg,394,979,480,563,686.5,521.5,585,83
Uig5QhWB9I4WNqnKWqfzJdUMQZ1L3_7C.jpg,414,945,458,541,679.5,499.5,531,83
UiIF4xTOiYVdXSP7rYdPafBVzsbvdu.jpg,340,778,424,512,559.0,468.0,438,88
UiIjBsfJN8OObwhaklZV2S1UyFpJpw.jpg,403,974,508,598,688.5,553.0,571,90
uIKNYwd1Jk5ujkcNB43Jhs6eW4mU.jpg,317,899,474,560,608.0,517.0,582,86
uIqabCk7Bf7gLpPM37m8WmNYaHCtsY.jpg,375,846,475,544,610.5,509.5,471,69
UiqovgqSuadmdfGML7V834B_oBMvzVW.jpg,481,798,471,530,639.5,500.5,317,59
UIQqbGGhXZ4qm5WF2FqPgkcNnVysX.jpg,394,921,496,574,657.5,535.0,527,78
uiQsW6lffwXTdjYVXWCCFW_pksQ1BFfo.jpg,165,737,497,583,451.0,540.0,572,86
uIROVICpJLpbFYBRq5uvGDNptbpiae1.jpg,378,821,453,519,599.5,486.0,443,66
uivMVoBG7bLmmg4Jfo94QmfXg3cvVt.jpg,415,710,447,505,562.5,476.0,295,58
ui_3lP2PJU8IuDhVLlPv9ySuJgbN_.jpg,445,789,457,521,617.0,489.0,344,64
uj1soikbqP7ksrVvdCy5UPd2YN4i8Jg.jpg,297,896,524,614,596.5,569.0,599,90
uJ6wunUIfatpWjrIpQ6b86r_XPOl_I3.jpg,457,795,476,542,626.0,509.0,338,66
UJHNl7r2kewoNVGPnTmNmHxwcejkHM.jpg,383,718,454,515,550.5,484.5,335,61
UJi6QWxqDqOzzEP_CVjap7Ywhuc6wE9V.jpg,254,708,460,528,481.0,494.0,454,68
UJjaDDlgaYDkMYdjihktto8WEzjvdB.jpg,363,893,497,575,628.0,536.0,530,78
UjjoBwjzHQVyVmz4FBO9fiWy_Eat_MJ.jpg,265,796,459,537,530.5,498.0,531,78
Ujm_Fv62DhdtyyyKzs81tyg4bnXBNdI.jpg,376,823,428,512,599.5,470.0,447,84
uJWkhu1Mf1FyBTcZBifNVmzBaT4mc.jpg,398,891,451,524,644.5,487.5,493,73
UJxsEZrrZhFfsyXTdXap157lY3NhHvu5.jpg,390,797,413,477,593.5,445.0,407,64
UJz5aie5omNXWUeLaxQdEctiput6DY.jpg,392,900,490,564,646.0,527.0,508,74
uk4LSdIBFShahpMYYoauYDGdLXnwa7.jpg,419,897,442,520,658.0,481.0,478,78
UkbdYnflFvJonErlJa3z_LmZcHegaMNO.jpg,339,871,465,542,605.0,503.5,532,77
UKdsv_hbnvRfcDx2Z5e7aomIKV3Okz.jpg,311,831,461,538,571.0,499.5,520,77
UKf43Bcw7ZrONWS39MXdPlGMaPFaET.jpg,242,748,476,552,495.0,514.0,506,76
UKiFZhtXB9S48HyJuOnbBiijmDK_1uCN.jpg,356,895,466,543,625.5,504.5,539,77
uKLs37Bv3c31_VekQ44glf7bsxqf9.jpg,465,771,457,516,618.0,486.5,306,59
UkpxJM2jKmCRBnCO18dzRfdIczeERZi.jpg,355,943,519,607,649.0,563.0,588,88
ukQBnQlcriJ5Kw71m2ki6LCkTs6U_9Pg.jpg,314,783,443,519,548.5,481.0,469,76
UKqQdTBTIxUeKUUjcXcvZz6_bvmM4X.jpg,279,1038,533,651,658.5,592.0,759,118
UKSJh8N8djVn1huMro8g9LsOKlDz1Mk.jpg,363,899,456,539,631.0,497.5,536,83
uKusozm5Uhrqsfy4Uwyx49OKmmcfOOg.jpg,389,902,449,524,645.5,486.5,513,75
uKWbpmmcFkN3ziuGJWRrgSw9Vo8yM.jpg,403,884,473,547,643.5,510.0,481,74
ukZR21fpH5nWQEL3XyjLWxNjyHjrjn.jpg,481,795,442,502,638.0,472.0,314,60
ul1ci74_cl3t6wsI_rwxeL56gXYjvfM.jpg,441,750,462,519,595.5,490.5,309,57
Ul3Ieqvu2sZhMhx9STN8FHf6Lc7a6IJk.jpg,433,749,440,499,591.0,469.5,316,59
UL91MHgJOgX_RJbUXisWLuI_sT42j3No.jpg,387,919,502,580,653.0,541.0,532,78
ulaFDa2mbd5npxSDOsjvGDpI3fo6.jpg,316,783,467,539,549.5,503.0,467,72
UlaXnejlj19KrKaRPGQbt7hbLDzcBE.jpg,317,1030,525,649,673.5,587.0,713,124
ulDszquD8po41xEkcpLVm8midhXjnTEx.jpg,363,669,468,526,516.0,497.0,306,58
uLho2RV2KMll2nnIoQVRiQxRzeo3Qe.jpg,462,828,503,572,645.0,537.5,366,69
UlKTxrWO1Y4WHRERpaR55hlsjbpZBa.jpg,373,848,433,504,610.5,468.5,475,71
uLo725qPvvgBG2OyOhq1nq3kmXMP.jpg,378,926,506,587,652.0,546.5,548,81
UlOinE9tybxqdoOQzJrsQcsNVBOvCje.jpg,399,954,513,594,676.5,553.5,555,81
uLsml69WtZitloehrEJlgfY4c8JyVx6.jpg,391,796,418,483,593.5,450.5,405,65
ULzxmb9Ttc_lJ3eBXBF6abzIUYg8z.jpg,373,936,515,600,654.5,557.5,563,85
UmcrdgyLzoJlfhFBJCoWTZu2bdttwhl.jpg,351,746,520,587,548.5,553.5,395,67
umELUdivr_5nVK8jWXVNB1p9wU1_5cR.jpg,415,774,496,560,594.5,528.0,359,64
UMEuZ9eNMLIDPpHqpzmqLewkLKR5zOE.jpg,350,777,426,500,563.5,463.0,427,74
UmFvNwiOXF19IHWK4525jaoXTSMzYzi.jpg,408,931,498,575,669.5,536.5,523,77
umI4gJvYcrKBReD5CYH9IiJLaWbXxk.jpg,408,939,465,547,673.5,506.0,531,82
UMKl1q6UKwjiYQ4whgRG2d9lBeROYl.jpg,447,831,499,565,639.0,532.0,384,66
umLOEB7zxZ6l8tRe89HRBxCD3p6LjzR.jpg,308,760,431,502,534.0,466.5,452,71
UMNJztFpCbvfKusCWEfQwcvtLY7HEmK.jpg,372,895,494,569,633.5,531.5,523,75
UMq9SmU_sx_ttybLDgoJbnw98Q_IltF.jpg,366,925,507,590,645.5,548.5,559,83
uMrCqlDTnbwz5_NrlgvwKOvS2rbSw68.jpg,403,704,434,490,553.5,462.0,301,56
UMRHOKvozMNkfYtDJfPdqdtXnQELRI.jpg,365,872,459,534,618.5,496.5,507,75
umSRrmlLvUjm5wCzXevTp3lGKUPsNOK.jpg,445,882,432,496,663.5,464.0,437,64
UmtdE7gRZjeKvBDjUlrGmCGbwi3cQwtc.jpg,441,775,482,544,608.0,513.0,334,62
umVhS9MkFbZuZKGP4NiC2HDDaeqMc.jpg,455,735,425,480,595.0,452.5,280,55
uN8_ozifBaTcka_lCWNqGongZnDtd.jpg,513,790,422,478,651.5,450.0,277,56
UnE11Z6ZRT1YG5hfbgKKU2BVwL6gifi.jpg,399,670,442,495,534.5,468.5,271,53
UnET9nYwhJ31t43MS4uqvYgsY4_o6VWx.jpg,356,674,455,514,515.0,484.5,318,59
uNh7IBPCp4uxk9JdmTcymjcvSMGSPC8v.jpg,396,785,465,535,590.5,500.0,389,70
UNIlpLpaIgib7bpou8QYy4GqpmEGFYW.jpg,359,935,474,561,647.0,517.5,576,87
unp7m52P98lTXwD7TxX6Nofy3E7IEZMX.jpg,413,891,468,544,652.0,506.0,478,76
unR36BqkLeodCzrCWJrTWfogDYwGY1_.jpg,283,798,479,556,540.5,517.5,515,77
uNTz9apXrrQ1JR6rlBq87h1vNPLx5PE.jpg,432,811,504,574,621.5,539.0,379,70
Uo1GWEswPcHqwuCQNHTkc53lsGIfcYgC.jpg,276,903,497,585,589.5,541.0,627,88
uo52DvSmTRtg8SRuRLQH2iV6r5PSqwW.jpg,383,839,432,502,611.0,467.0,456,70
Uo6_LKVPeYDDz_iC34BjMGPQuXsvKX19.jpg,375,818,464,532,596.5,498.0,443,68
Uo8tDPorwaeKrDnKJHvREn2LsmMHW.jpg,485,759,421,474,622.0,447.5,274,53
uOFEQZMQbxm1XZhuev8kfERmmFSWXskJ.jpg,188,724,494,574,456.0,534.0,536,80
uOHJvGYekJBouebjowWMZsvhKuVw.jpg,413,755,480,544,584.0,512.0,342,64
uOmaHW2UaRcsxImOjSYieFfC9Ecy27.jpg,454,918,471,542,686.0,506.5,464,71
UommiDQdJWwTRrxXhdsbMBWLnQBc273v.jpg,420,951,457,536,685.5,496.5,531,79
UOTgJSslUeOKIIDTxspGd3SehHJLyu.jpg,363,747,479,549,555.0,514.0,384,70
uoTWeangB4IabxFaPh7p5N2za1kzGZy.jpg,369,756,484,555,562.5,519.5,387,71
UOtWtDmMMclTBQVqRdC_NZntfmqpp.jpg,381,836,452,523,608.5,487.5,455,71
UOxRWgtEXQIvskswBpB3veRKhWKEFw.jpg,249,775,462,538,512.0,500.0,526,76
UoyuTcZqvQHyaJuWNeGDsOYMpzbcRX8.jpg,389,921,460,538,655.0,499.0,532,78
UoywgH1DypdW1leuoGImP7SacyXnh.jpg,507,942,421,490,724.5,455.5,435,69
UO_rSWFeMv4bRFYhxJskm3M7IxMuE.jpg,404,979,511,592,691.5,551.5,575,81
up8Dldjh_cDy4uKBbwqnDNQriyu1MIpP.jpg,400,878,448,522,639.0,485.0,478,74
uPB1XDl4BSxki7ipECemc13XOjecChn.jpg,376,827,431,500,601.5,465.5,451,69
Upb1xgCWtKwXEoCYmydVBfzbsMX6Q.jpg,358,860,452,524,609.0,488.0,502,72
uPbp1yWo7X7ZicBKtxLcdJnPWWNSv5.jpg,425,859,460,526,642.0,493.0,434,66
uPdOjOiWJ8_uc58DTalJMjfQ64rWWj.jpg,431,762,455,514,596.5,484.5,331,59
UPdXUGxWwwEJ_NqsNoDrzOz44Zwnwig.jpg,438,816,481,553,627.0,517.0,378,72
uPf4DYJRI9gTm4Fnx4gJVtdauwmfiD7j.jpg,312,760,422,489,536.0,455.5,448,67
UpHKekq69jw5MCQ5e_xlyX9dBkQY.jpg,431,763,451,510,597.0,480.5,332,59
uPKosQ4X86EbsfnLizwhrOazz65jqIg.jpg,494,841,449,513,667.5,481.0,347,64
upL1fPXd_Wwoa7tENBpPTuok93rQbU.jpg,474,900,421,491,687.0,456.0,426,70
uPLBJozXejmDdIPtogOCDNOt8BCc_.jpg,405,871,438,508,638.0,473.0,466,70
uPlzhK9jL_XL_xMrMWUZ6lgEYxhLi1.jpg,501,940,459,529,720.5,494.0,439,70
UpNVM9dyzt_dmR5F4piqH7kc4WsdMaP.jpg,411,779,500,567,595.0,533.5,368,67
UPPgbxjO_jDieNevp4tBOT3Degjk.jpg,435,881,463,529,658.0,496.0,446,66
UpqTdtVUVyXZV88bBFm8gVyZ7yDvo2Y.jpg,198,828,502,592,513.0,547.0,630,90
UpqYoIT8oNoDJxM_WVeURWvOTxhLuiB.jpg,419,997,480,567,708.0,523.5,578,87
uprlolafWCw5wyq7mlCwsRtIjhN9dLB_.jpg,459,915,470,542,687.0,506.0,456,72
UPR_6vUhxzWaBcVl6kWKYideZ4xhCe.jpg,455,886,456,520,670.5,488.0,431,64
UPsosv8Nlq8DWJ8lgTamh14wfJecS.jpg,415,928,462,538,671.5,500.0,513,76
uPxiFexBrVCkt1RX2EJC8_CFiVm4Fdg4.jpg,376,821,431,504,598.5,467.5,445,73
Uqbmb8Lw_5NksGE59r2G7Ev2jSZnL.jpg,246,781,468,545,513.5,506.5,535,77
uqLmp7VC5JgtwaGNu66bCdWNK6GLg.jpg,395,676,447,502,535.5,474.5,281,55
UqMM62kafk_TisyvXLn6Vk7vkceaSz.jpg,372,937,466,567,654.5,516.5,565,101
Uqq7LpdXosn83XUD3ol4U4nG8FNCQox.jpg,471,778,467,526,624.5,496.5,307,59
UqqDoQitIyXecy3tWr5kNbQjpEmchf.jpg,345,854,449,523,599.5,486.0,509,74
UqQeSvBcNEjRYQ2WPVqO7M6chwontIo.jpg,417,709,440,496,563.0,468.0,292,56
uqqRgIPEVFHDI7prFlHsX1KOmoEhEs7.jpg,351,903,470,548,627.0,509.0,552,78
uQSiMM5DotfUzPZ1zM9eIDfx2N6jMKY.jpg,348,912,473,557,630.0,515.0,564,84
UQVlWUTlcj3vZeiByPL2v7LasSU.jpg,415,897,445,517,656.0,481.0,482,72
uqwMhyFWBvIMtSYmEiZ7cLJbclCjGOud.jpg,388,982,530,613,685.0,571.5,594,83
UreFsXH2dgt2EWMYrh1rP948xaMOlv.jpg,428,826,448,512,627.0,480.0,398,64
urIith3SndpK173qRlhslbNgDVVT2eP.jpg,477,787,446,503,632.0,474.5,310,57
URjqzRGXPyxLEjtCBWt12yQwHk4L33X4.jpg,416,837,419,486,626.5,452.5,421,67
URLQQIe6XTGI88HOmt9aT3id1ciH32nE.jpg,220,955,478,598,587.5,538.0,735,120
UrwhctjeaBbz8WiC5UWGF4157zpek5P.jpg,444,883,432,503,663.5,467.5,439,71
US79viUSEcQV56ItotpHdCbNFjWpgft.jpg,441,882,470,536,661.5,503.0,441,66
UsFWjuNQ15hiFleEpPqkj3CbYeih.jpg,433,874,431,497,653.5,464.0,441,66
USpnbS5WojfZflcYweVXzmzbh98EvZi.jpg,395,905,489,562,650.0,525.5,510,73
uSqNWwG69jT5tvw7ifgYcNhtJqxu.jpg,346,942,525,610,644.0,567.5,596,85
usuDrx2U6S6JWPHbw65_xoxjv9fmcH.jpg,435,760,471,531,597.5,501.0,325,60
USuMtUXF8z86rGKbUmU3PRRdbGVHNZch.jpg,413,924,481,558,668.5,519.5,511,77
usx6XVFT431I5DBBD8Lf8eBKFaMVol5.jpg,350,878,503,579,614.0,541.0,528,76
UsyxGKlmCYOV9lJFcDQ7DncyCLbyDg.jpg,374,703,455,518,538.5,486.5,329,63
USzi_fQjpYUsoWggD4zM96JXsINooZe.jpg,502,815,462,522,658.5,492.0,313,60
UsZRdgZJIsI8nBkXC72BKiZrn2ewZw.jpg,336,846,490,563,591.0,526.5,510,73
ut9C7zDIC8JWUBylQovM6DmZXHqdjp.jpg,502,824,442,502,663.0,472.0,322,60
UTaqgpa4HLVnPKWRGNW6DzK68NbYKSp.jpg,333,808,435,508,570.5,471.5,475,73
uTdLcE7WVU5ifaEz_Z7BBeNvmzFX.jpg,378,894,458,541,636.0,499.5,516,83
utj28233QLG5mJw9WFo7uFETKmZE.jpg,331,883,464,546,607.0,505.0,552,82
UtLNVZnMaRd673Znn3tiagnCkbuB7B9k.jpg,174,927,636,755,550.5,695.5,753,119
uttafS8c2pxKl7N15gkBqhlX_zela4H.jpg,449,761,441,499,605.0,470.0,312,58
uTzc3tMwVvpBwXfQhnvidsRGYcwu2sO.jpg,456,833,511,581,644.5,546.0,377,70
uTzlyxcf1T6zfpOcEeK2tTUYBFO2ao.jpg,419,856,428,495,637.5,461.5,437,67
Uu5JbfIMK8NHr8HitKVkqeBCyp3XSSs.jpg,309,755,434,502,532.0,468.0,446,68
uU5pogmL3ymb2t7BExzuXQSqGzl11zU.jpg,383,931,499,586,657.0,542.5,548,87
uU5YJVa3sS1kCoToyc6DIuZa16wBUV.jpg,355,714,473,539,534.5,506.0,359,66
uUaGILZSbymha6lrdlVDEdJ4TP6xiv.jpg,480,791,459,519,635.5,489.0,311,60
uuDvKa5dFDzT4KY5FWhEEBz1f9gBCkTf.jpg,434,705,424,478,569.5,451.0,271,54
uUdX8v92DJKubdbZj6bEvrlLfSRaqCBs.jpg,435,735,434,494,585.0,464.0,300,60
UUfDZlPyDTo8uGGK8zeiKmVPYDQM47.jpg,465,766,425,481,615.5,453.0,301,56
UUPMIKbKHbfqTXVl6Cdfj8i8JsuD4xjK.jpg,350,872,456,532,611.0,494.0,522,76
uuQKHKHscKrVzfH19337wCppaJHJm6k.jpg,462,827,501,570,644.5,535.5,365,69
UuvtBa_sqCPVWe19vscDRa7a21Oq4iMR.jpg,304,761,436,512,532.5,474.0,457,76
UuwnzTT79hzEURZLyxhgKiP8W3zDK.jpg,418,719,439,493,568.5,466.0,301,54
uv4wFHhFctJrL5yqT1fndMo14R85i4t.jpg,444,872,459,524,658.0,491.5,428,65
uv8lIhMpb_lR3TW8JSBd8S1BGuU4i18.jpg,189,730,497,575,459.5,536.0,541,78
UvCTXYWVcIEFZuolaNiW6EPoJkDS3r.jpg,454,910,466,540,682.0,503.0,456,74
uVfc8WWNcZszq8e9qlOel3R6KGbYc.jpg,381,954,506,589,667.5,547.5,573,83
UVFvr6knkI3r3UonW4uRuO2IZvcTOfI.jpg,322,827,457,532,574.5,494.5,505,75
UviD53aUb1GCCL_gUohihWyO8pXXU.jpg,367,674,435,493,520.5,464.0,307,58
UVOgvJLNrhZ5y96dHbErM6cfszYUqRO.jpg,510,823,469,526,666.5,497.5,313,57
UVorLanW5E92gZeuvVmcZkGNy9xUqkN_.jpg,445,802,454,517,623.5,485.5,357,63
uVqk9OK3ms9ZIyBNFgINlMj1v_1Z3a1.jpg,519,775,389,457,647.0,423.0,256,68
UVQNTbQkK94YJ4Kd4yiDJVlcVd9BR.jpg,439,735,452,507,587.0,479.5,296,55
uVw1UK2LUKx_4XHOwxOoSGTrpmwzkO.jpg,453,838,411,477,645.5,444.0,385,66
uVzyy3nH5ZkHtxbWg551ilpOmNyf7_.jpg,372,949,521,603,660.5,562.0,577,82
Uv_MXgKKZ9dHWB5PD8iqVzrPU9Mj1_s.jpg,337,789,456,522,563.0,489.0,452,66
uW6UQHwHYmELvwFOfgrsxxNiFehehes.jpg,419,852,463,529,635.5,496.0,433,66
uwb7Za4OKS9RlxXGhKFp9WKHzaLW.jpg,468,888,420,494,678.0,457.0,420,74
uWEQrObLWVi_j3M88Bk73jGZghg47.jpg,327,817,477,551,572.0,514.0,490,74
UWhjUMx9lepGoQCjVnXyYvykWmaUGQ.jpg,463,760,448,503,611.5,475.5,297,55
Uwim9p6_YwPZLDERB2WuUcUuir3o.jpg,398,714,438,498,556.0,468.0,316,60
UWK5pZkd2p9ZMSMT94n1CUSmDItL5kQU.jpg,365,823,424,491,594.0,457.5,458,67
UWl3uqwfacXjcxVvWGBIj6PadNbC9BLw.jpg,392,942,459,538,667.0,498.5,550,79
uwl9wyGCI5PHJgtFQX2G5EKsCQp2f9py.jpg,493,813,466,526,653.0,496.0,320,60
uWQ8UbeuF9_U6KEM7tckEccIEGLJwy.jpg,357,649,459,516,503.0,487.5,292,57
UWsvVshuFsi2IJk8kneGwE7m1Pe2CU.jpg,375,800,443,510,587.5,476.5,425,67
uwwK5WmyjTvmMtKONfdByBv18KyjgDof.jpg,140,845,538,650,492.5,594.0,705,112
uWYczXW1ym2eb84yY_ahoQL5gKw17OLn.jpg,408,927,453,533,667.5,493.0,519,80
UWYjXVXRwZcXwZxSOOun1NULr2vOuGw9.jpg,441,939,489,565,690.0,527.0,498,76
uWZbEg8qoH8l8CiErEaWbw55EePDRwFa.jpg,362,858,447,522,610.0,484.5,496,75
uXdZe_WP2aHbiU7NHd17UrT1khnZ6E.jpg,411,884,470,545,647.5,507.5,473,75
uxEUC_INa4HJHMode5fFXGTrTO_lLiB.jpg,364,875,493,569,619.5,531.0,511,76
uXhJJ614dLBQCUPqsVBeMjCyuCIc8a.jpg,382,875,445,520,628.5,482.5,493,75
UXiWICaKWDMU4Y9GGTtlmOX2gzWee.jpg,390,857,432,504,623.5,468.0,467,72
uxrZqLfgIC18um_iEfO2dIkGsXr9lwy.jpg,330,749,418,480,539.5,449.0,419,62
uXSNK4ZZkYSLKqP65YlOlXPw2EJLa14.jpg,433,701,421,475,567.0,448.0,268,54
uXv1rHinaDJdrfLfXKYNu_eo5qHT.jpg,440,736,456,510,588.0,483.0,296,54
UxxER3mYKzl8TeC6ixZ9p3ka5udp.jpg,412,1027,527,620,719.5,573.5,615,93
uY4N5oVkyB67PTGRyMVnBxyDjZobEO.jpg,408,863,441,510,635.5,475.5,455,69
Uyffp1bEruiLKP1JiUZNHLXSVy4TGv9.jpg,333,776,431,499,554.5,465.0,443,68
UYGma4SIyv3kpmNNIsdPulNIOYIlsq.jpg,420,873,446,512,646.5,479.0,453,66
uyiISinsJClMXvxrUgKCm6cKOKyW5z.jpg,413,917,452,529,665.0,490.5,504,77
uyiUzCBvDQfaqb3IDWMzVVXGopzr8.jpg,390,852,438,506,621.0,472.0,462,68
UYK1SGLgrEpibIlctIuujkWixjFoopv1.jpg,427,941,430,508,684.0,469.0,514,78
UYKNzq_pktqtaP3IbQVNMxls6L_Gl.jpg,384,668,429,483,526.0,456.0,284,54
UYMUxI1ld3fQ38fKumm_oYyYuBP2tlOK.jpg,345,897,506,586,621.0,546.0,552,80
uytaMS9D2o6R5rJMqRkINjkRBPYB1Miv.jpg,439,818,507,577,628.5,542.0,379,70
uyzERUWUDrUu_z2M2_Ss1qF91zsWzzT.jpg,430,781,491,556,605.5,523.5,351,65
uz1JX8D8KVmqpQJmJjfaXmzvlm5jPXs.jpg,427,886,469,536,656.5,502.5,459,67
uZ2fq6HO4rJdemJ65EvlwoGVhdCSz2y.jpg,485,757,425,478,621.0,451.5,272,53
Uz37Dm_M6LGWSRFGuKnmj3tbSdsVbn.jpg,477,837,490,554,657.0,522.0,360,64
UZ4UaSyVc9vBrEJlqQ8Y6CjatUOh4d.jpg,317,861,466,544,589.0,505.0,544,78
UzbkhXvwJOolehFtx6oywBIV4DUH4shs.jpg,268,782,455,531,525.0,493.0,514,76
UzgbG2vhzKx8pa6xIhWuZZOWGuOpUxNG.jpg,430,807,509,580,618.5,544.5,377,71
UzhUXuVNzV6Ko8yDY_USU7Sv3PfnUe.jpg,396,843,457,523,619.5,490.0,447,66
UZM8qYt_IE7t7_Tqwg8FWNFkjVGWv.jpg,391,685,424,481,538.0,452.5,294,57
UzmW9UiTz4q_UTwipukz2On6BflsYjM.jpg,353,908,466,548,630.5,507.0,555,82
uzQIKkgBaHM3sRG9lIFfzIaXPlN6H.jpg,326,648,438,498,487.0,468.0,322,60
uZs1gZdc9C_hxlCIJSQJBI_KSexQ8.jpg,288,697,473,544,492.5,508.5,409,71
uzuQzCa6Rjp8s6qLUVfhMbNCob4j8Z5.jpg,318,872,465,547,595.0,506.0,554,82
V1anq7pL4p5e33FvpS4MufhmXTG4hdt.jpg,402,861,439,508,631.5,473.5,459,69
V1FTnUkhMeoMYLXyNX1avOV92ac4Ttc.jpg,419,960,463,543,689.5,503.0,541,80
V1s3SgDCjolEYMX5YZ8VpIQyoNkGEN.jpg,459,783,456,517,621.0,486.5,324,61
v1UnfaZDw4Flje5t69WTFxq66LEME8w.jpg,445,879,455,521,662.0,488.0,434,66
v1wRBXm8jWYmSmg8L_rNgnNMFgJcXCo.jpg,445,983,498,584,714.0,541.0,538,86
V21iKtMeX94JMBEGhCoWt7Uiy7NaIq.jpg,621,948,468,535,784.5,501.5,327,67
v29uDFJX9G4f17T8fMQdVgChxkgp1cI.jpg,293,759,467,543,526.0,505.0,466,76
V2E5cvr5R3tRIiiqeehX5usXnfunS78.jpg,454,758,463,521,606.0,492.0,304,58
V2F_GLsgq1UK5tLe7CYeKTSQ_KJJO1D.jpg,325,765,431,498,545.0,464.5,440,67
V2gQYlLLrJ1nc8ihqsqTTzdoLQFoKqY.jpg,420,727,434,492,573.5,463.0,307,58
V3525uumrhhNQbqGYBbhry6wTw4oXWTC.jpg,386,827,430,498,606.5,464.0,441,68
v3EasFFUJIH3BIDNvEHr7vDBPlDY5OU.jpg,263,868,541,626,565.5,583.5,605,85
v3i1qrnOZaMzZ4WxwBk3tpUekquB1JtF.jpg,415,937,458,536,676.0,497.0,522,78
v3kVjUgS8ZvuP2F5LFf7WyH37TPfH9R.jpg,419,725,443,500,572.0,471.5,306,57
v3VK_nl19Myt6uiFkzmoMMwEsPRQF9.jpg,373,882,442,517,627.5,479.5,509,75
v3YnKlyXum8eL_KN1eJwHaW7zEsb8y.jpg,192,790,485,576,491.0,530.5,598,91
V4bEgBjI6xZant8F5v1SCgLOyhzYOte.jpg,419,798,505,573,608.5,539.0,379,68
V58pH6pbT6mPTzFU9RDCDj4C5bcHjjux.jpg,507,960,431,502,733.5,466.5,453,71
v5X6aDJyUBJ56RNqBOnipWsaR29WHaq.jpg,471,803,482,543,637.0,512.5,332,61
v64utTfqjmd2EOdiu5DLBUrDoqat_5.jpg,410,942,492,574,676.0,533.0,532,82
V6DFUhiOdeMg4od7rMvFYkvqHqSes.jpg,331,874,505,581,602.5,543.0,543,76
v6kbi_jKH6uRvoyaubpQ9dZIWSNFMM.jpg,407,901,480,554,654.0,517.0,494,74
V6KkmtO5JrmigwnxrPYfyDVPQnuOxwO.jpg,402,879,476,547,640.5,511.5,477,71
V6uL246zkwxG7gklrZodNwjsoEwkrNpa.jpg,393,871,438,512,632.0,475.0,478,74
v6USk8iF5WTjMSWecZXfeuLOCRsruqs.jpg,368,801,461,527,584.5,494.0,433,66
v6whH8epypsv9YXJyYnNM3w89kB9Whpz.jpg,397,906,456,536,651.5,496.0,509,80
v76Y2slHFSe4cltxHiwjkW9xIMgmL28.jpg,398,868,440,510,633.0,475.0,470,70
V7C1MZJuT4ukiIq4eM763Q5ZOKNnE.jpg,398,764,504,573,581.0,538.5,366,69
V7czRzR3fxy8sC4bzFJu7ddlMHoW8P.jpg,383,805,423,489,594.0,456.0,422,66
v7D3aFrGSaa62DWKB2QE6oiq7kwPi2.jpg,339,683,462,525,511.0,493.5,344,63
v7nfLRybnXdaGyJTX6ClsECaXbjaYSl5.jpg,373,667,454,510,520.0,482.0,294,56
V7tuNOhqasIx1gTPMLKz1mS4Q45qCrI.jpg,519,845,469,529,682.0,499.0,326,60
v7wNEIzJrymSHqddgNe6bwjSJrUkHDXe.jpg,431,783,455,520,607.0,487.5,352,65
v87fMWg8SMnn4_iuZDo5e7OaQTmI1FZ.jpg,300,761,435,508,530.5,471.5,461,73
V8eldKHTHqjRJBEEgFwS37YKTY1d74.jpg,432,921,448,522,676.5,485.0,489,74
v8icLiHnkqRD964nSt2IPBoGOcYbG2I.jpg,366,850,465,537,608.0,501.0,484,72
V8Pb1osxIu5RplmgP1nE2Np6VDhZTf.jpg,441,752,433,494,596.5,463.5,311,61
v8SKaVywzG2N6NcZgDgR_dkr1WWb6l9.jpg,392,874,443,514,633.0,478.5,482,71
V9jMWBCMoSv7vyaTZGppx4hmMmDEqi.jpg,457,899,431,499,678.0,465.0,442,68
v9smRN3mXGO3R3XF7hz_mSqDVT_8Rm3.jpg,427,860,462,527,643.5,494.5,433,65
v9uni_HoB9apCBl7JPsbbF8szCM8n3R.jpg,463,771,465,523,617.0,494.0,308,58
v9ZCwZCjLaNqFFOlvYYhKUG3BoLmqPkX.jpg,416,690,425,478,553.0,451.5,274,53
v9_FnrBFSNt3ppdRC1VnIU_xVMsVllTO.jpg,420,719,440,495,569.5,467.5,299,55
vap8Fu5nKENCYtjXvbzUeD1P_uPjLNBy.jpg,354,853,452,528,603.5,490.0,499,76
Vasd1fWZDkMM9IS1n7bR_mSJBmUVF.jpg,422,937,489,567,679.5,528.0,515,78
vB23BGgJYsGbxZjFiKCCYiNJILo8GQP.jpg,437,783,441,505,610.0,473.0,346,64
vB7gMJTaFLLSmDp9BFrr5b3wD9lEUJ.jpg,469,959,487,561,714.0,524.0,490,74
vBdMkEgFXJhB7Q43zkxSlgC4mlcZ.jpg,405,788,474,545,596.5,509.5,383,71
VbiD1wNC5egNdRl23pU1SZB67aPC2J.jpg,351,782,428,496,566.5,462.0,431,68
vbqkYBe3PslqazlE3inaf5pgac1juLdt.jpg,284,799,456,533,541.5,494.5,515,77
vBQRNDoNb1OnOIgMG_ersccLS9FIS4_.jpg,379,914,470,548,646.5,509.0,535,78
VBq_1g7SQRqmy7PkF9tl4U_FGjCBFlC.jpg,466,831,494,562,648.5,528.0,365,68
vBR9yVNm_klgKFmckHP457gCpycXNbUy.jpg,387,935,461,546,661.0,503.5,548,85
vbUbXGlmw6qZ4YtmH1fZLzEslDZL3QD.jpg,473,761,448,502,617.0,475.0,288,54
VBX2M3Cva24gXDG1H2m_ZCqLmSTvDe17.jpg,282,923,498,592,602.5,545.0,641,94
vbYUBWDzVWZhHUBPzjMaQjRZnXbBWb.jpg,419,796,480,546,607.5,513.0,377,66
VC2xB79rxbXwcmycNsrJLUb1Ka3M1o2L.jpg,339,869,485,562,604.0,523.5,530,77
vc5DwNE1euDaG7rmw3sayigJmUXXY.jpg,424,939,447,527,681.5,487.0,515,80
VC6Lz3g3Ck5RkeWKXitjEd75pW2L7s_l.jpg,393,997,529,618,695.0,573.5,604,89
VCE4Mlu9MaqDe_EUS2w_hcpehygCVpU.jpg,398,909,451,531,653.5,491.0,511,80
VCETCry19aaeRw8Vgn5QKQITEZK5rNd.jpg,373,926,463,563,649.5,513.0,553,100
vCg6SLUCwKQ5GKp5yds_ml6QR7bVp2.jpg,386,759,479,544,572.5,511.5,373,65
vcJruwJt86P__zN_1WzeVvBbE1CBuYoI.jpg,420,825,419,482,622.5,450.5,405,63
vClsKVokVdyMOlZsvHiTaLd_7SgtWu.jpg,339,658,443,503,498.5,473.0,319,60
vCmX2EbTTCjqhXo_5C1zihHdz8xP.jpg,247,788,469,547,517.5,508.0,541,78
VcNYSoPG5Xyel9RpzZ8Wtib6P6YBNXoM.jpg,515,813,428,488,664.0,458.0,298,60
vctJXMzRxMZr2rYQlHNrE9dpOTbyIR.jpg,480,869,517,587,674.5,552.0,389,70
VcWFLG2VrXcG6W5kpMgJNGkpXehUz.jpg,384,859,424,498,621.5,461.0,475,74
vCYUfzKCCHDIB4VwqbNOrn_GUonIuMG.jpg,405,1054,499,606,729.5,552.5,649,107
vd1ve4UGldLEmljLOmg1PDQ2bouP8t.jpg,430,943,455,529,686.5,492.0,513,74
VdCgk4p7DOFF2iQ8OLK9UO8NBfdobi.jpg,391,801,436,502,596.0,469.0,410,66
Vdh6Wh3kyCHd7cCgrj6CJwD44bbUffyt.jpg,391,682,433,486,536.5,459.5,291,53
VDHprbtsh_ubMTHJFl4vnLdwOrx8KX3W.jpg,402,931,490,573,666.5,531.5,529,83
VDjKb295W9OgGoRKtISk1zKmkcvvfOq.jpg,305,814,460,535,559.5,497.5,509,75
VDkxbvS3nq5i4U1flRKTUcGY8eelamq.jpg,229,987,519,641,608.0,580.0,758,122
Vdl2IvVTcOkwTgLN1zo8yyfwF9mk6JW.jpg,372,868,446,518,620.0,482.0,496,72
VdpEidfbH1shzUp5Z39NGuL4JCathZQ.jpg,403,907,451,526,655.0,488.5,504,75
VDsgxtV_tTjmdgiltvC_uvZoU81k.jpg,325,872,466,547,598.5,506.5,547,81
VdTRt9WzD5KSmtwH_XiJtouISt7uNM.jpg,341,676,459,519,508.5,489.0,335,60
VdupOpnUtL6rznRHrIPKNlvUIek_xLIx.jpg,418,790,466,530,604.0,498.0,372,64
VDvekpGfEJM5H4_SuKs1go5MoK3p7rd.jpg,437,776,483,544,606.5,513.5,339,61
Vd_vkLsFhuz38Ci4E7uT_JPZSZ5gDrQ.jpg,266,791,456,533,528.5,494.5,525,77
Veame3vDcbwzXWR2CczR1zLExnpgUhUD.jpg,285,776,445,517,530.5,481.0,491,72
vECDeC7JLNaW_MG_ZJH5PgU9dLPjFOlm.jpg,423,840,423,487,631.5,455.0,417,64
vEE9N3Lz9bTcSmaTH8jftxe9wqoygNWy.jpg,412,829,455,521,620.5,488.0,417,66
veigGns6n4MOC6rhkRl5oHi8DK1a2Q.jpg,335,709,482,547,522.0,514.5,374,65
VEm2LNIKYMRoVtqPG3jBmmpGqlSieBp.jpg,433,963,494,580,698.0,537.0,530,86
VEqMXfvxZjq829NQ8MXwUpZ2lr6v6GR.jpg,306,847,459,544,576.5,501.5,541,85
veVV6bMiqaTvQEDg3pCELm__kqpsSiqy.jpg,314,880,510,592,597.0,551.0,566,82
vF1P3SiwLu9Go5EaeJxsfk_bZ7EPfD_.jpg,293,865,458,541,579.0,499.5,572,83
vf3UieziwTQ_a4EBMStlngnfPxFYHvm.jpg,374,766,440,501,570.0,470.5,392,61
vf5__UCpzcgNPmgDCwuCNsf8Y4nWUB.jpg,345,656,435,493,500.5,464.0,311,58
Vf7BhxUYZ6qlNjuPVwjr8U_lBn8YQJrF.jpg,321,806,446,516,563.5,481.0,485,70
vf93wMkfWkotSo4DjyNG7cJJQm4zlx5p.jpg,354,737,414,476,545.5,445.0,383,62
vfGpaiybqJCJR7XBjVztwDcU3v8i4.jpg,416,806,409,473,611.0,441.0,390,64
vFh7Oke6ypYucNntkme2zPFZa1_Up.jpg,401,758,459,524,579.5,491.5,357,65
vfjI4UrJFPXhaDqi_BBzRwC9ZB8bCb.jpg,351,833,481,557,592.0,519.0,482,76
VFjx4vP3CiFv7m36hE7wWa3JeaTF42E.jpg,370,925,508,588,647.5,548.0,555,80
VflUgacfmk5edGKJUBmkuqS7ZgOtZf7G.jpg,414,800,416,476,607.0,446.0,386,60
vfmq4Y__rBRwQvyNSbYKFhLedrYaIHo.jpg,394,915,495,568,654.5,531.5,521,73
VFNCk5QkjucXJGF4fsHqbw_qOMXon1j.jpg,373,861,451,522,617.0,486.5,488,71
vfOrfZa2Tcm_lpKNOzDbcRZ3zpzDMP.jpg,325,756,425,495,540.5,460.0,431,70
VFS2LOLvRivtdiPg8P3LKjfjIyJ4Iy.jpg,386,825,428,499,605.5,463.5,439,71
vFYLFwyQhGYJPh7GV67Gu9Y22fxi8c4.jpg,448,943,484,559,695.5,521.5,495,75
VfzXKULwkGceUhQ4lOWGO3RJoRhjlbk6.jpg,389,822,457,524,605.5,490.5,433,67
VG1qbQjS66zT8qdK3mdBHQlUyY8Bd26.jpg,272,928,501,611,600.0,556.0,656,110
vG1StK8m1vpmfI2mafWeCwpHrkt3qGPT.jpg,396,851,433,502,623.5,467.5,455,69
vG2pECWz4OEXthQTnWccXI4G4i1EZK.jpg,445,895,433,504,670.0,468.5,450,71
vG4gXayqeN7oKtXSuK9SScU_ECbzVo.jpg,403,936,500,579,669.5,539.5,533,79
VG9MXCq9k6FdfyIq6uJrPb7z22LcI.jpg,454,793,431,497,623.5,464.0,339,66
vGaJqhZlZl4X9v2sR8tpGBgHWYanKuHv.jpg,428,725,429,485,576.5,457.0,297,56
vGcTdyqtYQFbr6NSr952deKmi8aZtR.jpg,430,1036,522,609,733.0,565.5,606,87
vgEwOYd2YFVCFITJYT8DutSdWJre.jpg,351,803,426,499,577.0,462.5,452,73
VGFpQuoFinJJpkERD2EUps37gYumFb.jpg,412,820,525,596,616.0,560.5,408,71
vGgQxOCKVt4K12Z5McKVTlfRYIRlfcCD.jpg,260,806,480,553,533.0,516.5,546,73
vgIlICoQlN7vJZpeC3dJIgSPKbs8XcT2.jpg,310,752,429,498,531.0,463.5,442,69
vgmmSUyg1JXtVy9Wc3KODFr4KMCGkWXX.jpg,398,890,449,525,644.0,487.0,492,76
vGPPV6vSJus_uoUTov4Brm8jeQ2Fcf4.jpg,460,760,461,519,610.0,490.0,300,58
vgTTbXyxhcX6QJd53RnzoISg4CS5WwK.jpg,373,669,454,512,521.0,483.0,296,58
VgxXYWE_Gb7REqpID9kaYUsXKpneOU.jpg,526,926,413,477,726.0,445.0,400,64
VgZyxOwlrgW1FpIrvWLZE43mrJeWwYM.jpg,402,801,418,488,601.5,453.0,399,70
VhagIgOp3fnZWyZi_WBwtS6QPZ2jmcW.jpg,318,765,434,503,541.5,468.5,447,69
vHCJXKjEoqpNtPDabWtMudgJJG19C39.jpg,438,789,451,517,613.5,484.0,351,66
VhcLZGZ4Kil9QoTZWxr2Dcj5cD4w8Geb.jpg,372,896,497,573,634.0,535.0,524,76
VHcNl1szZjubpkiYwVE12IH58PTFM.jpg,484,920,426,493,702.0,459.5,436,67
vhDQ1UMigfTh8sCVPzjdFJBNm8IpU.jpg,462,901,430,498,681.5,464.0,439,68
VHdytxIZm_DsoLFIhKR5wChfEFcfh.jpg,455,882,412,479,668.5,445.5,427,67
vhlTVOlHdugTYnEGsSoQgMbKtjNCWeI.jpg,312,991,555,656,651.5,605.5,679,101
vHQibwYSYWasN8Gik96kmJe56bXiW4n.jpg,412,1102,476,621,757.0,548.5,690,145
VHSRYf1thf1bjWnsByiZp9m8ELi6Vf.jpg,363,908,494,576,635.5,535.0,545,82
vHSVxk9CKmuRRZuKNkBx5urnNlHLYv.jpg,323,856,457,538,589.5,497.5,533,81
VHvJfntnBgkG3iMmd5QvnNN2lFQk2e.jpg,336,643,430,490,489.5,460.0,307,60
Vi2jvH11JEY3YL2xcrr4QUTMIDIDDzw.jpg,460,782,438,499,621.0,468.5,322,61
VIc4FLwYDRFZxERLOCjV2XwgWYqefm.jpg,180,994,557,687,587.0,622.0,814,130
VIDfse9vljn1c8s4CEJMymZaTeaSVt1N.jpg,451,996,503,588,723.5,545.5,545,85
ViEFmKw7bSNcNXGyqlJQMV37oG5qX.jpg,424,753,447,509,588.5,478.0,329,62
viGhOYoE_hCk_wlYjWXcCnS8wj2Myf.jpg,379,710,455,516,544.5,485.5,331,61
VIijcdKdFQ3wKFOPOpE8H7CDEPT39yx.jpg,370,956,483,576,663.0,529.5,586,93
VikJNj2ophGhBlgpKzQMDjE3uB8w426.jpg,414,790,498,565,602.0,531.5,376,67
VinbJndXgioZ9fzifiGng4Og2rPGlFT.jpg,380,777,454,526,578.5,490.0,397,72
VIoiZtjOPBOIDNmdBrSG6YSpi2JLcTX.jpg,476,829,483,545,652.5,514.0,353,62
vIP8j87XQQbWlu4ItGCW1Z64OYknVKc.jpg,468,833,490,556,650.5,523.0,365,66
Viq9mQpnYzHWr9X5pU1jmuyguSGbZmc.jpg,401,733,458,520,567.0,489.0,332,62
vIrRkaHBDixgLUVwoWTQNRli1vLVG9.jpg,198,870,531,643,534.0,587.0,672,112
vJ4oDtjVIr7_SDQViBVhzd6WipuzWr.jpg,362,822,465,534,592.0,499.5,460,69
vJBD5k3dqWQlZq9IZ7jGaGBYO_4fq.jpg,281,830,470,548,555.5,509.0,549,78
vJhHQLXUGybEruB6VxGccQNkQeBoNN.jpg,459,881,430,497,670.0,463.5,422,67
vjiGF5vNOfpMw6Tsp4crSu6zZCNVN.jpg,439,887,428,495,663.0,461.5,448,67
Vjj1MDCaiIpQX8FYmqLo1mxOcqoi7in.jpg,375,890,492,569,632.5,530.5,515,77
vjJtjPSU_6_Q6wwSJJdjuOY4z4gbB.jpg,247,826,478,567,536.5,522.5,579,89
VJP9iQ14l1rzjyrQkwFrVy7XeYf2m.jpg,477,798,452,510,637.5,481.0,321,58
VjPTvZeDVo344ROnCZvlKQJRn7fuXpQ.jpg,440,745,434,496,592.5,465.0,305,62
vJQjKtx3jVcRKWIUZD_8E3mdd99.jpg,336,887,470,564,611.5,517.0,551,94
VjQWuPK2rcIrelBJgOkIq3Yk2vB7EP.jpg,208,789,507,591,498.5,549.0,581,84
vju8oQaGG59nPT7yHZZr9is6BfLZjC.jpg,282,778,432,508,530.0,470.0,496,76
vJxUpjwec74Z3d62Z1rGNu7jtvXFk.jpg,208,574,479,542,391.0,510.5,366,63
vJyfJ42LlewVyJH_LHVKk9Ba_JO3TqU.jpg,287,865,471,563,576.0,517.0,578,92
VK6oH8HgHnTVWUMgfi6HtP2Xu3ZgNb74.jpg,431,875,428,497,653.0,462.5,444,69
vkfW7sQoKdzUvDzkuIPvSNKcoTQy1m.jpg,376,924,466,547,650.0,506.5,548,81
VkhuBKNlTRKmTOyLvHjQUOTCpQrgg1G.jpg,389,867,441,513,628.0,477.0,478,72
vkl8h1EwFK9b8w_bVGz4vZkMsTHHILV3.jpg,396,862,436,505,629.0,470.5,466,69
vkMGjWOIuTzEfVxbtV4CGG_qab6U6so.jpg,351,891,463,540,621.0,501.5,540,77
vKnxpj3497U5ebd9nZ3CP1CICaUXx.jpg,445,1014,512,600,729.5,556.0,569,88
VkZ7kPIjfMT6boD2yGWzHCY47LbCfd7I.jpg,497,789,424,482,643.0,453.0,292,58
VL7meaRR3yBMBx2NwFBdEHyNdJoHmk.jpg,455,848,496,563,651.5,529.5,393,67
vLbPuKTsyxYjslVjDejq7Mx9aboRd9.jpg,378,897,458,534,637.5,496.0,519,76
VLEUyO6SuIoWE743ThcmbeuUOZZOt9Ei.jpg,384,669,431,484,526.5,457.5,285,53
VLhTuNXN_zoWbBDsigimMWFlYNDI36.jpg,345,774,424,493,559.5,458.5,429,69
VLI8HuyqORl_erE3dQbvdJ2QmvXf7.jpg,312,950,505,594,631.0,549.5,638,89
VlI8uqfnx6ariFCgV7MImcOBpFCtSuO.jpg,362,858,453,539,610.0,496.0,496,86
Vlox8RYyWFbtG51p9eYLMWbrRWwQ.jpg,415,892,442,512,653.5,477.0,477,70
VlQf7g4uenzEi5zifipqOtZSgybggt.jpg,384,834,429,506,609.0,467.5,450,77
VLqLyvxHED3HKEpOssLHszgZxfoJgV6T.jpg,364,933,482,571,648.5,526.5,569,89
VlT3xBqs4ic3Cl1DdbwxCWZ9w9xbEzN.jpg,397,936,499,583,666.5,541.0,539,84
VlwXhplxjT3KBUgXodN8uFc9E9Yr.jpg,403,951,499,582,677.0,540.5,548,83
vLzoEDjnCrC56rZjmka3aLn3y6PFgI8P.jpg,267,870,478,565,568.5,521.5,603,87
VM3oKlR1Lkvf93SFd6WFV1NdlDDM9.jpg,361,738,445,515,549.5,480.0,377,70
VmcPiPNJLWUraTFg1fq6HC7C6Xze.jpg,457,779,473,532,618.0,502.5,322,59
VmcVtKqTC5teTpXjVFQGXioGYn_fDiw.jpg,418,808,413,478,613.0,445.5,390,65
vmeXiP8M8K_nzfEI9i9cjGf4v8N.jpg,426,869,460,530,647.5,495.0,443,70
VMfZhC3i87bWkdKnOtM9QfOedjWkiP.jpg,422,901,436,509,661.5,472.5,479,73
VmL3LOOW_O1u8JzhfKD9Zego8vbTBnj6.jpg,410,703,437,492,556.5,464.5,293,55
vMRHVFaNlcmLCJSu1k7_mbNKgmhwRq3a.jpg,419,957,462,540,688.0,501.0,538,78
VMrMtZmDQgl_CKRvyYm3wmYBaG_o3bs.jpg,425,805,476,543,615.0,509.5,380,67
VmRwztoJLUvdsIGL4ib2Hvuc8dq6OSad.jpg,418,891,476,550,654.5,513.0,473,74
VMUczMXVt_yRZ28Z_7SQZOUYYJXwZt.jpg,341,648,459,518,494.5,488.5,307,59
VmVkr3RqOgEdVmcscHPOejuo_d_RGk7.jpg,452,748,459,515,600.0,487.0,296,56
vn1ZePjSZDJFWkez_GzcfZjgC9d9D7.jpg,405,928,500,579,666.5,539.5,523,79
vN5VBSbN1rNkiXpVJL_xTI6gc9RqIPq.jpg,386,820,428,496,603.0,462.0,434,68
VN99B9daq6tykThwaRvtI9HhLHgoS.jpg,375,935,479,568,655.0,523.5,560,89
VNayhLdG3N79cvQttfxiMIvBJKS7YaxF.jpg,355,875,482,557,615.0,519.5,520,75
VNevLshHffW7kKN6BS5BR8k5mgQdmmc.jpg,339,770,418,482,554.5,450.0,431,64
vNfeg1vJwfWDEl2Xe5SKofTRKc44d5D.jpg,282,983,520,627,632.5,573.5,701,107
vnretmkjlC4xLZS8qoWmywwrl4b4ml.jpg,268,708,451,517,488.0,484.0,440,66
VnsP2jSDKdPET9D31kBcX2tTcg5CfO.jpg,330,649,439,502,489.5,470.5,319,63
vnSZxoMzKnujkgvEgaIRuLgIntmo3.jpg,389,792,490,558,590.5,524.0,403,68
vNVKHm63qiVPksInbtzDINwMdYehTZX.jpg,332,960,469,556,646.0,512.5,628,87
VokWyMWiRxaNcKDj8YeSGnozGZDRw.jpg,230,827,492,573,528.5,532.5,597,81
vOl8PR8cszMjczgPyHF5_3kUzY4Lcpcv.jpg,311,870,477,558,590.5,517.5,559,81
VOlJMJ5vQVMWkm5MbmaQNGqfQ2MTU.jpg,401,837,433,502,619.0,467.5,436,69
VOMMJES1q9_NnNjw9u2YuBaSYVBqYmRq.jpg,299,873,461,548,586.0,504.5,574,87
vorDjnjNaf9WkrvcL_hPMIsjZt5QUZD.jpg,460,962,486,564,711.0,525.0,502,78
vp1wBIzL7zP3y_xU9uEY45KtmSlJjU.jpg,469,795,474,537,632.0,505.5,326,63
Vp7FnduYoIrbvbE9jJLqUiivda6ReSx.jpg,370,837,438,507,603.5,472.5,467,69
vpbXOg1voPVRIlcBQCKKZk_3nIRRT.jpg,419,783,498,563,601.0,530.5,364,65
VPdUi5EmcsI1WTYspSCIN_fqLhG7Zawz.jpg,423,758,480,543,590.5,511.5,335,63
VpF2ByeqYwC5e9kSxVEYWhdXUJ2Ch.jpg,377,817,430,497,597.0,463.5,440,67
VpPCpDz_FVwQws9VybdzpjdUNJJvlJt.jpg,473,928,430,516,700.5,473.0,455,86
VPSK33mpFw7_9aM3t7tsrWZWwGRt4hki.jpg,478,778,449,504,628.0,476.5,300,55
vPT1WqEbYuxlQf5NodFnYyD4QlHtlLw.jpg,443,875,428,495,659.0,461.5,432,67
vpyyoQEPidaSqJotOhlZ8npwsztPD.jpg,286,814,456,548,550.0,502.0,528,92
vQ5dDXo_NzF44vUwUwjlkYqzVOUM.jpg,383,972,525,609,677.5,567.0,589,84
vqgoqh6kbODR7LRIglflc9yQUv8DlefC.jpg,357,801,432,503,579.0,467.5,444,71
vQkJ8RtZvj5GrSKfPH3O6vRyLVW7OJ.jpg,257,1142,586,722,699.5,654.0,885,136
vqkZjiG6CDP2azBXDajMTFnX9qqCvcWm.jpg,480,746,416,470,613.0,443.0,266,54
VQq4nVQrYFTuvYuqgol_KVzDHZcRLom.jpg,339,855,458,533,597.0,495.5,516,75
vqq6r3Ck4Rez9ORVJIQlJXlujo.jpg,270,832,472,576,551.0,524.0,562,104
vqQzGwtzaKsspW_pW7fS1R4urLtszq8.jpg,337,849,450,528,593.0,489.0,512,78
vQU8w9RbspMo4kUiSF6pgn7thUwDp4.jpg,276,742,458,530,509.0,494.0,466,72
vQv_qDUbRC3VrMpRUeN_4BqgYWLvd32R.jpg,441,939,476,553,690.0,514.5,498,77
vqycxbrraaMBrpubVOorIcFTB4zZsdl.jpg,349,933,465,550,641.0,507.5,584,85
vQYTa5xPd_cc64xJRpUFkDliUisUN7c.jpg,185,664,466,559,424.5,512.5,479,93
vr3kIWHrTRmwmZipX11uYiH3yE14Erp.jpg,479,812,474,536,645.5,505.0,333,62
Vr6fVHQtFPcDBIGVphQS4X6WgRNaL_.jpg,437,757,454,514,597.0,484.0,320,60
vrc6JMR6lDCgQTim8elTbmSJkXdfEj.jpg,435,789,489,555,612.0,522.0,354,66
VrF1Y3CvHiGsnVoxUir4Nsq5CyMBz7f.jpg,407,861,464,535,634.0,499.5,454,71
VRjm9jd3pasQEcegCMrQiedaf_ziu8a.jpg,448,982,500,582,715.0,541.0,534,82
vrMmFjPeYcogalhzlGEOoObIUWWVe5T.jpg,401,869,471,540,635.0,505.5,468,69
VrN6WfOOdQBLv5MtphV7UwEQNIumXky.jpg,339,768,428,495,553.5,461.5,429,67
vRpB4N7o7FJbSrFVD6w_GZTeLkENyU.jpg,445,996,452,544,720.5,498.0,551,92
vrPtKtE2qzJw8SdnILOU7W9XTqK8Le.jpg,435,1074,464,562,754.5,513.0,639,98
VRqUHhGS4ZyEeZjeHmQEsHrabEL_dxm.jpg,295,672,452,524,483.5,488.0,377,72
vrSJzFJM3dTx3qa4NUgRgaWwTgc2RsY2.jpg,396,952,511,595,674.0,553.0,556,84
VrSlotMtYFWX9kKMYcJPH3QqoXNCGBVl.jpg,310,815,479,553,562.5,516.0,505,74
VRXe7DYzoZCGdkVKEzU_SjsaVDwJe8_v.jpg,394,924,458,536,659.0,497.0,530,78
VRYf8uRLNWRIbh2lYnWyFjpzesEpOMVV.jpg,412,911,457,529,661.5,493.0,499,72
vrz41nulwipheVX6d_wUg4wHveHaZo9.jpg,410,924,496,570,667.0,533.0,514,74
vr_Nn_BlmIpNYhNxtrTQyZN_RVlu.jpg,281,753,469,539,517.0,504.0,472,70
VS4WuNv_gUfXf6o1E_7pSiySRRQ3U.jpg,346,916,486,567,631.0,526.5,570,81
vSIvzp6_YkwT15NhSz9a3v92jINBV1Q.jpg,456,784,453,517,620.0,485.0,328,64
vsOIu8Imztco5isBytpfvJdr1Mz_et7.jpg,491,933,430,499,712.0,464.5,442,69
vssoyZN6aN9TlZDcxNGcCMlDOSnCPQ.jpg,331,859,503,581,595.0,542.0,528,78
vTCmCZRURVSPmVDsoMGSfnJZBH1ZdI.jpg,418,897,483,552,657.5,517.5,479,69
VTDDOzJKydqCmV4bK4cElxjW_EhC4vV.jpg,308,832,485,562,570.0,523.5,524,77
vtDpXMQ7heknoXrLEZ52fcTqMdiJKqbW.jpg,392,872,480,550,632.0,515.0,480,70
VtjPT12ZaePp3GtS_H1nI9jWFCTrlei.jpg,455,791,475,539,623.0,507.0,336,64
VtpLwbLzZ4J2kpPiEERPppuCBo9xlo.jpg,391,846,463,536,618.5,499.5,455,73
VTYD8ozh6XtjZvqzrF1YHzkJzzgO.jpg,409,847,455,522,628.0,488.5,438,67
vtyk3fZdWewh8vLTnQRhuf_5KsrCHm.jpg,407,920,490,566,663.5,528.0,513,76
vtZfLiPqHMpzBojs9RjYHN9_vpg9pIK.jpg,374,956,478,564,665.0,521.0,582,86
vu61YLaONZhxNDfd3dSXnrkoIDaR.jpg,351,773,448,511,562.0,479.5,422,63
Vu73dC7IPkMW4RhCvLplNVIw_IyyWk.jpg,401,848,469,540,624.5,504.5,447,71
VUaK5QoR2UDiV6oj7QDGK6kIlhFq6.jpg,445,856,450,513,650.5,481.5,411,63
VuCtwl56vwi9KFSVQ9BTiiqikXKwvO.jpg,431,917,453,526,674.0,489.5,486,73
VuE3i9bk2xv_PSaRlUrbBuUofqsaNb6.jpg,381,899,478,560,640.0,519.0,518,82
VugKnZIuxDlCEUMHv3G6mVaUJ7uYEcbJ.jpg,354,878,502,581,616.0,541.5,524,79
VuM_V8zfT6I4_EmrzuWpuosjP_8X4OF.jpg,399,825,427,492,612.0,459.5,426,65
VUwKPThweKo4V7_KtBbUbRSJTBBrgbG.jpg,446,943,481,554,694.5,517.5,497,73
VUxJFIuGv18REcHwzp8ZzkDYs48EqUc5.jpg,380,661,429,482,520.5,455.5,281,53
VUysrwd4mrMEorh7irXzY1XGruevP.jpg,383,1008,534,626,695.5,580.0,625,92
vU_DrBeyLVXY_7iLZWyjjRxTmHe7gn.jpg,254,710,454,524,482.0,489.0,456,70
vu_rGr4cGXalfptkkfkUI1654nRtT7.jpg,335,885,504,580,610.0,542.0,550,76
vv6j61vbcRaHPq9f1_ajl5VFem1jnTi.jpg,285,824,501,579,554.5,540.0,539,78
Vv8QopdznE1Q3K8W5o28FREoiwCqY.jpg,330,752,426,492,541.0,459.0,422,66
vvgocuEJ9tU46bHpdPdHMu76wnJs4TL.jpg,377,809,457,524,593.0,490.5,432,67
vvgyYENX2t9r_uVkjVE3rvzdI5jZ_2Pc.jpg,396,934,504,580,665.0,542.0,538,76
vVmYFgPjqjMQRIRZZe6orFNZlc_uyHd.jpg,319,822,483,557,570.5,520.0,503,74
VVujl2zJzNYFUysjvTlk85cF24D9xqW.jpg,462,874,454,517,668.0,485.5,412,63
VVvI4JWLPU4gOPpl7SBamWHCMZDs4bV.jpg,387,845,426,495,616.0,460.5,458,69
vVzjXdGad2TutSmJP2yqPyIFfso.jpg,341,895,474,553,618.0,513.5,554,79
VW7M2BDos7cJUZRLhorfRC5Zi6apnq63.jpg,414,862,433,505,638.0,469.0,448,72
VwCm9iwqbjQVgS7S51rNwuMUxY7X9HfD.jpg,340,843,457,530,591.5,493.5,503,73
vwEK2SxDN7rPHUTXxcy1eISRsOkqb.jpg,412,714,433,491,563.0,462.0,302,58
vWfIR4Hn8nWH8qHbedgbUPHLuC35Bxl.jpg,333,903,471,551,618.0,511.0,570,80
VwFpqlTUdg2fkSinx1VB1JvP8HBrZ72.jpg,249,785,453,531,517.0,492.0,536,78
vwGlWL_s5hKJvy7ylrp42MS1aZ3mJ2.jpg,474,876,415,479,675.0,447.0,402,64
VWI6jMgTRHmEZvuQzTbZJ7lvcRpkaYp.jpg,396,924,455,536,660.0,495.5,528,81
VWjGyL34XmENllOCafL4r76OqlWtaSK.jpg,343,848,488,563,595.5,525.5,505,75
VwKtqmFgaEeZvGpTW7CdxkDtyIviBDa.jpg,407,682,425,476,544.5,450.5,275,51
vwlklDI2LcHfoBrNzvYNGCvLe2iV5Is.jpg,393,835,433,504,614.0,468.5,442,71
vWLMXaw_SHu669bfMREwORmDb1If.jpg,420,724,429,487,572.0,458.0,304,58
vWN4eYWoMsWitc2Fm8Pc_hIobrevTVfP.jpg,405,725,451,512,565.0,481.5,320,61
vwq65CPDd2tGqq4NBFwLHtCrdjED.jpg,266,1003,523,627,634.5,575.0,737,104
VwQsDUWwQFg6HyvdtsntIrhN1IZJ1DIJ.jpg,435,721,452,506,578.0,479.0,286,54
vwrvz3631vII6hjGLgOLQa7flmMLb.jpg,414,919,456,530,666.5,493.0,505,74
vWSiDGMqTskfRum12UZ7Tn74K8OMRKr.jpg,442,805,494,561,623.5,527.5,363,67
vwsRmH6RpPkW4v7d7D1UIi9X7_rZjNe6.jpg,456,819,465,528,637.5,496.5,363,63
VWUOp3Kv4eJDfNbup3KlXoboRTfXtc.jpg,396,844,463,531,620.0,497.0,448,68
vWx1hvjrlqhGWK7Fq61d5mcQm6hxxS8.jpg,350,749,421,482,549.5,451.5,399,61
Vwx4YFiLw1wRiJvFlGbuD5ftH3pgtVd.jpg,345,880,458,535,612.5,496.5,535,77
vXaRmiTwtXltSDLhcKMFn7NfDgO2uS.jpg,327,912,476,564,619.5,520.0,585,88
vxc2cOXygUYafWsXwlI9NndcXJoKY8.jpg,421,975,462,545,698.0,503.5,554,83
VxLETRZgCNiECxrfgLQxeYZu7rK2Of.jpg,353,941,528,611,647.0,569.5,588,83
VXuBs7R8drnG1MLggNEpOiUyrDemH5xV.jpg,368,651,429,484,509.5,456.5,283,55
VxUGOHPcj5yjffnpqtw1rZY2H6dX72.jpg,376,934,471,554,655.0,512.5,558,83
vXv6qMb6E2aSBgfkGcolNjuneYFgy.jpg,498,815,450,511,656.5,480.5,317,61
vXZjnMxrsiqzZSH4qYr9r7HU6rxRCUo.jpg,508,865,487,551,686.5,519.0,357,64
Vy4YfTah3g8kHUkjIGZWDJCBt1PL8o_k.jpg,391,966,474,555,678.5,514.5,575,81
VY9Q_Lnc5f_VzksbK1VN49tiecRh6i.jpg,325,1017,512,627,671.0,569.5,692,115
VYcRH4g_MrgONnoQCxRUnfkTFfXDV.jpg,460,791,446,510,625.5,478.0,331,64
VYDDYUP2gRZxQLthdq33BTVh3JGpMVC.jpg,325,757,444,509,541.0,476.5,432,65
VYE6zsdbaPUiQETyblvO8DovL_5.jpg,419,875,413,492,647.0,452.5,456,79
vyejolJ19SzOTIlKlzKvakVRFc2ttHNw.jpg,361,802,454,521,581.5,487.5,441,67
VYeUioUkGyKcKNgLHj9FktswMhndQ6e.jpg,381,725,453,517,553.0,485.0,344,64
VyNyuuvxP7PS8pzpgh9SrxuRo7mCF.jpg,424,937,488,565,680.5,526.5,513,77
VYoug6dKKsIQRnY5EW63NdXQ5pbhOl3.jpg,369,865,446,525,617.0,485.5,496,79
VyP15pL3XLm4pu5CJVwX19OClUy3N7R.jpg,258,841,425,527,549.5,476.0,583,102
VyUV9dhBH7GtvifVJ9HUrOnglDDbOy9.jpg,456,738,422,477,597.0,449.5,282,55
VYWBa4XRhKkquiwyI4OVIHquet9yeOt.jpg,316,756,431,498,536.0,464.5,440,67
vY_9QMTk8uFvi9OEtDWeRvzeFcrHdwN.jpg,461,766,462,520,613.5,491.0,305,58
vz3xdBISIOsWK61DkTguoSY6hGt3m.jpg,358,666,432,489,512.0,460.5,308,57
vz4jKshlnSR9j937Dlt5ZFglSUjWQS2.jpg,432,807,458,529,619.5,493.5,375,71
vz8atGPi5nfVvMY6RrRhFtayo4zwyI4J.jpg,444,979,502,589,711.5,545.5,535,87
vzbo_VkSbFIrUcICnVxp8BUyNS9IF5GW.jpg,402,901,446,520,651.5,483.0,499,74
VZFwajMRzPPojSivomtLixyX5Um2aaI.jpg,145,819,496,589,482.0,542.5,674,93
vzGDV2nvxYoZX2ROctHdPv9lzyfM9lrS.jpg,465,900,460,526,682.5,493.0,435,66
VZgewRM3DgPx3G4IijckSdZm4_h_c7.jpg,449,821,463,534,635.0,498.5,372,71
vzmcll2yHPO7a2NUHhneggfyZSY9Z.jpg,397,950,507,590,673.5,548.5,553,83
VzReFPMDNngda8wqCu8BZ_Uyag9aBYo.jpg,386,856,445,515,621.0,480.0,470,70
VZrf_nBeX71m5CdtwbsUHCjZJgKgT2.jpg,218,713,476,552,465.5,514.0,495,76
vZryFQ3jKZmblIpuxSulHwzluIRsa.jpg,446,891,431,499,668.5,465.0,445,68
Vzvl65RmO5DrqjQ8U_r9gc4XqPGCy8I.jpg,426,777,487,551,601.5,519.0,351,64
vzwMPwo9fw_Rv3LEL_Rlx9msI12fih4j.jpg,353,845,490,562,599.0,526.0,492,72
VZw_YJw2ynI8mhPQjkEIrGtoSPbJvL.jpg,374,873,450,534,623.5,492.0,499,84
VZxcKQeQ8RCFgxh196eeS7i_1GQIOo6.jpg,391,892,447,523,641.5,485.0,501,76
v_6UC9wd1rttNtSgJua2gZL2LnMs5.jpg,326,853,458,538,589.5,498.0,527,80
v_8obVFMKat4wGIrgjdf8wP5XBngMyC.jpg,392,941,462,542,666.5,502.0,549,80
V_9nhQYbgBRin9t3YeKsoVbRuzbBK_cK.jpg,422,796,509,579,609.0,544.0,374,70
v_fIsB33xehw9QZDJ5xtCe25uzgYj7.jpg,461,798,482,545,629.5,513.5,337,63
v_m2VOlDfjHiwBahvp18sBfhNK4m83T.jpg,469,945,480,552,707.0,516.0,476,72
V_oVoDJQKBVk_IUxi13Bto9C34XE8fa.jpg,397,921,459,542,659.0,500.5,524,83
v_WxI4iKoKbGKz7kDUHPn_GWHDB9Hd.jpg,524,840,460,525,682.0,492.5,316,65
v_XSmXtXFoOv6BJNwW3j66Jt2WXC7bZ.jpg,319,810,487,561,564.5,524.0,491,74
v_YbF88XcwPNok7ujZddgiNZBttIkVE.jpg,378,830,470,536,604.0,503.0,452,66
V_YU1whM_dxYC7JZXW92bNlb6v6SxEqw.jpg,428,940,455,533,684.0,494.0,512,78
W14ZmT2EpspbfxBbiQ5Hu4aGp6mIh4.jpg,459,833,468,533,646.0,500.5,374,65
w1qpJjM38ClXelQOx8l8wV4LNXcniwN.jpg,364,654,421,477,509.0,449.0,290,56
w1ZokT1mCqIzkoiHBslpO1gCcsL4RsI.jpg,480,848,464,530,664.0,497.0,368,66
w24T4phwCu3l3r8UChcwr3vxG9Du4h.jpg,471,770,455,511,620.5,483.0,299,56
w2BCKeFkDLQZTcSVveNrJ6YZj_xBo.jpg,409,803,412,480,606.0,446.0,394,68
w2NrJjgr1JC6MyrR3rnIZtJNX6otj.jpg,266,774,451,529,520.0,490.0,508,78
w2SR36sLeE8qT2XQnHmM4zuf9vsEUDw.jpg,376,939,467,572,657.5,519.5,563,105
W2vGU_cmbhpax1IQNP5R8dpUzKMsBlR.jpg,396,804,448,511,600.0,479.5,408,63
W2wv6v2HccfhkpUmIG6B_8_iNFNa21Z.jpg,407,1007,479,565,707.0,522.0,600,86
w32BJJLy6i1l1OsRUHoQ888oGakeVHgZ.jpg,222,937,516,623,579.5,569.5,715,107
w35wzVi8vibXVxj5dCgvPCCvivLuEaE.jpg,481,762,436,492,621.5,464.0,281,56
w3cLffYrv2WWcSQBzZT5gmDefB3XZTI.jpg,332,758,428,494,545.0,461.0,426,66
w3EYBbDOIxOoFhVEeYtaIg8ZJap3NaBw.jpg,320,909,523,602,614.5,562.5,589,79
w3mGL7aFtBJvZD6klcR6v8lZGy_9m4w.jpg,408,931,494,573,669.5,533.5,523,79
W4fTOtVWmIJ46ziD32wdRKp_hegQHXD.jpg,424,723,435,492,573.5,463.5,299,57
w4ImgOdFQyYNNNmYhMIQrWVKsTTyW.jpg,195,722,488,569,458.5,528.5,527,81
w4knbYCwIaNerUTX5W_dgIglttq42g.jpg,349,872,455,532,610.5,493.5,523,77
W4OdGTOCcsZvzVhsiytvxHNC4qyy743.jpg,475,1039,468,555,757.0,511.5,564,87
W4PashzCU1PyZMJ3KBiQ1TLmo6h61mbf.jpg,440,855,418,485,647.5,451.5,415,67
W4QBFQtMKaL1HzmHr4wukf2aF396S_.jpg,505,790,425,481,647.5,453.0,285,56
w4QIUQlzvkFRj_JurcQ4cv6cBHIlSP5.jpg,432,799,440,507,615.5,473.5,367,67
W4quIZqtLMfc1x1L4sUDuwTMatBsX.jpg,358,885,487,565,621.5,526.0,527,78
W4uk_g3sOKmuODEv4KwXYicpSNBDku.jpg,334,860,459,536,597.0,497.5,526,77
w4_KmGuFnxFZT52ojGQUYcOC4upn_tS.jpg,436,897,433,504,666.5,468.5,461,71
w5cSx3tcZSodzQGpvWj7sD5m5PB8QPI.jpg,313,876,453,555,594.5,504.0,563,102
W5enqztm1ZZN5iyglaS6HJ3zQQCxEPh.jpg,308,742,452,517,525.0,484.5,434,65
w5IgGx8ktTVkRcQNz6kGw6ixzbsDB.jpg,356,810,462,530,583.0,496.0,454,68
W5o5uK6LLUYoVk8kTB_YEoaiFnWTTz.jpg,390,782,519,588,586.0,553.5,392,69
w5YzaKasiGHLOztVNlKIHPEfs6TVcN_.jpg,384,775,416,478,579.5,447.0,391,62
w6m5oCj5ZkgwBCd4S3NFP64pbwQOG.jpg,339,900,466,550,619.5,508.0,561,84
w6X6Vtga1TwxTGH9shfzN_8wltI9Dk.jpg,400,837,430,496,618.5,463.0,437,66
w6XvPJfDE7Lxa4NPgy2ORGfGD7QRJ.jpg,461,883,423,490,672.0,456.5,422,67
W6ZG9kMCe9VvLDc4YM9xTM9MJlbiZQdx.jpg,463,771,469,526,617.0,497.5,308,57
W7cLD535R89CMqwkqs4quaeXls8Cy.jpg,459,783,443,504,621.0,473.5,324,61
W7I1VBp1XEOoTuv55cMHCPtfUarnnePF.jpg,406,828,425,490,617.0,457.5,422,65
w88fOYNBRnKFMTbdENvLyLlQzudMs_J.jpg,443,872,423,491,657.5,457.0,429,68
W8CHcZ7tgyCwT6PxbnUOEUC2sJ65wV.jpg,334,866,501,579,600.0,540.0,532,78
W8jmhFrThEj3kzRIzwdmPwZzlMqEPKQ8.jpg,393,950,464,547,671.5,505.5,557,83
W8qhXa5YQrMSR_zfWtuH6BnnUIKj.jpg,339,649,438,497,494.0,467.5,310,59
W8R3X7FChkIc8lIZsYqFE5nyf2VemCX4.jpg,360,658,440,498,509.0,469.0,298,58
W8Zt2fHd2lRoyEQGlfHicaw6N7ixKi.jpg,444,737,437,492,590.5,464.5,293,55
w9sUqSyceecexlsGdj5WPjtUxs7huVhM.jpg,450,918,438,515,684.0,476.5,468,77
w9yTUa2dft3sdQQKFZ6clUh9yxYhIS.jpg,376,888,453,530,632.0,491.5,512,77
W9ZHTuuoLQcVz_7q5qXte45eUhMM_N.jpg,264,927,551,645,595.5,598.0,663,94
Wa2u6DUMgnqgS1SabyiMRFxaJw7RJlkB.jpg,379,789,446,506,584.0,476.0,410,60
Wa2Zyi7o_lb794aM7I6dUWhznp52b.jpg,135,907,525,639,521.0,582.0,772,114
WaadTd3CiaWGdmCNbohqsatMEzTfhtP.jpg,333,773,458,527,553.0,492.5,440,69
wanEqi9sZuaXOBTqnLIFn_tr5i7qb2.jpg,389,900,490,564,644.5,527.0,511,74
Wapq_mhJQ2kC3XgMiP3Yo5hhUKKzfJpD.jpg,370,853,428,502,611.5,465.0,483,74
waUz8YQXlVwTVm8ynZT1_9DrZZg8cx_O.jpg,412,859,435,501,635.5,468.0,447,66
wB4F7jGuaPPKcwgLMG7aXxEKpYqTN.jpg,459,813,454,522,636.0,488.0,354,68
wb4nz9szz1rim2XPwDcu1MuFte9x7.jpg,465,749,426,483,607.0,454.5,284,57
wB7LdmROXbinqMEirPPHmLuR4jC4RG5_.jpg,336,686,473,536,511.0,504.5,350,63
wBJmUT_VFPsl2zwYSBbYGlDiKsY3FlNJ.jpg,473,933,464,538,703.0,501.0,460,74
wbKKEFxq1daQQVJrH2ZCTN3EhxpCrjH.jpg,421,905,481,552,663.0,516.5,484,71
wbnHBPXDzHKjC714J5SaqWYxerUXgk.jpg,474,802,474,535,638.0,504.5,328,61
wBNVFvxjZp8QQIgU3YEzyXTiT4qZGV.jpg,457,904,431,501,680.5,466.0,447,70
WBPYLTVD3Jg8CMQz1v2kcwZier6r1eb.jpg,421,731,455,516,576.0,485.5,310,61
wbqDfLvlaoiuw2CQ98yLfuJM3lIofyX.jpg,382,802,444,508,592.0,476.0,420,64
wBqDwC22pIuMI5vRJyXtFvmlsNCKYVt.jpg,374,848,439,513,611.0,476.0,474,74
wBrImiawgPsVSm_KM1uSLqS2ESsjJ6.jpg,445,726,423,477,585.5,450.0,281,54
WbRl99sYU5kJYBtXGYdelCnbnnX5G5.jpg,426,904,446,517,665.0,481.5,478,71
WbSBn3U3udcUYMTZNe63P55VOJDDcRCw.jpg,374,841,434,513,607.5,473.5,467,79
wbS_lHXN18HE84E39X7YNN9DP9_wDfoc.jpg,344,838,434,506,591.0,470.0,494,72
WBuupC9UOtwffT9PDQnoeLetwBZ58jt.jpg,333,682,488,550,507.5,519.0,349,62
WBwx_gY4UoMrKpXwDtvWzfGmXbbHLuv.jpg,354,915,471,550,634.5,510.5,561,79
WbyMzNTMxCb5JMkwqdqy9R5MeluMYY.jpg,301,761,434,507,531.0,470.5,460,73
wBz_XSZl1p_52hldyUxGlS9F2P4v5.jpg,279,823,572,668,551.0,620.0,544,96
WC5LFMBYI_zmzlDcfY31bqUmtTGesmVQ.jpg,462,916,430,502,689.0,466.0,454,72
wCbCmOa7iv8UqHUNS91Y12UR_O8NybM.jpg,420,879,468,536,649.5,502.0,459,68
WcGygGPzPxybsXUGpnDR65bt7fj1.jpg,399,693,456,513,546.0,484.5,294,57
WCHQaNGN_xv5rSU_k7kBk6PLqIyr4e.jpg,383,677,438,494,530.0,466.0,294,56
Wciqmen6m9fZP3eO8irOIMFcYaJwh.jpg,354,882,496,572,618.0,534.0,528,76
wcjmM4Tkl53ef5YcIzTVzmj1UZtugb.jpg,348,765,425,490,556.5,457.5,417,65
WcM_XNNUfS35ujyS5ZDiKUTVT5JcO.jpg,287,782,452,525,534.5,488.5,495,73
WcV3BXUGNWywFqmbqMtzK37GQkkny.jpg,367,675,429,487,521.0,458.0,308,58
WDb4Bi5nzPXCwy1t1e9eyGUgQ5ZIplc.jpg,367,860,450,524,613.5,487.0,493,74
WDDW8Gm8zvEEYK619tH4aT4IJzKJj.jpg,505,840,471,534,672.5,502.5,335,63
wDGW4hdOSmmLJh4Bv8ussrmDdJteC6r.jpg,263,843,481,565,553.0,523.0,580,84
WDiy8FlEzyk1uqvXFNPognSCHHU78Vj.jpg,415,795,440,503,605.0,471.5,380,63
WDKrdT_yjqD5Mi5ab8Khw94YGKe1Nf.jpg,405,884,443,516,644.5,479.5,479,73
WDm_3P_OdJxo78Yl_mPuEmBEqiO_E4.jpg,403,741,449,512,572.0,480.5,338,63
wdo572BLT2ow_OM4gjhi9DQhdXQSUcl.jpg,427,1021,526,611,724.0,568.5,594,85
wdqGdht5gg9qlhZTvORtnqSJvnM3TnX.jpg,381,893,488,564,637.0,526.0,512,76
WDSDtf5bNWkkKQH6IFCx1khsZdlkx2WP.jpg,413,763,459,520,588.0,489.5,350,61
wDsYpgdDa13alLMDzcPJHOjYOO8kmM.jpg,427,858,457,521,642.5,489.0,431,64
wdyOzfTlcaM8ZKSyfaEIdhHIdZZuPQ1.jpg,243,882,492,589,562.5,540.5,639,97
wdzR9IMrDdoxtjq6uER5CbmEZVB1kvju.jpg,348,790,430,512,569.0,471.0,442,82
We7CDfc82J8cULHCIJJkOJqT41i7S4.jpg,423,888,473,544,655.5,508.5,465,71
wE8qSpKGogKheB9Ce4BhdJdhg3EROSF.jpg,392,848,420,503,620.0,461.5,456,83
wEVexp3qV8R7nbUYujvBa2VCoxMhYl5.jpg,420,1002,471,555,711.0,513.0,582,84
WexjvEmhHZhednqEW4OlH2nRq8Ii2OT.jpg,427,879,438,506,653.0,472.0,452,68
WeXnip_cbzxp9GR7iM2_JG1u1lOy_S.jpg,484,795,452,511,639.5,481.5,311,59
WFg2icW8LZ9fSdx7c527tW1Ln.jpg,423,882,438,508,652.5,473.0,459,70
wFS27zF8GEFj_LmyTjqvTSgPhcTWiq.jpg,360,656,425,485,508.0,455.0,296,60
WFSCRmlX4CjLUlUUNJG24MWUejxbFo.jpg,355,707,475,539,531.0,507.0,352,64
wfVNTLLs2onjnE_EXt5ehMG5w1I7jZCO.jpg,448,757,446,502,602.5,474.0,309,56
wg4HH5Me2CBNayvOWDZL9pEynpGay.jpg,300,788,468,545,544.0,506.5,488,77
WG5nZH5I27VXRXXXIhBahqyx3UEfTar.jpg,449,810,455,523,629.5,489.0,361,68
WG9mSqLk634hggacuUgP8OndVhVYrgU.jpg,374,886,454,526,630.0,490.0,512,72
wg9T1BpoQb6hkS7WbNKR8qhFTmeaRPb7.jpg,378,729,468,529,553.5,498.5,351,61
WGc1aMhR23B9BSDjz3d3vwIKbUdVSCX.jpg,393,815,426,492,604.0,459.0,422,66
WGKTBqnVR2DvFJ8JW84B8h_iubgU9eJE.jpg,466,816,487,553,641.0,520.0,350,66
WGLTgGkvmGfLFV_ZqfxDgCfnqVkscle.jpg,327,886,468,570,606.5,519.0,559,102
wGlyuf5kpDzTzNHX9XPmrJLdI_DmRTVG.jpg,386,730,490,552,558.0,521.0,344,62
wGPdLnSpaeYIVgn6eWhpJtOm6rCSm.jpg,372,813,428,499,592.5,463.5,441,71
WGSzah2foH3fySZvYN9Zo7RQxIzLcb.jpg,376,775,481,551,575.5,516.0,399,70
WGT2DeNWghEkepPUxw8mrpQ7ueKV5.jpg,382,898,454,534,640.0,494.0,516,80
WgzpQjCkQGv1xI_9i1_gu36YjLpMrDd.jpg,477,789,431,494,633.0,462.5,312,63
wg_9TYL1gzw9w2aSnPLvQZD7eNtr6v.jpg,437,823,516,586,630.0,551.0,386,70
wH5SiaSDUj8YUVmfOU8mXYHCyNz_yK.jpg,525,1033,453,529,779.0,491.0,508,76
Wh7yBSUokDlmQhk3RRvo6tNv1wWv7oJ.jpg,302,774,445,516,538.0,480.5,472,71
Whd1Iy8xzlTEzt5f2uxaig9t7VOtbN.jpg,314,856,454,541,585.0,497.5,542,87
whF9pBoXT4eqauRvcPEizMoXt_eGV1b.jpg,427,971,454,541,699.0,497.5,544,87
WHjJ5nTpjyfaheOhL9aYEra6aihp4DET.jpg,449,841,512,584,645.0,548.0,392,72
whPVjrLMYmrfWRv8HHI5ZKFpz5ytlxsQ.jpg,393,833,430,513,613.0,471.5,440,83
WhuoaUkLR64Rx79H8BwFNvC4JChqd4.jpg,406,847,421,486,626.5,453.5,441,65
WHwFXZYwtlOmZF9kz51mCUr_rxTSg.jpg,211,828,472,560,519.5,516.0,617,88
WHXl8RimpJegk8kuYfVCBqRYnFMq5.jpg,425,802,506,575,613.5,540.5,377,69
wi3trThypvuERsVZuOyJHVxh2i22ZQ.jpg,413,744,455,514,578.5,484.5,331,59
wiaRyVjPdK6CKXdSorcbgigs9FmuI9.jpg,397,739,455,517,568.0,486.0,342,62
wId6EPSZRm1ppR4mIt9cCeOBcg72INn.jpg,405,961,466,566,683.0,516.0,556,100
WId7nl8j9q4FDqqN4xdeNX6pu_1dk9a.jpg,384,758,501,570,571.0,535.5,374,69
wIF35jDKGt2758Swy_VUjVjXYtuDuO.jpg,443,725,448,503,584.0,475.5,282,55
wiMaOyC3aOuUVJnmr_SsepaOHusWi.jpg,402,764,454,520,583.0,487.0,362,66
WiOYavjSZPvdYP9Q2bWyhbJsU21xfS.jpg,418,873,436,505,645.5,470.5,455,69
wixM1YJOXU4tKGWutjkH3FuuUFPiUe.jpg,400,765,472,538,582.5,505.0,365,66
wiXXyHF3R_Xt4hw_lf_dLLZ3FYhS3z5.jpg,370,815,432,502,592.5,467.0,445,70
wiYFSWycSn_hjmyepnZisLr5kLbln4n.jpg,430,873,461,529,651.5,495.0,443,68
WIZrfm56KqTpGYcnsM74Swsv23cMCM.jpg,414,814,417,480,614.0,448.5,400,63
WJbLwcfzvU1yxLubVgHadCvnFb2fk.jpg,390,831,428,501,610.5,464.5,441,73
WJBmcYKPrjNXYrasKuwCRonRUyNxt4.jpg,426,839,421,487,632.5,454.0,413,66
wjbqsvm7xp8YLLEMOwYJmv6LUxg.jpg,377,849,439,512,613.0,475.5,472,73
WjF18QMFrn9VESZplfjVqGTO6qSaa9e.jpg,430,803,505,572,616.5,538.5,373,67
wjfsFEmUbDTaPdBKMoO_WfF5QiMxLB.jpg,451,753,433,491,602.0,462.0,302,58
WJjxVQY76_tHgKa1PZWlFlGIH1Sxwzfx.jpg,453,795,489,551,624.0,520.0,342,62
WJMdJ7JGdbSOkd6YEc2D9lhNZ2rmbq.jpg,330,861,462,538,595.5,500.0,531,76
WJmOrXur5OfMI88BCID8TF7T9pzeK.jpg,357,651,429,486,504.0,457.5,294,57
wk277RNYIRXdHFPrID_N32Lwo9eYYKoY.jpg,420,722,461,520,571.0,490.5,302,59
wkfYVCVex9J8bbTzs1vfDt4CKE236LU.jpg,358,661,462,519,509.5,490.5,303,57
WKL5cFrazhomTSLk39hqiCrXO5qEG.jpg,323,1004,521,648,663.5,584.5,681,127
WKpri25OqT9cymPCxZIvH7V8R7Cv_Tba.jpg,326,753,430,496,539.5,463.0,427,66
wKRv8GCqdvb41faJRvEMfD_u2Qdzpm.jpg,297,795,481,555,546.0,518.0,498,74
WkTtmjOTv4a178lmKYyG9hRNPzZdzab.jpg,305,884,525,608,594.5,566.5,579,83
WkwoXsCuXIeyZwQ5vS2LKUHuYVgt.jpg,399,866,455,526,632.5,490.5,467,71
WKWOZfwIRoCdzlpjhhMrUB7DKxbhUj9.jpg,405,958,467,552,681.5,509.5,553,85
WKzI4EdUahaokIVjXr38hnv_tCJzFc3N.jpg,345,863,457,537,604.0,497.0,518,80
wl584clM9SXH9ohdejcqfOV6wwsnv9gh.jpg,386,936,520,595,661.0,557.5,550,75
WL6a6MB_Yq7vsPNKYaTadSoV2onFsQU.jpg,288,814,491,573,551.0,532.0,526,82
wlEj4Yz2sSiQ8u7z3LBqU8tH_DIuaTm.jpg,497,823,441,502,660.0,471.5,326,61
wlIGgpgSkIvC1WaOyus8kz_qCOjUK_.jpg,373,886,445,520,629.5,482.5,513,75
wLMQDdX33gw5NUJ_1ftIrfww7qMF8n7W.jpg,375,852,480,553,613.5,516.5,477,73
WlNXXZjzxjzCYP2F_2NwivS7oWyMhhmf.jpg,326,777,460,527,551.5,493.5,451,67
WLw8WNFbuqZJbj_xinDPFd3Ft1atQm.jpg,383,864,477,548,623.5,512.5,481,71
wlZsDazN5FpZLbJEN2bxq9pJSVvyBy2.jpg,357,672,469,527,514.5,498.0,315,58
WM3dlvVXIpp_NueemM1O6Is9RKDBIh.jpg,367,826,445,513,596.5,479.0,459,68
Wm7kT5pxjE_jGWu3kDk1DsBuoGImsZx.jpg,381,738,490,555,559.5,522.5,357,65
wM93kjLrxnVI9qVD9pgv_ObidQYOSEf.jpg,406,851,426,497,628.5,461.5,445,71
wm96Wg1ve8rBynsiDEQlJsVaxuLHSgP.jpg,290,861,516,598,575.5,557.0,571,82
wmaEfYlOXmXdij1SwvFTrtVUC6uWdIMX.jpg,484,902,421,485,693.0,453.0,418,64
WMbEr4tWzJRInavsUFh1HIxptXfX8aIG.jpg,386,874,444,529,630.0,486.5,488,85
WmFjVE5QqanyJdK8GD1OOhlItsMvoLJs.jpg,429,819,449,510,624.0,479.5,390,61
WMLWza7zvT4Y9gfpgMU6dSyU_y4IEVT8.jpg,422,854,459,523,638.0,491.0,432,64
WMO7om1P92oHN3kkHnpgNbRIoVFE2XEO.jpg,441,794,447,513,617.5,480.0,353,66
wMowlWyvF6qgcenyYm3r5imFecrDIN.jpg,385,931,449,566,658.0,507.5,546,117
wmqo9sPuXePre8tY8Cv7N2d6XjhbIPE.jpg,328,806,438,512,567.0,475.0,478,74
wmVd3vDH6modxcSWMO7e4Ysh2KxTfQb.jpg,413,823,423,487,618.0,455.0,410,64
wn3O77c2Dzn12Bfvdo2dvaoIKcanFY1v.jpg,435,898,432,507,666.5,469.5,463,75
WNewbDLdu9oPFnSeFfruqwLWwjlQIRts.jpg,414,717,437,494,565.5,465.5,303,57
wNI8x53f4iUiaxD7LSdNkbQdXZdas.jpg,401,859,430,520,630.0,475.0,458,90
WNIUx2CM_qPWaBKx4v_KfGvz4timXsc.jpg,456,824,500,568,640.0,534.0,368,68
wnIzPlpaY_LxiwO_UmCuLocFC38L3PMV.jpg,436,794,492,560,615.0,526.0,358,68
WnizQjxPUK_ZH2CuSbvBQSFxHx8lYd.jpg,261,796,461,539,528.5,500.0,535,78
wnJ9HkCiiPx1sbrxxxL6RpUJ2liMKv.jpg,452,875,457,521,663.5,489.0,423,64
wnNXNBHwhUVJ2C9sLtfFXr3w4gWKZogM.jpg,336,851,454,527,593.5,490.5,515,73
wNnYqtP_cr8afiYO_Qw85WMopaIJiGc.jpg,324,921,484,569,622.5,526.5,597,85
wnOKZhFJWnUhROKeJ_47chaye16dga7.jpg,438,787,449,516,612.5,482.5,349,67
WnxmOF8vPGZFTWtIcoPFjkmnLnDY8G.jpg,357,841,436,529,599.0,482.5,484,93
WN_P3xdTJMUImtDaNRVOSJKXKvhvpqP.jpg,440,809,407,472,624.5,439.5,369,65
WO5VOTwvBqSVViYa51YSevi5pGL7W.jpg,292,900,522,619,596.0,570.5,608,97
wO6twVxuGihI6KPycE12lJNE_mhk.jpg,408,856,432,506,632.0,469.0,448,74
wOC_SZ7uFa2Zl6NB32_H4D1csDWaskw.jpg,384,784,420,486,584.0,453.0,400,66
woHiuYcv5T4hntPqsOF16w3Ndv.jpg,501,793,429,486,647.0,457.5,292,57
WONx_orC95_Joyi7jCSOWJWRb4yMMxlf.jpg,368,884,456,534,626.0,495.0,516,78
wOSrVCFiXiF2BnjjUixQuoQs_YDoS.jpg,296,771,445,515,533.5,480.0,475,70
WoTbTkaoGaaLxTHaHW9wOSmFRL9KfDo_.jpg,412,840,532,614,626.0,573.0,428,82
WOUSPjn1NbjumGU2MRtEUPCkvufkxmpL.jpg,338,890,476,552,614.0,514.0,552,76
woUVahhmSNH4jZ7zfWMexKSUzQojTBF.jpg,396,926,502,581,661.0,541.5,530,79
WOYjdMp_B_nsNo9pylwv3gxUJn3v9mR.jpg,406,866,422,490,636.0,456.0,460,68
WOYytNhwDf1fYiYv2_KujWX4jSCjjcS.jpg,300,768,447,514,534.0,480.5,468,67
WOzzy9tTpfzHGWDnaLxm5Xg7rt8X91py.jpg,346,772,429,493,559.0,461.0,426,64
wp1xrijSlFU7ndIQmdcHXjznpgiQWLfN.jpg,419,723,435,497,571.0,466.0,304,62
wP3B3SKPjgRljg4Ehl41wDVrlL7ceLg.jpg,455,827,507,576,641.0,541.5,372,69
WpdWqYW1dbdEX_EQS6LnSRPZ7FNatt.jpg,294,808,455,530,551.0,492.5,514,75
WpL13VdW6VRqqQcWU1oSajIbUo1jZR.jpg,291,765,476,546,528.0,511.0,474,70
wPM8VS4LBYXoXx7ZF8Yp_aTFii_Hu7.jpg,330,755,425,494,542.5,459.5,425,69
Wppk3u9iVpD3JM43IkRkzNRrksdP2_L.jpg,373,825,437,508,599.0,472.5,452,71
wpQhBSipJ4jbfSy23FRMaQLJ6WPpQ.jpg,426,936,490,564,681.0,527.0,510,74
WpRDL_YuJQRMceGVDI2_CZvIaXKFK7_.jpg,241,792,464,573,516.5,518.5,551,109
WpZHqTxzhauDMbJXFTvPjLsyP_P9sUzH.jpg,400,844,435,505,622.0,470.0,444,70
wQ4FPIwHZTjiqiZ33yS2ikg6CCLnVM.jpg,395,917,490,564,656.0,527.0,522,74
wQ5U_SRcWQhWQZ5JalqzM9RRmxsl.jpg,465,748,449,504,606.5,476.5,283,55
Wq9yzNimcpT_BK23pHiYOLXgx8iitrk.jpg,175,951,483,590,563.0,536.5,776,107
wQb8XHbYsIIlpKO8JpePrmVUU3VzlNRB.jpg,381,871,449,523,626.0,486.0,490,74
wQDK365LOxtuzbbSrbSIzU1epZ2juRlH.jpg,314,895,477,583,604.5,530.0,581,106
wqDKgyh_rEi8B5ULMHlufYu8trRZr.jpg,378,898,507,587,638.0,547.0,520,80
WqfhPmKpt35HGL21584wBxle9nDYCoR.jpg,271,789,458,534,530.0,496.0,518,76
wqH81YONR1Xz1UdNinXWzBWzCOGpWbd.jpg,445,720,426,479,582.5,452.5,275,53
WqI3y441_dlzuPvY3ejdyRN7IaSYx.jpg,375,839,458,531,607.0,494.5,464,73
wQJ2X69Ld72GXPWsicJMdUnfSokUzriv.jpg,322,1071,535,659,696.5,597.0,749,124
WqKkNUQsShCvXp8Q7CzYS2e8EPPnjE.jpg,471,951,440,514,711.0,477.0,480,74
WqKtM7mmes7kftsxOTgWFW5W2jdLvn.jpg,388,779,419,480,583.5,449.5,391,61
wqO77gFqRDZNoZDG5RPKWZOvkm48oti.jpg,436,907,443,512,671.5,477.5,471,69
wqoIGLqnwTfg7SDqeoSPuvOuqxJfuuu.jpg,407,914,490,566,660.5,528.0,507,76
wQs6whMgrBNWEwu2xmCHqEvHHkLtR8jt.jpg,365,760,417,481,562.5,449.0,395,64
WqscmoOxoSK4oIhyjHqsWJ8BqCiKyS.jpg,345,828,463,534,586.5,498.5,483,71
wQUjQzSe1oBCkFsmgcdEitReB3Mku.jpg,323,826,457,531,574.5,494.0,503,74
WQYsIVEebsU1rkas1jxWpfhDH_dFo.jpg,308,807,441,511,557.5,476.0,499,70
WqZJQUtDz4treF927lsk3KeEtN36qQK.jpg,344,864,476,551,604.0,513.5,520,75
Wr2N7hKYnNcIEZlhhh2nWBSlu32Kkx3.jpg,411,962,508,588,686.5,548.0,551,80
wr3T2f9qrB7g4mFti5nmig56Heh3iP.jpg,326,755,433,496,540.5,464.5,429,63
wr8He69TTX9dZPx6YzFjYyKyHErC6.jpg,432,789,468,532,610.5,500.0,357,64
WrcqMEuHCE7ayBCq7862_6w1ebWk9z3g.jpg,406,883,445,516,644.5,480.5,477,71
WrDFMBML7xKN8RNNS2ym7lj_jkEd1.jpg,238,789,460,547,513.5,503.5,551,87
WRdWHaft5txVGD4n_nO4aLZ74cbscSwh.jpg,320,745,425,504,532.5,464.5,425,79
WRHtMcNUmVVDFB8sGbITVYZdE2_M6PjL.jpg,300,821,499,572,560.5,535.5,521,73
WribMXlCSPd59juVGehRpUGGE2Se7.jpg,348,886,432,529,617.0,480.5,538,97
WRLqGrFeZcfsF9KFleSStsSh8GptiSWa.jpg,420,704,418,474,562.0,446.0,284,56
wRMLnjjsnjxEDvml7QvnOKEmUOViUUC.jpg,255,803,459,543,529.0,501.0,548,84
WrMpQ8ojIxO4HXFUUuW_bGobY669Yr.jpg,393,689,437,495,541.0,466.0,296,58
wRWUVlXdYFy_7te3Yc4_6TBzYWI3aL.jpg,347,813,428,504,580.0,466.0,466,76
wrZUsPTUuFCl6Wz5E3gNEixgLZ1R7Eg.jpg,418,829,421,486,623.5,453.5,411,65
ws9b7wOt4S7UaWcyeDpKXkJMFOaidfIW.jpg,378,856,438,512,617.0,475.0,478,74
WsdBagLz58vfL6iGp4LnSTp8JBCW.jpg,334,677,453,515,505.5,484.0,343,62
wSOcT9aUghQaFB6fbNCEy3YJCIBZ9Naj.jpg,343,832,442,536,587.5,489.0,489,94
wSSPURRC3ybhqox7uNNzohqp8eryGt1.jpg,312,889,471,566,600.5,518.5,577,95
wSui6jGudX3QBKifwTNFRRQiKBmtQ.jpg,414,898,439,512,656.0,475.5,484,73
wswguvdibVWix_PKrb7g9DXIf6avHGYi.jpg,458,749,425,482,603.5,453.5,291,57
WSwP8KqJePM5xyfXyRffmdSr9CuzYl6C.jpg,364,914,502,584,639.0,543.0,550,82
WSXJcR1vaC_FofIJPSnaqIN_6PmPhp.jpg,387,790,419,483,588.5,451.0,403,64
WszsmMjRoWvgQTsrHFg6aOzKCVao.jpg,374,969,530,616,671.5,573.0,595,86
WT9nOnrLo3rkooeVyDG9Fd_yrFogD2.jpg,445,910,469,540,677.5,504.5,465,71
wTFYUN3Veze3tNdBBddTIM3nXr8kEgyK.jpg,202,861,504,601,531.5,552.5,659,97
wTJqsIgikwmUixf23rfqpwdClm_hOJo.jpg,372,938,469,553,655.0,511.0,566,84
Wtks2Ohd_KYan95NvGt2y4KBb5wPRU.jpg,369,906,501,584,637.5,542.5,537,83
WtMwWblUdCJDuOyJO9bvv9_ytUonscj.jpg,290,963,511,614,626.5,562.5,673,103
wtSZFFjdcp7OBQUxLRCh8bYNcIMo5osv.jpg,335,885,442,531,610.0,486.5,550,89
wTVKopxGFQpMCu8r6c1oJV3E_15WQGE.jpg,473,738,419,471,605.5,445.0,265,52
wT_E5pcTzTR9rFIXuCnuammELmhPJVJ7.jpg,311,807,443,517,559.0,480.0,496,74
WU3hB6UjsGCVMJ69Otk54FIDffJ2ou.jpg,423,774,486,549,598.5,517.5,351,63
wuhsp13PtisWo9NatmBhk4Eg9OQ6LyT.jpg,328,649,475,535,488.5,505.0,321,60
wUk5drFq9ghGZDunws6ThenkIHPxe9.jpg,352,896,469,545,624.0,507.0,544,76
wUmx4jyMBEFZsofVRSpIllFoloqhMFMt.jpg,422,899,444,519,660.5,481.5,477,75
wUm_unZb5yIFlKjrcwI2vtyDO3sKWQe.jpg,430,967,463,541,698.5,502.0,537,78
WUnNTBwJ1c6LPM3t6VU7tWewe5vQV.jpg,128,914,543,656,521.0,599.5,786,113
wUO3_u4yKZ8o9gBgmTRPmNzHoZ1objMv.jpg,300,788,452,522,544.0,487.0,488,70
wUxxOiog61rwLFoovj_Tom6lrIK6Ncod.jpg,403,875,440,511,639.0,475.5,472,71
Wu_JP29pXjiLzrKUBy2XSQB25QNz4.jpg,326,756,455,530,541.0,492.5,430,75
wv5IW9Zg2J85eC43ZkWFwwTSYBsXg9ob.jpg,360,889,459,539,624.5,499.0,529,80
WVDhbQJ7n84FOae1THUcExqoGGle_n.jpg,301,910,459,550,605.5,504.5,609,91
wvfpvJSmrPwIQk8ELBaTwMVbhSJusCH.jpg,367,920,468,553,643.5,510.5,553,85
wVH5eHZB1kN_Kug494csM2g4kRrwZYXY.jpg,479,821,441,509,650.0,475.0,342,68
WvhN_JbtWTIJD2u2DhVUTF5kQj4UPJI.jpg,356,843,445,518,599.5,481.5,487,73
wviZzkhU7evUEIV_lXdCbGw5loSYVf.jpg,395,918,437,515,656.5,476.0,523,78
WVoSTmf9ngCnFEHewNUYkkRJYy83m15.jpg,323,856,450,528,589.5,489.0,533,78
WVv7nhnVowOiExUBqyBCC84ZJpIKc3.jpg,295,853,460,551,574.0,505.5,558,91
wVXwogTodq8dJpXZ9hPJoDm2rQxCGK4.jpg,305,876,469,553,590.5,511.0,571,84
wvYD9P4DgdRSC3oR6SnFw13uHvxuZ.jpg,411,791,515,584,601.0,549.5,380,69
WVYSnCoJZTV_RfCJHgSf1W3pvknchccv.jpg,368,829,444,513,598.5,478.5,461,69
ww6aysBYJmGmj7GPblxGdwuMscpoH8C.jpg,372,796,443,508,584.0,475.5,424,65
wwaYmpyMXDDxYalNW6oUdVd3SK9EV94.jpg,415,936,458,537,675.5,497.5,521,79
wWdOokQi_vw9ZnT8N8T949FXfjdXUH7.jpg,401,718,450,507,559.5,478.5,317,57
WWG71tVozyYL7CzS7s7lw8vSL6FBneH.jpg,423,749,471,530,586.0,500.5,326,59
wwIEuWIDhGRrEGQjNTHmWQuBu2OtvD.jpg,356,836,440,512,596.0,476.0,480,72
Wwku7MUgkMF8od6rVNBHfaahN2lKs.jpg,505,883,497,568,694.0,532.5,378,71
WWNRhE14T9Y1ypYZ6MDSy2ljEwpM2.jpg,417,719,436,494,568.0,465.0,302,58
WWoNcwxGoMh4DReWxlZxXUl2BHdy.jpg,456,1038,477,562,747.0,519.5,582,85
WwqxmfKQab4tVH358Qpjap5Z7oXWnS.jpg,403,821,424,494,612.0,459.0,418,70
WwUmHW1XRgjkR_NW3QU3lfn25Rw1qPZ9.jpg,373,722,488,549,547.5,518.5,349,61
wwUzrZ6RayWkFDFOMgDGZobLj6xx2dT.jpg,338,1079,512,624,708.5,568.0,741,112
WWvDTUuCPCHOgj3Wur9gEs6ExIDpTzFC.jpg,453,844,465,533,648.5,499.0,391,68
wwyFIGiR33lnvW5eX6rSY_hTqjTwcuw.jpg,305,1056,535,646,680.5,590.5,751,111
WX6ncgIn8ZGoZhBaq7WnpqFFJek6Kb.jpg,298,821,466,548,559.5,507.0,523,82
WX9btgC6aycZBGgZEzvrRPNXCbcmorOL.jpg,454,776,472,532,615.0,502.0,322,60
wxa5tRsiFBbOpg9qZrFlp6NtSwSeGI.jpg,423,857,462,528,640.0,495.0,434,66
wXEvzsyj9H61zEw1HZeTF38Ooa1UsH.jpg,421,814,416,479,617.5,447.5,393,63
WXhGUvICNYYTnhi9ORB6K2963_DY3w.jpg,368,898,504,581,633.0,542.5,530,77
wxHTadz2XiNxm55oF1rKoIRMZF8mNq.jpg,424,856,464,532,640.0,498.0,432,68
wxIeeVJC7BI4g3dBsm_lcD242V_JJaRd.jpg,443,856,446,512,649.5,479.0,413,66
WxjBcvpSaOHY4YGg6bnBCiiaXYF4U.jpg,362,819,437,505,590.5,471.0,457,68
WXLwPaQGm63lb1JsgR5XDkjaeVs1dv2D.jpg,400,887,489,558,643.5,523.5,487,69
WXMPUVOFS7UauT2OmQRgvyXxk6yhQX.jpg,461,895,421,492,678.0,456.5,434,71
WXq6gZunvWQqFMvJKQebe9_Y31SrgN1.jpg,359,867,458,533,613.0,495.5,508,75
wXVQ89xnkVPlm2C8nSUrejBOnOxqqD.jpg,337,697,476,539,517.0,507.5,360,63
WxxbywW4UqaPk3EdKPz4ZqYyfYF24iw7.jpg,384,852,441,510,618.0,475.5,468,69
wYc4hY_TBj5e4UPlpqbyw_z4nUdbBkhf.jpg,398,947,468,564,672.5,516.0,549,96
WyCG1E9UUGtV5ZzLtCQvqmGjmub6Z9D.jpg,372,662,436,491,517.0,463.5,290,55
wye2dSxm_ewGHaNwUwPh6Y6rGWcCWLN.jpg,355,669,466,524,512.0,495.0,314,58
wYEvoNh951671QETTYkbiZxq9zMctjE.jpg,319,786,443,511,552.5,477.0,467,68
WYEyyQeBdlJwgBhzz2zbVETUXsUoY.jpg,339,924,484,572,631.5,528.0,585,88
wYkdD_c_w2pca3ObiRP7zRG5bQYZhP8.jpg,325,775,439,508,550.0,473.5,450,69
wYLuWedOVXV1jL87p2YGgSW1JmLIj.jpg,346,676,457,519,511.0,488.0,330,62
WYOczVcYghrGrN5Of3NTTJBBY5mwBx6.jpg,27,854,563,678,440.5,620.5,827,115
WYTor8gEF7tmaZPlw3HOQJMwNJm.jpg,375,847,438,510,611.0,474.0,472,72
wyUMdOrgTr72sUGKGbnJb2vCIvq43XH.jpg,367,824,441,508,595.5,474.5,457,67
wz37o36QXSqRa_HPWFfL_lNhWFYh3XR.jpg,389,754,472,538,571.5,505.0,365,66
Wz9QUas6ojC85EY9TmIlw_EPt3f.jpg,138,930,631,749,534.0,690.0,792,118
wZCJ2g2_cx88ZlLIPSZBFcV9YGq7M3nG.jpg,361,879,496,574,620.0,535.0,518,78
WzkpzciIuEqX9nsZR7RuFpWRpCF.jpg,427,724,461,517,575.5,489.0,297,56
wZKwKOopdfro6w9Q8YJSS4oXDEXeyVhl.jpg,267,843,474,561,555.0,517.5,576,87
wzr_nVG4_phfPkzmBik_PBwuD2myM.jpg,372,831,423,494,601.5,458.5,459,71
wzUzhQlZIiKes9spiKq3UxUKjZB27Pr.jpg,352,728,479,543,540.0,511.0,376,64
wzzghwF7dEQgT8GxOvuTgmx4ZkQlXYj.jpg,470,846,463,532,658.0,497.5,376,69
W_1x4gKKJJjfozpgVyQvp3Yy2vLalvd.jpg,390,910,460,539,650.0,499.5,520,79
W_fQp1qcXs9O5LDqC6sb8qmQueybh.jpg,402,678,443,497,540.0,470.0,276,54
W_U_OoyGEem3mEuJ8TmRVuss4VhQ6iyf.jpg,428,862,423,493,645.0,458.0,434,70
w_z285V9JyaqsauFHlplSI17OXBXfLbX.jpg,435,777,487,550,606.0,518.5,342,63
X15_yVj78F1icS3tZuuhsbRsMo_9cDG.jpg,378,941,502,585,659.5,543.5,563,83
x1nbdgtBbUjUqkTxDodd7vjt9bVJLV.jpg,377,1016,541,639,696.5,590.0,639,98
x1nRUnuoIgjQDqzvkVhNxhCT7W7lk.jpg,405,879,444,523,642.0,483.5,474,79
X1S1JZMr2u15MlDlvZ6UiKICvxldwx7.jpg,349,690,479,541,519.5,510.0,341,62
x1sMy7PZKfghR2yoags4_6BNbJrmrw.jpg,482,760,419,476,621.0,447.5,278,57
x26bhtcFtatXNb2QWTRV4m2iZIRcscw.jpg,350,685,458,518,517.5,488.0,335,60
X2aVmFyJ3cneqxwBRPagoPibeadpF3.jpg,354,820,472,543,587.0,507.5,466,71
X2ChvWz9bwbmmvnO5chikxFoaEF91m2.jpg,449,929,446,521,689.0,483.5,480,75
X2dEngssjShshyYi2Dzd9VeO2ICnmQd.jpg,419,961,466,543,690.0,504.5,542,77
X2eDZFI4pOupY6l1ncsloJyv8OMsZQ.jpg,422,955,495,578,688.5,536.5,533,83
X2nBEzEfyFclGhrG_em6PBPRJI5alc.jpg,327,652,441,503,489.5,472.0,325,62
x2oir17eExgEO1QQIGVSzg3dHjH4FX.jpg,458,937,486,557,697.5,521.5,479,71
x2UzYoshYTmg_uGuvocDF933hUMBeOc.jpg,253,747,567,665,500.0,616.0,494,98
X2VlTayl1UkMiUrOnmccwJ44BULILcby.jpg,444,985,459,542,714.5,500.5,541,83
x2VTLurFnKi64VlBN5WxpKLvDa71i_h.jpg,441,791,451,515,616.0,483.0,350,64
x3ftswbI8SCxYC9KoNRsZ3MRqS8u.jpg,427,760,475,536,593.5,505.5,333,61
X3gsNm9HtqV1OGR5amdm1FvmtI4N2JpU.jpg,347,843,453,525,595.0,489.0,496,72
x3lxtWyly3S2KRsmd3dF54WWrjMqFW.jpg,298,835,463,542,566.5,502.5,537,79
X3qzYvcM6bGLazS37BpD7rjDRF6dc.jpg,453,916,468,538,684.5,503.0,463,70
X3zXF5Bysd2LKNxGiSPHMHXq4LeGv.jpg,483,832,485,549,657.5,517.0,349,64
X41zkIpiy_qv3EedJiuiRPv3rduWhYh.jpg,480,805,453,513,642.5,483.0,325,60
X4JkcBV27OOLKDYRnkBwcBMwoFeuT2.jpg,368,665,429,486,516.5,457.5,297,57
x4JYXzkHN4PaOfYvRUzv1Lrt1aOB2j.jpg,111,913,633,748,512.0,690.5,802,115
X5bCmohq1IrThhXUzdPkv7TzfLob_ej.jpg,451,1003,492,585,727.0,538.5,552,93
x5HT7x9OacZ5nkwYmZJPBNet5ccV9jg.jpg,221,800,471,559,510.5,515.0,579,88
X5SxBGWwTMpKvs3YOXRBrBrQeDHhBUq.jpg,406,760,489,554,583.0,521.5,354,65
X5vuivQZdCELMuHrakNXPZ64qFS_CmUY.jpg,417,808,520,590,612.5,555.0,391,70
X5ykMNofylrw14_HOD_ffWQNSyw8Z8.jpg,414,835,426,490,624.5,458.0,421,64
X5zzX5MdexwXRr8DVSwSJmjfLBWR9Ml.jpg,303,828,459,536,565.5,497.5,525,77
x61I2aKJuRwlLELxTZQrq1iazztwjGR.jpg,357,866,466,539,611.5,502.5,509,73
x6jKswIJDpkz69rSijpTnwkyHZhKrE.jpg,309,668,481,549,488.5,515.0,359,68
X6rdrpFxIj87RwstbWpv94p1wRO1jKBn.jpg,473,777,462,518,625.0,490.0,304,56
X6r_OYwVnWDjLRh3Qw3ssxPPFpuUh.jpg,398,746,453,516,572.0,484.5,348,63
x73MuldaY_fQku2arj8rwkKugbYGko.jpg,345,869,501,578,607.0,539.5,524,77
x76VJ_hyQBnRH7ijmp1XfcVu_O9X6E.jpg,479,820,450,514,649.5,482.0,341,64
x7G2Pg_x64tGRgHIOhwhKBH66FQhGW.jpg,326,742,422,488,534.0,455.0,416,66
X7lyqcXuphURnOwDYYO18RtB4jBF6LHi.jpg,351,968,528,622,659.5,575.0,617,94
X7YBeaepoD6sJyiYfU1MJefnrBQ2EHhh.jpg,381,840,436,510,610.5,473.0,459,74
X8cUz1e62DyoVjwlexchL4pCXtWZWdX.jpg,308,1035,530,654,671.5,592.0,727,124
X8INdFGddojapSzL9lkHyTS1hk8kZs.jpg,557,859,462,521,708.0,491.5,302,59
X8J8wv6DEL1xZyspbG66pwPVcPe_fHlw.jpg,523,853,471,534,688.0,502.5,330,63
X8L4BERZ8uGBEroLIFbRhucKEIrU5I.jpg,311,899,518,600,605.0,559.0,588,82
X8mLtNNF8PFvzNiGUWjwlvr3G1etkV6.jpg,318,731,429,495,524.5,462.0,413,66
x8oIPTyiYKI7w35BPEvgIoP4XsOL1lW.jpg,366,739,506,571,552.5,538.5,373,65
X8OzgJnt6olMlBZd39ji65WqPyJ18.jpg,343,892,463,542,617.5,502.5,549,79
X8T7Nf3nxLhHBo8ReyIJIC7JgvfpaMe.jpg,388,872,463,539,630.0,501.0,484,76
x93rIy5W1soK5ycUI5nEORita7nM81u4.jpg,404,812,418,481,608.0,449.5,408,63
x96txtvxaR2B_O5Qapeg2yQpr_US.jpg,395,932,456,536,663.5,496.0,537,80
x9DJNaZ2SO5Hmt4r9G7gIetNcqNNj.jpg,394,811,419,484,602.5,451.5,417,65
x9F1Cxwla_GNyNLVb7dqlDTNbXUJB.jpg,401,878,443,514,639.5,478.5,477,71
X9MnYIm4udyOx69oG8SOmliyuEFFbKm.jpg,360,687,449,508,523.5,478.5,327,59
X9nfJu9RJV3SiITDqya1_Ix974VF83y4.jpg,126,825,507,609,475.5,558.0,699,102
X9PQlxFbQXLn3GTzp14WMS74jh9K.jpg,385,1009,490,578,697.0,534.0,624,88
X9xmLaIXvYu7bqLXmeXpDhWSCeQ6EmmK.jpg,404,714,442,501,559.0,471.5,310,59
xaMsEnBxCvjFLldTYdqfMUnPRi8sEJB8.jpg,325,658,454,516,491.5,485.0,333,62
XaN2HmzVLDcFpaFnu8MLdDejaa.jpg,405,953,504,590,679.0,547.0,548,86
XaZVlPzg2nKwXz7fmcGXgILB9O3Bh.jpg,427,808,510,580,617.5,545.0,381,70
XbdniD61S_1TnUlbQWMMstZGeRJcq5.jpg,402,949,507,586,675.5,546.5,547,79
XbELhz4wxn9aB5e94kIQlFvLDzNt1P.jpg,463,844,475,542,653.5,508.5,381,67
XbgtMBhDwlTf9g24W2Ut36DxkyycNHp.jpg,450,889,455,526,669.5,490.5,439,71
xblbcGyRKiHIoSml8HLB3nBhU4dBCvak.jpg,355,658,426,489,506.5,457.5,303,63
XBMQfwQzUXBiGn6qBHEJLBcUEO8G.jpg,382,823,463,531,602.5,497.0,441,68
xBwssLIQKcchQXmnJr5ozjpmzFfCrB5.jpg,291,796,453,527,543.5,490.0,505,74
xC9zrG_lqBavQDXRRY6MUdQCPBKqdn.jpg,320,846,455,533,583.0,494.0,526,78
xCkEKb7WKWV86gooKve9Xrdscpbo4rRV.jpg,471,899,424,489,685.0,456.5,428,65
XcKWY4Ljk1pwE_9KEx4TD9bp6oUu.jpg,415,727,424,481,571.0,452.5,312,57
xClwl2d_P3MViW8mSTnxQEHD95FS6w.jpg,398,839,433,501,618.5,467.0,441,68
xcOZYjtD2GEcDul6UgjQJPerwvolcWPm.jpg,438,790,489,556,614.0,522.5,352,67
XCqgs1_udyqg3KNzFQBv_4BirmFsudp.jpg,329,917,522,604,623.0,563.0,588,82
xCR8s5NBdeIzuc31EIuouc2bEdfoRyc.jpg,131,1231,749,883,681.0,816.0,1100,134
XCRDXNxqlQzN3f3tEOiHw2EvnZ9Mh3N.jpg,455,873,421,489,664.0,455.0,418,68
xcTo6HfKoZPYQz_59izXpDiBOaHZeiF_.jpg,477,787,465,526,632.0,495.5,310,61
XctrGLzXIgjIgdYwT9bSpLBnmBoGsZ.jpg,438,723,433,489,580.5,461.0,285,56
XCVf2YDbiSMBUYnwYCpS2QsDW1fRO8.jpg,380,1009,537,628,694.5,582.5,629,91
XcX8B1YBBRJM2eRSbsKVqrRNHEKwy6t.jpg,261,835,473,581,548.0,527.0,574,108
xCybaCZGOkFiPEify4U3Lpth9Xz_2q.jpg,359,974,523,620,666.5,571.5,615,97
XcYetuXBf7qSXFUQhw4NSP86TsTrRG.jpg,366,828,437,508,597.0,472.5,462,71
xCYS4UUla_agSEysInYMlkV6PxYRbW.jpg,319,1118,551,685,718.5,618.0,799,134
xcyshxv2yEe4s5OLZ2oJtGbccE2M6pQ.jpg,470,798,479,538,634.0,508.5,328,59
xc_h4tmhUWQEkjwVCvY8E8o5r9T8H.jpg,321,652,473,534,486.5,503.5,331,61
xd7rvzKWQI7T7LoxfKIKfkCWkcyhpS.jpg,466,1036,469,555,751.0,512.0,570,86
xDgx13bSXglEyk2b1mPoxkGZllomk11.jpg,417,797,467,535,607.0,501.0,380,68
xdiayngFBLU47JdiNa1av2h8bso3lu.jpg,380,814,433,502,597.0,467.5,434,69
xDj6zVrMnVM_rr8Wb_F_klzViChqPHoy.jpg,355,913,472,551,634.0,511.5,558,79
xDKMQ4dHQP9srcyqVmH5JqsvJWQXpweo.jpg,384,926,499,578,655.0,538.5,542,79
xdlOB4huvS6ir_sbYG2hEeKcGgz4OR.jpg,401,883,438,535,642.0,486.5,482,97
XDLxpZqKZzI_dcSQoxpPVN7lc5tm2c5.jpg,438,773,442,506,605.5,474.0,335,64
xdrdkYzvmrpmbeutEa7llPeQBlQQiq.jpg,217,829,513,604,523.0,558.5,612,91
XduhPPz7FsJ8TwTxsPyyY9rlowNTZWC.jpg,390,741,464,528,565.5,496.0,351,64
xDwpD7YETezGLjp1F7scMinPKn8NJRO.jpg,307,755,423,490,531.0,456.5,448,67
XdWzyDKymPoRDgrYX5DnKWdJ2iUQsZH.jpg,384,850,439,517,617.0,478.0,466,78
XDY9PqIEU6Y3hyCjZkLMG8nv3EJrho.jpg,248,790,464,543,519.0,503.5,542,79
XeBsjD3TdoSD_GJQTlN2HizY3xPeqoQS.jpg,403,885,477,548,644.0,512.5,482,71
xedBFt8VR6Z_TLwSDD5zByT6kqCgXU.jpg,506,826,448,508,666.0,478.0,320,60
XeeNsFiXuInDtUCgFFMBjUCeb9Vgk8.jpg,344,852,451,526,598.0,488.5,508,75
Xega6YiSlfydHe5NzC6vHOYH9HLgmI.jpg,250,869,531,625,559.5,578.0,619,94
XEGz5mp1k3T9vHd7cEuq8D9NT4mmipR.jpg,463,885,423,497,674.0,460.0,422,74
xejDHJr2iZFpoTZazBob3jc8Y2v.jpg,469,773,464,520,621.0,492.0,304,56
XETbzgdbcshplsGcmuXmwJhTUiIHc.jpg,361,723,492,556,542.0,524.0,362,64
xEYYaHNREKXSj2prEpVEuUf8Z_VIC.jpg,435,856,456,522,645.5,489.0,421,66
xf2oTCwL9H_i9WybN3Sh82tmd_KSTt.jpg,481,916,455,527,698.5,491.0,435,72
XF4bqZcwUaKpNPg7e1jCkf6ETjbaeN.jpg,382,743,469,533,562.5,501.0,361,64
Xf7KabsEeUBYbR5Js2Coq8ayzTDEW.jpg,379,727,493,554,553.0,523.5,348,61
XFcoViikVKTfB8ye7CI2gu4jOEnP.jpg,362,950,470,563,656.0,516.5,588,93
XfGbrkLGKN1pQxB1aiu_4Mbzk6F9t.jpg,504,895,464,533,699.5,498.5,391,69
XfIOTZS5f84viSw_yqfEtlSMgGJvLZ.jpg,352,892,505,580,622.0,542.5,540,75
XfkjePVFF_Iuo8nX2OQgEO7kogXtwmx.jpg,496,943,464,532,719.5,498.0,447,68
XflR14ysRyBugkoFUUfgnetHWC1RgDa.jpg,283,774,450,526,528.5,488.0,491,76
XfPsw7R7JxwGbQRc4UKmw6aaoOE52T.jpg,380,827,436,501,603.5,468.5,447,65
XfSSOHqOHTegW6mcas7j64zTkTjOy.jpg,445,954,487,567,699.5,527.0,509,80
xFu4q3qY6ReWeJUyY7ExihDX7bNXgxf.jpg,285,804,498,574,544.5,536.0,519,76
xfYFB3hLbBxy7E6fWtkknHLsFBHfuz.jpg,356,888,454,534,622.0,494.0,532,80
XFy_t2fDD6JFRPv4pk6UCqMy81e69Zy.jpg,458,842,506,576,650.0,541.0,384,70
XGGGKKFeL6Cw2E8v83UzgfzGabHXk.jpg,522,933,448,519,727.5,483.5,411,71
XGhqRFUU7Wfd7qHo4w2byn1UGsHEF.jpg,389,761,477,544,575.0,510.5,372,67
xgiN5n6_bIgspzbUiyGRNkfVLEqBK.jpg,328,843,455,530,585.5,492.5,515,75
xgnFD2L71_1BosGTDS79BumNP7Eff6.jpg,431,754,438,499,592.5,468.5,323,61
XGqtz1GST2d2DkcHerPeiNP5McQTVs.jpg,392,877,471,542,634.5,506.5,485,71
xGsn_TUkyCGYSY7UUzWq_nIx_8RFfa1.jpg,441,1002,471,553,721.5,512.0,561,82
xGws3HQNkpj_JY1NfPnVpDpdvqVzcro.jpg,378,802,423,491,590.0,457.0,424,68
XH1F45WjDniE_xRRkMp95iZ93demx.jpg,341,760,424,488,550.5,456.0,419,64
Xh2nN9x1RLuigwmo7BR_1KeeoS76N3h.jpg,541,849,437,496,695.0,466.5,308,59
XHD_UxOTnrgqaGRNU4Bf1uHmNdiBKJ.jpg,482,797,455,515,639.5,485.0,315,60
xHe7BE4y2FRW6u4O7LW32eke7QKlK8.jpg,407,932,450,529,669.5,489.5,525,79
XhkPmDYi8Zyi7sM3rFygt7Urh8mnf.jpg,330,845,489,564,587.5,526.5,515,75
XhNke67joveieDN6mMwjm6JWpauzPU.jpg,92,1067,634,762,579.5,698.0,975,128
XHQmPqZQkt9ffJq6M6buO4UWm4Evu.jpg,389,828,463,529,608.5,496.0,439,66
xi19FKlhVXwDyBlIp_DlaqbCFgshoGm.jpg,413,765,457,520,589.0,488.5,352,63
XiacNVQdzKQOOUddFWV72wc5DNdHstW5.jpg,464,792,467,531,628.0,499.0,328,64
XIFQ273C6F48faqSaUTY9KP4Gm2xzWnk.jpg,418,900,480,549,659.0,514.5,482,69
XiGqRe_dRMP6j8LpIprBEI7Ws4cwh1.jpg,313,702,519,589,507.5,554.0,389,70
xilnI5hiCgSZKmlbCKFe_fcT6leRqC.jpg,441,921,447,519,681.0,483.0,480,72
XIVwauOtqlMR2qmknpGbIoagGFkHYz2.jpg,330,866,460,552,598.0,506.0,536,92
xj52qbJ1QxG3H5vrcvsKNFgkY_9Bwke.jpg,396,851,434,502,623.5,468.0,455,68
XJ7SeLaPvyBNce2SI5IlVNmwPsr3EFZG.jpg,278,737,465,535,507.5,500.0,459,70
xJadLsWznGIBgO2IQskn2FkckmTu_4.jpg,376,903,501,580,639.5,540.5,527,79
xJbir2FmBUbVZYS3Nac38Wul86OlerM.jpg,439,827,468,538,633.0,503.0,388,70
xjjP8blfXoMEzvDlKjnxWiB_Em34yD.jpg,329,754,434,510,541.5,472.0,425,76
Xjk3BSLzjFkwCGkhrgClBESvgdiuay.jpg,258,771,451,531,514.5,491.0,513,80
xJLhUBpftJDGQgqRHB3Fd83P5VvT.jpg,261,831,476,554,546.0,515.0,570,78
xjnytc_dJcbfQytCNehjpID9QdR5S.jpg,343,808,450,521,575.5,485.5,465,71
XJOTbkXycR7wfpSEP6RDmQ935YkVLdJZ.jpg,391,808,453,521,599.5,487.0,417,68
XjPvoJl1D1ywH4wmKgQKxLDMCJkbJE57.jpg,361,767,420,483,564.0,451.5,406,63
XJQFxJUQlnos5dTJ13v5VSOIBTfFyJ7O.jpg,443,868,425,497,655.5,461.0,425,72
XJ_3WdTZY77r1vD_IRWMQyKcbRjgvJJK.jpg,407,870,473,543,638.5,508.0,463,70
XK91Pp7GwajDHe2fLMshM_w3Era_Bqom.jpg,524,893,500,567,708.5,533.5,369,67
xKbJp3TxVrwc6X5ZhBU2E3DVlGZy7YD.jpg,451,932,481,555,691.5,518.0,481,74
XKhMaD7WM5q9jSHtCNICaTLheifGVX_H.jpg,323,820,465,549,571.5,507.0,497,84
xKiOHXSf1RPDoYyoWhxh8VfzWxvfTB.jpg,239,777,503,579,508.0,541.0,538,76
XkL4vvGHdxxON4g4VoOHr1gjS_RnOlR.jpg,459,830,468,542,644.5,505.0,371,74
xkOnZjLgKr5hmFrWPXIPUF4DDUDcmca.jpg,450,747,458,513,598.5,485.5,297,55
xKTOqDYQLD2LdFr65MWWF8SBuHISnC.jpg,417,993,476,564,705.0,520.0,576,88
XkUMMC5UeWJSnRYe9yMeIzKUEsexs.jpg,466,784,440,497,625.0,468.5,318,57
XkyPWsJHotcHvhf8fkbU_BijhiW1Obbv.jpg,421,914,453,523,667.5,488.0,493,70
xl5BZzK2YtgDRlvWOiCaFGBcw26Sy.jpg,429,871,449,514,650.0,481.5,442,65
XLB3N1P5VPpRSrVEewxsixGHx_O4ZbNJ.jpg,399,791,517,586,595.0,551.5,392,69
XLBj1g8dNdEsqjuHfIYkqBM1Wytnsg5.jpg,576,884,452,514,730.0,483.0,308,62
xLhns6rraHJymuQZ7rqUCLCrY2hN.jpg,407,854,434,501,630.5,467.5,447,67
XLlJuMYlGamRozlHBQyRLXsR7nENs_O.jpg,355,841,452,521,598.0,486.5,486,69
xlmtKIX1UPJqm4onVXR665FyWOgwR5.jpg,396,802,415,478,599.0,446.5,406,63
XloVHf9xrgYBcJMgnsBZD6Cm1H_NorG.jpg,386,896,492,571,641.0,531.5,510,79
xLphVs2LTkrqw1jxmR5QY44GB79o7k1e.jpg,343,1187,581,712,765.0,646.5,844,131
XLQsv7mUpueiZeOQ81JrLSlVueWS9.jpg,431,919,487,561,675.0,524.0,488,74
XLt1sj8limpggTrkjDhEJtR_gK_RF.jpg,366,861,480,552,613.5,516.0,495,72
XLTGDiRyVk54cp3gnB1SpOcIbneWMkB9.jpg,340,762,429,495,551.0,462.0,422,66
XLY7o97Q5TMnbxEvjuQcJ3nvYTm99FT.jpg,437,881,459,529,659.0,494.0,444,70
XMHGmk5qJ654ruVCaNBTxHJbPnqO7l7.jpg,445,874,454,521,659.5,487.5,429,67
XML1NjjDafUMLNgJwSXZcKsFzWKdbNJ.jpg,378,932,466,551,655.0,508.5,554,85
XmoXtN7zO5YJ2JXnLbzNqqmtstUN7e.jpg,429,852,423,489,640.5,456.0,423,66
XMsMoGn4piBSbpOHThEk4TIqNX87Z.jpg,427,923,454,528,675.0,491.0,496,74
XMstTNUY2T8slEocBEBtO2dCUJ2Ii85z.jpg,304,719,436,498,511.5,467.0,415,62
Xmtsl3mGFI5G5rVvfi61wqPHjIPH3.jpg,397,709,441,499,553.0,470.0,312,58
XMuiI_hxgXcGVy9YOX_m3ktumuF9B4.jpg,403,858,429,504,630.5,466.5,455,75
xmZajkcTLmqorWYh5CvdirhUw1C5L.jpg,440,917,471,543,678.5,507.0,477,72
XmzSViYQ2Is5PbwGpn5XbyCYKP64_pn.jpg,264,817,493,570,540.5,531.5,553,77
xN64he5JMeSVWKW_8T_6PbQ4DnBVYzqw.jpg,443,764,453,512,603.5,482.5,321,59
xnakVciSPmQa6I5fwnl_yrgkD6aNv.jpg,276,722,440,509,499.0,474.5,446,69
xNbFiO7KOzLaMqVQ_ptR8VNSKbh4JeN.jpg,457,897,462,529,677.0,495.5,440,67
xnbgunuJu7sUfOzGT6iP9HIKz_GFh4.jpg,455,893,429,497,674.0,463.0,438,68
XNdyCM5Y9jkWEgK53jVK3RV_kCb8ef9.jpg,375,847,442,512,611.0,477.0,472,70
XneoCZdTJ2KHlz9482jrlWl2qExS.jpg,306,1168,598,732,737.0,665.0,862,134
XNJPo9gwBwZmZIDzZ2XIYPLzOys46f.jpg,422,1005,507,599,713.5,553.0,583,92
xNO7OoWWoqdYqpks3Hsnrehg3iYzQhE.jpg,511,825,463,521,668.0,492.0,314,58
xnQlTU4Np6ychEmId4_239HRmGYGlXM.jpg,266,757,451,527,511.5,489.0,491,76
XNQZGKGril9No8qVber39LcSDNVOKH.jpg,290,816,459,539,553.0,499.0,526,80
xNrW5HrbEk6r9QlUZyo5lYFxB2Pzoa.jpg,409,957,463,551,683.0,507.0,548,88
Xnx4Tgtk8TVJXrIb2ubTLChPr81K7pCP.jpg,427,709,425,479,568.0,452.0,282,54
XNYwH_qWlcZTxj6MU4t8ET5JjI_2tk.jpg,317,766,428,500,541.5,464.0,449,72
xNZHeBwz1nL8eztJ4qPDSuhCWpvzkh.jpg,426,944,470,550,685.0,510.0,518,80
XO6DtrttZ4m_Xr3y1Zciih8Oiu5B.jpg,387,965,522,606,676.0,564.0,578,84
xO83xqNrJBtu8J3nVW4i4nvJkFkwkr.jpg,390,930,466,544,660.0,505.0,540,78
XoFlPfu_stTqhEpUd4tojsq6Dqor_.jpg,433,742,436,494,587.5,465.0,309,58
XOkM1jcTUsB3IzEcul7dYFkUcIDButC.jpg,387,826,429,498,606.5,463.5,439,69
XOkyTQhhCL7lFUaJiDQCTSNMr5JBs9V.jpg,299,1046,534,664,672.5,599.0,747,130
XOn9lH_CRJ4Dxdtp8G3BN5t8spFneCPz.jpg,380,714,452,514,547.0,483.0,334,62
xoQLuO_V3QFntRyH4J2bB3D7_2NTtW.jpg,487,764,416,471,625.5,443.5,277,55
XOUtabirH7jCuo_IUOWyhLWmDgexMWry.jpg,318,745,425,505,531.5,465.0,427,80
xP32DODz3pUVsyBx3ViBC22Q2hn5Mly.jpg,467,867,416,484,667.0,450.0,400,68
xP3FJPimo6qyPrZWJ8hmPymmkghFle.jpg,298,826,457,538,562.0,497.5,528,81
Xp4tjMv1m3dYv8D6csDLgwEj86Os_.jpg,385,788,491,560,586.5,525.5,403,69
XP85DMP4ifNU_LihjQwHZNZNZd1LXI2.jpg,392,710,437,496,551.0,466.5,318,59
XPaF9EevMKTg59e8cWiiwKw2hHO1uTB.jpg,364,774,479,560,569.0,519.5,410,81
xPgWXu7uca6az4bpFtlbGEneZRNaJrv.jpg,542,828,439,502,685.0,470.5,286,63
XPH2DFaXlhaELuKLYNzjkHeHunrceh.jpg,313,808,482,558,560.5,520.0,495,76
XPI1FYNEv3O5QR7XRkzsCZafW99cVdRw.jpg,254,813,467,551,533.5,509.0,559,84
XpJOZbhmj3uNYKW67h1I3P6p2ywPS.jpg,440,905,475,544,672.5,509.5,465,69
XPmLkt2399O8kI1Z8jE8aB5NFmaV9iu.jpg,343,831,435,509,587.0,472.0,488,74
xpmmnZrX9T2YRUwE_HSalEm2rvf9W2yg.jpg,403,699,451,511,551.0,481.0,296,60
xpOdmB_RRbKlmhl58q53Ww1OMr2DWzW.jpg,282,798,491,567,540.0,529.0,516,76
XPp36CM21UGxBUVtDi_M_vRo58oWfXwX.jpg,444,829,418,479,636.5,448.5,385,61
XpVjzu_a82t2tHv6_aNBihOauC7q9Tz.jpg,371,905,494,568,638.0,531.0,534,74
xpXMGVIZwqGhV9R7OoiWzS3u7XxUGZR.jpg,420,952,448,531,686.0,489.5,532,83
XpyGv7JVs3e3O4l1bPpVs_V2qure41K.jpg,396,808,424,489,602.0,456.5,412,65
XQ78nNKNnGetuehduFStuZMbaGOBREdw.jpg,292,774,441,515,533.0,478.0,482,74
Xq9eZ_ExQcTqS3GhIOTY4nl4ww82pL.jpg,458,764,465,523,611.0,494.0,306,58
xqgny3tHq_mC8bjiCdybd5oOMaF84i.jpg,365,658,434,491,511.5,462.5,293,57
xqIPyTYCIwINTvWtgrfbWcq6S4ZudXc.jpg,342,768,451,515,555.0,483.0,426,64
XQkUqYkpwxGbzcWVqrLeGWaHOYHpWp4F.jpg,451,892,430,496,671.5,463.0,441,66
XQmZkzExowycKmZJusEfgY6JrrjLgqM.jpg,364,835,440,510,599.5,475.0,471,70
XQnJCIWtveDpEcZJmt1hY7WxLDtCJBy.jpg,302,766,427,496,534.0,461.5,464,69
xQrjkGN8LNvxoxYsGcZqGVB4pbyUKwYS.jpg,486,870,509,582,678.0,545.5,384,73
xQRr381hwlKEshuZ8QGiSWNXH6y8J.jpg,450,907,468,545,678.5,506.5,457,77
xqrV3wX3oqWOZKlQxh3rXe6qyJuQoD.jpg,325,840,462,538,582.5,500.0,515,76
XQwWKQ7Q9_7K_uW_zq5jdGy_3Kt_U.jpg,284,850,518,597,567.0,557.5,566,79
xrCSDCgj1XVnEh9ql2k3XSqLUstcb.jpg,346,982,538,629,664.0,583.5,636,91
xRD2ShFHnYi8PX8DRHN5njjjZciPOW.jpg,130,845,517,617,487.5,567.0,715,100
xRf4a4B3S99P27LlWxpXOPjgG8yX45.jpg,329,722,450,511,525.5,480.5,393,61
XrJGpNNunn3Qmyy5dm7nkwNqH146vkqF.jpg,358,658,425,485,508.0,455.0,300,60
XRjVg8j5pu42yYFJs7l4QDvlNRsHv.jpg,324,975,535,634,649.5,584.5,651,99
xRK4O5gC3OWGd7iuRjXGswvqhagS.jpg,327,753,426,493,540.0,459.5,426,67
XRmd8FK1aD8uYwi2Lhdi8hpesShxE5q.jpg,404,890,443,517,647.0,480.0,486,74
XRmYlZhgcFzcY9oZ9WmdLw3C7YXoh.jpg,340,859,451,527,599.5,489.0,519,76
XRNa5z_jDi2k8gVnCLCqfaZ9G4QSLt1b.jpg,391,754,496,565,572.5,530.5,363,69
XRnxsb81v3dPVmbcSaXVFhEL5QWUQgW.jpg,320,763,433,501,541.5,467.0,443,68
xRqf7Ya4xiso8VWWbCEIpvxobqJRkUIs.jpg,403,788,443,517,595.5,480.0,385,74
XRrMgj4V9M4nfa4UFa2h1D9HVeuUqM.jpg,336,889,471,550,612.5,510.5,553,79
XRv72QwzH4J1NBfgoWZWuToWz9oLHfpF.jpg,300,932,439,540,616.0,489.5,632,101
xRZ4HB3DjRzQ1CePFlOxydFDbRNrq.jpg,475,870,481,547,672.5,514.0,395,66
xRZb2NiBfSU4fe4Tj1Qdg4N2J3YiG.jpg,484,753,441,493,618.5,467.0,269,52
XS2PBLT5iYHciNVvsWeSpyHaGaGBKvMX.jpg,275,724,447,515,499.5,481.0,449,68
xsajhouCKNfuENzLZloCXcXDlRdSnI.jpg,193,1043,584,706,618.0,645.0,850,122
XSEE9Ur9mrL5Kul3HQjHkteEqpOu3R6.jpg,415,930,487,564,672.5,525.5,515,77
XshCUV5duHn_a1ye8ynTlFkFxtqLnwh.jpg,441,860,456,520,650.5,488.0,419,64
XSkqzzBQrfmzPL1ZvzmMPC9D4aq85.jpg,371,826,423,490,598.5,456.5,455,67
XsldpGjF_9Ts5JsXGqTk3qWQdbjPfEP.jpg,447,732,425,481,589.5,453.0,285,56
xSoPGb9vmlSteCssOkqU23asOISdf.jpg,334,865,460,538,599.5,499.0,531,78
xsPzPx_iV5LrK31qpTU4OBNqC832SuT.jpg,448,867,423,492,657.5,457.5,419,69
XsQD_Rn7TT2Rtvbo2h8bgFFDy8Naf2.jpg,460,826,465,531,643.0,498.0,366,66
XSXu4LUlQ4fEt9x6coxpKtLdJ7B_6xYG.jpg,396,781,508,582,588.5,545.0,385,74
XSzUNXfZ3OBH7mZJE8BZ2l7PkXohBYzO.jpg,386,746,455,520,566.0,487.5,360,65
xT2IRTSCaUJcv_drgiznDUthYBjsyeBG.jpg,368,874,490,566,621.0,528.0,506,76
xt2jKpe6mivQ6JYFlLgrL9NWqo6yEgI.jpg,498,804,463,521,651.0,492.0,306,58
Xt9KL8wbqTP9LwLhJMU_aDS5nbnBnIu.jpg,421,921,483,556,671.0,519.5,500,73
xtFSDysGf4rwfV9C3zGEo9J99ObuK.jpg,419,784,460,525,601.5,492.5,365,65
xTKERMYgiP3Gs_Vy_tleowsOT4FzT9.jpg,442,945,450,529,693.5,489.5,503,79
xtpxew3YMyDPS2aeNYCwKDv7liGB.jpg,480,821,480,543,650.5,511.5,341,63
xtwQOzj7YVyoYkPQ2ptQcKMrb47MuKK.jpg,474,822,452,519,648.0,485.5,348,67
Xt_CUffhKjytb6epcloqe_dYkSMGzy.jpg,485,929,461,530,707.0,495.5,444,69
xT_LI_7_P8Xl64VC94wZMdb8KtT2Z2.jpg,459,930,445,518,694.5,481.5,471,73
xu1sQalXHXpVCtuNskFRtz5e3XWl2.jpg,439,878,428,506,658.5,467.0,439,78
xu8ewEpPkUaBlK7thTWr1i5aGZhTd.jpg,305,795,473,546,550.0,509.5,490,73
xuD8XHHjnJVKPOjLSkRZpVeHn4bXWb.jpg,379,937,514,595,658.0,554.5,558,81
XUHC3tkI4r9JCgHtEOKFjfh9b51TTH3.jpg,429,737,462,520,583.0,491.0,308,58
XUidN9_NhJhePN_7tZtMV2nCMdEem.jpg,372,855,449,520,613.5,484.5,483,71
xUN3aDdBV9pOPqkperZ5U3rDtcdmRab.jpg,345,833,453,531,589.0,492.0,488,78
xUn7otYEbX2qb1FiaikVSRDNetecyztY.jpg,388,688,458,516,538.0,487.0,300,58
XUQl1ivGDqWKD_uTrJywqcv28IfbbtIp.jpg,379,868,435,515,623.5,475.0,489,80
xuT5s5l57rLhS_a_yYNPqvug1W5ih.jpg,368,864,480,560,616.0,520.0,496,80
xuV1Wy3bo4G74old_L1nM1DdRPS_.jpg,403,859,429,502,631.0,465.5,456,73
xUYgLzWdaRB5rCLV2ltvXMtEUQpYv9.jpg,278,812,464,541,545.0,502.5,534,77
XV3XL2IkjzXoWQ8gTUkYZkSl1XUo2cu.jpg,370,948,470,553,659.0,511.5,578,83
xVCz1eJibmCMh4HzGvlLHPS7LfrB_.jpg,427,710,427,480,568.5,453.5,283,53
xVfFjYoErzcrDi3EaZiP9GtYh_kCDUHI.jpg,405,776,503,574,590.5,538.5,371,71
XvGJvtVEWdVjn_x6qH_l83cSw5Zkuy.jpg,415,898,474,547,656.5,510.5,483,73
xVIW12CWHwZ5aHixTSntYeePRo4jtF.jpg,387,905,495,572,646.0,533.5,518,77
xVJKLG5SGDBXncPijl5NFgzpFSPd5T.jpg,364,826,462,530,595.0,496.0,462,68
xVl68DSiu7duECoQNPYeJbBEiyW5YpP.jpg,454,797,466,531,625.5,498.5,343,65
XvoiOfgSYtxjxma7rHoPD7BVeL7qTlm.jpg,418,834,424,489,626.0,456.5,416,65
xvRElbp8mizGaeYIaoU3BvQiC1uoxy.jpg,313,662,496,562,487.5,529.0,349,66
xVrmwziW7W_lnW9WE2kls2dQhtQ9Ey.jpg,401,841,430,499,621.0,464.5,440,69
XVSe2MbBXT4Wxy5swIZ9aDp5jfMD3k.jpg,409,859,428,501,634.0,464.5,450,73
xVT8LqDFoBtjZ5mwBeBtOL6Uafjcohdx.jpg,474,759,451,509,616.5,480.0,285,58
xVy9slFtOpqqFW6S1J6P8CilM78Egl76.jpg,319,868,469,546,593.5,507.5,549,77
XVYFeOr7KGKzdBpeccRx7_czIG1qZk.jpg,375,868,438,514,621.5,476.0,493,76
xW8EzzamqeQr4y7iqvuSImpmRzi6CdX.jpg,509,789,446,501,649.0,473.5,280,55
xW8I4rr1aitnG1UoquJh8YJBYeizeXSm.jpg,451,936,482,559,693.5,520.5,485,77
XwBfze4XBgVolT94F9DRTqn95EUom.jpg,386,686,439,494,536.0,466.5,300,55
XWLq4Yv5joayJJ1nuIcel5eSvy6lg_.jpg,421,857,464,529,639.0,496.5,436,65
XwlZhkBKUwrmRBRWvY2FnVCTvoOi.jpg,484,822,458,519,653.0,488.5,338,61
XWmzg3xxmy4xjGvtSrRyYUKC3Jy2JPWx.jpg,428,926,489,562,677.0,525.5,498,73
XWWgogmRtvxxZB9ejUh7oZtL3IhvtHQ.jpg,441,858,420,488,649.5,454.0,417,68
XwXt2cXQ65cVRsjiaRWUhW5YfTIzjQ_p.jpg,408,732,446,505,570.0,475.5,324,59
xX41yeY99ZKpkDGvQgbgV9ES7KceinF5.jpg,448,883,463,529,665.5,496.0,435,66
xx47xyJxTnYdnbhCdLBEX1JQBivnjjt.jpg,462,991,496,577,726.5,536.5,529,81
Xxb93LYu1PBFbUr3MjIjOSrf66uHZWSi.jpg,405,750,455,520,577.5,487.5,345,65
xXgMm5dCfStC4PJfuKuud2iR6voCMZk.jpg,376,891,496,568,633.5,532.0,515,72
Xxq6oxXfyLNtC9TEhxPUh3LXjlOyw.jpg,411,904,489,562,657.5,525.5,493,73
xxqJtVDRc9JFq7svrz9p6NY_ZZZivz.jpg,441,724,427,480,582.5,453.5,283,53
xXU_2JIjnURi57e9oTGsEmqDMC7qSCd.jpg,384,877,441,519,630.5,480.0,493,78
Xxw5ls4NF21M_2UuDSdCZn2j8CNxzPO.jpg,407,939,458,536,673.0,497.0,532,78
xxx5nWuH3Y81KhQIsR8NQHiMmqVsj.jpg,364,900,491,566,632.0,528.5,536,75
xx_n4sJea3EgmQgyia8ssq5ruS8o4.jpg,275,1028,500,618,651.5,559.0,753,118
xy1UvBJ_yLyT5jdV7IbDWQxk6he5T.jpg,383,781,417,492,582.0,454.5,398,75
xY2eeu64C4P2EEJen2LtnUBcCWFDeMmN.jpg,246,800,468,547,523.0,507.5,554,79
xY6fPZ5aclX7fRyQgFBNkhaFn19e.jpg,374,901,496,577,637.5,536.5,527,81
Xy77bLhZmcb4wDVupyiJEq_r9YvMc.jpg,449,892,452,527,670.5,489.5,443,75
XyGiUFWOqOBZ4EpFfQLEQH6MbyF91vc.jpg,375,914,466,548,644.5,507.0,539,82
XyIHOJt2LxxMqXa24EI8iNOH3S76VYe.jpg,404,860,438,510,632.0,474.0,456,72
XyJZT8RCLWLTpOF9IvZm7iK6UiU9L46.jpg,431,744,464,521,587.5,492.5,313,57
xYNNP2MwG1XwXKMsYL5nQn1DaK5QXa.jpg,335,682,457,520,508.5,488.5,347,63
XyOGildHZkzjaDgXmPoZoIQTc8lgproB.jpg,369,901,463,541,635.0,502.0,532,78
XZ1sDlB4jICWrhl7PyDv_dmm8YimsM.jpg,408,871,429,514,639.5,471.5,463,85
Xz8dQH2defaz7dnL7Ze7_ndqE4y8kxN.jpg,449,920,475,552,684.5,513.5,471,77
XZ8sSMtR6GrUWC6bwuHvBbhDd1jL.jpg,441,893,432,502,667.0,467.0,452,70
xZ9cuf_NG7_6hnTaolr5eeMEYboWw.jpg,198,962,526,640,580.0,583.0,764,114
xZEZgBPom6m_hGXJCzFPtyGHQvasxHBU.jpg,318,761,434,501,539.5,467.5,443,67
XZhbPFr_lqyK5W7WPO7qhPbpPMoxX.jpg,405,860,432,504,632.5,468.0,455,72
xzhyqTpzusFJt8eY6au7hb4dx1L4p.jpg,459,874,421,488,666.5,454.5,415,67
xzK92vTnVvoVhRzhcSDy5wD8DMTDP9dC.jpg,480,925,463,532,702.5,497.5,445,69
xzM4Pll4ISuhpe_lmzYEelbSkwHLC62.jpg,445,944,483,560,694.5,521.5,499,77
XZpc4R6vQk8Nh32fx8jB3zljhsyzoQa.jpg,435,838,443,511,636.5,477.0,403,68
XzrcxQUDxSgkkKqDxGSrE9xan2MDYFe.jpg,389,805,413,488,597.0,450.5,416,75
XZvzVVO1sp5frKmS1hVbgDYBHIwy8F.jpg,404,760,490,555,582.0,522.5,356,65
X_3LmwDsH69vhCeYayYROWaHLUgqDbk.jpg,441,824,487,554,632.5,520.5,383,67
X_5WfJGMETDZxce9glSR51hQqrbHVJ.jpg,366,853,450,521,609.5,485.5,487,71
X_8W96u38_4zKT1C86jx62xPLML7nWC.jpg,195,926,528,657,560.5,592.5,731,129
X_iP7jc1JwqWFHpFgVGQcwvewBdZy1iJ.jpg,334,954,519,610,644.0,564.5,620,91
X_jk5vpMIsdFEmBcPH6CqlwtJlneenOV.jpg,472,821,482,546,646.5,514.0,349,64
x_tLGyGCw2aDmDqpKptNbl87oGwuaU.jpg,472,794,438,501,633.0,469.5,322,63
X_VwqKm8iW9ppKB1pYylCzrIDfSPR.jpg,437,879,431,514,658.0,472.5,442,83
y136_94xojVjma1cJWLnFVZoQpD5w4.jpg,401,740,488,549,570.5,518.5,339,61
y16ErDgQec63hC3UZ5HkiszORJ31Dwd.jpg,412,769,432,501,590.5,466.5,357,69
y1Gbo6Xj4RRZZvaaOqZwD9kmTS6chOT.jpg,328,788,425,492,558.0,458.5,460,67
Y1GCliLhVSyhyJdRh1DD1u8LYpZf2M.jpg,437,924,450,525,680.5,487.5,487,75
y1wqfVcUFlqCC6CpvRpX8H9f8e2Vv1HR.jpg,198,883,476,590,540.5,533.0,685,114
y2i2Hhj4IcwOkESUbpzZt4f9uVHnz.jpg,439,898,467,534,668.5,500.5,459,67
y2IQKp9xGk9jkwok2yhlk2mTT7Vg4.jpg,294,784,470,545,539.0,507.5,490,75
Y2KRiJBQ3lPCda1rcm67Q3RgR2leL6H.jpg,431,869,425,492,650.0,458.5,438,67
Y2MKbNXd1rsSf1CMkuUdlvTwnOVurGi.jpg,453,951,483,561,702.0,522.0,498,78
y2oHq9_s3rPW_Rk5fsqQ5OsUeXebi7T.jpg,384,916,464,543,650.0,503.5,532,79
Y2Q_ODQh25fZarPSgmZouoB22ac_BhHc.jpg,455,742,423,478,598.5,450.5,287,55
y2r5H9OMEvtCQU7f_3IzJqz9wW8M1.jpg,429,906,438,511,667.5,474.5,477,73
Y2tS8DzK7spW_8dW5lSx1kLFanUp_.jpg,428,863,429,495,645.5,462.0,435,66
Y2xEvtCUBVbiPZIsL7VoMOqRXovR8fc.jpg,459,882,417,481,670.5,449.0,423,64
Y3CzmhdtFIcwupHTOnTF7cr6KoaSaG.jpg,312,733,437,503,522.5,470.0,421,66
y3KCpKcsDudlLKaGH_PClmc6LsFPF.jpg,451,838,514,585,644.5,549.5,387,71
y3knUyVg2USmRhoUGVsqYrBw4zCtMk.jpg,284,775,455,530,529.5,492.5,491,75
y3MHawgwOBPKtySt1xvMcf5SV4vbSX.jpg,374,693,447,506,533.5,476.5,319,59
y3qdDgHTXJFtkRSDIVQ98WGQZDtBmM5.jpg,241,821,512,594,531.0,553.0,580,82
Y4FMkSGc8jo9D6zhwBpnYYkGv7BdJX.jpg,439,787,486,550,613.0,518.0,348,64
y5WONopRFl_Gqh6O_LFwnhmrhbr6oa.jpg,337,874,462,539,605.5,500.5,537,77
y5X6YMEOpnvhIoNLtIEwZvsiw4bBbYF.jpg,292,1027,442,575,659.5,508.5,735,133
Y6BHItPfe8C6jSguiXySEiL7ON12I9.jpg,289,776,444,516,532.5,480.0,487,72
y6SpraENl7UMqZfMIfS1K6iJ1Vgr8eK9.jpg,442,858,422,490,650.0,456.0,416,68
y6wfk6bnRR_MTWmOVKZ5NRtDNMETayg.jpg,354,731,448,510,542.5,479.0,377,62
y7GqTBOiKgj1RMU_CKbP4E6hLQuhaw.jpg,453,917,473,543,685.0,508.0,464,70
Y7jZz4yw4QrHojMzO93rM7tZZhSY4.jpg,277,778,449,527,527.5,488.0,501,78
y7YQ74DwdBwuoRxHJdiXHCGj23vZcx.jpg,442,923,481,554,682.5,517.5,481,73
y8DDYMvPqjdm3aRespXSw79UsgE.jpg,390,916,462,542,653.0,502.0,526,80
y8HtjXt_6QS1WGz1IdvzuErTBzkLUYac.jpg,380,697,441,498,538.5,469.5,317,57
Y96y7kxinJk4upVLaH9Zc_bY3RD36Bg.jpg,332,803,450,517,567.5,483.5,471,67
y9bOytHUjLbiblPpRXwwQtV8YRkdVOo.jpg,325,753,428,496,539.0,462.0,428,68
y9czCUGQlZhhJ689JKRD72qoP9c2L_d9.jpg,282,844,512,589,563.0,550.5,562,77
y9hBWozgf8xQ_fiBWUGHC7vYGuDcmYa.jpg,386,835,427,500,610.5,463.5,449,73
Y9QNDdRO_Yd7Jfyrk5IYiYJ_CfIJ2f.jpg,384,939,504,589,661.5,546.5,555,85
Y9UGsGBDincH7WR9qxPyR93Lo2nX.jpg,280,847,472,553,563.5,512.5,567,81
YaflJwXKxfRjzgfkpCiC2sXgLl1y5JG5.jpg,331,865,460,535,598.0,497.5,534,75
yalntKhOzuedFGtZ3u8Xb1z3FkOvOVuV.jpg,375,821,431,502,598.0,466.5,446,71
yapSgDJrmKkpoN7KhMZooaRLvXyMHHis.jpg,310,829,483,559,569.5,521.0,519,76
YaSTXYy4Jo4EXWaLDm5hRsWHG7dVjN.jpg,383,741,493,557,562.0,525.0,358,64
YaXBoLqtYWwQsOPkmLmxcSnaPpSV.jpg,322,875,469,547,598.5,508.0,553,78
YaYbQph9K6wBvQMSe1zRbRGnmnTjg.jpg,428,882,466,538,655.0,502.0,454,72
YB2LemMglVadHVpZXNTBBm4fyfTLNWr.jpg,376,933,468,550,654.5,509.0,557,82
yb4fbMrNKs8p3ENlVsKrUhcht8Sg2WI.jpg,461,791,474,538,626.0,506.0,330,64
ybEU8qPnznlCMgMQOEwxrYmkjJsaG.jpg,341,789,431,502,565.0,466.5,448,71
YbP5LGFVRrpCLZ9q5sS7LQ59C2bUZK.jpg,249,1048,552,667,648.5,609.5,799,115
Ybq71qdB7vtWX2m7GMM32aS1UEfY.jpg,406,878,441,514,642.0,477.5,472,73
yBq7SQIMWMuBXvoxk_clPsadM8Ot7Yl.jpg,382,752,499,563,567.0,531.0,370,64
YBQpWqoU1Lr5z6K1xzdijMVPMRmI79.jpg,368,875,474,546,621.5,510.0,507,72
YBVpfGdSy4L3D874duH6zY73QqFdu.jpg,473,799,478,540,636.0,509.0,326,62
ybWOljjiXYDNpvLUgZDTZIDeweOQZ.jpg,450,922,438,512,686.0,475.0,472,74
yBZGlFCUmu7Iy_zPYqHSXcI1mav23U5.jpg,395,834,459,526,614.5,492.5,439,67
yC6Co2uCtb42ae7mR7Hg2tOXaeKkQD.jpg,393,921,464,543,657.0,503.5,528,79
YceGcPavwbm1seLzcbF7w6wT2Bioley.jpg,495,796,435,494,645.5,464.5,301,59
YcJKMrJQB7e_yHptVb5I49eVtIim.jpg,307,843,447,525,575.0,486.0,536,78
YcudjueqjcSNofeKZLSXeDxTYidvv.jpg,376,820,432,499,598.0,465.5,444,67
YcVY9FvyCxvm5wZacXE6ChqsmYbP1.jpg,480,792,434,494,636.0,464.0,312,60
yD41lNVyqMmuRk_JcrZJHPWHnGVnesib.jpg,351,769,451,514,560.0,482.5,418,63
YD6l4Qnbp2u6hCojEdnci9MJk_YT9Z3.jpg,370,850,456,526,610.0,491.0,480,70
yd9BnvH8std7C_BZpg_eKgDBi_lMQS.jpg,482,790,441,499,636.0,470.0,308,58
yD9q_gxYwQOqapHHRY5x93vzs5GMgo.jpg,352,784,430,495,568.0,462.5,432,65
YDdmxBxkmSgMfpPXBf2SMXzjIFf4ba.jpg,400,891,442,513,645.5,477.5,491,71
YDL_G57bDywwbrwlwTIRvKpctnmzhe.jpg,435,792,490,555,613.5,522.5,357,65
ydOPh318vfyHnS3RIW_cCFdygKOq3T.jpg,336,775,435,504,555.5,469.5,439,69
YdrpaLisqUmOLMTb5MXPp4VT4XNxsjg5.jpg,361,905,467,556,633.0,511.5,544,89
yDTGOU6Uub4e4LIlPJR1GFn6fGlZMMQ.jpg,427,827,416,481,627.0,448.5,400,65
YDu5CXybpPzCM5jxdGxXpUfmCZpbITp.jpg,363,952,474,563,657.5,518.5,589,89
YdWIvzc_YFMsQIv2MhKGvt_E1EuBPj.jpg,262,850,477,567,556.0,522.0,588,90
yDZNQaILue5Qz8qi985HzfVc5zrQoIf.jpg,409,898,447,521,653.5,484.0,489,74
Yd_okWX9aUqnmw3EuSnMCENDycOk.jpg,157,821,517,602,489.0,559.5,664,85
YEclBxuouJXKvwkcfJVkeIwfySJ2oJ.jpg,456,771,433,494,613.5,463.5,315,61
yeFPtZSFYqUGP4XnGug9lRs9rrNrtcS.jpg,419,1075,535,634,747.0,584.5,656,99
YEiaZBCeRqyxJiFfSQ3VkxedIn1N.jpg,481,799,447,504,640.0,475.5,318,57
yElWeBecmMpt7IcUzzI2n1P958bb6S.jpg,386,933,461,542,659.5,501.5,547,81
yEppbf_yNlVjgnRELCHTbbqoI781le.jpg,479,781,459,516,630.0,487.5,302,57
YeQNlwGnzuYOcB7jI_s3Y8E9TRXIw.jpg,469,795,479,540,632.0,509.5,326,61
yESnirwb5D8YbFh4VPB6UC18b4P7H6W.jpg,457,918,420,520,687.5,470.0,461,100
YESZyzxOyhJD8LGffmjxBXEydPG39.jpg,486,843,468,530,664.5,499.0,357,62
yETxeT5moU5wDEPVF2XqBqK8Rorhk3.jpg,452,874,457,520,663.0,488.5,422,63
yEuY23RVftf4dxStazmwxYGaSYVOw.jpg,239,790,473,552,514.5,512.5,551,79
yEzCQR3p38MNu8kUOoYtBkGHsX_7s.jpg,368,817,422,487,592.5,454.5,449,65
yF8RL_oPvTxRTPI8hMFzRvkXrXTheXob.jpg,392,696,464,521,544.0,492.5,304,57
yfcmejDHsqwoIIpSJHYVYZlGEElX2f.jpg,341,913,470,556,627.0,513.0,572,86
yfcWEXtlGPP8nbHnuG3yhGlEeWMpk23.jpg,466,841,479,545,653.5,512.0,375,66
YfgYyHpLsBtzSHpxwPyHVf3JI1iwGYlt.jpg,475,796,461,523,635.5,492.0,321,62
YfILEz2kGKJ_TLWDn7hEikIOMiGG_S_.jpg,302,866,476,556,584.0,516.0,564,80
YfJSOT2mJYygqw4PvEWEDwLiRjGV62.jpg,442,897,467,535,669.5,501.0,455,68
yfktFNs8noCsDsXY2zM2GIFYDsK4S.jpg,422,871,430,500,646.5,465.0,449,70
yFMrkR4GXhQ51Zuc_5wf3WG6bnL1qt.jpg,376,800,450,514,588.0,482.0,424,64
YFpGblDJXj1jvyR86sOM2avLFlyozVl8.jpg,281,760,441,516,520.5,478.5,479,75
yfQ2RZqtGqWxUaKuxWibzQ3nzWgLlBy.jpg,243,1120,606,735,681.5,670.5,877,129
yFsEQMDCBKSQDsbtdcgWWLB47OB2VDz.jpg,479,804,475,536,641.5,505.5,325,61
yftReIBvxVuNEeWWXvb9ysVpWoRVuf4.jpg,236,998,534,668,617.0,601.0,762,134
Yful_WVhRPumEapNsazvGne4iku8qxS.jpg,420,855,463,528,637.5,495.5,435,65
yfw_XF5jUD4yajn1dgqcNJOwqqmi.jpg,321,916,516,612,618.5,564.0,595,96
yFZ19T7anS3NoGmtOq42mHl6VDX6p4H7.jpg,269,733,449,521,501.0,485.0,464,72
YG16OHOnroJMGqYjVNb2lqXQB4Wp6g6F.jpg,408,926,460,537,667.0,498.5,518,77
Yg1Ixi7pKpDxygKHOpDHS2LVH5LuFg.jpg,216,719,465,539,467.5,502.0,503,74
yg4v3P7Bx3acv2YUfw377nDg9uTS.jpg,448,809,498,561,628.5,529.5,361,63
Yg5bpMMSuVkruMDTPQQ9ix94g_CGaQG.jpg,440,786,480,541,613.0,510.5,346,61
YG6Cr3kU5R7sqJ5h2E6iwiQhcXMcOC3.jpg,328,878,466,547,603.0,506.5,550,81
YG6cx73uWY4rRZLTZT8T8vsGSZaUECcE.jpg,375,813,422,487,594.0,454.5,438,65
YGDYDVtNQes4WUwbFSssBOjbWTH35.jpg,381,845,431,507,613.0,469.0,464,76
yGhaOFLvqQXMzxLmqETJIkXeWdvTNj.jpg,401,844,416,500,622.5,458.0,443,84
yGjSf_2VTiaC1npxw3YwEhwpTtRwKLG.jpg,289,841,516,595,565.0,555.5,552,79
YGl9xQ_rXrT_t6eGD3CxNist6jZj6JSS.jpg,397,887,481,552,642.0,516.5,490,71
yGmDx29CfWlt1J8wdSGqpHQ9FlzXGcg8.jpg,411,836,424,509,623.5,466.5,425,85
ygnYM5CNkQjLlF59II6bWTGumVcvK.jpg,389,884,475,551,636.5,513.0,495,76
YGtGITtdgtVQez6ZraT3vQxyMsDQZaoq.jpg,447,978,506,589,712.5,547.5,531,83
ygyQ6jKtaO4ykE6ZVUFdQM214YiDj6T.jpg,310,832,462,538,571.0,500.0,522,76
yh5NcMav755QyKSeluQEkyTSlprxxNm.jpg,404,829,459,522,616.5,490.5,425,63
yH8uDRFi8NzxvHJ7R8rLB7gPFXj6l.jpg,360,766,415,479,563.0,447.0,406,64
yHHsHkyp_jvtLIOVEFFPph9aXoOsuyyd.jpg,329,768,429,496,548.5,462.5,439,67
yhH_ZXXoyGdZ3RDxnNK5KVuHJNIO87.jpg,336,751,425,489,543.5,457.0,415,64
YhK7PPJWnRfRrIRi7z6vWCvLyIiSq8.jpg,185,846,505,599,515.5,552.0,661,94
YHMXEpuYtofNwISBWyiP8DdESBYgYIa.jpg,379,939,512,592,659.0,552.0,560,80
yHTHHsuwbDIXpmmovqfYKgjHdaVQqLW.jpg,419,715,435,492,567.0,463.5,296,57
yHu6gqe_McH8EhcRgUxBl387tvp77mG6.jpg,402,838,429,497,620.0,463.0,436,68
yhZznfRpSsxZLYoEnabile3N4CQKa1t.jpg,466,817,484,550,641.5,517.0,351,66
yI1sTKvmkebF4KRNw6C9myFRLqhn5Ya.jpg,431,864,437,504,647.5,470.5,433,67
yi3aoox3zb8Bccu1hYPjEkOhkqhsJ1.jpg,483,767,430,485,625.0,457.5,284,55
YI5y_UkRIU54U44bpmy7aqXtjjhjmV.jpg,335,890,468,548,612.5,508.0,555,80
yIam7Y7MR5fkhiRgSsp7hVszQL6Y2bC.jpg,422,754,474,533,588.0,503.5,332,59
yIf1aHk5w6NYJrMREQ4cQhwfBImTnhM.jpg,241,703,477,550,472.0,513.5,462,73
yIIZiMFBr4Gq_8cYZ8DSRtHTJEGts7e.jpg,408,875,471,542,641.5,506.5,467,71
YIJ7ZKTVgQqd8FwZ8FK7xTeeELP9Biw.jpg,419,866,438,507,642.5,472.5,447,69
yijFo3jFrjiJ59oacD9NPbGu2IYbdjw.jpg,322,816,443,517,569.0,480.0,494,74
yiJ_ojwti1437WtkwddSBWIhSTq83T6w.jpg,378,813,430,495,595.5,462.5,435,65
yimC1yvKd3cOS5O_97Gj82GmBthXW1J.jpg,293,779,445,521,536.0,483.0,486,76
YiQkizGnKpLxDGshWoG3lfZb94KNWC.jpg,439,880,427,494,659.5,460.5,441,67
yizNXv6qHqjEXuJ6nYfudMfWk2Er.jpg,485,825,483,546,655.0,514.5,340,63
YiZR3mZvMWf7KvXsQMKk1Q7XGLVJWi_.jpg,432,929,487,558,680.5,522.5,497,71
YJbmjPcU6yiLVEWSa5JHJ1QeNDupLSl.jpg,386,925,501,584,655.5,542.5,539,83
yJctgN76Y69SojFc5VCpv78aG17vdb.jpg,484,922,459,528,703.0,493.5,438,69
Yje17K4_2bw6Dz5CE9cJcwv8wr2U9R.jpg,400,698,425,484,549.0,454.5,298,59
yjfbK4FHPRDmQnbdELGQi1qDKV5rI9.jpg,180,1079,589,715,629.5,652.0,899,126
YJieCVgiIChmLbYPkRujECwL8dlXo2.jpg,450,806,483,544,628.0,513.5,356,61
yjiskanIgpYux3DXx2KQTZ2akO3TnGSR.jpg,395,889,460,537,642.0,498.5,494,77
yjQZkgPYkZG8G6BM9b4Lle9lWmMcft5O.jpg,472,784,429,488,628.0,458.5,312,59
YjziK1jBhVVqs5trZ_IKibI3PKCY9d.jpg,434,971,501,582,702.5,541.5,537,81
yk1p2VebnOBM9sBT_v4UwLvSOqkGascC.jpg,477,751,417,471,614.0,444.0,274,54
YK5hvRn7FrrB_Qg56xeqORiXO4yUyG.jpg,391,767,431,492,579.0,461.5,376,61
yk6mRBeEjFsB5B1p7HxS4vuPwX1SqJfY.jpg,360,834,470,544,597.0,507.0,474,74
YkbCk6mPTWNqOVriQzPYlCpXM2hk9BL9.jpg,339,905,514,593,622.0,553.5,566,79
YKbrPX2Y_bk42SktcpuQlJf1iDO6jyL.jpg,466,776,471,528,621.0,499.5,310,57
yKFKzZaNHwVI4vCGmP9GWWG3EQyItO.jpg,358,928,472,555,643.0,513.5,570,83
YKHVBljI28XgXewS4mUIS_KbwmnOlWlw.jpg,440,905,468,539,672.5,503.5,465,71
YkIf_12UXrbOQZ1c8jfzdOoFXm6B1j.jpg,363,947,524,607,655.0,565.5,584,83
YkijpObOwwJMRx4j5Y2q8KsjYysr4Eo.jpg,480,928,460,540,704.0,500.0,448,80
YkIrjTYqLopzI1avBYOMUOOsT3kB594x.jpg,461,866,414,482,663.5,448.0,405,68
ykJBWFzBP2hwTsFKYte8u_3_8hV5BG.jpg,384,839,427,498,611.5,462.5,455,71
YKka2S2mWdcuFkHBUmp8W7qajlTU88.jpg,444,870,425,489,657.0,457.0,426,64
YkKgJzQl7NmwMCzzEu_BQq8LEQkVLD.jpg,424,735,468,526,579.5,497.0,311,58
YknD3teMdi84o3uWZ4Ic4Wsd9WfnpR.jpg,447,843,419,486,645.0,452.5,396,67
YkQmk4Z1LsGYIuMOOVjq6u11vxMlZST.jpg,422,939,446,547,680.5,496.5,517,101
yKtMSyrt1l2Pv4VfMjMLayxQFeg1Lhb.jpg,211,802,469,559,506.5,514.0,591,90
ykW9DrIzjVcnWo8dn9Mlk9j1BGVSGdI.jpg,236,1135,574,696,685.5,635.0,899,122
ykyP9hl2x8XzEqeQc2HhDVW1y2CSUM.jpg,427,962,501,581,694.5,541.0,535,80
yL7dP2Cb3q1HRV3iNmq72g4WevGXEHW.jpg,439,843,529,600,641.0,564.5,404,71
YlEVwd159FWCyRah1M67UFuxsLdwBK.jpg,364,970,536,622,667.0,579.0,606,86
YLG3mc5mYFlve6WOTFqTC_VGxUvvdx.jpg,297,830,423,500,563.5,461.5,533,77
yLm4q3cROjW5TNgdy7F2hTNFVwOsqlD.jpg,331,851,470,545,591.0,507.5,520,75
YLPYRS9DEv2gxnLebGJ4nLL2UdFHJ4XX.jpg,444,845,416,481,644.5,448.5,401,65
YLQhC9yR8feWsha2UuCcKTFYimTKwL.jpg,390,963,518,603,676.5,560.5,573,85
YlthqFx4UMFw8q8xXPMO7sXWtRMoGDdC.jpg,274,777,433,511,525.5,472.0,503,78
yLVGJO15yp4qZfNhpMYRFq5mGKjuF.jpg,411,880,427,501,645.5,464.0,469,74
yLvOcXj_xM1w6lpVQ4PnHioxePjXCBE.jpg,376,899,445,523,637.5,484.0,523,78
yLVwKNIX8DWtsuIBe8nBwIkRjOIUh1y.jpg,404,786,507,578,595.0,542.5,382,71
yLX6yftrYV3DBz73GcyPNiOSwNj2Wjs.jpg,452,776,476,534,614.0,505.0,324,58
YlX_PLirXDivzYwGQMFUECUP8jmzzFtR.jpg,305,762,437,510,533.5,473.5,457,73
yM5tE9vpuLbuY7iN4sVHnvuh6I4euVe.jpg,418,754,445,509,586.0,477.0,336,64
YMeyjSIeZnSq1KgwZPTfv_dwKVxK7Tu.jpg,436,876,429,498,656.0,463.5,440,69
YmHs4Jhen3ihxLsaSgexSoh6qmp5QTfO.jpg,414,954,493,580,684.0,536.5,540,87
YMq5W3NoSKKE2LizxlvRGTJxkoKMr8qo.jpg,371,891,460,536,631.0,498.0,520,76
YMunqJQXcqBQ_ty8s1GQZDfLWekWa.jpg,363,750,438,497,556.5,467.5,387,59
ymX4MY8DIpPeRgBtGsSUcehqfN9BjZy.jpg,401,864,428,500,632.5,464.0,463,72
YMxCbZVC_Di2keIYSr_Y7ZRgBmgWfM.jpg,410,814,419,484,612.0,451.5,404,65
yMypJktXsQNim4mO_vBkKtXtLIhYCX_.jpg,291,901,514,600,596.0,557.0,610,86
yn8l3NcXYZXfDX5f5W8FLd4WpNZIBb.jpg,400,738,475,538,569.0,506.5,338,63
ynI4nkOy5H6Fqp9BgOw5mqMYjYS1LaV.jpg,316,682,492,556,499.0,524.0,366,64
yNOiI19Mx1svke2CRR4KfgbW5nYqzZ.jpg,393,968,510,596,680.5,553.0,575,86
YNqkholPEhsObtPNggEaDFH6GFG5OlP5.jpg,437,783,453,519,610.0,486.0,346,66
yNRC9aKQxgz61B74dn6Bw2Tv6IWlv66.jpg,405,830,425,493,617.5,459.0,425,68
yNRmBN63pvpHJ6FfaVRTf8xvU7mZFFy.jpg,366,1010,546,642,688.0,594.0,644,96
ynU3STm2bENzyXFn1ICnV6BeppMYo7H8.jpg,344,893,510,588,618.5,549.0,549,78
ynvFK4vVLuOeVUQHZ69mvWLLKRD1.jpg,487,945,464,537,716.0,500.5,458,73
YNYO1sbL5MOJdpq8feTIWQvLfX2VNMx8.jpg,433,795,494,561,614.0,527.5,362,67
Yo3c74h7PEbE5XnaDfk2EmhMZFHsC.jpg,406,776,488,554,591.0,521.0,370,66
yobjuYyJRQIp5kczz51zuwCu7HRsMDz.jpg,465,885,454,522,675.0,488.0,420,68
YoeK_jmnf7m5srV6YqnpBpG9pNiKo_8Q.jpg,539,885,454,521,712.0,487.5,346,67
YoeMO3exNfgPuvGq9eIztCmHtbWTfeBr.jpg,445,814,504,573,629.5,538.5,369,69
yoEUIi7ykgBrCTZrlxDyQXR78LV.jpg,434,883,431,500,658.5,465.5,449,69
yOoYxmSgzHDsr5lHFGaS4fhS4XZvopF.jpg,386,889,445,527,637.5,486.0,503,82
YoWMsLneErTRWYyviph1qotsIruJC8W.jpg,359,856,445,515,607.5,480.0,497,70
yoxexSUQytcW4Ohdd1h8e9hcT3WZJF.jpg,381,959,471,554,670.0,512.5,578,83
Yo_2O31zzL3pNGl8ybbq4lN_XmYG2.jpg,375,860,442,518,617.5,480.0,485,76
yP4BIuf9zc1ITHmiKZV1TYXc9hOlZm.jpg,382,679,440,494,530.5,467.0,297,54
yP9qDmnXU6eLSHMbuxsonPnYQIa8jb.jpg,181,716,496,572,448.5,534.0,535,76
yPgCXExI_lyp6vVkoxsd1flKlFh9oIY.jpg,360,760,424,486,560.0,455.0,400,62
YpnCi8M1CIemczMfxOLRcFPijBXOG.jpg,382,769,443,503,575.5,473.0,387,60
ypNqbXqYyhfrqDgIjH7t7uvEvHjlt.jpg,456,847,512,586,651.5,549.0,391,74
YpOawwPlgWw9s7WXUUfXuc6Bc8_poFD.jpg,374,815,420,505,594.5,462.5,441,85
YPOqkqR1yetSYgHqC3RGaUW5v5Nusz.jpg,427,722,431,487,574.5,459.0,295,56
YPpdPI1nn1gf5wgi62bH_g7ksO9Kyu57.jpg,384,851,439,511,617.5,475.0,467,72
yprdxPRskdtOvzHdF9ExdD9GuqhvOJ.jpg,345,851,456,531,598.0,493.5,506,75
yq4c8G2nmDX2WKaetD2fUl_xhgzT6uw.jpg,276,829,470,553,552.5,511.5,553,83
yqkiUivMHovxFD5FfWbdBG1nxnoLmN.jpg,417,975,460,545,696.0,502.5,558,85
yQOccqOsVj7gh5PMggkVWXuX9UOdVd.jpg,342,857,455,531,599.5,493.0,515,76
YQOunUo3e7_w9MRI3GCbhfGmEeT8GeqR.jpg,426,880,435,505,653.0,470.0,454,70
yqrkJVbz5SVb1wzvPUvpFuwwgmqDQbC.jpg,430,787,490,557,608.5,523.5,357,67
YqRPKppi8Yu2yZ3L7vMeEX51rWoxZo.jpg,405,974,474,556,689.5,515.0,569,82
yqUFPj_dI9ETJdVKG3QWzwGb5koSVCm.jpg,361,860,445,540,610.5,492.5,499,95
yqvCKnPYd11IvY6MG_yRkW8ECGTX3Wtg.jpg,274,840,494,582,557.0,538.0,566,88
YqVHITVCa2feuDoX6cxCtJUsX442lcR.jpg,339,929,514,598,634.0,556.0,590,84
yQVqUiFe1qwZOZa5DoWg9NucwggwBC.jpg,424,731,429,486,577.5,457.5,307,57
Yr5lq8caRwGpvE4EwbrMLMTRppum.jpg,379,891,495,571,635.0,533.0,512,76
yRbNsie4_ZZKVyuQhcasgJBqyjnFX.jpg,349,781,422,490,565.0,456.0,432,68
YrcqsKwbTK8PqTigfLRIMLvhfnE8kW.jpg,300,1119,560,694,709.5,627.0,819,134
yrg7D6vfkzNYk4fn1z8XVmEi7xCPtYsi.jpg,386,927,465,541,656.5,503.0,541,76
yRHkEMVUnCxtJDs1PpPibrxpumz6Nry.jpg,354,651,435,491,502.5,463.0,297,56
Yrhl_IKXPyXfMqZZ3DIiJNbOBvOQkq.jpg,427,934,488,563,680.5,525.5,507,75
yRibpR_uFQtm2VT1_BpwMo5tGCRRM9n.jpg,496,814,441,502,655.0,471.5,318,61
yRisfJ8EF2FWGRHrEl1KCjiGpcutgye.jpg,293,891,523,607,592.0,565.0,598,84
yrjdbSjx8L6xQFY8vgnehlEFr3HXKzDm.jpg,297,673,491,558,485.0,524.5,376,67
YrLUP5q6JDN73YNNm1QWr2DOh2mOT4B.jpg,391,836,435,505,613.5,470.0,445,70
YRmKgRiSXxzkmHws38Ty5B__ajnTO1I.jpg,506,814,442,503,660.0,472.5,308,61
YroCYdsYmfsoL6zM1Xo9YQRQltLpq.jpg,335,865,458,534,600.0,496.0,530,76
yRPBkMF8SBQNuvWjwQdgvm4di2O6c.jpg,443,763,457,517,603.0,487.0,320,60
YrTYmWRQo_Wk4uRasmX8HIH1QtXf66gg.jpg,480,892,416,480,686.0,448.0,412,64
yrUDxTOg6uGi94W8Li5HXrHt9zUUqKl.jpg,395,946,464,549,670.5,506.5,551,85
YRvnyE28hsNpX8JXpdRf8w7mrskBFmUT.jpg,338,859,459,533,598.5,496.0,521,74
YrwyiN4G_XyWcGIBujw8ng3ZPDUf.jpg,375,893,454,534,634.0,494.0,518,80
yRYiI2DyP3cedSKzJcbb6czWWyn_h2ko.jpg,413,962,505,585,687.5,545.0,549,80
ys6ZD4oUYIwT9crRbt5tFCHlvtiQuec.jpg,323,857,449,530,590.0,489.5,534,81
ySbglMHZ1Dmav2f_jenHgzWuVyjuS.jpg,336,854,456,545,595.0,500.5,518,89
YSd8aykgKmZDE_orIsifOiUYK6iXuZ.jpg,421,828,419,483,624.5,451.0,407,64
YSFqJZmsfSLUY5CSoLX_kNLhowwnGc3.jpg,358,682,448,507,520.0,477.5,324,59
ySfvZ5LiCUIDG97Jo4kxsVHqe4o689_.jpg,419,925,455,531,672.0,493.0,506,76
ySFx4Bjs4rSZYE5SjTyQUDyPkJvNjVwI.jpg,369,867,449,523,618.0,486.0,498,74
YSGpyxp2qHXN357rOyihaZc6mGU1SPF.jpg,302,836,464,546,569.0,505.0,534,82
YSjmuboQj6tdR6xLYfuR_ixCKMmesO.jpg,416,924,495,573,670.0,534.0,508,78
ysk8tnWnEdbiSiWpe_y1RvSyzyEonZW.jpg,318,843,497,569,580.5,533.0,525,72
ysnjKbvfIhrddFJ6wuCw_GrbarnPcW.jpg,460,818,464,532,639.0,498.0,358,68
YszIJX3CfM3wl3XV8FpY6hKk3znDcVE.jpg,371,865,454,529,618.0,491.5,494,75
yT7YZR5vZbj3XuXUoRHh7jcD36OuBO.jpg,311,782,465,536,546.5,500.5,471,71
ytFeJMFUgdzqsgkGL3EiPfWye3iWJ.jpg,367,763,438,501,565.0,469.5,396,63
yTGjXtQxQ6mCp2UJmKeZish4pOTyuHH.jpg,317,829,482,556,573.0,519.0,512,74
ytGPU4Djp2tSppTZIaWkqGpWZvhVWU.jpg,367,769,419,483,568.0,451.0,402,64
YtNXrriSTamtpgw1Zcs1fpTVVwsM8zy.jpg,320,766,435,521,543.0,478.0,446,86
yTp9XMzRmzD3GBelLiXoPiHBy1LBGph.jpg,374,927,467,563,650.5,515.0,553,96
YTQIRU_EC8zqWfabvXTRsnyINBXhg5Z.jpg,412,724,438,495,568.0,466.5,312,57
ytQWtDeKXQqUdXU_5UXTWF58mDLazet.jpg,186,729,511,591,457.5,551.0,543,80
yTSO4xnCTWRVNvRgvyCannJFmWD2N.jpg,398,956,470,551,677.0,510.5,558,81
yTWkXup5DTxcX17JunW4PMzBZEOWY_.jpg,376,905,500,577,640.5,538.5,529,77
YTyIbOzl6Bhji9B7TyXkazzcBdKYkW.jpg,471,770,434,493,620.5,463.5,299,59
Yu6evJNHfjR39ePwYT4KQzEMMC7P2nHr.jpg,417,715,429,486,566.0,457.5,298,57
YUBUwUuO9aMWpkI25iVQR4D_6o3HTI4.jpg,448,827,411,474,637.5,442.5,379,63
YUedIz9se1BqFhEW1RrnNTXzHXo_.jpg,276,737,454,523,506.5,488.5,461,69
YuMU6tD7VkbowurvwFLhFnWixgSUylg.jpg,361,987,495,587,674.0,541.0,626,92
YUQF2xwTYDLBKE47N4dLwtIIclTrDybP.jpg,441,871,425,492,656.0,458.5,430,67
yvcWPpJiuPgSqlPcmXI8uLGSuMkPdYF.jpg,478,885,449,512,681.5,480.5,407,63
yVDYh4P5Sqm3PiMpqpJfH7MvjYw77PSn.jpg,480,825,483,547,652.5,515.0,345,64
YvegclPbdLlJcPCiltEMgw8th8V11DE.jpg,359,647,448,507,503.0,477.5,288,59
YVeS4t4QyoCxBer7BQWotbk74jQlFxyq.jpg,483,872,473,539,677.5,506.0,389,66
YVGi6fd5xjzWxeScoI6dbqlKJzfU1hv.jpg,243,969,517,635,606.0,576.0,726,118
Yvlpsu8I1J58Ym9tb_OSEvqrT41biMRe.jpg,356,693,484,543,524.5,513.5,337,59
YVnrngNHU4u5LqxSorBfwrMMZJ_B4.jpg,219,904,441,539,561.5,490.0,685,98
yvpIYd_4GVOfRtIhJJ3vBlqddh1jF4N3.jpg,429,784,489,552,606.5,520.5,355,63
YvrMyXUlYk2mz4qWuVsGaYbCv18GpZ.jpg,492,798,462,521,645.0,491.5,306,59
yvy9xGYM1zYSaDDOYSURW6iCIMKTQbeC.jpg,434,750,447,505,592.0,476.0,316,58
YW3ifEJK1BGmR7tZQsVkQjTvFRQnOc.jpg,412,1061,557,671,736.5,614.0,649,114
YwcpPf_rGUVhBTNg2QPepzKX18rUuY.jpg,346,674,448,509,510.0,478.5,328,61
ywd62e7hl8iuHg4wJ1FB5_V44Ub5mR4.jpg,386,843,436,511,614.5,473.5,457,75
YwI5MVPs9EewQ6uex6pVO74kdyJs.jpg,340,919,482,570,629.5,526.0,579,88
yWKGZZNRD2MOxpt7P7kBsKXKeG8RuwQe.jpg,299,823,485,561,561.0,523.0,524,76
YWnq4nf_XCfV_HxNpHydCUnVh5ohL.jpg,501,803,433,493,652.0,463.0,302,60
yWQ77aWK_6IORYMmR6qZVPY5PwSr68.jpg,379,870,481,553,624.5,517.0,491,72
YwRc4HK4yz2C8Fyhil6UrG3hvQzu_PHW.jpg,424,722,457,512,573.0,484.5,298,55
yXBv4E5_F9ygEa2bRTvVRLjYmeWJe3.jpg,467,1048,508,602,757.5,555.0,581,94
yxeIc6mLioo3kOBDf9vNyb6ei8TCpZF.jpg,480,778,457,512,629.0,484.5,298,55
YXf62w47B4uCsydca4kRojpciOIjio9.jpg,379,918,461,539,648.5,500.0,539,78
Yxfz66qwR6YL_Y5G2bbqtl9ibrTVYDJ.jpg,455,872,453,516,663.5,484.5,417,63
yXIatEVKaw9ysGlxl6cKEVegRMEp3Uq.jpg,334,861,466,542,597.5,504.0,527,76
yXk99LFXPd7zzIIyrmV5xYnMv2zbuVz.jpg,354,736,474,543,545.0,508.5,382,69
yXkpk4Y_aEkeTfCCBiY2kEu8oSsoqu.jpg,238,708,471,542,473.0,506.5,470,71
yXMp7DmMa6p7nI2hgtg5bvofPbnw69Z.jpg,436,893,434,505,664.5,469.5,457,71
yXOkYPzHrSKSOcwoWYWlHnEQ9glY.jpg,366,933,471,554,649.5,512.5,567,83
YxRwYJHYMvMolPHmKKnxNtsh_UMI2zc.jpg,435,767,474,534,601.0,504.0,332,60
yxs8w762KttztoWH2LdtiiI_TWP7PM.jpg,270,806,470,553,538.0,511.5,536,83
YxuH8b4NUQ3eNJZu1RjmFP3nBIsDV1X.jpg,421,903,483,552,662.0,517.5,482,69
yxZVjTuKHcOx_PQP9D2i4Om2sG9p.jpg,501,1090,491,588,795.5,539.5,589,97
Yy5l136vtupP_HRYfhEILZf3BJvt1q6.jpg,267,774,449,528,520.5,488.5,507,79
yy9VlzdKU_xfzQKgcnJYgwJNeUPIDNw.jpg,332,730,481,554,531.0,517.5,398,73
yybNqfkMmmGjoSoVRITWzK6FJJCnFho.jpg,355,859,481,559,607.0,520.0,504,78
YYdb1EdkhZmaeln8WhQILM6lJcpcHHX.jpg,403,851,429,496,627.0,462.5,448,67
YYe5xxMFPNat5wtCEGDKTWLzfYKXBjs.jpg,443,857,419,482,650.0,450.5,414,63
yYKBhTLG9h8zzdXHh9QlfjTu73f_5e.jpg,340,913,520,605,626.5,562.5,573,85
yYKbQNysHNKN6KXJtqKb8VdJyhKhL.jpg,305,749,429,500,527.0,464.5,444,71
yyo8L8TGeKzTJJ4WLK2FGM2IMpb7SQ.jpg,282,1090,549,678,686.0,613.5,808,129
yyOa2kfZITb5DV_YN8OdJCj6KrEmYG6M.jpg,443,920,447,517,681.5,482.0,477,70
yYSdvaUf2luS9GWu7ijskbuv3GKg_tUt.jpg,333,896,474,558,614.5,516.0,563,84
YyWhHDzB4Zv42lC6folbsTBTzD6OqaV.jpg,351,874,456,531,612.5,493.5,523,75
yZ2mvBxSSHmMhzx1LhJKZPasboFP7iJ.jpg,347,957,537,624,652.0,580.5,610,87
Yz2nrFrMcp3fQEC8mx5rPynFn7J9OV.jpg,439,897,427,517,668.0,472.0,458,90
YZ3u2SLoddHVY24cbJPP3MD6xXVa.jpg,429,867,464,531,648.0,497.5,438,67
Yz9Q6VTKzcuaFGt4P4eLOTHuvyezLKSE.jpg,399,929,462,543,664.0,502.5,530,81
yzaUxst1VUvVCgRRYnQ5bSi6Wwf.jpg,432,870,458,528,651.0,493.0,438,70
YzBfXJS_xrXZQXOHNgBEHLqTaaMNblk.jpg,392,812,427,492,602.0,459.5,420,65
yZbwCYhI4hi6MJtb3Fs97D1HVzDM63.jpg,386,974,523,606,680.0,564.5,588,83
YZd7hKYn6SpeU7rICyBBgyIF2tBm_H.jpg,476,810,484,545,643.0,514.5,334,61
Yzd8kzBvCPfMNJ9KhVHdKBIQT6iESGU.jpg,421,810,519,590,615.5,554.5,389,71
YZmFY9sa4KxMDdSQVbbKauh3q_IvM.jpg,412,781,504,570,596.5,537.0,369,66
yZSsK2X3gtYwNIO_Z5t7TLt_LCbNm8.jpg,357,914,509,586,635.5,547.5,557,77
YZyroLwrXmkvbMwriU2eROYce6ltI.jpg,441,749,447,507,595.0,477.0,308,60
Y_6mBc82rxhl2NyrWdWwFrIGPjQurP.jpg,384,863,451,520,623.5,485.5,479,69
Y_9TbGNeoydvwVfi9xhstPnCKsZakj2.jpg,264,781,458,534,522.5,496.0,517,76
y_d1ZsxiI47jy8GW6LHKEXDpm_Uj.jpg,407,855,430,500,631.0,465.0,448,70
Y_eKQFUMGYGf52PKwUMtKakjqX7O_Nzp.jpg,406,930,458,534,668.0,496.0,524,76
Y_x5Dd9JbzE6Ub7Xh4UCvJNSdbErm.jpg,259,803,464,542,531.0,503.0,544,78
z1CsmTDJeEPhKxFHkwI1Bap65alGmO_.jpg,430,992,465,552,711.0,508.5,562,87
z1Ef7jhcJHntxqMwyXNQIsbcpFbhi.jpg,392,895,444,518,643.5,481.0,503,74
Z1Mp4WZxueJEndTg3ChkqJF4l42zJ1mp.jpg,386,947,515,596,666.5,555.5,561,81
Z1Sph4BjHYLxaRzjuCZfYuerBdBtZ3.jpg,409,996,519,606,702.5,562.5,587,87
Z1Ycfo5Q5juXWh9JKz59GNrGwZlr9q7.jpg,433,848,444,507,640.5,475.5,415,63
z2M3tSVzH92th_qwtlcCimUCCVxCrX9.jpg,397,912,492,566,654.5,529.0,515,74
z2riehNSJbPfW9HyTnkcLZFidlyrQP.jpg,360,787,448,512,573.5,480.0,427,64
z32xXwcvK8OnLcIhHFXxELtcmZFN6.jpg,394,691,437,492,542.5,464.5,297,55
z3aeMR23geweS45_nLsGp9YhsnFoYtY.jpg,377,834,434,506,605.5,470.0,457,72
z3RrhDKsGLVITX_oDf99VKe1L3eM8.jpg,383,951,476,559,667.0,517.5,568,83
Z3ruuTGFYSQo26vQh_t8wQXqyzgbwY.jpg,388,791,421,482,589.5,451.5,403,61
Z3xjc4xxMpvioV5Fc_xtHI29Jhn_Z.jpg,368,890,502,578,629.0,540.0,522,76
Z43z36PFtQBcZil_DTaJPRYtTdBpNjPd.jpg,488,838,463,527,663.0,495.0,350,64
z462kpJ5k9Mv6qYMCXzzOekLVsETJ.jpg,314,762,438,506,538.0,472.0,448,68
z48bfgqp4hGdvhttexwHiMV7MFPYX.jpg,483,888,444,513,685.5,478.5,405,69
Z4I9TOF8FzSwJrLpZEitzjzKBWU68Io.jpg,413,861,429,498,637.0,463.5,448,69
Z4LfNZo18N4ZDrVcKJVFdyPQ39kF1.jpg,361,887,452,532,624.0,492.0,526,80
z4NkyN8Fhl73remtGwZMdPDxltjFFMq.jpg,336,790,458,523,563.0,490.5,454,65
Z4TUm7guvjkIIDIgXd_mOVCK1MGxGa.jpg,477,778,426,484,627.5,455.0,301,58
z4WZunR85KGiS6hqWxfYn5viMrSvgOfi.jpg,434,894,465,534,664.0,499.5,460,69
z4X1eVbgNt3fY2Fm6iktY48dSjhV1Oc.jpg,414,879,477,546,646.5,511.5,465,69
Z5dQkOpNDMd3uuPNMd4kMuxg6oLBVcnV.jpg,432,808,513,583,620.0,548.0,376,70
z5Sag_pm7Qrxw7P7BHy5k9tXhp5C.jpg,93,856,520,616,474.5,568.0,763,96
z63tOqjQNcwOqlssncJkciiPD6FsXX.jpg,426,710,428,484,568.0,456.0,284,56
Z67SKG5zRdlFtbcW4c4QOkoxE_fn25L.jpg,344,714,481,548,529.0,514.5,370,67
z6b_OhdsSdX9VGeITjCogEjxeglkwH_.jpg,364,845,441,515,604.5,478.0,481,74
Z6ioon518owNpTkORxcxCOneR1Itd.jpg,369,801,417,480,585.0,448.5,432,63
Z6J5jFq2WdQcmtxlVzKBWM8kJ4V_x3B.jpg,384,820,461,527,602.0,494.0,436,66
z6wPJTPWNUckYQ17275mHFDu2T1uw.jpg,410,838,447,515,624.0,481.0,428,68
z6xpZJTiR6Qp5PhXhGD2IV1sBQhXEfw.jpg,469,787,471,529,628.0,500.0,318,58
z6y36f7pgFUYNT5ntEugie2ZXVBDRx.jpg,411,870,434,503,640.5,468.5,459,69
z7E4MtknwgNXZDgUPaiwZIa2zlP59N.jpg,341,856,498,572,598.5,535.0,515,74
z7KnB7BPs3j3hnKQJlmXl4fesU165.jpg,390,818,423,492,604.0,457.5,428,69
z7NMNQ9Gou25TorYDECmqoGena7xL2C.jpg,406,923,454,534,664.5,494.0,517,80
z7nuGBiaQbJ9o2eVFLaUl1UmY82ZduG.jpg,282,918,493,601,600.0,547.0,636,108
Z7QqrQuGsD5JaZBpBlHFLo2z83oTH5Vf.jpg,446,958,492,571,702.0,531.5,512,79
Z82q43DP_mLmZLIXEFytMDU84Bhm7a.jpg,535,850,464,524,692.5,494.0,315,60
z83o554KGUwe2aLFwjrizrYpy_ZCtzh.jpg,469,792,472,533,630.5,502.5,323,61
Z8H9LonZJkQpwl6Hw93M5IvoHyxsRli.jpg,413,733,451,510,573.0,480.5,320,59
z8HxjLRj1O4srLkQEj95ddgfejtjFwPr.jpg,471,780,439,497,625.5,468.0,309,58
Z8PhmT4hngsURvspF_JzkEaZijSsWn.jpg,455,749,428,484,602.0,456.0,294,56
z8RuGwnZxTlVJGO49w9gi6G18v.jpg,407,795,414,479,601.0,446.5,388,65
Z8w5ffTxmhblRLjanpqhrJijSXMJa.jpg,223,798,472,559,510.5,515.5,575,87
z8WaYN4b7YWIwNq82Rxt7x3lfiqIc5c.jpg,425,882,470,538,653.5,504.0,457,68
Z95nQUXTlp1Q1fFaZDsEqNLy1H4F3KCl.jpg,369,919,498,581,644.0,539.5,550,83
Z9a44nga4yMJs5VrTZCcOw4FUISJhQ_.jpg,296,808,454,529,552.0,491.5,512,75
z9MmGfIfVGKhfKbCFKYhtvul4wEKG34.jpg,496,813,440,503,654.5,471.5,317,63
z9nDWlJPfuSWporMH92h47_aSRcJh1P8.jpg,427,893,425,499,660.0,462.0,466,74
z9Yh7uCiwqx_pIFfx3pgNPFM_H73Ux.jpg,360,838,436,514,599.0,475.0,478,78
za3q9b5XRBpno8LuIowStgdaoXYH6L.jpg,347,882,509,583,614.5,546.0,535,74
Za6e_fKsfwdumQVEMyeB5TvE9dEE.jpg,452,764,430,489,608.0,459.5,312,59
zaHmqzywaIkJP9KL5w3b1fcp2jrmULr.jpg,384,680,441,495,532.0,468.0,296,54
Zai3bewTaWzS5Og9YmpklCvnMI12.jpg,391,893,452,528,642.0,490.0,502,76
ZaMwVRCL3rZ99UiaMwfxDCciCFxOFN6f.jpg,326,889,475,559,607.5,517.0,563,84
zauBGFT22stqDRoJnTnC6I54mLY9QbX.jpg,345,774,429,498,559.5,463.5,429,69
ZB3CnsFN14uv3uMZm3CLm9ckJJXCZ17.jpg,410,813,519,596,611.5,557.5,403,77
ZB46PpYUh_mRwCVfpCOQ7EtHovNBmH.jpg,386,816,415,481,601.0,448.0,430,66
zbDKBRhUqYZ6l47dHWE9CBWdHjNaZKI.jpg,419,934,453,530,676.5,491.5,515,77
ZbdO2hkW28GPfF8gZBum38bl5iXri.jpg,358,650,423,480,504.0,451.5,292,57
ZBh9cchoWEG1DG2EnytUXyfWXwG_C.jpg,422,853,428,501,637.5,464.5,431,73
ZBkTckzssVrUuyh71x6QKtlvK2tJB.jpg,377,731,486,549,554.0,517.5,354,63
zBP1S6HIW4fDdokasPRHHJqtSsIQJly.jpg,476,974,449,528,725.0,488.5,498,79
zBPYQMsyqQ_TFuZvaBn9bZlyd2sVLB2.jpg,414,856,423,489,635.0,456.0,442,66
zBqEppLVubVLaaPos1ERz47cIVcFne.jpg,331,867,470,547,599.0,508.5,536,77
zbVcDiJUTQG9OzYlypKQmfvb5asfWf.jpg,441,884,432,501,662.5,466.5,443,69
zBYrO8Bx_3PVR8vyhteQ4FdXsetWz.jpg,449,832,485,550,640.5,517.5,383,65
Zc8tq1WyooWwWsMMHOD2OJiom1u2IsE.jpg,452,789,477,542,620.5,509.5,337,65
zcEc5sk2CLinQYull8fT3z8EGinHTZU.jpg,469,741,425,476,605.0,450.5,272,51
zcM522MtcsVMVCnUDPJUM2bqMnMLxE.jpg,290,763,435,512,526.5,473.5,473,77
ZCOxLe_uq6_3HQc1MP7NWw_7zIEz93wF.jpg,413,787,411,473,600.0,442.0,374,62
zcXXgdU_pNuEKmgByuTqdgM6XosYV8.jpg,492,767,442,497,629.5,469.5,275,55
ZCzJTP9gcjiF_8tFXhSbJQRq2hOVjP3.jpg,330,783,437,509,556.5,473.0,453,72
zCzMia8kL784z49_jZhk6V7faBethOSJ.jpg,401,719,461,519,560.0,490.0,318,58
ZczwN_SpoydyM63zhXigWMurMwaQg5.jpg,477,916,432,500,696.5,466.0,439,68
zc_n7KLo4XQR2bnjOVvL8bjVw4_jHB.jpg,296,772,480,550,534.0,515.0,476,70
zd6aDzkpJNp5V5h9b4wIu768iocXa8zR.jpg,397,836,430,496,616.5,463.0,439,66
zDbpfy3gtoOzgi1etuzO5RmgoHooL.jpg,424,913,478,560,668.5,519.0,489,82
zdBs49iKmwfSJ8xTtK6lln4ZSiJvmvCI.jpg,398,920,497,572,659.0,534.5,522,75
ZDmWiQvVLfyVIptXb5J7hn7ujHr_a1xG.jpg,301,664,473,538,482.5,505.5,363,65
ZDp6xTpauG4ETOsqrlKDI1U5OlXgq.jpg,378,859,476,549,618.5,512.5,481,73
ZdTahu68woRi6IQilmEzvBtepMZaGI.jpg,379,803,422,487,591.0,454.5,424,65
ZdVDeKWiktqvczJjca73dKYYx11e9.jpg,385,818,427,505,601.5,466.0,433,78
zdxtTKpa8s356yMDWTtpQwCqhIuvLyP.jpg,405,866,478,543,635.5,510.5,461,65
ZDzeyLk2ZQomdy7RdYgoDfF1u_QnHjk.jpg,425,882,428,500,653.5,464.0,457,72
ZeBQiponxXXfXtOtoMZvb1FwvUvlj.jpg,381,766,473,542,573.5,507.5,385,69
ZeB_ISGLJBvxCiRnOH3msGceWyNcq.jpg,300,1047,529,641,673.5,585.0,747,112
ZEdHymi7HMBmfhtHx8jptqvBqxuEF2vU.jpg,466,766,459,515,616.0,487.0,300,56
ZEdPW4OVn7gzgNEKqKrMWEvYgDYjeR8.jpg,293,780,446,522,536.5,484.0,487,76
ZeeNG_LNva1R8UDVFac1UefDNtGKey.jpg,362,736,413,474,549.0,443.5,374,61
zeGzarYy7d8XOtRimbtVrralpVu7wWs.jpg,311,861,516,593,586.0,554.5,550,77
ZEnjKDxq2lChxyZJvLHYaru5NLuQB2e.jpg,395,959,476,562,677.0,519.0,564,86
zEvMaeraYW7KWTTO2vJc_lP_fUiUF.jpg,329,777,455,520,553.0,487.5,448,65
zE_F87uHCnelwGWUXImvEV7LdtKv.jpg,455,786,471,529,620.5,500.0,331,58
ZF3eRkhIeNHKRw_IiVCXVNTQxPQbPt.jpg,315,879,469,565,597.0,517.0,564,96
zF6ft3UzlemJv3GCaOjFTzBLtPONumI.jpg,359,846,476,551,602.5,513.5,487,75
ZffnWl4LJCcdPUXevRnxLm96xLRjanT.jpg,317,754,433,499,535.5,466.0,437,66
ZfFV1tO43LMK4KE3rn3eXNmGWp4B.jpg,405,830,427,494,617.5,460.5,425,67
ZFiv5kSgv4otWVORBxFYL6Me152kE42.jpg,467,844,501,572,655.5,536.5,377,71
zfLvI3WvN5CHmpNfNIyYUN2W5Jyqg2J.jpg,382,835,429,502,608.5,465.5,453,73
zfpxsqgNJH2WrtT_CaG_RQHOzuKxqp.jpg,440,798,469,534,619.0,501.5,358,65
ZFsTawY1lT8E3nbY1GiB_k942JS4DtSD.jpg,434,830,412,476,632.0,444.0,396,64
zfu6komF9424HpCZ2YmrF_mc_jF7W.jpg,385,811,418,480,598.0,449.0,426,62
ZFv8bmkHwvBDnVWwG4O8V3bxtncJGi.jpg,316,761,433,504,538.5,468.5,445,71
zFYxE_CE2SSSwukD2mRQOXymY5HJr7.jpg,446,758,444,506,602.0,475.0,312,62
ZFzTxFGUMdYHnfixuidpgjI2xc8_NNS5.jpg,440,885,468,533,662.5,500.5,445,65
ZG2pvSPMhTYNCHUMBVmgGDzeOsLWx5O.jpg,334,915,512,594,624.5,553.0,581,82
Zg5pRHYyB2pJDz_bFBiPbuS4aEL6X.jpg,408,870,432,499,639.0,465.5,462,67
zG8Bl9orgSwNihHcXCqYQWlrSwHjLOk.jpg,376,849,449,519,612.5,484.0,473,70
zgF5D5ajCZUF6bnHN68PXNUDoLSz4.jpg,312,817,455,528,564.5,491.5,505,73
zGJ5Kx2LrpJfnvpBhaDLXxoYZxSCuqR.jpg,393,822,423,492,607.5,457.5,429,69
zgKVjWGzbzsIRPcbEFB7yLBl1dtD6mQ3.jpg,390,676,430,483,533.0,456.5,286,53
zGLc6yV7e858_Kcy4Y8qCf8Qbkk2NE.jpg,411,741,447,509,576.0,478.0,330,62
ZgLy1dgdq2bN5zggSl9GV84Cp5HYYNZj.jpg,334,705,505,572,519.5,538.5,371,67
ZgMwZbrZv_baK2qMJ6XWRf5L7r_7cfl.jpg,529,861,431,497,695.0,464.0,332,66
zHaCl2gCSl1bOHliTPjGSOVI1jlJg.jpg,336,681,464,525,508.5,494.5,345,61
ZHcFZ2Z4so8jrP4iPUS8z4j2mbFRH5D.jpg,342,764,454,518,553.0,486.0,422,64
zhFx8bX4VcKUOyec8U3_7NBFN_SELKu.jpg,275,847,465,545,561.0,505.0,572,80
ZhPnJPtXfTNyNdcLwdw1dizpvPfjO.jpg,242,970,512,616,606.0,564.0,728,104
ZHsgs9ld9wz7LOskjzSgMIx5d9eKb6.jpg,456,821,485,549,638.5,517.0,365,64
zhSqilN2YEgetwqw46ukLEuINnM6az6.jpg,429,867,431,499,648.0,465.0,438,68
zhwTdiuxRUuXao1b3Lg_TwGzVcrn.jpg,438,801,499,566,619.5,532.5,363,67
ZHyf64oRvCIDOMqlOm6N2LXn9XE_saF.jpg,289,842,488,581,565.5,534.5,553,93
zhZ2lIRaTfZldCXY7sbIwiikfrkH7.jpg,421,808,517,589,614.5,553.0,387,72
zi48goW2ZMgcroZ74Ov5y7IphVtM5kNy.jpg,370,860,441,518,615.0,479.5,490,77
zI4JLcrgoKft42INTsbafm6SqbjDw4.jpg,412,723,466,527,567.5,496.5,311,61
zI9nriIt6exFsSKhFcKitb4J2E3mBFW.jpg,365,840,441,514,602.5,477.5,475,73
ZIfMQ3MtoVkwCnI17EoqezrvdcB77lE.jpg,157,1093,599,729,625.0,664.0,936,130
ZIKmTUuVFQyyHLjlD1wN6fILRwGzq.jpg,462,869,416,482,665.5,449.0,407,66
ZIkQnSULicniqmW5pPWPZlS7_4BOKbT.jpg,363,921,497,581,642.0,539.0,558,84
zimDfbz_jXLtHmGvYcERBMXXqHjC3.jpg,455,794,444,512,624.5,478.0,339,68
ZIQPZT8qk2ua4VQ5OHT4pt3x8FvUfgJz.jpg,379,851,444,515,615.0,479.5,472,71
ziXZczUle8GNN6IchDJ_FxVaKL5jpjQ5.jpg,428,732,436,496,580.0,466.0,304,60
ZI_TJiammeXMRMLpUqshvtK946ysmMbT.jpg,174,862,510,614,518.0,562.0,688,104
zJ8xN5Qm4Qw6uTr_CdTfdkGednaJiQ.jpg,325,669,459,522,497.0,490.5,344,63
zJKDoPnNc6XT_fjOMhZeMUl9E16oDHpc.jpg,332,671,456,518,501.5,487.0,339,62
zjNUiWwu6F88_1O2s9yEDr2CN8V_.jpg,335,679,454,519,507.0,486.5,344,65
ZjY12guUe6upR_fowX_GeddZVRagb.jpg,383,809,429,494,596.0,461.5,426,65
ZjzvsRzJoUd5kejIjsKTxqUUYSXc_D_G.jpg,485,754,422,474,619.5,448.0,269,52
ZkCe7sSkKk4OZyQjFasExgPmcUgV.jpg,424,909,481,556,666.5,518.5,485,75
zkCli7fTr_fYzyD6xUirH5hmwVfD2loC.jpg,266,793,467,541,529.5,504.0,527,74
zKECeIOTm1zCBENItcWo9T7MSjkfaQ.jpg,243,1121,568,708,682.0,638.0,878,140
zKHcILgrsDI6aEuv_V_I6VQH_Mt56KI_.jpg,401,890,478,550,645.5,514.0,489,72
ZknMqKSzvGHvVdNhEHtsGo37yQWDWj_N.jpg,397,917,451,527,657.0,489.0,520,76
ZKoqBjXwf6GzZSVcFIrCcpYWY3rbBBbK.jpg,394,898,487,559,646.0,523.0,504,72
zKq4xNh8pNpWHxfSmsMrL68R77SxjHj.jpg,455,993,504,587,724.0,545.5,538,83
ZKyFrd8hHWmtdCUOazVpbPaeFMwx_x.jpg,410,960,513,592,685.0,552.5,550,79
ZLdgPv_dvYot9fIdtg5LEteR9IuSM_.jpg,268,780,455,527,524.0,491.0,512,72
zlDu9OM1aYc2ETrPnUUCGbE9kJCLk.jpg,371,908,497,577,639.5,537.0,537,80
zleSONZcbsqk673HS8HTvOTP4mn587K.jpg,458,807,486,549,632.5,517.5,349,63
ZlE_uMWuxzuLtUd3VO56Nsn2UBqKML.jpg,481,783,433,491,632.0,462.0,302,58
zLP8BbFvecwkse6sQ9trfRUYuq8Y6s.jpg,453,881,424,490,667.0,457.0,428,66
zlpWHt9kW5yvw9jFaIieo6mjjTpDfsHD.jpg,455,884,422,490,669.5,456.0,429,68
ZlQPzepkl3IMsZ9iqbaMQu7oR_9vksRZ.jpg,490,789,439,494,639.5,466.5,299,55
ZLTHK5UDdYu2rxmUCmvanglPsQIOt1Qw.jpg,437,943,455,531,690.0,493.0,506,76
ZLvvPfGPHNStg8Ba6LFqG6DpFCbwDsF.jpg,371,909,501,582,640.0,541.5,538,81
ZlX89IwnavYL8Ro7RbsyrJ_D7EwDHVi.jpg,388,760,458,521,574.0,489.5,372,63
ZM5312z4a2uvs32Wm4SLCHy5GJlbMMZc.jpg,324,875,462,541,599.5,501.5,551,79
zm5K6u4J4Bbw3dyot84ecuBc6lqr3.jpg,333,816,483,557,574.5,520.0,483,74
Zm96jqMksTv7kFSomo4nJ2rXPsVB3h.jpg,476,836,463,528,656.0,495.5,360,65
ZMeXERRII7464QvVmg6Uh5jzMHrt7Fd9.jpg,470,838,500,565,654.0,532.5,368,65
zMHdE7FZCCs3z7Stpl49bKkfKdN4T6.jpg,487,806,444,503,646.5,473.5,319,59
Zmhe_mXRZ9JRK1yaY9IbmIUhTpMC84.jpg,383,818,422,491,600.5,456.5,435,69
zMJTzYPZ11tpNbnhin_g9D43NwHB9L.jpg,421,879,423,502,650.0,462.5,458,79
ZmLtoTcOXJbsHzKovjs_fHYw516NJN.jpg,286,880,533,620,583.0,576.5,594,87
zMMGTfBqILoUFNbIO7kPrNRfN8P5H.jpg,463,914,467,536,688.5,501.5,451,69
Zmpmmt3TpCVDjhLJDCI6LIrooEyUOkri.jpg,393,927,456,539,660.0,497.5,534,83
zMqJSprHUWW32WIFfOWwymHdQp2WVRn.jpg,374,832,437,510,603.0,473.5,458,73
ZmQQalmFOfkpEI_bdurtqcILBy11JlP.jpg,422,917,444,520,669.5,482.0,495,76
ZN2jO2uCWMh9dMvYUz3FPs8gepS9By.jpg,379,665,438,496,522.0,467.0,286,58
zn6GPlRiRy4wzrSrobQgKFPWb6uKToyN.jpg,503,961,455,533,732.0,494.0,458,78
zNbF_ImG5knajsamFzwgEXvumIh2CZL.jpg,326,870,495,575,598.0,535.0,544,80
ZNB_5VW5I38q8pg8PyWnu371rKcJz.jpg,364,889,461,542,626.5,501.5,525,81
ZnD7_Mnbhhy81Nq3zKY5f1s_2zvWpLy.jpg,222,1069,571,698,645.5,634.5,847,127
ZnDnrEpcMEzjXuth5EyYv8dR1S8yYr.jpg,327,729,458,529,528.0,493.5,402,71
zNgFnvSk1jXZqoGj1ibOooD3gymTs.jpg,380,852,439,513,616.0,476.0,472,74
Znj5FnOqpnr5WhfrK5rlCB26jZZhbd.jpg,358,924,470,555,641.0,512.5,566,85
zNlH_9RnqVJo5oKyg4_vI1NjDP8G_oX.jpg,358,911,467,551,634.5,509.0,553,84
znr8GKUNuhLzeSVqXPlLQ5I7Ejssiuj.jpg,423,924,480,560,673.5,520.0,501,80
zNxalanEHeaP5zf_PfJb3CYK5mutaFsy.jpg,358,678,478,537,518.0,507.5,320,59
ZN_9ChdzH8Ex5Fx3huHPqGSZJK4_O.jpg,403,777,452,520,590.0,486.0,374,68
ZO2sMvtrML9Cm4xxV_6UqtZStlo1B.jpg,482,885,414,483,683.5,448.5,403,69
Zo3IbcpM92yR_l_VnRdcxceYXerg51V.jpg,351,885,501,581,618.0,541.0,534,80
zObkhcxeqMkO9QEhXegN51n76ai5GDxb.jpg,424,890,472,541,657.0,506.5,466,69
zoDXnCiTQC1EMno_4EaVLGnnN6UdFjg.jpg,335,877,472,550,606.0,511.0,542,78
zoEm7aWRjgm8nqfskHXT9fZdOafghqx3.jpg,415,958,456,539,686.5,497.5,543,83
zoJ3H52QGBUjWXodYxUMk5O6BrWxstIj.jpg,359,697,456,516,528.0,486.0,338,60
zokDKiZsjolh3fybFINL_cQgLWj9G.jpg,452,786,458,518,619.0,488.0,334,60
zoKvd6kU_Dz9GHtsFchpH8oe_h1DizKE.jpg,409,860,435,505,634.5,470.0,451,70
zOMLMJKV1Uiu5C2eKak_lroXvoQlWeq.jpg,414,952,503,585,683.0,544.0,538,82
ZONHWGTgI_eHbQnYljdfCDe5WXKbqny.jpg,326,849,495,572,587.5,533.5,523,77
Zooiby4ioEUD79nbyROdk2YF5O76X3y.jpg,478,752,420,476,615.0,448.0,274,56
zoq_ngtp_o5iJNsZNc_jVrQMYnvo2pl.jpg,383,820,428,496,601.5,462.0,437,68
ZorWKB_LUBpHYg_XhCd5y3xhsvUtffTO.jpg,520,886,499,565,703.0,532.0,366,66
ZouXgOYgw_268f8SnYI4yQaS94Ed_9L.jpg,467,837,480,547,652.0,513.5,370,67
zo_E2GkMtGe1m7VukJdl4JmZuFfXbTfJ.jpg,333,858,456,536,595.5,496.0,525,80
Zp1_lmhwevIXh4N9uFBGqQurYjHTzMk.jpg,353,654,432,492,503.5,462.0,301,60
zp35LjXIflaT5xk6RCQWRuIePHih_X.jpg,438,745,463,519,591.5,491.0,307,56
zP8btkXvfrPwbnc8D6Hid6EeSU5YhJ.jpg,349,866,488,567,607.5,527.5,517,79
zPa7tLyngBX_qcmrHffsZtt4KciCbg.jpg,335,887,469,554,611.0,511.5,552,85
ZPBHN19x85bTjQKeWf3FDNTMhL2NPWv.jpg,399,834,456,526,616.5,491.0,435,70
ZPEwFXhnvnvKmxtoYpbqqohXLtDd_NDP.jpg,386,759,443,510,572.5,476.5,373,67
zpF2O2TBto_FyrTzlpTPhjorzqwM4p.jpg,329,908,522,601,618.5,561.5,579,79
zPHBGkttPfbZGxoOdabHHQQmbs3Znl2.jpg,458,871,420,488,664.5,454.0,413,68
zpRbjf9K3RJTbIGTh6ucs1UfXtI3v.jpg,380,843,427,519,611.5,473.0,463,92
zptoeoG5ONmiosBNDNbokjU5fSaEJJ.jpg,266,791,491,568,528.5,529.5,525,77
ZpzM8hDS8jBroalCcm_JiuZxULIHo.jpg,489,838,474,538,663.5,506.0,349,64
zp_dNmggFcnJhWt64FivwWrEvB4GdRG.jpg,389,905,491,568,647.0,529.5,516,77
zP_uLYvGdsSYH2kgmzvzyT77RmH1i.jpg,405,892,439,513,648.5,476.0,487,74
zQ4Ke1a68Y5haJJHWbrjCevKpQYev.jpg,320,829,491,568,574.5,529.5,509,77
zq6rKLEU7YJNJxp98Zaqd_M6_rbGZny.jpg,172,765,522,604,468.5,563.0,593,82
ZQ9afBlx8tT2QPs7bhFwd_Q1um8pPjZ.jpg,423,863,430,500,643.0,465.0,440,70
zqCIG8WdWiSynjWzXvYErSEo6LbT7hC.jpg,472,797,441,504,634.5,472.5,325,63
zQm8FEBlwmMNb1U6TDq_oRdvLVrHFnJs.jpg,459,900,431,499,679.5,465.0,441,68
ZQNfldJzsrzpOU3R4bFKzkjIkW5rKa.jpg,404,727,471,533,565.5,502.0,323,62
zqogHQuEemCN7vGPHpeVR2wNfu3OFzi.jpg,394,975,516,600,684.5,558.0,581,84
ZQOTOoEBzLkgjP7pwTXKnJJiW6K1y4.jpg,380,840,431,515,610.0,473.0,460,84
zqrw916CkarLLrVoMofHol78_zfblwR.jpg,57,1231,728,884,644.0,806.0,1174,156
ZQyr1ptSm4zfLrLLGvW55aiaXnBkxzj.jpg,454,912,466,537,683.0,501.5,458,71
zraU1lVdw87n72TTHEvuwx5tw38s9hy.jpg,337,878,469,545,607.5,507.0,541,76
zrf1ylxnJqSCZELndB4rdTB9_mJ4Y9.jpg,466,857,410,472,661.5,441.0,391,62
ZRMzLT2w2DzkDGzKiQG8eaCVG4_kRNj.jpg,438,730,435,490,584.0,462.5,292,55
ZrniDqoxUIa7bjMdZK44S34tTBWxC8.jpg,401,851,464,535,626.0,499.5,450,71
ZrofPfsWP_vJfu99BOK3ObisUtbLqjE.jpg,473,803,471,533,638.0,502.0,330,62
ZRpv4Ot457lV9mKVm1ynCDQPzoPKQXqM.jpg,313,835,458,546,574.0,502.0,522,88
zrW6slTG5QnIHMDyeldJyQZfM1Ib23.jpg,365,841,442,513,603.0,477.5,476,71
Zr_beflMthDzUWgvpItkoI2aPYceo.jpg,443,919,470,544,681.0,507.0,476,74
zsammvFSsKRFvyMgra3TZ_Cu53UCVtv.jpg,408,838,426,494,623.0,460.0,430,68
zSCejOQsX927omozdT8EPmbafE2hf8U2.jpg,434,789,475,540,611.5,507.5,355,65
zshl8u3mwm9HrPKEKp1WVOEyEskMwOVj.jpg,298,820,450,553,559.0,501.5,522,103
zShraJrRqzBP7I5HNQ3bHIv1hESp.jpg,436,928,484,561,682.0,522.5,492,77
zskHfWHQ99fCYKwgrtTilzlpz8O3w_j.jpg,374,896,460,545,635.0,502.5,522,85
zsrIgz3wMxSGeQXGshFfo3oCXmiR3.jpg,377,897,502,581,637.0,541.5,520,79
zssFlsoSanpa3bW6Ndlp2KcYaOLrY3wt.jpg,446,803,489,558,624.5,523.5,357,69
ZsTKsLNkEj3eRfWjQFTMDMEo4dNkytva.jpg,403,799,414,478,601.0,446.0,396,64
ZsuxpLD4cHRZkDTnVrdghvlQBkIaoV.jpg,277,791,453,527,534.0,490.0,514,74
zt2pxYPat9FDT_8Sy2uYfsNPa1mx7or.jpg,474,793,474,534,633.5,504.0,319,60
zTam8ydJEXnc9OGGwOreynrZwqSu8tUW.jpg,348,817,478,548,582.5,513.0,469,70
ZtEDTja_ev7CrxsCZDBzrY_CLUPM9b9.jpg,303,893,476,560,598.0,518.0,590,84
ztKiOyZtTosWyDEHzJqLftiEepMgHlk.jpg,495,777,427,480,636.0,453.5,282,53
zTlhq4wKRsvISUHw5UxbvjzLLFQjJC.jpg,469,886,448,513,677.5,480.5,417,65
zTo8VfNgmPMvOh8FJi3KBygRSkDJbh.jpg,201,795,521,607,498.0,564.0,594,86
ZTQtGcVoGzTpgN4m3N9nkPutkUswOgS.jpg,347,749,425,485,548.0,455.0,402,60
zTRubVM4lOJ_iT6jtPR6RMnvDJL6.jpg,376,672,429,486,524.0,457.5,296,57
ZTs5IC41mZMFfMIrLyksmVjJRBvn6y.jpg,437,714,424,478,575.5,451.0,277,54
ZttFJjK89Z_hQ2PuSYiO46su2GHEyiB.jpg,394,812,422,487,603.0,454.5,418,65
zTuQqwXYwrbrC_HYDsLBOFkWqPeNjb.jpg,414,716,435,488,565.0,461.5,302,53
ZugE2dtPbyxor6gO9Whc3xMCjEw26aY.jpg,316,825,489,562,570.5,525.5,509,73
ZUj9_T5OgxDXOTM_jklr4cmc4TwqIl.jpg,327,884,496,579,605.5,537.5,557,83
zUjUzOUkC6Kq9gmHsOvr61ifzuNWX.jpg,267,1011,530,659,639.0,594.5,744,129
zUjvKXVKe32hQFxjl5eBJxlpGZt7pH1.jpg,425,855,426,492,640.0,459.0,430,66
ZUl3qgZ7BMgLMbOd2MhthYrB6YI_fG.jpg,288,887,484,574,587.5,529.0,599,90
ZUlLxnuzvPye9NkP6MpxVstNcLbRQMj.jpg,383,687,445,501,535.0,473.0,304,56
zuow3KrnXbQML3Y5Hx1wNqRR6jYuYEe.jpg,434,872,412,494,653.0,453.0,438,82
ZuS97V5dGaKKmOWzEoRY6FjCZtk83E2S.jpg,270,773,458,535,521.5,496.5,503,77
zuVeCHZjPl6pe9ycnFqEElTMzPJdcG.jpg,419,753,458,518,586.0,488.0,334,60
zUyRn66XBxBORQL8RQDUQT6oYFxLl.jpg,420,913,453,526,666.5,489.5,493,73
zv88JY1X8HLjU6qr2FzpwKkr7tUJ5Ol.jpg,431,807,499,570,619.0,534.5,376,71
ZvFhHZIRr9DmQ5Q464E6mO1eFpNpj3eb.jpg,303,717,485,562,510.0,523.5,414,77
zvIfBG2zlBTfzYHKzMxzSaO5kOzL21sT.jpg,309,793,447,520,551.0,483.5,484,73
zVNNNuLyDkPrSg8IaPzHKC96NvzEch.jpg,318,834,454,540,576.0,497.0,516,86
ZVpnlU2P7LY91SosE6PwDBVoixz7CKF2.jpg,399,781,441,500,590.0,470.5,382,59
ZVW_n59nRD1KiiZgHuIV9WtYnF8T48F.jpg,416,934,487,566,675.0,526.5,518,79
zvxV8iySifib_VVxu9SwcMT8xgWLT7qL.jpg,451,799,446,512,625.0,479.0,348,66
Zw17Kj67RmN6xIvljwdKjSBb23OipD.jpg,441,785,457,519,613.0,488.0,344,62
zW4j3uX8XXQhqrSRDIYYcHcClna3XhiR.jpg,433,864,428,501,648.5,464.5,431,73
zWbJZjjNW8uutVCNTNmRhYMiHJeHVzu.jpg,289,866,477,559,577.5,518.0,577,82
ZwBXucM4I3BpxGsk1WgVBwhh5re7Kr.jpg,408,674,416,469,541.0,442.5,266,53
zwEQdvjoTxO13sYysbDHyebXifmCTlCb.jpg,312,762,431,506,537.0,468.5,450,75
ZwfoFJuXj9BYQjJIkuvpVsiLzP9RngOh.jpg,299,882,477,565,590.5,521.0,583,88
ZwHWqSZHSHh_y7e7IZGH2_BVyJqTeH.jpg,478,770,455,512,624.0,483.5,292,57
zwlr4wmBxjqwPkLWwSLT_khDdQtKlR.jpg,424,767,456,521,595.5,488.5,343,65
zWqUYujKLVm83h1uVfFFrihGMkUgi521.jpg,504,786,440,495,645.0,467.5,282,55
ZWttOfdS9L7uvYSZENvnk9tJv6dca_2.jpg,231,802,478,560,516.5,519.0,571,82
zwu3EFxFlK6lfRX2Gk8DqYq4unMWtp.jpg,480,824,455,521,652.0,488.0,344,66
ZXEkGCksrEL53WIrdufawkhswUWYh.jpg,244,788,466,546,516.0,506.0,544,80
zxhbQEQ2y66oERnrxKy4HbG64EwFBu.jpg,400,724,443,502,562.0,472.5,324,59
ZxJoOqadOf7eOuMzz9C_QdpzOOqMj.jpg,433,878,462,528,655.5,495.0,445,66
zxKojUQjwxZb6S7dvNfqa6deX8wYMb.jpg,361,885,488,569,623.0,528.5,524,81
ZXL6dn96Hjjvrj4S8xHQDCjT14UpdNg.jpg,415,862,433,502,638.5,467.5,447,69
ZxLzRFXfhFl4JxwjszrJnIxJ_5sMa5y.jpg,523,835,464,524,679.0,494.0,312,60
ZXqrFHJ7V6jv8OHnODGLOkFvtx1b.jpg,452,958,450,527,705.0,488.5,506,77
ZXrDOqtemauWI8KLhjSR4biMQLhvfu.jpg,376,888,488,563,632.0,525.5,512,75
ZXt2n8DskjkbSiYujb8BXiTGWXEoS.jpg,374,1128,572,691,751.0,631.5,754,119
zxUpBOgbSzZ7NxiwOk7DG1ZdCnCD5B.jpg,418,781,459,523,599.5,491.0,363,64
zXZGHaFdhbYEMQhW6NkHlyDDRHfad6.jpg,467,911,460,529,689.0,494.5,444,69
zy3ZKB7_o99laT45C7wU_g_BHPmL6Bi.jpg,470,802,470,529,636.0,499.5,332,59
zy4_au2h7FqcxDXQIq8vhKRzXBfML.jpg,384,883,452,525,633.5,488.5,499,73
ZYImZqwaW4gyMKWrBC1uoE34Spj85.jpg,388,703,448,509,545.5,478.5,315,61
ZYiwC3a9SIrJ21CbNPCRhKH2LUH4tC.jpg,457,961,454,529,709.0,491.5,504,75
zYPXhw1cMyrnVGisQUOE3_OvhthXauPJ.jpg,380,861,449,523,620.5,486.0,481,74
zYrH3X1b89jlp9fW8DKGVe5s1DDa.jpg,432,1078,502,600,755.0,551.0,646,98
ZyRPqcvi8djZeP8i6u3gZVST5N3V2tXB.jpg,168,868,511,627,518.0,569.0,700,116
ZyutSkFUQclYWlHeMYsPPoo73NPm175.jpg,288,865,467,549,576.5,508.0,577,82
ZYZDDPdTNPJRougBps1oKlR8w25tS.jpg,375,808,460,526,591.5,493.0,433,66
Zz6RpEdTgewzE_MprRYwLLgoMKVTTuo.jpg,419,808,417,477,613.5,447.0,389,60
zZe1CkHr42KC_BmRWtPVEXfyXqEPXPU.jpg,373,912,466,549,642.5,507.5,539,83
zZgoVrWKv5qZi3aTmnUk2j_R3Toov2Di.jpg,285,781,453,526,533.0,489.5,496,73
ZZiJIcn7o28_d_376BbKWBFPv8gwT6.jpg,255,782,454,534,518.5,494.0,527,80
ZZl3cUPjjhovkHZnHOHyBEPBoKusM.jpg,478,773,453,511,625.5,482.0,295,58
ZZNEOxxUfWfvpX3QO5NstwqYmQQIMnB.jpg,397,722,472,531,559.5,501.5,325,59
zZOZzeeymQJfZuT1NrzdsDCIU4KY9Kt.jpg,378,851,437,510,614.5,473.5,473,73
ZzRJmRxfe9NPNYbfkO6Ue8bt79uW_XQ.jpg,387,750,465,529,568.5,497.0,363,64
ZZTxsjlztQf4HOM9avPPawlnvz3Q77Q.jpg,444,897,438,507,670.5,472.5,453,69
zZXIJOXsFJWv_hPpSXVu8o9pG_padC.jpg,381,851,475,546,616.0,510.5,470,71
zZZ19VWUMW8x7TLQZ2bZjgkvYtrCn2d.jpg,426,947,462,538,686.5,500.0,521,76
ZZZtmhe6qpPFyLj7qTBuuiGgD2Pw1Muw.jpg,443,890,436,504,666.5,470.0,447,68
ZzzxhiDOahgoDPWVr2cCT64ChtYKK.jpg,367,879,449,526,623.0,487.5,512,77
Z_4veTYm6FoonOK4Cv3hqZDhs3VFrO.jpg,405,849,461,529,627.0,495.0,444,68
Z_6bEZoozHM3nPMLONr4_rU1BSsNP.jpg,409,824,442,504,616.5,473.0,415,62
z_IRGem6IeJHuU9RfN4cyFfSTSbxS.jpg,448,889,431,499,668.5,465.0,441,68
z_nlpgHCpQfehrI8Odte6SJjj1fWB.jpg,431,908,441,514,669.5,477.5,477,73
z_q2HOgSyT9HvN9aGyHiPgI9tp2HEwh.jpg,374,910,459,544,642.0,501.5,536,85
z_q9OjxdfurEm1aQPGoePM_DqlBicia.jpg,446,957,496,576,701.5,536.0,511,80
Z_qQFMfye1eU1c1Z4VCpmfBJmHzG7XRI.jpg,463,751,444,501,607.0,472.5,288,57
Z_tTfO1Lmk6yYs5_xn7wbNG_PsZ3JhCo.jpg,403,953,507,590,678.0,548.5,550,83
z_zJ12LM5gd_9c135lCpmuv5mJ5qidhg.jpg,330,919,480,564,624.5,522.0,589,84
_178n4Cl_4QD7uJbvBwxqCDlF4hMLCp.jpg,289,719,449,515,504.0,482.0,430,66
_1Fvp28vFcd86WTnUhwd7krx3I82kd.jpg,482,789,443,500,635.5,471.5,307,57
_1lLXuVmLChYjVCqWMpEL1bKBd4l6W.jpg,429,824,495,563,626.5,529.0,395,68
_1xneSmSK68qGY46jSTd2p9GrQ6Wsz.jpg,345,872,492,565,608.5,528.5,527,73
_1yfJnQL4yPkcTl1rgV7tXeY8b_NTI.jpg,442,969,456,533,705.5,494.5,527,77
_2ECmJPeeo7QG1nF3uBtiJgNN7rkL83.jpg,456,770,451,510,613.0,480.5,314,59
_2gD3l8y7J7WjeawZL_VKxr_UxKnq8wv.jpg,429,919,447,522,674.0,484.5,490,75
_2vBiQaenJnYgPNLxF_hCNxxcYexMuz.jpg,391,667,430,482,529.0,456.0,276,52
_2XgV8Tvcd5iqOHYZp4cFxDzo8iy5Pz.jpg,347,869,501,580,608.0,540.5,522,79
_4svD1gslg3hNrLi2take5kPjJID.jpg,325,990,473,579,657.5,526.0,665,106
_5B2ItOlX1LGuMkjrC6fbSxXgqS5mzt.jpg,406,892,483,555,649.0,519.0,486,72
_6BdYdiHKWjnXhZhKjypIIkRg1X5EXPQ.jpg,350,795,428,497,572.5,462.5,445,69
_85bz8XnMB5dKZJuXsBLelrtGg6qU.jpg,390,889,479,554,639.5,516.5,499,75
_87yja4QWgBzdf3D4nrdlw392Yv4OQ_.jpg,487,807,469,530,647.0,499.5,320,61
_8eaNCJw1BzdpLqrMpZ6pFKapzImvC.jpg,436,790,455,523,613.0,489.0,354,68
_8Q2XWLb973f5asjeZmD2p2ejimyIw.jpg,394,871,477,548,632.5,512.5,477,71
_8t22dkCun6enI6Nlfu1VzB8lIbxYgK.jpg,292,732,452,520,512.0,486.0,440,68
_8y4VB3Gu9bTWTs8ktOdGjYxGUawn7.jpg,361,664,446,502,512.5,474.0,303,56
_92hwo6oUR_bIMvjy_ST3meHyVGpm.jpg,437,812,484,549,624.5,516.5,375,65
_998rXejbE15JYXRHctpL5oVld7R.jpg,249,793,470,548,521.0,509.0,544,78
_9St5VLJ1dDDRRSM26tXGJ3jZITasoE.jpg,457,726,414,468,591.5,441.0,269,54
_a8vKZS2bmGjiHDZCCEwJIjo87glNw.jpg,519,808,444,502,663.5,473.0,289,58
_ab1J5Bx9aYcJbE4UQMxs44wcyGga.jpg,491,832,477,543,661.5,510.0,341,66
_aCXBecdTHIwU7_cJdQQPMZDnq443Z.jpg,448,770,475,534,609.0,504.5,322,59
_aJg_v3SnoZa7X36kU5Bf4mkhnbHSd.jpg,328,681,472,535,504.5,503.5,353,63
_bfPfVTsI1iPv3dr4V3uzdf4VELZz.jpg,322,830,436,511,576.0,473.5,508,75
_BHTfINVb_2Xu_jVzrXHawfora5OrUb2.jpg,432,889,468,538,660.5,503.0,457,70
_boNuGq3_w1G96opDP2KZG3mUZpnjNdu.jpg,478,815,484,548,646.5,516.0,337,64
_C7wc3L8LsmSm4WwQD8XdJfh6P8PTl.jpg,439,921,445,516,680.0,480.5,482,71
_cCxO2EXOrBl2qe3eMKrSnOM4LzdDs2.jpg,350,779,433,505,564.5,469.0,429,72
_CQchMMTMciEWagm578xsO68cqe1w8V.jpg,376,867,446,518,621.5,482.0,491,72
_CsOPKqNE3yxgHUDR4UldXlW6oUQOW9.jpg,447,925,471,543,686.0,507.0,478,72
_cWpY5B1SKIb1a957jSrtcGTQvNg43e.jpg,458,814,493,557,636.0,525.0,356,64
_CxdwvpMYjWVH5_lgocrXtwZV6m7c7.jpg,302,756,426,520,529.0,473.0,454,94
_CxO3qF2iOKH2_26CYaOaGWp2CrVy2o.jpg,341,893,508,585,617.0,546.5,552,77
_cXs5VWmaNIQVad87OJTvkHH_9l9_R.jpg,420,896,444,513,658.0,478.5,476,69
_DNxBKSTcNUiRtNownhf3dp6nhB69t.jpg,377,910,496,575,643.5,535.5,533,79
_DsvfyET9cU4kJ_pr4Htw1sB7kVWr3.jpg,445,738,438,492,591.5,465.0,293,54
_dZnxKTw6iynwwkubCBgzvY4q64TDiJ.jpg,399,828,427,496,613.5,461.5,429,69
_ekHDDG8sBiqDIDX47aYUcsL7jerR4y.jpg,426,860,428,498,643.0,463.0,434,70
_ey8yJl3cjMSG5xs7BoqFoIbg9saG.jpg,247,804,467,547,525.5,507.0,557,80
_ezFZoeB3kJ3RKLs6ZXpzLJ7vIGXvS.jpg,257,791,465,542,524.0,503.5,534,77
_fcDVFljD7bO5x2TcRCzCuDHWC1WMad.jpg,390,902,452,527,646.0,489.5,512,75
_fjidRyHzt22gtkQ79Dk83giEYHHsWQv.jpg,396,918,489,567,657.0,528.0,522,78
_fN8wLdCmODlIP3HecvomvhtSULEd.jpg,371,893,493,572,632.0,532.5,522,79
_FO_9zy2kyCzEvHVsSGYzes3gi_nVK3.jpg,428,898,446,518,663.0,482.0,470,72
_GC7PXDZcxgdPdO4P7QMZBOYutqVR1.jpg,332,866,470,541,599.0,505.5,534,71
_GpTbYCulSCCgi1mG7_yTzIRC85STh.jpg,435,753,449,507,594.0,478.0,318,58
_gyPwaQT7qGTr8qLNZxOyU2L_Gctq8o.jpg,351,761,425,492,556.0,458.5,410,67
_h6rsBsrTKFpOds55BMzTLqzKxYP4.jpg,438,956,491,575,697.0,533.0,518,84
_HKJIouT2YzO1hUlkaNrb5cBT4LRsMyn.jpg,385,934,500,583,659.5,541.5,549,83
_Hl5pgy3JI7ekw5qcNSohCzKONfVTEJD.jpg,371,903,455,551,637.0,503.0,532,96
_hmDKbYZpCN_eci4BSXLF1HzrBq1C7fX.jpg,442,811,505,574,626.5,539.5,369,69
_hOgZPQvzGfTWUCsyBQ7h6HpGmjQIyK.jpg,368,888,458,532,628.0,495.0,520,74
_hsJzt82DEyXvoy5aw6TLm_LH3g3VRQ.jpg,314,819,493,564,566.5,528.5,505,71
_iG_1vR18gGTBdY2gDxVLDD6N6xBOd.jpg,312,872,498,575,592.0,536.5,560,77
_iQ_24XZqiEC8lHLqtfluDr2n3yMub5I.jpg,371,665,434,493,518.0,463.5,294,59
_ITy7MYd8FHySS8SbncWw8Bh8jcMh7KC.jpg,418,796,506,573,607.0,539.5,378,67
_IYSQ_Coy_rL_eac3y4vQTszsvq1EikB.jpg,446,1010,462,545,728.0,503.5,564,83
_j2OeJo8bxbRsHFcDfVUSCEspPVDKDi.jpg,383,909,488,571,646.0,529.5,526,83
_JtiqSK6wTFVEcRfkdxtIDmeJYe6IK.jpg,437,874,427,507,655.5,467.0,437,80
_kbugUKY8RDI24jjleqnVYctHDmxGl5.jpg,257,961,566,674,609.0,620.0,704,108
_Kpr28ShsTiMscuEtBaIvmWQYgDFT1hF.jpg,376,929,505,584,652.5,544.5,553,79
_KZUkmGi73ybSVeqfplSx4HoJxDR_Dle.jpg,151,982,564,686,566.5,625.0,831,122
_l1bc2EJfRySeCbxa2yzX4bcjK7ORxD.jpg,256,790,460,537,523.0,498.5,534,77
_l3dflZeIi7Mbsi3IH1DS2e16hXcVqt.jpg,460,940,444,519,700.0,481.5,480,75
_lG3IeS_9LTWVtGS6pYigWyf7bZEc1.jpg,384,805,415,485,594.5,450.0,421,70
_LNNrmfGwa6rPvPNDGqsZROhquG1Z5K.jpg,421,902,441,516,661.5,478.5,481,75
_lODzB39Ji_1lZvltkG6UssCD5aoQTQ4.jpg,408,870,440,510,639.0,475.0,462,70
_lX5PuBgSMYK9w9I6xS2WfwESWJnGz6r.jpg,365,699,456,518,532.0,487.0,334,62
_M9WzCrDVMu9BdgW4hi9BWLcroWEpSJ.jpg,369,727,460,525,548.0,492.5,358,65
_mapoHwuqY1VBszuJklOpZSMY92yBs6.jpg,439,737,424,483,588.0,453.5,298,59
_mbnUx658Ra459USZ58_3Lvb2QNP8Bg.jpg,452,819,495,564,635.5,529.5,367,69
_mUzmyCXFDzpxz7lFNRoJHikNE36P.jpg,345,882,460,537,613.5,498.5,537,77
_N4Szi3OSwbPPw8bpOLEDwFvy3bUQW4.jpg,457,746,427,483,601.5,455.0,289,56
_NBgDpy2skipurDah2qroKO3Lq6zD.jpg,439,998,470,560,718.5,515.0,559,90
_nnFuPz5YbBl3nWX9fU8rafPNHllO6u7.jpg,471,810,452,514,640.5,483.0,339,62
_nnmZZSTNhO8k8_OJfQxoi2jwnJ.jpg,326,969,526,626,647.5,576.0,643,100
_NpwEOXlI5LX6ic5Xlos2BfGrpbnFN1.jpg,366,671,430,487,518.5,458.5,305,57
_n_agTHkf5vHnjwgrHUjz1f8gxURFE.jpg,285,762,429,501,523.5,465.0,477,72
_o3g4tNPUnGHYQYjcHfbr1VUsX7Sxxgq.jpg,467,848,465,532,657.5,498.5,381,67
_OTDTyUN3nLqBEpGxdWf7VZE479T.jpg,444,743,428,486,593.5,457.0,299,58
_ozGlnMDTNkZHPhJE3vhlJVlO54H5EU.jpg,296,720,438,500,508.0,469.0,424,62
_P7BdevO7iteE1aj7TZh5ufMYMsb.jpg,373,837,425,497,605.0,461.0,464,72
_Pe_Bo6UO9ZidP5ljtZqOLpO5dB9lI.jpg,384,881,447,538,632.5,492.5,497,91
_pgGPprUdzaI6c651ZbBoBVWPiCUrEf.jpg,356,752,417,478,554.0,447.5,396,61
_pljPDWj9xdoDfyYYUxnakOU44Truu.jpg,446,747,452,507,596.5,479.5,301,55
_pM1llKNa55ucmoaOsv4M_PaYi4Y_X4.jpg,335,881,471,551,608.0,511.0,546,80
_pPOv888Kv132MJNkMb4JKEieSLf.jpg,466,855,477,546,660.5,511.5,389,69
_PRuZjIro3xgECPLfj9pNVtCkEyXRUCG.jpg,421,894,476,548,657.5,512.0,473,72
_PT1QdeCdmICtTxzeE8ojiGRtf6YgC5.jpg,354,702,468,529,528.0,498.5,348,61
_ptHb2GEyJng5jkHMwXrqBBJht2O5MI.jpg,434,839,412,495,636.5,453.5,405,83
_qGSsIqJFWcsP_J9iMNhvnOTh8lTItK.jpg,394,958,514,595,676.0,554.5,564,81
_qkxShevRzmVPu6LLptdsMy6s3BO5.jpg,311,664,481,547,487.5,514.0,353,66
_rKvuCjUvggzIGSBSnaFzNog1E.jpg,454,859,515,591,656.5,553.0,405,76
_rY2pSV3hWn43CUklIWF5wNKbExkZ5t.jpg,359,837,488,555,598.0,521.5,478,67
_sLL3fVEmkfpRvpI9JJ6r2nYGrLmq3t.jpg,420,725,441,498,572.5,469.5,305,57
_SLp9uPX9eS7q_2FSQhOv8rowqX6.jpg,489,890,411,476,689.5,443.5,401,65
_SRHd73QHJZvmWWIgR51lTgzmpTMhT9.jpg,379,923,461,548,651.0,504.5,544,87
_szCThJEgsiM6gpSZxXz2gQTCGdprX.jpg,319,862,458,538,590.5,498.0,543,80
_t2lOhJlRYDo6Mh6zgFxUN3TihS8rJ9.jpg,406,899,481,555,652.5,518.0,493,74
_t7B7SaqR4GJwJNhIkartsn72nTFVWie.jpg,404,856,430,513,630.0,471.5,452,83
_T8_CGSN_i98wkU8yQdLDplgBYsVTDmc.jpg,362,839,442,514,600.5,478.0,477,72
_TgrlpeOb9_JGqZkZiBRgYbZctHk3g84.jpg,425,870,432,499,647.5,465.5,445,67
_tI5Y4_tjxFhyiEHoCYwkByfssiSd4Re.jpg,318,881,507,587,599.5,547.0,563,80
_TUKqLvYJsRr5tKgjyujgl4Cktyz_.jpg,416,792,483,550,604.0,516.5,376,67
_TVjpuUJpD9hPdhVsDziuC4yvWHMsg.jpg,435,753,437,499,594.0,468.0,318,62
_u36gBeUEBH_U1SyFqgzdDLui3oPEL.jpg,472,993,450,534,732.5,492.0,521,84
_u3xFi6yf7lz7z2ME_wvebbdFvFzFN.jpg,436,880,429,498,658.0,463.5,444,69
_uMfUEkWq2wUL8ejSPVkitkBfCNhf.jpg,432,760,479,539,596.0,509.0,328,60
_uv3BP3fmtuy6aSe1oaedgZrmHrieQ.jpg,282,907,464,554,594.5,509.0,625,90
_v786c9BHhM7KpdtU5NW4KgK3SFclK.jpg,348,921,456,541,634.5,498.5,573,85
_VJ1DHugV4iO5v4XzRauUIvrt6rOGJI.jpg,455,846,410,482,650.5,446.0,391,72
_vjV855hJjcj_H6EMde3ObskTQuyUa.jpg,368,675,438,498,521.5,468.0,307,60
_w8d3b6rkZgEy6jqmkkHrae6e2kX.jpg,439,730,428,482,584.5,455.0,291,54
_WcSM9B36UUXNgKY5wcdLMbFQy5lUmVN.jpg,357,860,454,527,608.5,490.5,503,73
_WKMs8w_PRlPyN5j_u4YLre4R6sxk2Z.jpg,405,704,430,486,554.5,458.0,299,56
_WKNyJd5BFz41v6uR5DyemxbUJS_Y.jpg,441,793,493,554,617.0,523.5,352,61
_wpptiHvrWJgvvcWnJHtRDhiiYvJMePj.jpg,348,876,501,579,612.0,540.0,528,78
_wvMNJlqoYPPobC_K6zjyzYghIkVBd2Q.jpg,418,944,491,566,681.0,528.5,526,75
_WzoeanyTj_iF72YeitLEUxGqIoD9RG.jpg,418,811,417,480,614.5,448.5,393,63
_w_Z45SqzWZXGVTyW_ytWITplflfb.jpg,313,779,463,536,546.0,499.5,466,73
_xeNniUp7zHWay6537C9Z5WSkPKfSDb3.jpg,442,726,435,490,584.0,462.5,284,55
_xJk4yY4O8SYhrQyJt2dxwhYQM95YLg.jpg,304,750,432,502,527.0,467.0,446,70
_xPhrhnoVanEllOe8w7wPaKJoqTDG1p8.jpg,380,871,442,516,625.5,479.0,491,74
_XtzrXLniKZNqPp8si5x6ky54sViR.jpg,416,743,449,510,579.5,479.5,327,61
_XZPdmSyDtdFoolcpVyfGdZKcMxiCio.jpg,313,866,451,529,589.5,490.0,553,78
_yFe9_8HQWvqGGXabXjlusScjtw75.jpg,222,1024,550,670,623.0,610.0,802,120
_YIWsUs3TX_Z3u6DR5yNTXMsba2Y6nVw.jpg,348,661,442,502,504.5,472.0,313,60
_YLViLbQOg7LQxf16y6C_5mX8F6EaFF.jpg,362,761,520,592,561.5,556.0,399,72
_YRqx819z5XxwpZBjBy6RgGgVktqjhsl.jpg,408,808,442,504,608.0,473.0,400,62
_YtSBgZkFcu6fnOcpajQy2ipO3jNzq.jpg,502,975,441,512,738.5,476.5,473,71
_YWIseidhnaHYhD4dRKRBmHP1cqFVu.jpg,309,796,475,547,552.5,511.0,487,72
_Z3W6WS5b9GKpMWeaJJt6tZjkM_S6e2.jpg,474,759,426,480,616.5,453.0,285,54
_Z4X1OCdMpZfBORHKSQhmGVsmXa3sVb.jpg,382,892,490,567,637.0,528.5,510,77
_ZCLxnO3Q8ZXq1dWGOp1_V1qLh2uyEv.jpg,334,768,431,497,551.0,464.0,434,66
_zGnERK678GHrJglsnGa52gwBuNHIz.jpg,383,758,481,544,570.5,512.5,375,63
_ZINvWoHXQlLFmcICfc3EoY1JvPJL.jpg,327,708,480,548,517.5,514.0,381,68
_zQrvC7C8T5dLa4PSg_EosW5pMaDYwDk.jpg,474,896,457,524,685.0,490.5,422,67
_zRcwCobo6Q2Grl3fkmajSHuQYXrTyr.jpg,469,791,474,530,630.0,502.0,322,56
_ZTVo7eMpd6_BmTSsNwrxXQBucmVoRS.jpg,336,655,441,501,495.5,471.0,319,60
_zzLcq52m6629JN1EMXtK3hGBqwC8bl.jpg,464,796,454,517,630.0,485.5,332,63
__LRLRytylPOYxLBIzWLu3kC3nfBJny.jpg,372,942,515,600,657.0,557.5,570,85
__ZuRaUBB9g6CTrkSHqM85R2skNcH2a.jpg,443,809,470,534,626.0,502.0,366,64
